#!ascii label  , from subject sub-v1s11x0050165_ses-1 vox2ras=TkReg
1356
5288  -6.091  -72.382  -21.300 0.5000000000
5956  -5.689  -71.461  -25.523 0.5000000000
6614  -6.242  -71.065  -26.414 0.5000000000
6625  -6.322  -70.753  -27.424 0.5000000000
5260  -6.889  -72.296  -19.680 0.5000000000
5274  -6.469  -72.389  -20.504 0.5000000000
5275  -7.361  -72.208  -20.479 0.5000000000
5289  -7.135  -72.331  -21.375 0.5000000000
114233  -7.802  -71.860  -21.779 0.6000000238
5917  -6.486  -72.263  -22.859 0.5000000000
6637  -5.792  -70.884  -27.927 0.5000000000
5945  -6.034  -71.830  -24.593 0.5000000000
6638  -6.931  -70.759  -28.014 0.5000000000
5957  -6.582  -71.403  -25.275 0.6000000238
5947  -7.318  -71.139  -24.887 0.6000000238
105037  -7.140  -70.531  -27.086 0.6000000238
116822  -7.770  -70.905  -28.166 0.6999999881
113382  -7.302  -70.766  -25.853 0.6999999881
6626  -7.887  -70.587  -27.609 0.6999999881
7262  -8.993  -69.988  -26.598 0.6999999881
6627  -9.364  -70.494  -27.326 0.6999999881
5903  -8.222  -71.413  -21.142 0.6000000238
5892  -8.320  -71.344  -20.239 0.6000000238
6573  -8.366  -70.518  -21.459 0.6000000238
104275  -7.366  -71.819  -23.197 0.5000000000
6645  -7.901  -71.141  -28.213 0.5000000000
5985  -7.183  -71.494  -28.353 0.5000000000
5369  -9.637  -71.554  -27.143 0.6999999881
5976  -8.699  -71.143  -27.847 0.6999999881
5977  -9.622  -71.177  -27.511 0.6999999881
5946  -6.825  -71.606  -24.525 0.6000000238
6640  -9.549  -70.955  -27.626 0.6999999881
6604  -7.769  -70.440  -25.083 0.6999999881
7256  -8.654  -69.652  -25.761 0.6999999881
6629  -11.131  -70.732  -27.128 0.6999999881
7257  -9.475  -69.456  -25.920 0.6999999881
7263  -9.928  -70.002  -26.649 0.6999999881
7265  -11.605  -70.338  -26.622 0.6999999881
7258  -10.545  -69.450  -26.038 0.6999999881
7259  -11.620  -69.658  -26.043 0.6999999881
6605  -12.156  -70.045  -25.556 0.6999999881
5261  -7.812  -71.874  -19.722 0.5000000000
5885  -8.399  -71.269  -19.369 0.6000000238
6558  -8.557  -70.540  -19.972 0.6000000238
7203  -8.396  -69.944  -20.889 0.6000000238
7802  -8.128  -68.903  -21.153 0.6000000238
5919  -8.271  -71.060  -22.023 0.6000000238
7220  -8.157  -69.524  -21.758 0.6000000238
5918  -7.871  -71.474  -22.611 0.6000000238
5359  -10.148  -71.712  -26.571 0.6999999881
105602  -7.910  -70.994  -23.473 0.6999999881
5978  -10.447  -71.331  -27.195 0.6999999881
5346  -9.779  -72.049  -25.799 0.6999999881
5338  -11.129  -72.305  -24.351 0.6999999881
7238  -7.884  -69.542  -23.564 0.6999999881
5347  -10.762  -71.882  -25.945 0.6999999881
5310  -10.725  -72.622  -23.245 0.6999999881
6590  -7.853  -70.362  -24.315 0.6999999881
109343  -7.846  -69.231  -24.158 0.6999999881
5967  -11.205  -71.146  -27.115 0.6999999881
5968  -11.788  -71.283  -26.528 0.6999999881
105333  -11.495  -72.013  -25.297 0.6999999881
5326  -12.170  -72.385  -23.861 0.6999999881
7248  -8.327  -69.225  -24.925 0.6999999881
7838  -8.315  -68.591  -24.427 0.6999999881
6630  -11.800  -70.847  -26.739 0.6999999881
5339  -12.384  -72.077  -24.723 0.6999999881
7844  -10.043  -68.962  -25.286 0.6999999881
6616  -12.521  -70.819  -25.648 0.6999999881
5958  -12.220  -71.437  -25.970 0.6999999881
7249  -11.042  -69.117  -25.430 0.6999999881
5948  -12.772  -71.361  -24.901 0.6999999881
7250  -11.578  -69.295  -25.150 0.6999999881
6606  -12.533  -70.656  -24.996 0.6999999881
115334  -11.791  -69.905  -24.654 0.6999999881
5879  -7.925  -71.654  -18.759 0.5000000000
6540  -8.698  -70.676  -19.104 0.6000000238
7187  -8.753  -69.872  -19.344 0.6000000238
6523  -8.957  -70.199  -18.443 0.5000000000
7782  -8.549  -68.759  -19.550 0.6000000238
6509  -7.774  -71.067  -17.033 0.5000000000
5872  -7.945  -71.422  -17.859 0.5000000000
7790  -8.173  -68.400  -20.495 0.6000000238
8428  -8.443  -67.126  -19.662 0.6000000238
109893  -8.256  -67.809  -20.028 0.6000000238
7219  -8.256  -70.239  -22.154 0.6000000238
6584  -8.141  -70.546  -22.780 0.6999999881
7801  -7.618  -68.397  -22.152 0.6999999881
7814  -7.512  -68.321  -23.145 0.6999999881
5311  -11.661  -72.646  -22.702 0.6999999881
7837  -7.914  -68.739  -24.299 0.6999999881
7824  -7.671  -68.019  -23.922 0.6999999881
4733  -11.570  -72.977  -21.488 0.6999999881
7825  -8.654  -68.017  -23.850 0.6999999881
5312  -13.051  -72.380  -23.327 0.6999999881
125145  -12.344  -72.649  -22.474 0.6999999881
4170  -11.166  -74.033  -20.293 0.6999999881
7839  -9.442  -68.547  -24.475 0.6000000238
105002  -13.098  -72.082  -24.110 0.6999999881
119839  -13.030  -72.629  -22.309 0.6999999881
4721  -12.440  -73.214  -20.878 0.6999999881
4704  -11.811  -73.769  -20.327 0.6999999881
3679  -12.086  -74.857  -20.468 0.6999999881
7840  -10.751  -68.737  -24.552 0.6999999881
5930  -13.212  -71.920  -24.060 0.6999999881
115925  -13.479  -72.096  -23.600 0.6000000238
5290  -13.920  -72.511  -21.974 0.6999999881
112255  -11.310  -69.932  -23.741 0.6000000238
6592  -12.879  -71.195  -24.283 0.6999999881
5920  -13.654  -72.093  -23.238 0.6000000238
5313  -13.701  -72.185  -22.995 0.6000000238
6585  -12.121  -70.677  -23.310 0.6000000238
6586  -13.282  -71.588  -23.436 0.6000000238
5904  -13.876  -71.755  -22.488 0.5000000000
5291  -14.149  -72.052  -22.231 0.5000000000
108420  -11.495  -70.429  -22.074 0.6000000238
118692  -13.007  -71.168  -21.758 0.5000000000
117233  -12.735  -71.067  -22.502 0.5000000000
7172  -8.903  -69.344  -18.833 0.6000000238
6510  -9.089  -69.951  -17.674 0.6000000238
9071  -8.924  -66.792  -19.005 0.5000000000
8417  -9.308  -67.253  -18.209 0.6999999881
5873  -8.609  -70.694  -17.574 0.5000000000
6498  -8.194  -70.384  -16.665 0.6000000238
7154  -9.251  -69.338  -17.304 0.6000000238
6497  -7.258  -70.478  -16.448 0.6000000238
9081  -8.618  -66.399  -19.677 0.4000000060
7136  -7.673  -69.897  -15.984 0.6000000238
9091  -8.135  -66.395  -20.364 0.5000000000
9090  -7.615  -66.450  -21.171 0.6000000238
9101  -7.314  -66.654  -22.010 0.6000000238
8468  -7.358  -67.502  -23.356 0.6999999881
8459  -7.199  -66.954  -22.789 0.6000000238
8469  -7.704  -67.394  -23.446 0.6999999881
7826  -10.104  -68.145  -23.643 0.6000000238
8470  -9.073  -67.443  -23.209 0.6000000238
7827  -10.852  -68.599  -23.708 0.6000000238
108310  -13.520  -73.304  -20.733 0.6000000238
4706  -13.540  -73.893  -20.253 0.6000000238
3681  -13.468  -74.395  -20.377 0.6999999881
3680  -12.847  -74.827  -20.530 0.6999999881
112525  -10.894  -68.814  -23.271 0.6000000238
120681  -14.395  -72.551  -21.451 0.6000000238
3689  -12.499  -75.354  -21.303 0.6999999881
5905  -14.509  -71.882  -21.561 0.4000000060
113818  -14.737  -72.194  -21.294 0.4000000060
4722  -14.393  -73.227  -20.726 0.5000000000
4707  -14.477  -73.787  -20.439 0.6000000238
4183  -14.296  -74.610  -20.679 0.6000000238
3702  -13.504  -75.423  -22.113 0.6000000238
124051  -12.089  -70.723  -21.565 0.5000000000
6559  -12.368  -70.716  -20.711 0.5000000000
4708  -15.303  -73.639  -20.589 0.4000000060
4173  -14.827  -74.135  -20.470 0.6000000238
7759  -9.594  -67.946  -17.539 0.6000000238
7772  -9.199  -68.210  -18.167 0.6000000238
9757  -9.714  -65.601  -18.769 0.6000000238
7137  -8.474  -69.716  -16.197 0.6000000238
7138  -9.129  -69.313  -16.495 0.5000000000
7742  -9.564  -68.676  -16.057 0.6000000238
7729  -8.529  -68.766  -15.111 0.6000000238
9082  -9.098  -66.018  -19.274 0.6000000238
7135  -6.616  -69.732  -15.990 0.6999999881
7129  -8.106  -69.320  -15.539 0.6000000238
7722  -8.263  -68.269  -14.552 0.6000000238
9774  -8.594  -65.678  -20.197 0.5000000000
9775  -9.372  -65.268  -19.656 0.6000000238
105803  -5.884  -68.978  -15.933 0.6000000238
108059  -7.003  -68.626  -15.098 0.6999999881
9792  -7.905  -65.743  -21.056 0.5000000000
7727  -6.185  -68.242  -15.393 0.6999999881
9806  -7.539  -65.981  -21.830 0.6000000238
8370  -5.568  -67.421  -15.505 0.6000000238
8460  -7.353  -66.844  -22.985 0.6000000238
9109  -7.433  -66.423  -22.446 0.6000000238
9119  -8.150  -66.690  -22.960 0.6000000238
8472  -10.768  -67.982  -23.030 0.6000000238
7205  -11.086  -69.548  -20.169 0.6000000238
7803  -10.712  -68.985  -22.157 0.6000000238
7188  -11.651  -69.734  -19.384 0.6000000238
6574  -11.268  -70.222  -20.983 0.6000000238
4184  -15.276  -74.613  -20.887 0.6000000238
3691  -14.719  -75.027  -21.298 0.6000000238
3703  -14.470  -75.299  -22.124 0.6000000238
6560  -13.329  -70.834  -20.203 0.5000000000
6575  -13.684  -71.356  -21.292 0.5000000000
110012  -14.655  -75.540  -23.829 0.6000000238
4175  -16.205  -74.009  -20.821 0.4000000060
4191  -15.944  -74.772  -21.581 0.6000000238
4201  -15.808  -75.108  -22.605 0.6000000238
8404  -10.061  -67.400  -17.152 0.6000000238
8389  -10.567  -67.061  -16.428 0.5000000000
9059  -10.349  -66.483  -17.248 0.6000000238
9741  -10.643  -65.621  -17.424 0.5000000000
109050  -9.894  -68.193  -16.831 0.6000000238
8373  -10.541  -67.562  -15.623 0.6000000238
9058  -9.761  -66.772  -17.792 0.5000000000
9740  -10.031  -65.988  -17.983 0.5000000000
9776  -10.097  -64.854  -19.171 0.5000000000
8372  -9.882  -68.179  -15.209 0.5000000000
8388  -10.231  -67.950  -16.241 0.6000000238
7723  -9.064  -68.327  -14.678 0.5000000000
7720  -6.749  -68.000  -14.880 0.6999999881
7721  -7.432  -68.144  -14.636 0.6000000238
8362  -6.936  -67.427  -14.486 0.6000000238
9807  -8.108  -65.356  -21.758 0.5000000000
124352  -5.228  -66.724  -15.603 0.5000000000
113020  -5.743  -66.705  -15.120 0.6999999881
9819  -8.264  -65.481  -22.212 0.5000000000
9120  -9.467  -66.630  -22.782 0.5000000000
8471  -10.335  -67.319  -22.941 0.6000000238
8442  -11.251  -67.443  -20.822 0.6000000238
7804  -10.911  -68.114  -21.485 0.5000000000
7791  -10.930  -68.490  -20.428 0.6000000238
6542  -12.375  -70.363  -19.548 0.5000000000
4185  -16.610  -74.268  -21.396 0.5000000000
4192  -16.523  -74.671  -22.387 0.5000000000
3717  -15.631  -75.276  -23.689 0.6000000238
3730  -15.923  -75.165  -24.518 0.6000000238
9025  -11.036  -66.777  -15.552 0.6000000238
9042  -10.903  -66.131  -16.588 0.6000000238
8365  -10.483  -67.441  -14.696 0.6000000238
9758  -10.370  -65.199  -18.241 0.5000000000
8363  -8.803  -67.799  -14.042 0.6999999881
10454  -10.560  -64.166  -19.778 0.6000000238
8354  -7.837  -67.483  -14.039 0.6000000238
10453  -9.792  -64.558  -20.146 0.6000000238
9011  -6.376  -66.676  -14.601 0.6000000238
9012  -7.061  -66.646  -14.039 0.6000000238
10469  -8.833  -64.817  -21.435 0.5000000000
9112  -9.762  -65.711  -22.548 0.5000000000
9041  -4.781  -66.208  -16.002 0.5000000000
9024  -5.332  -66.032  -15.406 0.6000000238
8462  -10.947  -67.094  -22.518 0.5000000000
8452  -11.287  -66.994  -21.857 0.5000000000
8418  -11.714  -68.130  -18.856 0.5000000000
7783  -11.281  -68.818  -19.470 0.5000000000
4203  -17.028  -74.430  -23.320 0.6000000238
117177  -16.411  -74.846  -24.019 0.6000000238
9723  -11.457  -65.687  -15.863 0.5000000000
120495  -11.192  -65.311  -16.819 0.5000000000
9013  -11.031  -66.823  -14.621 0.6999999881
10414  -11.015  -64.909  -17.636 0.5000000000
8356  -9.394  -67.328  -13.653 0.6999999881
8357  -10.148  -67.286  -13.846 0.6000000238
10437  -11.821  -63.889  -18.748 0.5000000000
8355  -8.607  -67.082  -13.525 0.6000000238
10436  -10.957  -64.451  -18.692 0.5000000000
11128  -10.997  -63.537  -20.440 0.6000000238
9689  -7.128  -65.670  -13.671 0.6999999881
10471  -10.266  -63.924  -20.729 0.6000000238
9688  -6.489  -65.870  -14.288 0.6000000238
10480  -9.455  -64.486  -21.732 0.6000000238
10396  -5.343  -64.501  -15.778 0.6999999881
9703  -5.586  -65.228  -15.275 0.6999999881
9820  -9.091  -65.135  -22.329 0.5000000000
10491  -9.451  -64.663  -22.150 0.5000000000
9722  -5.013  -65.317  -15.902 0.6000000238
119936  -10.710  -65.482  -22.523 0.5000000000
10395  -4.772  -64.484  -16.431 0.5000000000
9102  -11.793  -66.088  -21.941 0.6000000238
8461  -10.514  -66.406  -22.609 0.5000000000
108270  -4.300  -64.192  -17.346 0.6000000238
8429  -11.321  -67.823  -19.822 0.6000000238
116165  -12.245  -68.030  -18.157 0.5000000000
9014  -11.451  -66.205  -14.901 0.6999999881
125705  -11.662  -65.034  -16.363 0.5000000000
9679  -10.945  -66.099  -13.063 0.8000000119
9005  -11.218  -66.371  -13.948 0.6999999881
10397  -11.610  -64.756  -17.045 0.5000000000
10438  -12.381  -64.007  -18.045 0.5000000000
115253  -8.567  -66.244  -12.972 0.6999999881
9003  -9.841  -66.820  -13.277 0.6999999881
9004  -10.529  -66.680  -13.495 0.8000000119
114810  -9.182  -66.794  -13.203 0.6999999881
11096  -12.581  -63.533  -18.795 0.5000000000
10338  -7.531  -64.997  -13.153 0.6999999881
9677  -7.826  -65.774  -13.181 0.6999999881
11113  -11.327  -63.741  -19.579 0.6000000238
117394  -12.132  -63.272  -19.667 0.5000000000
10356  -6.427  -64.344  -14.482 0.6000000238
116004  -6.588  -65.119  -14.149 0.6000000238
11150  -10.858  -63.848  -21.928 0.6000000238
10377  -5.866  -64.373  -15.159 0.6999999881
9704  -6.107  -65.146  -14.662 0.6999999881
9821  -10.005  -64.893  -22.393 0.6000000238
108741  -10.986  -64.563  -22.374 0.6000000238
115013  -5.155  -63.898  -16.253 0.6000000238
9822  -11.630  -65.338  -22.355 0.6000000238
9092  -11.755  -66.560  -21.173 0.6000000238
10435  -4.035  -63.775  -18.478 0.6000000238
9083  -11.681  -66.915  -20.203 0.6000000238
8430  -12.126  -67.270  -18.684 0.5000000000
9680  -11.654  -65.606  -13.363 0.6000000238
9690  -11.772  -65.683  -14.311 0.5000000000
9705  -11.821  -65.531  -15.092 0.5000000000
11082  -12.999  -64.027  -17.515 0.5000000000
9671  -9.869  -65.685  -12.311 0.8000000119
126040  -12.955  -63.700  -18.177 0.5000000000
9678  -8.191  -65.319  -12.702 0.6999999881
11129  -11.620  -63.056  -20.928 0.6000000238
13341  -2.927  -60.979  -17.069 0.6000000238
10357  -6.971  -64.591  -13.773 0.8000000119
13351  -3.656  -60.846  -17.591 0.6000000238
11025  -6.289  -63.407  -15.134 0.6999999881
11026  -6.940  -63.500  -14.141 0.8000000119
11139  -10.868  -63.533  -21.203 0.6000000238
11845  -3.591  -62.071  -19.172 0.6000000238
11064  -5.925  -62.819  -16.074 0.6000000238
9823  -12.347  -64.874  -22.182 0.6000000238
9809  -12.722  -65.135  -21.737 0.6000000238
11825  -4.747  -62.434  -18.495 0.6000000238
11081  -5.054  -62.791  -17.536 0.6000000238
11063  -5.349  -63.197  -16.567 0.6000000238
9103  -12.256  -65.821  -21.455 0.6000000238
9777  -12.793  -65.610  -20.062 0.6000000238
11062  -4.800  -63.621  -16.959 0.5000000000
9084  -12.240  -66.470  -19.493 0.5000000000
9060  -12.665  -67.253  -17.964 0.5000000000
9074  -13.256  -66.283  -18.079 0.5000000000
119343  -12.199  -65.308  -13.889 0.5000000000
9691  -12.276  -65.184  -14.671 0.5000000000
9672  -10.562  -65.737  -12.510 0.6000000238
9674  -11.826  -65.130  -12.677 0.5000000000
9670  -8.995  -65.572  -12.359 0.8000000119
10326  -10.483  -65.058  -11.919 0.6999999881
10324  -8.590  -64.612  -12.193 0.8000000119
10339  -7.937  -64.582  -12.715 0.8000000119
11863  -12.627  -62.652  -20.329 0.6000000238
11848  -13.678  -62.730  -19.356 0.5000000000
13329  -4.399  -60.175  -15.785 0.6000000238
11748  -7.548  -62.998  -13.495 0.8000000119
11864  -13.358  -62.353  -20.164 0.5000000000
14122  -4.893  -59.740  -17.070 0.6999999881
13342  -3.534  -60.528  -16.813 0.6000000238
11769  -6.806  -62.699  -14.828 0.8000000119
11141  -12.480  -63.518  -21.882 0.6000000238
11877  -12.131  -62.964  -21.324 0.6000000238
11879  -13.104  -62.373  -20.900 0.6000000238
112787  -5.694  -60.599  -18.346 0.6000000238
10482  -12.931  -64.420  -22.012 0.6000000238
10493  -12.461  -64.224  -22.193 0.6000000238
11142  -13.309  -63.415  -21.788 0.6000000238
12631  -4.521  -61.721  -18.689 0.6000000238
11805  -5.642  -62.356  -17.066 0.6000000238
11789  -6.555  -62.368  -15.626 0.5000000000
9795  -13.352  -65.000  -20.811 0.6000000238
11826  -5.421  -61.972  -18.156 0.6000000238
9759  -12.945  -65.857  -19.057 0.6000000238
9778  -13.601  -65.132  -19.662 0.6000000238
9760  -13.607  -65.540  -18.689 0.5000000000
9061  -13.940  -66.419  -17.404 0.5000000000
116116  -13.398  -67.239  -17.368 0.5000000000
8390  -14.159  -67.260  -16.809 0.5000000000
10327  -11.438  -64.774  -12.028 0.6000000238
122480  -9.168  -64.188  -11.726 0.6999999881
125098  -4.821  -61.056  -14.158 0.6000000238
12570  -4.503  -60.799  -14.889 0.6000000238
11006  -8.021  -63.286  -12.741 0.8000000119
109408  -14.075  -62.063  -19.984 0.5000000000
14098  -5.253  -59.668  -15.867 0.6000000238
11749  -8.092  -62.466  -13.111 0.8000000119
11880  -14.000  -62.057  -20.687 0.5000000000
14097  -4.782  -59.747  -16.355 0.6999999881
11771  -7.843  -61.756  -14.440 0.8000000119
11889  -13.729  -62.650  -21.434 0.6000000238
11890  -14.636  -62.244  -21.257 0.6000000238
13362  -6.219  -60.088  -18.172 0.8000000119
11790  -7.261  -61.860  -15.185 0.6999999881
122013  -13.033  -63.936  -22.091 0.6000000238
11131  -14.837  -63.608  -21.372 0.6000000238
12633  -6.302  -60.563  -18.275 0.6999999881
12621  -5.832  -61.250  -18.375 0.6999999881
11806  -6.309  -61.971  -16.628 0.6000000238
9810  -13.275  -64.655  -21.581 0.6000000238
10473  -14.619  -64.133  -20.878 0.6000000238
10456  -14.444  -64.573  -19.808 0.5000000000
9779  -14.268  -65.044  -18.882 0.5000000000
10317  -10.882  -64.188  -11.547 0.6000000238
10318  -11.813  -64.061  -11.631 0.5000000000
12529  -5.417  -61.123  -12.221 0.6000000238
10974  -10.347  -63.438  -11.409 0.6999999881
12548  -5.134  -61.200  -13.403 0.6000000238
120810  -8.646  -63.591  -12.049 0.6999999881
11710  -9.819  -62.608  -11.603 0.6000000238
13330  -5.207  -60.289  -15.066 0.6000000238
13296  -5.780  -60.734  -13.224 0.6000000238
11730  -8.557  -62.707  -12.389 0.6000000238
12549  -8.665  -61.891  -12.813 0.6999999881
105776  -8.302  -61.760  -13.693 0.6999999881
12550  -9.054  -61.150  -13.512 0.6000000238
14123  -5.789  -59.552  -17.550 0.8000000119
12592  -8.054  -61.191  -15.280 0.8000000119
13331  -8.804  -60.630  -15.379 0.6999999881
13354  -6.984  -59.973  -18.243 0.6999999881
12622  -6.559  -60.809  -18.107 0.6999999881
12609  -7.498  -60.873  -16.890 0.6000000238
12610  -8.294  -60.578  -16.418 0.8000000119
13255  -5.475  -60.361  -11.431 0.6000000238
13275  -6.106  -60.342  -12.270 0.6000000238
14084  -6.595  -59.882  -14.342 0.6999999881
105204  -9.800  -60.563  -13.716 0.6000000238
14083  -5.981  -59.823  -15.183 0.6999999881
124067  -6.731  -58.929  -15.929 0.6999999881
13318  -9.296  -60.622  -14.518 0.6999999881
106239  -9.530  -60.270  -15.407 0.6000000238
14113  -6.340  -59.034  -17.165 0.8000000119
14947  -7.268  -58.950  -17.560 0.6000000238
14124  -7.557  -59.477  -17.887 0.5000000000
13332  -9.225  -60.089  -16.398 0.6999999881
13333  -10.135  -59.740  -16.105 0.6999999881
14086  -10.829  -59.737  -15.363 0.6000000238
14136  -6.728  -59.481  -17.896 0.8000000119
13356  -8.366  -59.606  -17.729 0.6000000238
13344  -8.030  -60.196  -17.572 0.6000000238
14038  -4.626  -59.604  -10.811 0.6000000238
14039  -5.218  -58.978  -11.528 0.6000000238
14054  -6.626  -59.520  -12.375 0.6999999881
14053  -6.053  -59.732  -11.816 0.6000000238
13297  -6.487  -60.223  -13.261 0.6999999881
14070  -7.081  -59.694  -13.377 0.6999999881
113930  -6.665  -59.353  -15.277 0.6999999881
14100  -7.328  -58.904  -15.540 0.6000000238
13319  -10.152  -60.142  -14.736 0.6000000238
14934  -7.002  -58.745  -16.616 0.6000000238
14960  -8.124  -58.935  -17.675 0.6000000238
13320  -11.027  -59.864  -14.413 0.5000000000
14102  -11.068  -59.358  -16.354 0.6000000238
14087  -11.717  -59.505  -15.374 0.5000000000
14103  -12.435  -58.982  -16.132 0.5000000000
14115  -11.236  -58.611  -17.163 0.6000000238
124362  -11.765  -59.033  -16.506 0.5000000000
14867  -4.181  -57.695  -11.039 0.6000000238
120224  -4.339  -58.370  -11.162 0.6000000238
14040  -6.092  -58.973  -11.898 0.6999999881
14883  -5.146  -57.673  -12.203 0.6999999881
14895  -6.470  -58.270  -12.375 0.6999999881
14055  -7.288  -59.083  -12.660 0.6999999881
14071  -7.671  -59.280  -13.460 0.6000000238
14920  -7.928  -59.076  -14.475 0.5000000000
116318  -8.149  -58.640  -15.570 0.6999999881
14922  -9.500  -58.466  -14.791 0.6000000238
14935  -8.396  -58.457  -16.636 0.6000000238
116748  -9.202  -58.321  -16.906 0.6000000238
117627  -10.069  -58.036  -17.054 0.6000000238
14962  -9.733  -58.723  -17.476 0.6000000238
14128  -11.039  -58.152  -17.349 0.5000000000
15770  -11.382  -57.724  -17.241 0.5000000000
14953  -12.573  -57.612  -17.273 0.5000000000
14843  -5.771  -58.211  -8.263 0.6999999881
113230  -6.645  -57.691  -8.411 0.6999999881
15651  -6.226  -57.999  -7.501 0.6999999881
114136  -4.355  -57.092  -11.044 0.6000000238
116614  -5.898  -57.240  -9.998 0.6999999881
16350  -7.320  -56.571  -8.016 0.6999999881
16993  -6.671  -55.008  -7.920 0.6000000238
15703  -4.428  -56.653  -11.968 0.6999999881
15688  -4.855  -56.672  -10.980 0.6999999881
16371  -5.877  -56.522  -10.858 0.6999999881
15665  -7.315  -57.230  -9.045 0.6999999881
15704  -4.602  -56.426  -12.468 0.6999999881
16370  -4.483  -56.371  -11.890 0.6999999881
16359  -6.882  -57.158  -9.918 0.6999999881
14896  -7.337  -58.336  -12.535 0.6999999881
14897  -7.989  -58.093  -12.614 0.6000000238
14907  -8.252  -58.915  -13.453 0.6000000238
14909  -9.987  -58.241  -13.840 0.6000000238
15727  -10.602  -57.485  -13.451 0.6000000238
14936  -8.938  -58.439  -15.799 0.6000000238
14923  -10.158  -58.270  -15.057 0.6000000238
15741  -10.722  -57.988  -14.596 0.6000000238
110769  -10.618  -57.837  -16.215 0.5000000000
125070  -11.273  -57.697  -15.382 0.6000000238
15728  -12.142  -57.173  -13.992 0.6000000238
15754  -11.000  -57.670  -17.092 0.5000000000
111695  -11.490  -57.462  -16.565 0.5000000000
15755  -12.132  -57.067  -16.892 0.5000000000
15628  -5.693  -57.979  -6.747 0.6999999881
16987  -6.517  -55.962  -7.320 0.6999999881
112514  -6.744  -54.274  -8.633 0.6000000238
17582  -7.785  -54.612  -8.727 0.4000000060
16360  -7.620  -56.706  -9.757 0.6000000238
16351  -7.920  -56.469  -8.889 0.5000000000
16994  -7.553  -55.387  -8.318 0.5000000000
17588  -7.976  -54.004  -9.095 0.4000000060
18193  -7.286  -53.122  -9.671 0.5000000000
14894  -5.304  -56.518  -12.867 0.6999999881
16402  -4.916  -55.826  -12.922 0.8000000119
16372  -6.955  -56.404  -10.729 0.6999999881
16352  -8.332  -56.204  -9.651 0.5000000000
17001  -8.738  -55.586  -9.486 0.4000000060
17583  -8.658  -54.768  -9.165 0.4000000060
18194  -8.701  -53.692  -9.463 0.4000000060
18851  -9.263  -52.781  -9.979 0.4000000060
123199  -5.352  -55.894  -13.170 0.8000000119
16403  -5.905  -55.505  -13.170 0.8000000119
17025  -6.236  -55.205  -12.618 0.8000000119
16390  -7.001  -55.532  -11.701 0.8000000119
17011  -7.985  -55.410  -11.597 0.6000000238
17012  -8.718  -55.642  -10.424 0.5000000000
17013  -9.457  -55.020  -10.520 0.4000000060
18195  -9.622  -53.793  -9.756 0.4000000060
15714  -6.522  -56.731  -12.897 0.6999999881
15715  -7.832  -56.809  -12.833 0.6999999881
15716  -8.750  -56.921  -12.814 0.5000000000
17598  -9.981  -54.318  -10.379 0.4000000060
18204  -10.208  -53.461  -10.280 0.4000000060
122839  -8.592  -57.763  -12.750 0.6000000238
112765  -9.267  -58.019  -13.056 0.5000000000
107572  -9.698  -57.254  -12.933 0.5000000000
113933  -11.417  -57.587  -14.191 0.6000000238
16343  -6.229  -57.100  -6.912 0.6000000238
16986  -5.773  -55.746  -6.819 0.5000000000
17576  -5.613  -54.547  -7.747 0.5000000000
106752  -5.486  -53.794  -8.791 0.4000000060
18188  -5.502  -53.149  -9.549 0.5000000000
18189  -6.888  -53.646  -9.218 0.5000000000
18849  -6.338  -52.104  -10.375 0.5000000000
18868  -6.759  -51.620  -10.655 0.5000000000
19598  -6.727  -50.897  -10.863 0.5000000000
18850  -7.762  -52.490  -10.048 0.5000000000
19599  -7.865  -50.375  -10.994 0.5000000000
17033  -6.391  -55.209  -13.113 0.6999999881
17026  -7.084  -54.976  -12.721 0.6000000238
17035  -7.818  -54.795  -13.065 0.5000000000
115764  -8.744  -54.916  -11.885 0.5000000000
16404  -6.937  -55.500  -13.298 0.6999999881
16405  -7.856  -55.677  -13.282 0.6000000238
17623  -8.891  -54.552  -12.974 0.5000000000
17613  -9.806  -54.450  -11.656 0.4000000060
17599  -10.488  -53.809  -11.073 0.5000000000
113871  -10.259  -52.431  -10.528 0.4000000060
110108  -9.286  -51.532  -10.661 0.5000000000
16406  -8.696  -55.470  -13.231 0.5000000000
17043  -9.239  -54.837  -13.347 0.5000000000
17634  -9.097  -54.596  -13.268 0.6000000238
17624  -9.574  -54.358  -12.997 0.5000000000
17614  -10.352  -54.008  -12.264 0.5000000000
18217  -10.842  -53.223  -12.008 0.5000000000
16417  -10.042  -56.235  -12.985 0.5000000000
17044  -10.214  -55.063  -13.366 0.5000000000
17635  -9.681  -54.502  -13.250 0.5000000000
17625  -10.583  -53.867  -13.111 0.5000000000
16418  -11.264  -56.629  -13.324 0.6000000238
108895  -11.455  -55.288  -13.324 0.6000000238
17565  -4.395  -54.571  -6.645 0.5000000000
16985  -5.010  -54.622  -7.177 0.5000000000
114749  -4.556  -53.808  -8.326 0.5000000000
17581  -4.615  -53.517  -8.821 0.4000000060
18187  -4.674  -52.942  -9.348 0.4000000060
118939  -3.974  -53.146  -8.843 0.4000000060
18192  -5.923  -52.602  -9.946 0.6000000238
18848  -5.491  -51.820  -10.358 0.5000000000
18867  -6.006  -51.389  -10.615 0.5000000000
19579  -6.166  -50.610  -10.434 0.4000000060
20352  -6.808  -49.895  -10.603 0.4000000060
21128  -7.492  -48.584  -10.115 0.4000000060
17574  -3.293  -52.971  -8.504 0.4000000060
18839  -4.174  -52.946  -8.944 0.4000000060
18840  -4.855  -52.234  -9.625 0.5000000000
19566  -5.161  -51.752  -10.167 0.5000000000
19567  -5.345  -51.369  -9.878 0.5000000000
18841  -5.482  -51.641  -8.772 0.4000000060
19568  -5.925  -50.887  -9.201 0.4000000060
20320  -6.363  -50.201  -9.469 0.4000000060
20337  -6.958  -48.947  -9.904 0.4000000060
21115  -7.707  -48.884  -9.638 0.4000000060
18832  -3.084  -52.680  -8.285 0.4000000060
18833  -3.513  -52.862  -8.620 0.4000000060
18834  -4.136  -52.463  -8.635 0.4000000060
111999  -4.414  -52.321  -7.111 0.4000000060
18822  -5.353  -52.368  -6.721 0.4000000060
108784  -5.322  -52.244  -7.866 0.4000000060
18835  -6.753  -52.296  -7.355 0.4000000060
18842  -7.050  -51.927  -7.937 0.5000000000
19569  -7.281  -51.098  -8.477 0.5000000000
20321  -7.215  -49.780  -9.205 0.4000000060
18836  -7.881  -52.318  -7.136 0.4000000060
19562  -9.189  -51.833  -7.353 0.4000000060
19563  -9.950  -51.390  -7.531 0.4000000060
19570  -8.704  -51.331  -8.111 0.4000000060
20322  -9.021  -50.348  -8.548 0.4000000060
18801  -3.947  -51.942  -6.692 0.4000000060
19533  -4.763  -51.517  -5.786 0.3000000119
18803  -6.247  -52.321  -5.881 0.3000000119
18824  -7.396  -52.425  -6.711 0.4000000060
20296  -6.415  -51.023  -5.467 0.4000000060
19534  -5.849  -51.864  -5.522 0.3000000119
19535  -6.891  -51.917  -5.542 0.3000000119
18804  -7.247  -52.353  -5.997 0.4000000060
20306  -8.556  -51.146  -5.739 0.5000000000
19555  -9.614  -51.807  -6.851 0.4000000060
19556  -10.315  -51.417  -6.856 0.4000000060
20312  -10.868  -51.042  -7.161 0.4000000060
20324  -11.549  -50.033  -7.902 0.3000000119
110109  -8.915  -49.940  -5.776 0.5000000000
21096  -10.185  -50.337  -6.091 0.5000000000
20308  -10.699  -50.956  -6.629 0.4000000060
20309  -11.271  -50.668  -6.913 0.4000000060
20313  -11.483  -50.505  -7.235 0.3000000119
114030  -5.882  -49.689  -5.709 0.4000000060
113064  -6.887  -50.070  -5.651 0.4000000060
20297  -7.482  -51.105  -5.523 0.5000000000
21090  -6.737  -48.865  -5.838 0.4000000060
21091  -7.760  -49.950  -5.708 0.5000000000
115912  -8.547  -48.776  -5.903 0.5000000000
113276  -9.469  -49.190  -5.942 0.4000000060
119845  -11.395  -49.402  -6.300 0.4000000060
21098  -11.768  -50.189  -6.875 0.3000000119
21912  -8.766  -48.073  -6.033 0.3000000119
21913  -9.980  -48.614  -5.996 0.3000000119
20295  -5.284  -50.741  -5.618 0.4000000060
21907  -7.198  -48.008  -5.969 0.4000000060
22728  -11.860  -48.359  -6.070 0.3000000119
21906  -6.131  -47.767  -5.762 0.3000000119
22720  -6.797  -47.095  -5.600 0.3000000119
7173  -9.169  -69.220  -18.116 0.6000000238
109276  -9.385  -68.696  -17.615 0.5000000000
14101  -9.631  -59.434  -17.230 0.6000000238
14126  -9.113  -59.182  -17.652 0.6000000238
6613  -4.990  -71.077  -26.446 0.5000000000
7261  -8.123  -70.242  -26.553 0.6999999881
6639  -8.565  -70.881  -27.838 0.6999999881
6628  -10.308  -70.640  -27.284 0.6999999881
7843  -8.949  -69.003  -25.167 0.6999999881
7264  -10.930  -70.090  -26.724 0.6999999881
7789  -7.717  -67.976  -21.304 0.5000000000
5361  -11.680  -71.679  -26.019 0.6999999881
5340  -12.782  -71.756  -24.746 0.6999999881
7239  -11.222  -69.156  -24.255 0.6999999881
7771  -8.854  -68.513  -18.781 0.6000000238
7234  -10.989  -69.923  -22.692 0.6000000238
110583  -14.081  -74.120  -20.329 0.6000000238
107454  -14.116  -75.140  -21.376 0.6000000238
7221  -10.858  -69.890  -21.753 0.5000000000
110140  -15.954  -74.347  -20.926 0.5000000000
7130  -8.810  -69.131  -15.721 0.6000000238
7128  -7.305  -69.265  -15.495 0.6999999881
9793  -9.043  -64.932  -20.577 0.6000000238
7204  -10.758  -69.297  -21.109 0.5000000000
6541  -11.607  -70.222  -20.073 0.5000000000
3716  -15.014  -75.362  -22.891 0.6000000238
4202  -16.296  -74.920  -23.221 0.6000000238
4193  -17.226  -74.163  -22.232 0.5000000000
9002  -7.824  -66.527  -13.522 0.6000000238
11114  -12.934  -62.955  -19.503 0.5000000000
120192  -2.993  -61.236  -17.702 0.6000000238
11095  -4.218  -62.874  -18.975 0.6000000238
9093  -12.234  -66.133  -20.587 0.6000000238
13361  -4.739  -60.879  -18.318 0.6000000238
11770  -7.314  -62.492  -14.293 0.8000000119
12632  -5.446  -61.171  -18.490 0.6000000238
10472  -13.867  -64.361  -21.293 0.6000000238
11827  -6.104  -61.542  -17.753 0.6000000238
12571  -8.549  -61.164  -14.472 0.8000000119
11144  -15.287  -63.039  -21.496 0.6000000238
12590  -6.988  -61.579  -16.217 0.6000000238
12608  -6.805  -61.210  -17.308 0.6999999881
13355  -7.628  -59.861  -17.999 0.6000000238
14948  -7.849  -58.606  -17.193 0.6000000238
13345  -8.799  -59.788  -17.337 0.6999999881
14961  -8.928  -58.840  -17.609 0.6000000238
14952  -11.727  -57.937  -17.362 0.5000000000
14908  -8.741  -58.471  -13.208 0.5000000000
14950  -9.512  -58.466  -17.334 0.6000000238
15772  -12.574  -56.985  -17.244 0.5000000000
15677  -4.907  -57.330  -10.065 0.6000000238
121039  -6.629  -57.514  -9.259 0.6999999881
121415  -4.975  -56.114  -11.733 0.8000000119
16373  -7.912  -56.163  -10.593 0.6000000238
16995  -8.311  -55.556  -8.857 0.5000000000
18205  -10.767  -52.950  -11.031 0.5000000000
18869  -7.858  -51.572  -10.645 0.5000000000
16416  -7.519  -55.008  -13.328 0.6000000238
17042  -8.514  -54.782  -13.279 0.6000000238
17636  -10.618  -54.193  -13.399 0.5000000000
17575  -4.037  -53.674  -7.990 0.5000000000
20319  -5.913  -50.590  -9.965 0.5000000000
112693  -2.956  -52.215  -7.897 0.4000000060
18802  -5.219  -52.228  -5.996 0.3000000119
18823  -6.513  -52.430  -6.607 0.4000000060
19561  -8.296  -51.971  -7.623 0.5000000000
18825  -8.109  -52.268  -6.443 0.4000000060
18837  -8.789  -52.198  -6.969 0.4000000060
20323  -10.640  -50.578  -8.034 0.4000000060
21117  -10.465  -49.382  -8.710 0.4000000060
19536  -7.903  -51.841  -5.804 0.4000000060
20307  -9.727  -51.210  -6.238 0.5000000000
19554  -8.883  -51.803  -6.232 0.4000000060
116147  -10.503  -49.627  -6.097 0.5000000000
21097  -11.105  -50.338  -6.502 0.4000000060
21095  -7.812  -48.854  -5.853 0.4000000060
113801  -10.535  -48.088  -5.932 0.4000000060
21911  -7.978  -48.167  -5.981 0.4000000060
22726  -7.847  -47.421  -5.990 0.3000000119
123944  -11.189  -76.602  -23.906 0.5000000000
3191  -12.260  -76.514  -24.900 0.5000000000
2658  -12.279  -77.136  -24.695 0.5000000000
112300  -12.507  -76.794  -25.289 0.5000000000
2659  -12.964  -77.240  -25.220 0.5000000000
2664  -12.860  -77.026  -26.121 0.5000000000
2665  -13.669  -77.482  -25.739 0.6000000238
3725  -11.767  -76.422  -24.145 0.5000000000
3194  -12.876  -76.581  -25.732 0.5000000000
2208  -14.228  -78.211  -26.325 0.6000000238
2668  -12.860  -76.988  -27.159 0.6000000238
2669  -13.531  -77.441  -26.634 0.6000000238
3712  -10.983  -76.461  -23.390 0.4000000060
4200  -8.937  -73.874  -22.559 0.4000000060
4190  -9.243  -74.470  -21.332 0.4000000060
3686  -9.772  -74.977  -20.721 0.5000000000
3699  -9.859  -75.898  -21.052 0.5000000000
3700  -10.650  -76.081  -21.701 0.5000000000
3687  -10.478  -75.345  -20.702 0.5000000000
3179  -10.202  -76.750  -22.552 0.5000000000
3713  -11.824  -76.109  -23.424 0.5000000000
105123  -14.874  -78.247  -25.746 0.6000000238
121266  -15.573  -78.201  -26.062 0.6000000238
3726  -12.422  -76.233  -24.696 0.5000000000
3714  -12.616  -75.932  -23.867 0.5000000000
125796  -14.481  -78.224  -26.997 0.6000000238
3736  -12.864  -76.282  -25.291 0.5000000000
124551  -12.985  -76.210  -27.835 0.6000000238
2672  -12.982  -77.129  -28.102 0.6000000238
2218  -15.002  -78.091  -27.317 0.6000000238
2679  -13.387  -76.486  -29.217 0.6000000238
2221  -14.663  -78.000  -28.205 0.6000000238
2674  -15.184  -77.600  -27.877 0.6999999881
2681  -14.638  -76.963  -29.138 0.6000000238
120743  -15.402  -76.929  -28.339 0.6999999881
4754  -9.277  -72.704  -24.430 0.6000000238
4742  -9.676  -73.095  -22.855 0.6000000238
113500  -9.088  -73.194  -23.666 0.5000000000
4731  -9.523  -73.669  -21.858 0.5000000000
4719  -10.672  -73.629  -20.794 0.6000000238
4181  -9.837  -73.985  -20.938 0.5000000000
3688  -11.393  -75.457  -20.963 0.5000000000
108853  -11.557  -75.883  -22.304 0.5000000000
1835  -16.499  -78.689  -25.433 0.6999999881
1834  -16.408  -78.730  -25.888 0.6000000238
122596  -16.931  -79.011  -25.445 0.8000000119
3727  -13.156  -75.997  -24.696 0.5000000000
3737  -13.343  -76.203  -26.175 0.5000000000
3745  -13.613  -76.020  -27.225 0.6000000238
2213  -15.797  -78.095  -26.444 0.6999999881
2214  -16.534  -78.189  -26.144 0.6999999881
2676  -12.854  -76.664  -28.672 0.6000000238
2675  -15.800  -76.915  -27.634 0.6999999881
3207  -13.152  -75.897  -29.181 0.6000000238
3209  -14.218  -76.207  -29.570 0.6000000238
3212  -15.461  -75.700  -30.308 0.6999999881
3205  -16.270  -76.235  -28.703 0.6999999881
3198  -16.601  -76.299  -27.578 0.6000000238
4768  -9.073  -72.488  -25.186 0.5000000000
4755  -9.898  -72.589  -23.889 0.6000000238
4732  -10.370  -73.121  -21.861 0.6000000238
3678  -11.220  -74.747  -20.434 0.6000000238
3701  -12.508  -75.704  -22.768 0.5000000000
125068  -13.275  -75.632  -23.209 0.6000000238
2204  -16.939  -78.737  -24.882 0.6999999881
115639  -13.656  -75.703  -23.936 0.5000000000
1836  -17.655  -79.044  -25.604 0.5000000000
1828  -18.270  -79.153  -24.253 0.6000000238
3746  -14.000  -75.877  -26.742 0.5000000000
2215  -17.449  -78.588  -25.883 0.6000000238
3755  -14.136  -75.537  -27.704 0.5000000000
2670  -16.275  -77.276  -26.773 0.6999999881
2671  -17.041  -77.774  -26.056 0.6000000238
4244  -13.789  -75.389  -29.495 0.5000000000
106420  -17.376  -75.741  -27.526 0.6000000238
4245  -14.363  -74.944  -29.331 0.5000000000
4256  -15.038  -74.948  -30.296 0.6000000238
3206  -17.430  -75.479  -29.471 0.5000000000
4258  -16.943  -75.008  -30.231 0.5000000000
112237  -18.771  -75.132  -28.191 0.5000000000
5345  -8.908  -72.142  -26.313 0.6000000238
5337  -10.140  -72.245  -24.971 0.6000000238
3715  -14.111  -75.497  -23.064 0.5000000000
1837  -18.237  -79.031  -25.320 0.6000000238
109596  -14.499  -75.710  -25.236 0.5000000000
2210  -18.170  -78.775  -25.603 0.5000000000
3747  -14.762  -75.515  -26.645 0.5000000000
115743  -17.809  -78.191  -25.607 0.5000000000
2667  -18.294  -78.245  -25.405 0.5000000000
2206  -18.901  -78.844  -25.173 0.5000000000
122045  -15.072  -75.006  -27.584 0.5000000000
3199  -16.829  -76.484  -26.628 0.5000000000
3748  -17.500  -75.815  -26.640 0.5000000000
110566  -15.224  -74.437  -28.750 0.6000000238
4247  -16.208  -73.899  -28.531 0.6000000238
3203  -17.347  -75.681  -28.495 0.5000000000
106502  -18.013  -75.400  -27.542 0.6000000238
4797  -16.451  -74.070  -29.719 0.6000000238
4804  -17.326  -73.859  -29.578 0.5000000000
5986  -7.915  -71.496  -28.084 0.4000000060
3739  -15.096  -75.529  -25.686 0.5000000000
110670  -18.469  -77.530  -24.868 0.5000000000
4220  -15.714  -74.992  -26.477 0.5000000000
113875  -17.761  -75.723  -25.947 0.5000000000
3193  -18.989  -77.369  -24.285 0.5000000000
3189  -19.332  -76.759  -23.546 0.5000000000
3180  -19.704  -76.292  -22.842 0.5000000000
3693  -20.528  -75.308  -21.518 0.5000000000
4230  -16.486  -74.200  -26.865 0.6000000238
4237  -16.520  -73.824  -27.695 0.6000000238
4789  -16.935  -73.441  -28.244 0.6000000238
124987  -19.334  -74.616  -26.641 0.5000000000
5379  -17.570  -73.269  -28.713 0.5000000000
5380  -18.373  -73.001  -28.612 0.5000000000
4211  -17.053  -74.306  -24.422 0.5000000000
3192  -18.329  -76.455  -24.547 0.5000000000
3718  -19.186  -75.754  -23.321 0.5000000000
3704  -19.575  -75.249  -22.710 0.5000000000
3705  -20.169  -75.799  -22.193 0.5000000000
4210  -16.493  -74.727  -24.922 0.5000000000
126109  -17.511  -73.755  -24.830 0.6000000238
3741  -18.180  -75.558  -25.276 0.5000000000
125260  -18.931  -75.334  -23.865 0.5000000000
4195  -20.062  -74.743  -22.098 0.5000000000
4186  -20.470  -74.315  -21.417 0.5000000000
3682  -20.873  -74.830  -20.789 0.5000000000
4790  -17.448  -73.059  -27.923 0.5000000000
4212  -18.926  -74.722  -25.449 0.5000000000
4213  -19.607  -74.186  -24.945 0.5000000000
110857  -17.599  -73.787  -23.992 0.5000000000
4736  -20.021  -73.746  -22.940 0.5000000000
4194  -19.730  -74.325  -22.812 0.5000000000
4737  -20.235  -73.813  -22.132 0.5000000000
4711  -21.462  -73.383  -20.296 0.4000000060
4726  -20.729  -73.153  -21.847 0.4000000060
12607  -3.095  -60.905  -16.529 0.5000000000
12547  -4.683  -61.702  -12.779 0.5000000000
105101  -4.442  -61.475  -14.011 0.5000000000
12509  -5.081  -61.159  -11.298 0.5000000000
12589  -3.888  -60.693  -15.608 0.5000000000
14842  -4.849  -58.317  -8.146 0.5000000000
14829  -5.438  -58.352  -7.398 0.5000000000
16325  -5.529  -56.973  -6.343 0.5000000000
3740  -15.853  -75.165  -25.337 0.5000000000
2211  -13.990  -78.127  -27.180 0.6000000238
2216  -13.653  -77.692  -27.972 0.6000000238
3202  -13.340  -75.849  -28.310 0.6000000238
112715  -15.158  -76.272  -30.012 0.6999999881
106588  -13.842  -75.920  -25.383 0.5000000000
3772  -14.423  -75.422  -30.190 0.6000000238
121192  -16.132  -75.823  -29.884 0.6000000238
3213  -16.148  -75.355  -30.337 0.6000000238
1831  -17.778  -79.206  -25.044 0.6999999881
123205  -14.488  -75.021  -28.483 0.5000000000
4246  -15.905  -74.134  -29.439 0.6000000238
4253  -16.666  -74.514  -30.080 0.6000000238
3769  -17.147  -75.269  -29.978 0.5000000000
3749  -18.295  -75.256  -27.043 0.5000000000
2666  -17.325  -76.869  -25.711 0.5000000000
3195  -17.836  -76.729  -25.125 0.5000000000
122136  -15.873  -74.368  -27.625 0.5000000000
115452  -18.082  -73.498  -29.190 0.5000000000
4221  -16.489  -74.568  -25.880 0.5000000000
4782  -17.117  -73.490  -27.226 0.5000000000
4769  -17.010  -73.916  -26.344 0.5000000000
118156  -19.308  -74.846  -23.427 0.5000000000
4745  -19.684  -74.088  -23.754 0.5000000000
4176  -20.873  -73.893  -20.789 0.5000000000
4710  -21.046  -73.173  -21.055 0.4000000060
1498  -19.230  -80.703  -21.092 0.5000000000
1504  -19.877  -79.816  -22.274 0.6000000238
1826  -20.145  -79.416  -23.078 0.6000000238
116794  -19.519  -79.607  -22.731 0.6000000238
2191  -18.725  -79.140  -22.463 0.4000000060
2192  -20.646  -78.998  -22.990 0.4000000060
2655  -20.033  -78.467  -24.005 0.4000000060
2200  -20.147  -79.073  -23.879 0.5000000000
1830  -19.615  -79.404  -23.593 0.6000000238
1833  -19.377  -79.085  -24.379 0.5000000000
2207  -19.578  -78.799  -24.539 0.4000000060
1825  -19.086  -79.507  -23.123 0.5000000000
1824  -18.565  -79.191  -23.386 0.6000000238
2198  -17.142  -78.239  -24.054 0.6000000238
2661  -16.433  -77.808  -24.062 0.6000000238
2203  -15.997  -78.207  -24.854 0.6000000238
2209  -15.764  -78.259  -25.486 0.6000000238
2660  -15.486  -77.570  -23.985 0.6000000238
2202  -14.907  -77.931  -24.879 0.5000000000
105070  -14.220  -78.159  -25.488 0.5000000000
122940  -13.822  -77.663  -24.686 0.4000000060
2201  -12.829  -77.331  -24.189 0.5000000000
4177  -21.305  -74.324  -20.082 0.3000000119
11891  -15.335  -62.307  -21.286 0.4000000060
110698  -15.897  -63.263  -21.148 0.4000000060
11132  -15.376  -63.686  -20.962 0.5000000000
15729  -13.010  -56.818  -14.878 0.5000000000
16419  -12.400  -56.323  -13.607 0.5000000000
16420  -13.476  -56.053  -14.090 0.5000000000
17637  -11.509  -53.883  -13.644 0.4000000060
17650  -15.586  -54.138  -15.274 0.4000000060
18237  -11.239  -53.212  -13.593 0.4000000060
18238  -11.590  -52.882  -14.044 0.4000000060
17638  -12.254  -53.405  -13.992 0.4000000060
18227  -11.233  -52.581  -13.095 0.4000000060
125364  -14.187  -52.668  -14.351 0.4000000060
18885  -11.132  -51.913  -12.141 0.4000000060
116534  -11.531  -51.403  -13.238 0.4000000060
19616  -13.351  -50.757  -13.812 0.4000000060
18870  -10.908  -51.959  -11.116 0.4000000060
120436  -7.389  -49.356  -10.810 0.3000000119
20353  -8.284  -49.379  -11.004 0.4000000060
21116  -9.092  -49.056  -9.227 0.3000000119
21129  -8.291  -48.197  -10.018 0.3000000119
21143  -8.544  -48.548  -10.721 0.3000000119
21937  -8.296  -48.280  -10.229 0.3000000119
117760  -14.382  -53.808  -14.144 0.4000000060
108604  -13.542  -54.321  -13.773 0.4000000060
17046  -14.299  -55.052  -14.068 0.4000000060
17639  -13.281  -52.719  -14.242 0.4000000060
18239  -12.148  -52.063  -14.328 0.4000000060
18241  -15.046  -51.796  -14.346 0.4000000060
18240  -13.125  -51.619  -14.435 0.4000000060
108355  -11.924  -51.344  -13.899 0.4000000060
18902  -11.592  -52.203  -13.832 0.4000000060
1754  -21.146  -80.860  -15.080 0.3000000119
1443  -21.059  -82.312  -15.224 0.3000000119
2111  -20.690  -80.100  -15.717 0.4000000060
1753  -20.604  -81.376  -15.702 0.3000000119
1442  -20.816  -82.401  -15.805 0.4000000060
1765  -19.581  -80.424  -16.860 0.3000000119
1450  -20.150  -81.837  -16.429 0.3000000119
1176  -20.841  -82.538  -16.406 0.4000000060
2144  -19.092  -79.416  -17.279 0.3000000119
1175  -20.213  -82.503  -17.070 0.3000000119
1186  -20.494  -82.482  -17.384 0.3000000119
1780  -19.101  -80.584  -17.338 0.3000000119
117507  -19.670  -82.391  -17.929 0.3000000119
115800  -20.008  -82.379  -18.415 0.3000000119
1460  -18.882  -81.457  -17.747 0.3000000119
1185  -18.751  -81.898  -18.472 0.3000000119
1197  -19.310  -82.226  -18.614 0.3000000119
1459  -18.065  -81.234  -17.999 0.3000000119
1196  -18.580  -81.999  -18.925 0.3000000119
1209  -19.297  -82.146  -19.132 0.3000000119
1778  -16.256  -80.380  -17.507 0.3000000119
115133  -16.897  -80.812  -17.729 0.3000000119
1184  -17.824  -81.514  -18.616 0.3000000119
1207  -17.838  -81.622  -19.044 0.3000000119
123218  -18.617  -81.563  -19.832 0.3000000119
1458  -16.182  -80.679  -17.781 0.4000000060
1187  -21.131  -82.563  -17.020 0.3000000119
2125  -20.521  -79.153  -16.176 0.4000000060
2124  -19.891  -79.247  -16.743 0.3000000119
1198  -20.728  -82.388  -17.955 0.4000000060
1211  -20.446  -82.074  -18.726 0.4000000060
1210  -19.950  -82.163  -19.056 0.4000000060
2143  -18.018  -79.219  -17.413 0.3000000119
1219  -19.671  -81.753  -19.673 0.4000000060
2141  -16.198  -79.572  -17.234 0.3000000119
2142  -17.159  -79.076  -17.324 0.4000000060
1489  -19.377  -81.286  -20.420 0.4000000060
1477  -18.052  -81.336  -19.682 0.3000000119
2140  -15.697  -78.654  -17.082 0.3000000119
1177  -21.346  -82.558  -15.916 0.3000000119
1451  -21.604  -82.279  -16.530 0.3000000119
1452  -22.208  -81.999  -15.807 0.3000000119
1461  -21.557  -81.985  -17.144 0.3000000119
1781  -21.717  -80.839  -17.534 0.3000000119
117044  -20.433  -77.472  -16.561 0.4000000060
106832  -21.256  -81.973  -17.794 0.3000000119
121106  -21.299  -81.153  -18.324 0.3000000119
1470  -20.908  -81.721  -18.502 0.4000000060
1798  -21.020  -80.778  -19.109 0.3000000119
120077  -20.667  -81.474  -19.094 0.4000000060
1808  -20.952  -80.070  -20.029 0.4000000060
2596  -18.191  -77.257  -17.615 0.3000000119
1490  -20.057  -81.167  -20.223 0.4000000060
1807  -20.519  -80.246  -20.777 0.4000000060
108493  -17.686  -78.231  -17.423 0.3000000119
3126  -17.677  -76.363  -17.713 0.3000000119
1817  -20.815  -79.422  -21.674 0.5000000000
2595  -17.220  -77.283  -17.599 0.3000000119
108084  -19.796  -80.709  -21.033 0.4000000060
1499  -20.192  -79.982  -21.652 0.4000000060
1827  -20.472  -79.387  -22.361 0.5000000000
2593  -15.251  -77.522  -17.092 0.3000000119
1462  -22.088  -81.341  -16.630 0.3000000119
2598  -19.963  -76.876  -17.010 0.4000000060
104185  -21.183  -79.774  -19.339 0.4000000060
105712  -21.270  -78.392  -20.752 0.4000000060
2597  -19.200  -77.252  -17.394 0.4000000060
1818  -21.064  -79.358  -20.896 0.4000000060
2182  -21.199  -78.747  -21.702 0.5000000000
2648  -21.016  -78.321  -22.455 0.4000000060
3127  -18.629  -76.337  -17.639 0.3000000119
2181  -20.961  -78.985  -22.314 0.4000000060
2656  -20.513  -78.422  -23.279 0.4000000060
3190  -20.081  -77.469  -23.265 0.4000000060
2594  -16.251  -77.387  -17.370 0.3000000119
3111  -14.856  -76.460  -16.880 0.3000000119
1789  -21.428  -79.899  -18.445 0.3000000119
2172  -21.197  -79.099  -19.974 0.3000000119
3128  -19.446  -76.262  -17.359 0.4000000060
3170  -21.004  -77.308  -22.117 0.4000000060
3644  -18.147  -75.526  -17.599 0.4000000060
3181  -20.461  -76.841  -22.482 0.4000000060
3627  -16.171  -75.099  -16.936 0.3000000119
3643  -17.200  -75.570  -17.557 0.3000000119
3642  -16.349  -75.635  -17.344 0.3000000119
3626  -15.480  -75.566  -16.817 0.3000000119
3097  -13.871  -76.175  -15.467 0.3000000119
3625  -14.591  -75.790  -16.199 0.3000000119
2164  -21.268  -78.856  -19.002 0.3000000119
116241  -21.264  -78.056  -19.652 0.4000000060
3171  -21.139  -76.830  -21.314 0.4000000060
4112  -15.874  -74.940  -16.272 0.3000000119
3615  -15.800  -75.019  -15.341 0.3000000119
113937  -15.201  -75.278  -15.928 0.3000000119
125231  -15.246  -75.305  -15.313 0.3000000119
3598  -14.682  -75.599  -15.384 0.3000000119
3086  -16.161  -75.604  -14.032 0.3000000119
3075  -16.053  -76.345  -13.648 0.3000000119
3599  -15.405  -75.589  -14.581 0.3000000119
3074  -14.877  -76.406  -13.947 0.3000000119
3164  -21.353  -76.386  -19.696 0.3000000119
111726  -21.193  -76.354  -20.567 0.4000000060
2556  -16.499  -77.362  -13.048 0.3000000119
2093  -16.623  -78.374  -12.825 0.3000000119
3144  -22.312  -76.474  -18.232 0.3000000119
3143  -21.662  -76.626  -18.806 0.3000000119
3683  -21.249  -75.435  -20.045 0.3000000119
3656  -22.600  -75.563  -18.243 0.3000000119
3670  -21.607  -75.686  -19.097 0.3000000119
4160  -21.723  -74.710  -19.198 0.3000000119
19600  -9.411  -50.299  -11.088 0.5000000000
114447  -10.355  -51.335  -10.888 0.4000000060
17045  -12.827  -55.137  -13.500 0.4000000060
2199  -17.759  -78.398  -23.459 0.6000000238
1829  -18.965  -79.461  -23.985 0.5000000000
111245  -19.632  -77.706  -23.922 0.4000000060
115242  -20.733  -76.342  -21.766 0.4000000060
3694  -21.006  -75.864  -21.023 0.4000000060
16442  -13.579  -56.293  -16.615 0.5000000000
16430  -14.361  -55.788  -15.659 0.4000000060
17640  -15.025  -52.650  -14.497 0.4000000060
1766  -20.210  -80.278  -16.258 0.3000000119
1779  -18.181  -80.460  -17.552 0.3000000119
109226  -17.059  -80.010  -17.411 0.3000000119
2586  -19.875  -77.622  -16.976 0.4000000060
2585  -19.516  -78.320  -17.103 0.3000000119
110068  -18.657  -78.258  -17.395 0.3000000119
3125  -16.737  -76.390  -17.602 0.3000000119
2637  -21.243  -77.806  -21.552 0.4000000060
3124  -15.803  -76.431  -17.311 0.3000000119
2629  -21.265  -77.259  -20.447 0.4000000060
4136  -16.796  -74.978  -17.220 0.3000000119
3085  -14.261  -76.051  -14.625 0.3000000119
2621  -21.366  -77.180  -19.402 0.3000000119
2555  -15.568  -77.219  -13.479 0.3000000119
2197  -14.485  -77.532  -23.796 0.5000000000
2652  -15.108  -77.271  -23.027 0.5000000000
2654  -16.965  -77.579  -23.269 0.5000000000
2190  -18.253  -78.218  -22.430 0.4000000060
118764  -18.023  -73.259  -24.747 0.4000000060
1816  -18.847  -79.620  -21.826 0.5000000000
1497  -18.863  -80.426  -21.187 0.3000000119
1476  -17.048  -81.082  -18.992 0.3000000119
1488  -18.756  -81.203  -20.402 0.4000000060
1183  -17.171  -81.220  -18.577 0.3000000119
4138  -18.662  -74.802  -17.281 0.3000000119
3645  -19.035  -75.540  -17.482 0.3000000119
2112  -21.172  -79.169  -15.530 0.3000000119
4126  -19.201  -74.194  -16.792 0.3000000119
3646  -19.678  -75.616  -17.177 0.3000000119
3129  -20.101  -76.101  -16.949 0.3000000119
3112  -20.606  -76.598  -16.499 0.3000000119
2587  -21.044  -77.298  -16.072 0.3000000119
3113  -21.136  -76.590  -16.000 0.3000000119
4127  -20.034  -74.486  -16.529 0.3000000119
3629  -20.252  -75.378  -16.719 0.3000000119
126058  -20.492  -75.973  -16.609 0.3000000119
116874  -21.391  -76.203  -15.676 0.3000000119
2126  -20.827  -78.205  -16.113 0.3000000119
2102  -21.598  -79.760  -14.852 0.3000000119
3616  -20.743  -74.948  -16.066 0.3000000119
2577  -21.825  -78.673  -15.026 0.3000000119
122786  -21.912  -77.727  -15.095 0.3000000119
2647  -17.587  -77.475  -22.436 0.4000000060
2653  -16.078  -77.266  -23.183 0.5000000000
1487  -18.320  -80.510  -20.451 0.3000000119
18917  -14.500  -51.154  -14.174 0.3000000119
18916  -13.788  -51.051  -14.256 0.3000000119
121429  -11.256  -51.030  -11.328 0.3000000119
2651  -14.211  -77.314  -22.731 0.4000000060
1793  -12.462  -78.949  -18.960 0.4000000060
2169  -13.965  -78.453  -20.437 0.4000000060
2625  -14.985  -77.237  -20.887 0.4000000060
2635  -16.465  -76.704  -21.367 0.4000000060
2646  -16.757  -76.990  -22.380 0.4000000060
2633  -14.476  -77.373  -21.417 0.4000000060
2645  -15.749  -76.929  -22.293 0.4000000060
1457  -10.931  -79.946  -17.211 0.3000000119
2159  -13.346  -78.456  -19.221 0.4000000060
2160  -14.379  -77.935  -19.605 0.4000000060
2644  -14.801  -77.122  -22.166 0.4000000060
1794  -13.493  -79.105  -20.094 0.4000000060
2170  -14.344  -77.802  -20.706 0.4000000060
1785  -11.373  -79.463  -17.953 0.3000000119
2634  -15.339  -76.933  -21.482 0.4000000060
2626  -15.696  -76.957  -20.629 0.4000000060
1761  -11.015  -79.319  -16.682 0.3000000119
1786  -11.829  -78.973  -18.204 0.3000000119
2151  -12.443  -78.756  -18.361 0.3000000119
2620  -16.635  -77.671  -19.680 0.3000000119
2171  -18.013  -77.941  -20.463 0.3000000119
2619  -15.818  -77.346  -19.830 0.3000000119
1496  -18.540  -79.693  -21.141 0.3000000119
1806  -18.425  -78.378  -21.377 0.3000000119
109612  -17.332  -76.847  -20.871 0.3000000119
109375  -18.032  -77.493  -21.708 0.3000000119
2636  -17.470  -76.946  -21.589 0.3000000119
2056  -14.573  -77.887  -8.272 0.3000000119
2476  -15.014  -77.354  -7.597 0.3000000119
4087  -16.531  -74.143  -13.959 0.3000000119
2982  -15.213  -76.351  -6.922 0.3000000119
2988  -16.007  -76.318  -7.562 0.3000000119
121071  -16.891  -75.233  -9.156 0.3000000119
3535  -17.072  -75.163  -9.847 0.3000000119
4052  -16.708  -74.432  -10.377 0.3000000119
4067  -16.653  -74.338  -11.298 0.3000000119
4076  -16.589  -74.340  -12.337 0.3000000119
104897  -16.538  -74.052  -13.129 0.3000000119
109529  -15.646  -74.932  -7.552 0.3000000119
4023  -15.850  -74.579  -8.141 0.3000000119
4562  -15.996  -74.080  -8.795 0.3000000119
4041  -16.536  -74.442  -9.467 0.3000000119
4588  -16.555  -73.580  -10.759 0.3000000119
111332  -15.146  -77.717  -19.467 0.3000000119
123432  -15.287  -77.525  -8.332 0.3000000119
112283  -16.919  -75.756  -8.616 0.3000000119
2478  -16.337  -76.802  -7.924 0.3000000119
2477  -15.632  -76.838  -7.481 0.3000000119
2989  -16.706  -76.373  -8.160 0.3000000119
3521  -16.230  -75.510  -7.930 0.3000000119
4029  -15.549  -73.831  -8.245 0.3000000119
1167  -21.122  -82.543  -15.645 0.4000000060
1208  -18.562  -81.818  -19.408 0.3000000119
1218  -19.017  -81.728  -19.841 0.3000000119
1448  -10.927  -79.956  -16.242 0.3000000119
1449  -19.536  -81.629  -17.251 0.3000000119
1478  -20.261  -81.667  -19.401 0.4000000060
1491  -20.587  -80.919  -19.773 0.4000000060
1503  -19.305  -79.985  -21.866 0.6000000238
1774  -11.294  -79.133  -17.472 0.3000000119
1832  -18.599  -79.086  -24.712 0.6000000238
2180  -17.950  -77.300  -20.977 0.3000000119
2205  -17.607  -78.918  -24.427 0.6999999881
2212  -15.066  -78.074  -26.485 0.6000000238
2217  -14.332  -78.106  -27.760 0.6000000238
2219  -15.763  -77.832  -27.051 0.6999999881
2220  -14.134  -77.852  -28.701 0.6000000238
2576  -21.414  -77.968  -15.574 0.3000000119
2618  -15.089  -77.442  -20.154 0.4000000060
2627  -16.593  -76.977  -20.365 0.3000000119
2628  -17.429  -77.437  -20.304 0.3000000119
2643  -14.122  -77.268  -21.976 0.4000000060
2662  -19.098  -78.406  -24.928 0.5000000000
2663  -19.565  -78.319  -24.417 0.4000000060
2673  -13.427  -77.445  -27.338 0.6000000238
2677  -13.412  -77.303  -28.755 0.6000000238
2678  -14.806  -77.471  -28.597 0.6999999881
2680  -13.889  -77.293  -29.076 0.6000000238
3188  -18.741  -76.121  -23.919 0.5000000000
3197  -12.898  -76.671  -26.903 0.6000000238
3201  -12.839  -76.695  -27.889 0.6000000238
3204  -15.375  -76.622  -29.147 0.6999999881
3208  -13.539  -75.719  -29.527 0.6000000238
3210  -13.976  -75.603  -30.058 0.6000000238
3211  -14.725  -75.732  -30.298 0.6999999881
3525  -16.439  -74.929  -8.656 0.3000000119
3628  -19.509  -74.947  -17.095 0.3000000119
3630  -20.908  -75.859  -16.197 0.3000000119
3655  -21.952  -75.889  -18.574 0.3000000119
3690  -13.475  -75.039  -20.914 0.6000000238
3692  -15.243  -75.115  -21.861 0.6000000238
3728  -14.156  -75.733  -24.625 0.5000000000
3729  -15.152  -75.499  -24.685 0.5000000000
3731  -18.581  -75.414  -24.508 0.5000000000
3738  -14.260  -75.834  -25.943 0.5000000000
3754  -12.887  -76.137  -28.636 0.6000000238
3756  -18.162  -75.385  -28.385 0.5000000000
3762  -13.262  -75.705  -29.149 0.6000000238
3763  -13.766  -75.383  -28.847 0.5000000000
3768  -13.724  -75.496  -29.620 0.6000000238
3773  -15.243  -75.320  -30.407 0.6999999881
4125  -18.301  -74.130  -16.853 0.3000000119
4150  -21.985  -75.271  -18.651 0.3000000119
4171  -11.879  -74.236  -20.214 0.6999999881
4172  -12.696  -74.286  -20.239 0.6999999881
4174  -15.619  -74.087  -20.649 0.4000000060
4182  -10.435  -74.453  -20.529 0.5000000000
4204  -19.143  -74.741  -24.314 0.5000000000
4222  -17.150  -74.001  -25.452 0.6000000238
4223  -18.578  -75.028  -26.345 0.5000000000
4251  -14.282  -75.134  -29.947 0.6000000238
4252  -15.789  -74.454  -30.111 0.6000000238
4254  -17.661  -74.666  -29.855 0.5000000000
4257  -15.930  -74.922  -30.419 0.6000000238
4705  -12.566  -73.797  -20.241 0.6999999881
4720  -11.433  -73.545  -20.643 0.6999999881
4798  -16.718  -73.669  -29.135 0.6000000238
5309  -7.282  -72.177  -22.316 0.5000000000
5348  -12.301  -71.727  -25.401 0.6999999881
5360  -11.084  -71.552  -26.677 0.6999999881
5368  -8.681  -71.622  -27.496 0.6999999881
5880  -8.531  -71.088  -18.497 0.6000000238
5891  -7.952  -71.834  -20.545 0.5000000000
5902  -7.743  -72.056  -21.079 0.6000000238
5929  -7.421  -71.396  -24.062 0.6999999881
5959  -12.503  -71.359  -25.478 0.6999999881
6591  -12.101  -70.470  -24.190 0.6999999881
6615  -12.169  -70.427  -26.218 0.6999999881
6631  -12.314  -71.037  -26.196 0.6999999881
6641  -10.461  -71.010  -27.452 0.6999999881
7153  -8.879  -69.968  -16.961 0.6000000238
7233  -7.915  -69.357  -22.644 0.6000000238
7247  -8.045  -69.607  -24.675 0.6999999881
7255  -8.098  -70.043  -25.491 0.6999999881
7728  -7.791  -68.788  -15.026 0.6000000238
7730  -9.152  -68.644  -15.303 0.6000000238
7815  -10.862  -67.826  -22.443 0.5000000000
7823  -7.625  -68.381  -23.811 0.6999999881
8364  -9.657  -67.812  -14.295 0.6999999881
8371  -6.251  -67.417  -14.983 0.6999999881
8416  -8.825  -67.605  -18.836 0.5000000000
8440  -7.527  -67.175  -21.286 0.6000000238
8441  -7.933  -67.085  -20.521 0.6000000238
8451  -7.341  -67.404  -22.103 0.6000000238
8994  -9.457  -66.297  -12.755 0.6999999881
8995  -10.235  -66.296  -12.834 0.8000000119
9072  -9.456  -66.395  -18.496 0.6000000238
9073  -12.589  -66.581  -18.609 0.5000000000
9110  -7.807  -66.202  -22.539 0.6000000238
9111  -8.706  -65.928  -22.566 0.5000000000
9113  -11.251  -66.252  -22.423 0.5000000000
9673  -11.195  -65.458  -12.537 0.6000000238
9794  -12.760  -65.491  -21.023 0.6000000238
9808  -12.211  -65.486  -22.020 0.6000000238
9818  -7.731  -65.857  -22.195 0.6000000238
10316  -9.945  -64.242  -11.568 0.6999999881
10323  -8.102  -64.004  -12.541 0.8000000119
10325  -9.473  -64.931  -11.877 0.6999999881
10415  -11.656  -64.407  -17.883 0.5000000000
10416  -12.295  -64.381  -17.251 0.5000000000
10455  -13.981  -64.620  -20.493 0.5000000000
10470  -9.534  -64.355  -21.065 0.6000000238
10479  -8.779  -64.881  -22.000 0.5000000000
10481  -10.164  -64.031  -21.479 0.6000000238
10483  -13.564  -63.982  -21.859 0.6000000238
10484  -14.254  -63.796  -21.555 0.6000000238
10492  -11.862  -64.575  -22.321 0.6000000238
10973  -9.466  -63.493  -11.620 0.6999999881
11005  -7.528  -63.990  -13.184 0.8000000119
11045  -5.635  -63.696  -15.787 0.6000000238
11080  -4.482  -63.256  -17.952 0.6000000238
11097  -13.298  -63.323  -18.722 0.5000000000
11130  -12.056  -62.911  -20.511 0.6000000238
11140  -11.584  -63.402  -21.596 0.6000000238
11143  -14.469  -63.103  -21.616 0.6000000238
11151  -11.715  -63.980  -22.169 0.6000000238
11847  -5.047  -61.775  -18.600 0.6000000238
11878  -12.358  -62.662  -20.941 0.6000000238
11888  -12.818  -62.789  -21.427 0.6000000238
11892  -15.926  -62.683  -21.276 0.4000000060
12569  -3.841  -61.342  -15.026 0.5000000000
12588  -3.351  -60.973  -15.889 0.5000000000
12591  -7.618  -61.226  -15.959 0.6000000238
12623  -7.246  -60.466  -17.821 0.6999999881
12630  -3.712  -61.417  -18.358 0.6000000238
12647  -14.814  -61.687  -20.587 0.5000000000
12654  -15.135  -61.764  -21.018 0.4000000060
13316  -5.216  -60.750  -14.182 0.6000000238
13317  -5.941  -60.370  -14.226 0.6000000238
13328  -3.656  -60.506  -16.180 0.6000000238
13343  -4.182  -60.087  -16.538 0.6000000238
13352  -4.331  -60.308  -17.381 0.6999999881
13353  -5.286  -60.170  -17.872 0.6999999881
14085  -7.250  -59.447  -14.420 0.5000000000
14099  -6.137  -59.136  -16.133 0.6999999881
14112  -5.468  -59.370  -16.692 0.8000000119
14114  -10.432  -59.125  -17.156 0.6000000238
14125  -8.300  -59.330  -17.761 0.6000000238
14127  -10.449  -58.599  -17.356 0.6000000238
14809  -5.068  -58.353  -6.712 0.5000000000
14882  -4.480  -57.436  -11.816 0.6000000238
14921  -8.698  -58.726  -14.458 0.6000000238
14937  -9.734  -58.186  -16.170 0.6000000238
14949  -8.687  -58.587  -17.379 0.6000000238
14951  -10.458  -58.174  -17.248 0.5000000000
14963  -12.028  -57.440  -17.241 0.5000000000
15713  -4.581  -56.118  -12.488 0.6999999881
15742  -12.110  -57.368  -15.419 0.6000000238
15771  -11.803  -57.332  -17.149 0.5000000000
16344  -6.731  -57.207  -7.572 0.6999999881
16388  -4.783  -55.863  -12.533 0.8000000119
16389  -5.703  -55.586  -11.981 0.8000000119
16415  -6.696  -55.120  -13.278 0.6999999881
17002  -9.155  -55.277  -9.778 0.4000000060
17024  -5.524  -55.477  -12.873 0.8000000119
17034  -7.019  -54.998  -13.194 0.6000000238
17589  -9.410  -54.572  -9.683 0.4000000060
18821  -3.408  -52.439  -8.287 0.4000000060
18847  -5.175  -52.215  -9.917 0.5000000000
18915  -12.686  -51.079  -14.123 0.4000000060
19578  -5.548  -51.327  -10.287 0.5000000000
19617  -13.960  -50.890  -14.067 0.3000000119
20336  -6.445  -49.627  -10.031 0.4000000060
21127  -7.028  -49.023  -10.229 0.4000000060
21142  -7.644  -48.702  -10.513 0.3000000119
104704  -6.960  -60.249  -18.187 0.6999999881
105076  -8.434  -69.396  -20.235 0.6000000238
107078  -8.444  -70.813  -20.724 0.6000000238
107225  -13.908  -63.411  -21.703 0.6000000238
107343  -5.877  -65.948  -14.825 0.6000000238
108001  -9.557  -68.738  -16.976 0.5000000000
109048  -9.272  -58.487  -13.830 0.5000000000
109432  -17.104  -74.498  -16.834 0.3000000119
109588  -15.022  -74.611  -29.800 0.5000000000
109590  -8.610  -70.394  -27.262 0.6999999881
109817  -9.908  -59.015  -17.534 0.6000000238
110627  -13.046  -65.091  -21.313 0.6000000238
110774  -10.115  -64.317  -22.095 0.6000000238
111902  -8.531  -67.927  -19.333 0.6000000238
112304  -11.604  -63.266  -20.244 0.6000000238
112980  -5.896  -57.794  -9.157 0.6999999881
113077  -20.714  -77.689  -22.751 0.4000000060
113361  -9.083  -62.907  -11.863 0.6000000238
114210  -21.605  -76.980  -15.505 0.3000000119
114798  -16.463  -73.761  -10.028 0.3000000119
115686  -20.210  -78.311  -16.637 0.4000000060
115784  -14.111  -51.754  -14.433 0.4000000060
117750  -19.645  -80.272  -21.601 0.4000000060
120103  -6.631  -72.375  -21.995 0.5000000000
120290  -10.697  -66.974  -14.094 0.6999999881
120528  -7.707  -58.575  -16.379 0.6000000238
121323  -16.918  -81.113  -18.124 0.4000000060
121379  -7.777  -62.268  -13.799 0.6999999881
122147  -6.588  -68.989  -15.550 0.6999999881
122517  -7.289  -67.574  -22.837 0.6000000238
122638  -19.122  -79.573  -22.415 0.6000000238
122675  -14.361  -51.292  -14.345 0.3000000119
122764  -13.640  -56.329  -15.100 0.5000000000
123367  -17.863  -75.195  -29.727 0.5000000000
123801  -16.984  -79.000  -25.995 0.8000000119
124104  -7.764  -58.781  -12.802 0.6999999881
125196  -7.904  -67.671  -20.720 0.6000000238
125322  -7.835  -54.910  -12.494 0.6000000238
125500  -9.655  -67.303  -17.700 0.6000000238
125620  -8.405  -65.228  -21.033 0.5000000000
125894  -11.743  -67.295  -19.382 0.5000000000
126112  -20.615  -73.635  -21.406 0.4000000060
