#!ascii label  , from subject sub-v1s11x0050165_ses-1 vox2ras=TkReg
1082
115041  -21.830  -18.621  -13.343 0.4285714328
49381  -22.241  -16.718  -14.540 0.2857142985
48305  -21.525  -17.263  -14.212 0.4285714328
48306  -23.145  -16.942  -14.230 0.4285714328
49382  -23.806  -16.506  -14.569 0.4285714328
49403  -22.174  -16.148  -15.395 0.2857142985
111985  -23.009  -16.320  -14.847 0.4285714328
49404  -23.677  -15.971  -15.160 0.4285714328
108740  -23.049  -15.305  -16.475 0.4285714328
50486  -23.612  -15.121  -16.470 0.4285714328
51407  -23.555  -14.344  -17.406 0.4285714328
51408  -24.471  -14.166  -17.155 0.4285714328
52336  -23.637  -13.135  -18.242 0.5714285970
52320  -24.056  -13.676  -17.703 0.5714285970
52321  -24.954  -13.558  -17.423 0.4285714328
52322  -25.838  -13.575  -17.313 0.2857142985
53244  -24.601  -12.880  -17.961 0.7142857313
53245  -25.418  -13.041  -17.668 0.7142857313
53262  -26.519  -12.205  -18.053 0.7142857313
53263  -27.418  -12.195  -18.061 0.4285714328
53261  -25.499  -12.320  -18.105 0.7142857313
55116  -28.197  -11.116  -18.792 0.5714285970
54241  -25.994  -11.506  -18.518 0.5714285970
55115  -27.447  -10.925  -18.836 0.5714285970
55129  -28.076  -10.454  -19.314 0.5714285970
54260  -28.907  -11.036  -19.011 0.5714285970
54259  -26.488  -10.767  -19.022 0.5714285970
55131  -29.707  -11.017  -19.437 0.4285714328
56005  -29.150  -9.812  -19.919 0.5714285970
56021  -30.495  -9.959  -20.475 0.5714285970
124628  -27.823  -9.490  -20.374 0.7142857313
56020  -29.573  -9.584  -20.354 0.7142857313
56040  -30.788  -9.391  -21.291 0.7142857313
56022  -31.256  -9.983  -20.972 0.5714285970
56004  -28.375  -9.722  -19.941 0.5714285970
56016  -25.801  -9.926  -21.332 0.5714285970
56869  -29.085  -9.054  -20.851 0.8571428657
56041  -31.604  -9.625  -21.601 0.7142857313
56042  -32.465  -9.950  -21.971 0.5714285970
56038  -27.766  -8.964  -21.440 0.7142857313
56037  -27.105  -9.068  -21.963 0.5714285970
56903  -32.454  -8.906  -23.050 0.7142857313
56059  -32.982  -9.545  -22.689 0.5714285970
56881  -29.368  -8.635  -21.628 0.7142857313
56902  -31.561  -8.664  -22.760 0.7142857313
56917  -32.969  -8.637  -23.858 0.5714285970
56901  -30.723  -8.431  -22.579 0.7142857313
56918  -34.243  -8.756  -24.091 0.5714285970
56900  -29.739  -8.201  -22.558 0.5714285970
57786  -30.383  -7.989  -23.336 0.7142857313
56916  -31.915  -8.388  -23.574 0.7142857313
57809  -33.646  -7.852  -25.417 0.7142857313
56923  -33.578  -8.369  -24.596 0.7142857313
57807  -30.673  -7.292  -25.096 0.7142857313
57808  -31.540  -7.659  -25.163 0.7142857313
58684  -32.353  -7.589  -25.759 0.7142857313
58694  -33.911  -6.790  -26.929 0.7142857313
57815  -34.377  -7.226  -26.031 0.5714285970
57799  -28.974  -7.427  -23.715 0.5714285970
59544  -34.375  -5.983  -27.382 0.5714285970
59551  -34.796  -5.277  -27.356 0.5714285970
58683  -31.380  -7.138  -25.886 0.8571428657
114482  -34.407  -5.299  -28.066 0.7142857313
59550  -32.583  -5.697  -28.014 0.7142857313
58692  -31.189  -6.508  -26.705 0.8571428657
59543  -32.203  -6.425  -27.322 0.7142857313
61275  -32.884  -3.003  -28.810 0.8571428657
61270  -34.356  -3.986  -28.752 0.5714285970
60417  -33.264  -4.833  -28.587 0.8571428657
60416  -31.912  -4.886  -27.969 0.8571428657
59542  -31.343  -5.712  -27.352 0.8571428657
63026  -31.761  -1.609  -27.288 0.8571428657
108928  -32.153  -1.461  -28.022 0.8571428657
64546  -31.518  0.089  -28.079 0.8571428657
61269  -32.819  -3.947  -28.697 0.8571428657
63773  -31.637  -0.822  -27.186 0.8571428657
110309  -31.051  0.009  -25.785 1.0000000000
114020  -31.522  -0.186  -27.352 1.0000000000
62158  -31.918  -2.412  -27.584 0.8571428657
64531  -31.337  0.513  -27.053 1.0000000000
63762  -31.275  -0.885  -26.234 1.0000000000
65310  -30.882  1.822  -26.828 1.0000000000
66990  -30.089  3.223  -24.928 0.7142857313
64530  -31.164  1.130  -26.705 1.0000000000
113470  -30.913  1.363  -25.923 1.0000000000
66132  -30.573  2.633  -26.394 1.0000000000
119123  -29.756  5.963  -26.320 1.0000000000
69510  -29.329  6.343  -25.718 0.8571428657
70355  -28.894  7.831  -26.283 0.8571428657
70356  -29.503  7.340  -26.694 1.0000000000
72795  -29.195  10.386  -28.755 0.8571428657
71958  -28.659  9.584  -27.434 0.8571428657
71163  -28.974  8.909  -27.133 1.0000000000
73570  -28.612  11.756  -30.286 0.8571428657
73571  -29.187  11.197  -30.713 0.8571428657
74346  -28.109  12.333  -30.986 0.7142857313
73557  -26.626  11.586  -28.941 0.5714285970
74351  -26.838  13.139  -31.128 0.7142857313
109755  -27.691  12.780  -32.435 0.5714285970
74340  -26.170  12.743  -29.854 0.5714285970
73562  -26.267  12.143  -29.462 0.5714285970
74339  -25.841  12.804  -29.478 0.4285714328
75830  -26.072  14.158  -30.372 0.4285714328
75133  -25.981  14.509  -31.878 0.4285714328
75814  -25.894  14.455  -28.089 0.2857142985
117096  -26.213  15.071  -28.505 0.2857142985
75822  -26.073  14.399  -28.898 0.2857142985
76559  -26.214  15.252  -27.796 0.2857142985
56058  -32.015  -9.258  -22.316 0.5714285970
60419  -34.587  -4.747  -27.930 0.5714285970
58693  -32.950  -6.851  -27.082 0.7142857313
58697  -33.320  -6.328  -27.657 0.7142857313
60422  -33.944  -4.008  -29.170 0.8571428657
62165  -33.591  -2.680  -29.191 0.8571428657
63035  -32.733  -2.179  -28.597 0.8571428657
63784  -31.925  -0.840  -28.115 0.8571428657
67001  -30.028  3.973  -25.177 0.8571428657
123767  -26.354  16.106  -25.834 0.1428571492
49380  -21.224  -16.618  -14.972 0.2857142985
50465  -21.773  -15.744  -16.230 0.2857142985
113633  -23.007  -15.901  -15.440 0.2857142985
50467  -23.518  -15.510  -15.882 0.4285714328
50487  -24.362  -15.150  -16.148 0.4285714328
50485  -22.321  -15.316  -16.892 0.2857142985
50466  -22.637  -15.625  -16.037 0.4285714328
51394  -24.856  -14.603  -16.587 0.4285714328
53246  -26.190  -12.920  -17.673 0.4285714328
53260  -23.997  -12.464  -18.558 0.2857142985
123761  -24.679  -12.197  -18.443 0.7142857313
111774  -26.946  -11.506  -18.449 0.4285714328
54258  -25.501  -10.969  -19.174 0.5714285970
54272  -31.115  -11.691  -20.160 0.4285714328
114568  -25.870  -10.486  -19.664 0.7142857313
55127  -26.538  -10.178  -19.802 0.7142857313
55130  -29.015  -10.336  -19.515 0.7142857313
55147  -29.784  -10.208  -19.836 0.5714285970
55148  -30.522  -10.864  -19.893 0.4285714328
56039  -29.943  -9.176  -21.007 0.7142857313
56882  -30.290  -8.755  -21.810 0.7142857313
56036  -26.450  -9.499  -21.615 0.5714285970
56018  -27.306  -9.351  -20.946 0.5714285970
56924  -34.699  -8.195  -24.715 0.5714285970
56879  -27.819  -8.642  -22.157 0.5714285970
56904  -33.577  -9.192  -23.418 0.5714285970
57801  -31.132  -7.855  -24.150 0.7142857313
56915  -31.138  -8.246  -23.248 0.7142857313
57810  -34.965  -7.621  -25.218 0.5714285970
57785  -29.615  -7.801  -23.388 0.8571428657
108224  -32.169  -7.044  -26.626 0.7142857313
61276  -33.815  -3.333  -29.265 0.5714285970
61260  -31.256  -3.875  -27.356 1.0000000000
65322  -31.183  1.076  -27.470 1.0000000000
63761  -30.790  -0.632  -25.287 1.0000000000
66121  -30.416  2.613  -25.465 0.8571428657
67853  -29.539  4.456  -24.786 0.7142857313
67863  -29.834  4.727  -25.446 1.0000000000
67013  -30.213  4.089  -26.176 1.0000000000
68694  -28.957  5.907  -25.121 0.7142857313
67873  -29.991  4.959  -26.546 1.0000000000
68679  -28.466  5.398  -24.652 0.7142857313
123748  -29.539  6.691  -26.240 0.8571428657
71971  -29.035  9.967  -28.044 0.8571428657
71164  -29.345  8.553  -27.497 1.0000000000
70367  -29.597  7.775  -27.651 1.0000000000
73563  -28.185  11.734  -29.515 0.7142857313
74343  -26.118  13.389  -30.264 0.7142857313
115231  -27.195  11.988  -29.550 0.5714285970
73568  -26.762  12.658  -30.243 0.7142857313
74338  -25.464  12.354  -28.707 0.4285714328
75121  -26.327  13.788  -31.532 0.4285714328
75842  -25.849  14.866  -31.309 0.4285714328
76563  -26.294  15.995  -28.479 0.2857142985
110437  -25.953  15.050  -30.286 0.4285714328
54257  -24.663  -11.305  -19.506 0.4285714328
121072  -26.074  14.500  -29.662 0.2857142985
48286  -21.721  -17.893  -13.652 0.4285714328
110204  -22.409  -17.387  -13.887 0.4285714328
51392  -23.174  -14.917  -16.968 0.2857142985
51393  -23.997  -14.695  -16.782 0.4285714328
51406  -22.533  -14.680  -17.671 0.4285714328
52319  -23.132  -13.903  -18.020 0.4285714328
54240  -25.075  -11.621  -18.720 0.5714285970
55128  -27.189  -10.415  -19.370 0.5714285970
56003  -27.387  -9.794  -19.964 0.5714285970
55149  -31.375  -10.763  -20.569 0.5714285970
56017  -26.526  -9.751  -20.640 0.7142857313
56019  -28.237  -9.218  -20.734 0.7142857313
55146  -25.822  -10.192  -20.426 0.7142857313
57802  -32.398  -8.133  -24.666 0.7142857313
56899  -28.669  -8.310  -22.420 0.7142857313
57800  -29.973  -7.385  -24.168 0.8571428657
57814  -33.213  -7.305  -26.422 0.7142857313
60418  -34.156  -4.756  -28.642 0.8571428657
108359  -31.980  -3.191  -27.852 0.8571428657
60409  -30.648  -4.915  -27.053 0.8571428657
63015  -31.310  -1.839  -26.416 1.0000000000
65301  -30.491  1.879  -25.227 1.0000000000
66989  -29.509  3.794  -24.595 0.8571428657
72799  -28.633  11.130  -28.886 0.8571428657
73564  -28.851  11.385  -29.600 0.8571428657
73569  -27.762  12.287  -30.211 0.7142857313
74345  -27.383  12.675  -30.839 0.7142857313
74344  -26.386  13.270  -30.631 0.5714285970
73561  -25.854  12.238  -29.187 0.5714285970
75094  -25.581  13.011  -28.943 0.4285714328
105313  -25.947  13.627  -29.441 0.4285714328
75120  -26.076  13.982  -31.068 0.4285714328
75804  -25.647  14.595  -27.278 0.2857142985
76548  -26.002  15.376  -26.940 0.2857142985
119279  -26.279  16.208  -26.453 0.1428571492
53276  -24.271  -11.843  -18.974 0.2857142985
68680  -29.274  5.133  -24.864 1.0000000000
120869  -26.238  13.616  -30.855 0.5714285970
77245  -25.288  16.907  -33.060 0.2857142985
104514  -25.392  18.402  -31.564 0.1428571492
120609  -25.414  16.062  -32.559 0.2857142985
123116  -25.474  16.697  -33.542 0.2857142985
78479  -25.410  19.220  -30.984 0.1428571492
77236  -25.929  15.968  -30.136 0.1428571492
76574  -25.580  15.774  -31.716 0.2857142985
77878  -25.788  17.051  -30.084 0.1428571492
76587  -26.217  15.463  -34.500 0.2857142985
76581  -25.487  16.015  -33.217 0.2857142985
104922  -27.292  10.954  -36.653 0.2857142985
75152  -26.912  13.396  -35.771 0.2857142985
78476  -25.478  18.938  -29.778 0.1428571492
116532  -25.643  15.290  -32.423 0.2857142985
74372  -27.617  12.644  -34.205 0.2857142985
75858  -26.254  14.690  -33.970 0.2857142985
124754  -28.197  9.747  -34.797 0.1428571492
74382  -27.465  12.466  -35.136 0.2857142985
75149  -27.168  13.349  -34.771 0.2857142985
104574  -25.509  18.127  -30.494 0.1428571492
75141  -26.536  14.063  -33.466 0.2857142985
75857  -25.678  15.271  -33.092 0.2857142985
71216  -27.643  7.281  -34.960 0.1428571492
72035  -28.060  8.759  -34.702 0.1428571492
73595  -27.807  11.441  -35.045 0.4285714328
75135  -27.144  13.434  -32.951 0.2857142985
70402  -28.858  7.838  -31.336 0.2857142985
73579  -29.278  10.825  -32.237 0.4285714328
74363  -28.416  11.995  -32.864 0.2857142985
124858  -26.144  14.308  -32.137 0.2857142985
69553  -27.475  5.781  -31.997 0.1428571492
109852  -28.594  8.434  -32.814 0.2857142985
71995  -29.526  9.734  -30.668 0.5714285970
73575  -28.865  11.525  -32.108 0.7142857313
68739  -27.610  4.700  -31.614 0.1428571492
69554  -28.320  6.377  -30.918 0.1428571492
73576  -29.259  11.050  -31.560 0.7142857313
74353  -28.274  12.273  -31.859 0.4285714328
110430  -29.353  8.113  -30.236 0.4285714328
67056  -28.182  3.753  -31.350 0.2857142985
68733  -28.321  4.589  -30.531 0.7142857313
71983  -29.519  9.929  -29.615 0.7142857313
111906  -29.735  6.933  -27.504 0.8571428657
113842  -29.145  6.630  -29.645 0.8571428657
118968  -29.535  8.978  -29.593 0.5714285970
66175  -29.551  2.763  -31.408 0.2857142985
67057  -28.681  3.240  -31.426 0.2857142985
71182  -29.571  8.366  -29.206 0.7142857313
71957  -27.835  9.833  -27.194 0.5714285970
71175  -29.516  8.535  -28.207 0.8571428657
66176  -30.493  2.166  -31.417 0.1428571492
67904  -28.966  4.511  -29.611 0.7142857313
66172  -31.239  2.401  -31.289 0.1428571492
112357  -28.414  -0.676  -23.590 0.5714285970
64509  -30.570  1.081  -25.024 0.8571428657
65290  -30.099  1.608  -24.510 0.8571428657
65289  -29.484  1.361  -23.943 0.4285714328
66108  -29.510  2.168  -24.176 0.5714285970
67024  -30.106  3.135  -28.137 0.8571428657
68702  -29.900  5.574  -27.251 0.8571428657
65347  -31.815  0.693  -31.855 0.2857142985
104720  -29.713  3.894  -28.413 0.8571428657
68712  -29.730  5.234  -28.085 0.8571428657
70377  -29.572  7.614  -28.824 0.8571428657
66165  -32.894  1.546  -30.703 0.4285714328
66163  -29.296  2.388  -30.085 0.7142857313
104699  -29.141  3.808  -29.484 0.7142857313
63734  -27.657  -0.868  -23.692 0.2857142985
63748  -30.295  -0.410  -24.494 0.5714285970
63747  -29.656  -0.206  -23.878 0.5714285970
125848  -30.888  0.677  -25.580 0.8571428657
66141  -30.546  2.512  -27.436 0.8571428657
67014  -30.388  3.321  -26.880 0.8571428657
67023  -30.104  4.039  -27.318 0.8571428657
64552  -31.051  0.586  -31.034 0.4285714328
65338  -30.345  1.246  -30.414 0.8571428657
66154  -29.804  2.561  -29.117 0.8571428657
65344  -33.250  0.535  -30.974 0.4285714328
123483  -28.401  -6.206  -24.117 0.7142857313
60387  -28.053  -4.670  -23.630 0.4285714328
60408  -29.818  -4.881  -26.089 0.8571428657
61248  -29.184  -3.893  -24.455 0.5714285970
62123  -28.550  -2.332  -23.591 0.5714285970
62121  -26.860  -2.484  -23.562 0.4285714328
61259  -30.230  -4.056  -26.305 0.8571428657
62136  -29.621  -3.027  -24.598 0.5714285970
62124  -29.234  -1.696  -23.739 0.5714285970
62147  -31.296  -2.718  -26.717 0.8571428657
114287  -30.449  -1.457  -24.855 0.7142857313
63002  -29.822  -1.106  -24.061 0.5714285970
63788  -32.941  -1.358  -29.722 0.7142857313
63787  -32.205  -0.844  -29.101 0.7142857313
65334  -31.124  0.843  -28.525 0.7142857313
65333  -30.542  1.415  -29.095 0.8571428657
64551  -33.624  -0.190  -28.836 0.2857142985
63792  -33.252  -0.951  -30.637 0.4285714328
63795  -33.145  -0.585  -31.432 0.5714285970
115387  -27.864  -8.316  -22.857 0.4285714328
57797  -27.322  -7.440  -23.407 0.4285714328
59514  -26.778  -5.850  -23.112 0.4285714328
59541  -30.261  -5.770  -26.437 0.7142857313
59528  -29.532  -5.559  -25.522 0.7142857313
62146  -30.684  -3.063  -26.004 0.8571428657
63036  -33.290  -2.052  -29.112 0.7142857313
63786  -33.612  -0.887  -28.397 0.2857142985
63039  -33.282  -1.604  -29.256 0.5714285970
125956  -33.201  -1.621  -29.346 0.5714285970
56057  -27.065  -8.621  -22.786 0.4285714328
56898  -26.229  -8.734  -22.874 0.5714285970
57798  -28.083  -7.426  -23.624 0.5714285970
58670  -27.822  -6.647  -23.707 0.5714285970
58682  -30.483  -6.614  -25.821 0.7142857313
62160  -34.558  -3.308  -27.430 0.4285714328
113717  -33.969  -2.685  -28.693 0.4285714328
63774  -33.888  -0.991  -27.370 0.4285714328
63037  -33.524  -1.910  -28.637 0.4285714328
55145  -25.185  -10.395  -21.153 0.5714285970
56043  -33.533  -10.263  -22.465 0.4285714328
56067  -35.033  -9.224  -23.638 0.4285714328
60399  -35.438  -4.894  -25.256 0.4285714328
58695  -34.978  -6.416  -26.163 0.4285714328
61249  -35.172  -3.703  -24.935 0.4285714328
61271  -34.728  -4.118  -27.450 0.4285714328
51395  -25.685  -14.608  -16.492 0.1428571492
56925  -35.717  -7.871  -24.421 0.4285714328
58685  -35.614  -6.470  -24.883 0.4285714328
59517  -35.573  -5.488  -24.372 0.4285714328
52323  -26.804  -13.574  -17.314 0.1428571492
123872  -27.520  -13.337  -17.528 0.1428571492
54244  -29.529  -11.873  -18.968 0.2857142985
54283  -34.798  -11.671  -22.234 0.2857142985
124012  -36.436  -9.816  -21.819 0.2857142985
55174  -36.202  -10.346  -22.620 0.2857142985
55150  -32.170  -11.014  -21.091 0.4285714328
57770  -36.234  -8.392  -22.481 0.2857142985
56061  -35.900  -9.847  -23.235 0.2857142985
57788  -36.391  -7.886  -23.155 0.2857142985
56920  -36.342  -8.065  -23.551 0.4285714328
117862  -27.112  -14.199  -16.877 0.1428571492
51409  -25.356  -14.107  -16.960 0.1428571492
52337  -28.601  -13.035  -18.070 0.2857142985
52351  -31.149  -13.272  -20.548 0.2857142985
117868  -32.557  -12.523  -21.325 0.2857142985
117342  -33.326  -12.161  -21.643 0.2857142985
51411  -27.679  -13.902  -17.212 0.1428571492
51427  -29.715  -14.263  -19.417 0.2857142985
52325  -28.911  -13.890  -18.071 0.2857142985
52345  -29.779  -13.420  -19.210 0.2857142985
52338  -29.250  -13.215  -18.506 0.2857142985
121311  -27.865  -12.840  -17.801 0.2857142985
52346  -30.389  -13.310  -19.909 0.2857142985
50488  -25.259  -15.048  -16.089 0.1428571492
125442  -26.240  -14.657  -16.439 0.1428571492
47295  -21.167  -18.377  -13.570 0.2857142985
109988  -25.018  -15.820  -15.186 0.2857142985
46340  -22.607  -18.954  -13.012 0.1428571492
104689  -21.041  -19.099  -13.315 0.2857142985
108494  -20.686  -19.773  -13.120 0.1428571492
52324  -28.202  -13.514  -17.622 0.1428571492
109683  -29.449  -13.892  -18.727 0.2857142985
116025  -34.218  -12.294  -21.965 0.2857142985
53285  -31.578  -12.512  -20.631 0.2857142985
55163  -35.482  -11.047  -22.462 0.2857142985
56905  -36.474  -8.699  -22.964 0.2857142985
58659  -35.837  -6.883  -23.306 0.2857142985
59516  -28.523  -5.492  -24.247 0.7142857313
124458  -35.761  -6.305  -24.017 0.4285714328
118816  -29.812  -2.030  -24.317 0.5714285970
59545  -35.188  -5.530  -26.421 0.4285714328
62159  -34.293  -3.249  -28.851 0.4285714328
63027  -34.055  -1.795  -27.450 0.2857142985
113651  -33.804  -0.214  -27.232 0.2857142985
63789  -33.385  -1.096  -29.592 0.5714285970
71152  -28.629  8.522  -26.572 0.7142857313
64553  -31.724  -0.112  -30.547 0.7142857313
69522  -29.813  6.467  -26.942 0.8571428657
73558  -27.645  11.439  -28.866 0.4285714328
72793  -27.976  10.859  -28.250 0.5714285970
113691  -33.491  0.317  -30.170 0.2857142985
122810  -29.748  6.047  -28.039 0.8571428657
71972  -29.434  9.408  -28.665 0.8571428657
67040  -28.240  3.488  -30.941 0.5714285970
70392  -28.757  7.264  -30.847 0.4285714328
71198  -28.771  8.320  -32.127 0.4285714328
123393  -25.644  18.514  -29.118 0.1428571492
72820  -28.135  10.484  -34.930 0.2857142985
72029  -28.385  8.924  -33.871 0.1428571492
75864  -26.374  14.908  -35.050 0.2857142985
112161  -23.336  -18.403  -13.206 0.1428571492
48285  -20.903  -17.831  -13.915 0.2857142985
48288  -24.104  -17.182  -13.990 0.1428571492
113613  -24.916  -15.414  -15.686 0.1428571492
50468  -24.321  -15.643  -15.477 0.2857142985
51397  -27.907  -14.637  -16.685 0.1428571492
51413  -29.116  -14.697  -17.703 0.1428571492
54243  -28.695  -11.700  -18.552 0.2857142985
53277  -29.579  -12.690  -18.845 0.2857142985
53284  -30.808  -12.550  -19.961 0.2857142985
53294  -33.582  -12.875  -21.831 0.2857142985
54261  -30.327  -11.767  -19.577 0.2857142985
109810  -35.113  -12.273  -21.992 0.2857142985
54273  -31.924  -11.690  -20.812 0.2857142985
119690  -26.434  -6.441  -22.986 0.2857142985
57787  -35.746  -7.517  -22.518 0.2857142985
59492  -34.885  -6.077  -22.714 0.2857142985
58680  -29.087  -6.183  -24.776 0.5714285970
61236  -27.222  -3.261  -23.362 0.4285714328
59506  -35.271  -5.655  -23.404 0.4285714328
63745  -26.936  -0.713  -23.980 0.2857142985
62988  -27.605  -1.816  -23.610 0.5714285970
57816  -35.228  -6.993  -25.446 0.4285714328
60398  -29.687  -3.999  -25.321 0.7142857313
63735  -27.999  -0.141  -23.663 0.2857142985
106714  -34.799  -2.729  -25.148 0.4285714328
63005  -34.552  -2.022  -25.341 0.1428571492
65321  -30.772  1.689  -27.917 0.8571428657
63763  -34.160  -1.000  -26.277 0.1428571492
63038  -33.230  -1.335  -29.839 0.5714285970
111105  -33.571  0.563  -29.170 0.2857142985
63794  -32.792  -0.307  -31.819 0.5714285970
65337  -29.636  1.802  -30.715 0.7142857313
104264  -29.586  6.835  -28.475 0.8571428657
119368  -32.504  2.380  -30.420 0.2857142985
67052  -31.903  2.844  -30.656 0.1428571492
76567  -26.146  15.329  -29.316 0.2857142985
65341  -29.673  1.943  -31.175 0.4285714328
66173  -32.145  1.683  -31.360 0.4285714328
67058  -30.342  3.077  -31.381 0.1428571492
104892  -29.274  3.549  -31.585 0.1428571492
67912  -27.964  4.032  -31.182 0.1428571492
115386  -27.252  5.158  -32.379 0.1428571492
68748  -27.511  4.669  -32.297 0.1428571492
70391  -27.965  6.592  -31.820 0.1428571492
73585  -28.672  11.114  -33.635 0.2857142985
72815  -28.882  10.064  -33.412 0.2857142985
71202  -27.911  7.283  -33.149 0.1428571492
71217  -27.747  7.446  -34.397 0.1428571492
118830  -27.288  9.837  -36.947 0.1428571492
72039  -27.478  8.843  -36.173 0.1428571492
48289  -24.877  -17.679  -13.705 0.1428571492
121760  -26.866  -15.339  -15.843 0.1428571492
54284  -35.900  -11.591  -21.979 0.2857142985
64547  -33.682  0.341  -27.659 0.2857142985
71226  -27.492  7.560  -35.747 0.1428571492
121866  -26.574  10.852  -38.266 0.2857142985
48287  -22.533  -18.114  -13.401 0.2857142985
109790  -23.272  -17.641  -13.642 0.1428571492
124890  -24.488  -16.625  -14.431 0.1428571492
49405  -24.405  -16.132  -14.889 0.1428571492
51410  -26.275  -14.202  -16.829 0.1428571492
53247  -27.051  -12.842  -17.724 0.2857142985
54242  -27.836  -11.594  -18.428 0.4285714328
53248  -28.285  -12.283  -18.163 0.2857142985
55160  -31.942  -10.348  -21.288 0.4285714328
58672  -29.265  -6.909  -24.395 0.5714285970
56914  -28.341  -7.945  -23.240 0.4285714328
60410  -35.075  -4.533  -26.509 0.4285714328
58681  -29.802  -6.785  -25.058 0.7142857313
64550  -31.590  -0.076  -29.299 0.7142857313
120297  -30.653  0.238  -25.008 0.8571428657
63014  -30.834  -2.148  -25.699 0.8571428657
116488  -30.940  -1.376  -25.636 0.8571428657
67002  -30.339  3.326  -25.806 0.8571428657
72794  -28.660  10.536  -28.311 0.5714285970
72804  -29.430  10.648  -30.217 0.7142857313
75122  -26.954  13.369  -32.014 0.2857142985
74362  -27.723  12.710  -33.344 0.2857142985
75851  -25.947  14.757  -32.554 0.2857142985
55126  -25.101  -10.693  -20.150 0.5714285970
67886  -29.875  4.710  -27.708 0.8571428657
76571  -25.766  15.594  -30.890 0.2857142985
75134  -26.372  14.084  -32.534 0.2857142985
77884  -25.320  17.749  -32.318 0.1428571492
77242  -25.374  16.675  -31.958 0.2857142985
76586  -25.884  15.785  -33.820 0.2857142985
77881  -25.469  17.375  -31.196 0.1428571492
77239  -25.638  16.395  -30.984 0.1428571492
122149  -25.950  15.191  -33.565 0.2857142985
73603  -27.411  11.765  -35.890 0.2857142985
75151  -26.594  14.165  -35.464 0.2857142985
105157  -25.693  17.968  -29.496 0.1428571492
74383  -27.894  11.965  -34.501 0.2857142985
74373  -28.211  12.011  -33.836 0.2857142985
75852  -26.065  14.751  -33.147 0.2857142985
75148  -26.641  14.029  -34.417 0.2857142985
72040  -27.858  9.558  -35.375 0.1428571492
75142  -27.211  13.392  -33.843 0.2857142985
72034  -27.587  8.301  -35.350 0.1428571492
72829  -27.702  10.710  -35.633 0.1428571492
70401  -27.853  6.895  -32.555 0.1428571492
72808  -29.452  10.426  -31.091 0.5714285970
72812  -29.226  10.118  -32.661 0.4285714328
109961  -29.065  10.998  -32.867 0.5714285970
69562  -27.278  5.737  -32.821 0.1428571492
116163  -27.598  5.452  -31.587 0.1428571492
72019  -28.754  9.167  -33.068 0.2857142985
71208  -28.189  7.921  -33.547 0.2857142985
72020  -29.144  9.299  -32.362 0.4285714328
71190  -29.442  8.911  -30.437 0.5714285970
69548  -28.431  5.531  -30.504 0.4285714328
67903  -28.453  3.836  -30.416 0.5714285970
109367  -28.900  5.165  -29.727 0.7142857313
69538  -29.327  5.932  -29.210 0.7142857313
66171  -29.013  2.392  -30.880 0.5714285970
65346  -30.712  1.426  -31.433 0.4285714328
67897  -29.511  4.569  -28.667 0.8571428657
64508  -30.096  0.626  -24.284 0.5714285970
66098  -28.798  1.873  -23.686 0.4285714328
64499  -29.270  0.580  -23.733 0.4285714328
66155  -30.296  2.236  -28.503 0.8571428657
66164  -29.952  1.920  -29.679 0.8571428657
65342  -30.401  1.283  -31.138 0.4285714328
65348  -32.183  0.823  -31.881 0.5714285970
121276  -28.728  3.053  -30.395 0.8571428657
65339  -31.053  0.647  -29.814 0.7142857313
58669  -27.040  -6.661  -23.351 0.5714285970
120511  -27.906  -5.730  -23.763 0.4285714328
59527  -29.049  -5.368  -24.808 0.7142857313
60396  -28.801  -4.680  -24.304 0.7142857313
104148  -27.868  -3.631  -23.458 0.4285714328
61237  -28.972  -3.115  -23.928 0.5714285970
62122  -27.746  -2.763  -23.482 0.4285714328
62137  -30.082  -3.316  -25.425 0.7142857313
63003  -30.277  -2.498  -25.082 0.8571428657
63791  -33.126  -1.047  -30.503 0.5714285970
63793  -32.623  -0.633  -31.137 0.7142857313
56913  -27.572  -8.053  -23.289 0.5714285970
56912  -26.805  -8.143  -23.176 0.5714285970
105318  -34.323  -2.550  -27.435 0.4285714328
55173  -34.983  -10.457  -22.827 0.2857142985
56068  -36.271  -8.973  -23.349 0.4285714328
59530  -35.488  -5.779  -25.459 0.4285714328
61261  -34.870  -3.485  -26.209 0.4285714328
56926  -36.139  -7.546  -24.012 0.4285714328
53264  -29.060  -12.448  -18.453 0.2857142985
53278  -30.088  -12.609  -19.381 0.2857142985
55162  -34.132  -10.982  -22.341 0.2857142985
54282  -33.631  -11.568  -21.885 0.2857142985
56062  -36.404  -9.565  -22.789 0.2857142985
55161  -32.891  -10.792  -21.735 0.2857142985
54274  -32.714  -11.612  -21.394 0.2857142985
57803  -36.233  -7.541  -23.606 0.4285714328
51396  -26.883  -14.754  -16.375 0.1428571492
52352  -31.980  -13.257  -21.231 0.2857142985
51412  -28.440  -14.256  -17.362 0.1428571492
51428  -29.920  -13.959  -19.965 0.2857142985
119192  -21.828  -19.234  -13.083 0.1428571492
120345  -23.408  -19.047  -12.877 0.1428571492
63016  -34.379  -1.819  -26.218 0.2857142985
48307  -25.005  -16.976  -14.128 0.1428571492
77875  -26.035  17.200  -29.053 0.1428571492
71150  -26.993  8.681  -26.181 0.5714285970
70340  -27.260  7.430  -25.581 0.4285714328
71134  -26.688  7.987  -25.804 0.4285714328
71151  -27.861  8.693  -26.326 0.5714285970
69508  -27.738  6.784  -25.342 0.4285714328
71135  -27.554  8.105  -25.886 0.5714285970
71942  -28.272  9.188  -26.833 0.4285714328
67851  -27.664  4.900  -24.416 0.4285714328
69493  -28.141  6.114  -25.010 0.4285714328
68678  -26.885  5.419  -24.829 0.4285714328
69492  -27.266  6.153  -25.080 0.5714285970
69509  -28.642  6.648  -25.439 0.5714285970
70341  -28.259  7.475  -25.737 0.5714285970
108146  -29.519  2.972  -24.416 0.5714285970
56023  -35.542  -9.795  -20.586 0.1428571492
56884  -35.736  -8.722  -21.590 0.1428571492
57769  -35.298  -7.919  -21.756 0.1428571492
52335  -22.707  -13.284  -18.618 0.2857142985
55164  -36.269  -10.857  -22.142 0.1428571492
55132  -34.236  -10.224  -19.072 0.1428571492
55134  -35.871  -10.735  -20.456 0.1428571492
55995  -33.547  -9.529  -18.733 0.1428571492
56860  -34.557  -9.337  -20.025 0.1428571492
56844  -33.214  -8.669  -18.772 0.1428571492
51419  -22.232  -14.118  -18.336 0.2857142985
53295  -34.515  -13.043  -21.933 0.1428571492
53286  -35.575  -13.158  -20.680 0.1428571492
53297  -35.787  -12.170  -21.580 0.1428571492
54262  -35.671  -11.423  -19.969 0.1428571492
55110  -33.358  -10.766  -17.894 0.1428571492
55133  -35.037  -10.850  -19.521 0.1428571492
56777  -32.538  -8.332  -15.559 0.1428571492
55974  -32.701  -8.980  -17.387 0.1428571492
56794  -32.518  -8.419  -16.529 0.1428571492
121430  -21.504  -14.217  -18.539 0.2857142985
50522  -30.998  -14.724  -21.489 0.1428571492
51448  -32.051  -14.587  -21.904 0.1428571492
51449  -33.092  -14.305  -22.191 0.1428571492
51437  -31.467  -13.949  -21.313 0.1428571492
52362  -33.796  -13.669  -22.113 0.1428571492
115503  -35.151  -13.144  -19.598 0.1428571492
51451  -34.702  -14.613  -21.735 0.1428571492
54245  -34.303  -11.763  -18.672 0.1428571492
54230  -33.616  -11.595  -18.076 0.1428571492
55098  -32.548  -10.265  -16.551 0.1428571492
55060  -32.412  -9.573  -15.126 0.1428571492
55951  -32.521  -9.413  -16.535 0.1428571492
50500  -21.688  -15.136  -17.584 0.2857142985
50484  -21.290  -15.485  -17.017 0.2857142985
51435  -29.868  -14.748  -20.374 0.1428571492
50521  -30.437  -15.467  -21.560 0.1428571492
121900  -32.758  -15.070  -22.131 0.1428571492
51429  -34.948  -14.698  -19.850 0.1428571492
112461  -33.830  -15.120  -22.060 0.1428571492
109307  -33.647  -13.099  -17.906 0.1428571492
117060  -32.619  -10.975  -16.645 0.1428571492
53250  -33.298  -12.301  -17.555 0.1428571492
56766  -32.675  -8.397  -14.710 0.1428571492
124230  -32.496  -8.920  -15.142 0.1428571492
51420  -29.509  -14.601  -18.597 0.1428571492
122161  -29.704  -15.448  -20.452 0.1428571492
50531  -30.902  -16.302  -21.853 0.1428571492
49445  -29.781  -16.136  -21.526 0.1428571492
50523  -34.581  -16.097  -20.758 0.1428571492
50532  -31.754  -15.496  -21.931 0.1428571492
50508  -34.747  -15.281  -19.551 0.1428571492
50533  -34.127  -16.076  -21.564 0.1428571492
52339  -34.056  -13.897  -18.317 0.1428571492
126072  -32.450  -11.549  -15.675 0.1428571492
52326  -32.934  -13.091  -17.034 0.1428571492
105881  -32.425  -9.921  -14.361 0.1428571492
104439  -32.375  -10.396  -15.091 0.1428571492
49441  -29.735  -15.937  -19.843 0.1428571492
49454  -30.071  -16.890  -21.763 0.1428571492
49444  -29.391  -16.756  -21.330 0.1428571492
115404  -29.477  -16.066  -20.953 0.1428571492
49455  -32.314  -16.552  -21.896 0.1428571492
50520  -29.770  -15.444  -21.071 0.1428571492
119117  -34.431  -16.243  -19.140 0.1428571492
110933  -34.279  -16.722  -19.984 0.1428571492
51414  -33.789  -14.669  -17.901 0.1428571492
50507  -34.510  -15.598  -18.950 0.1428571492
54222  -32.565  -11.739  -16.289 0.1428571492
48363  -29.588  -17.408  -21.419 0.1428571492
106405  -29.345  -16.757  -20.607 0.1428571492
47374  -32.480  -18.152  -21.609 0.1428571492
47373  -31.471  -18.283  -21.667 0.1428571492
122396  -33.316  -17.993  -21.278 0.1428571492
123698  -32.703  -13.390  -16.414 0.1428571492
50503  -33.619  -15.553  -17.544 0.1428571492
48365  -31.514  -17.339  -21.881 0.1428571492
49456  -33.467  -16.737  -21.610 0.1428571492
50524  -34.715  -15.405  -21.330 0.1428571492
51438  -32.285  -13.913  -21.794 0.1428571492
55891  -32.640  -9.409  -13.658 0.1428571492
56767  -33.120  -7.769  -14.162 0.1428571492
55078  -32.407  -9.933  -15.834 0.1428571492
55117  -34.186  -10.995  -18.669 0.1428571492
116339  -32.686  -9.810  -17.111 0.1428571492
55151  -36.291  -10.992  -21.450 0.1428571492
57759  -34.652  -8.229  -20.961 0.1428571492
53239  -32.604  -12.789  -16.187 0.1428571492
54195  -32.398  -11.348  -15.048 0.1428571492
56755  -32.848  -8.593  -13.864 0.1428571492
57648  -33.896  -7.151  -13.579 0.1428571492
111649  -27.849  3.936  -24.223 0.4285714328
57660  -32.803  -7.631  -15.078 0.1428571492
55930  -32.447  -9.105  -15.798 0.1428571492
56817  -32.650  -8.022  -17.420 0.1428571492
57681  -32.651  -7.504  -16.072 0.1428571492
57768  -34.240  -7.463  -21.197 0.1428571492
58649  -34.893  -6.728  -22.318 0.1428571492
71941  -27.386  9.323  -26.633 0.4285714328
72787  -27.388  10.449  -27.686 0.4285714328
72061  -26.642  9.785  -39.404 0.1428571492
73613  -26.660  11.464  -37.752 0.1428571492
56872  -36.060  -9.495  -21.394 0.1428571492
51436  -30.492  -14.082  -20.691 0.1428571492
50512  -29.742  -15.051  -19.617 0.1428571492
60373  -34.741  -4.779  -23.197 0.1428571492
60388  -35.219  -4.447  -23.971 0.1428571492
54275  -36.155  -11.734  -21.266 0.1428571492
56024  -36.304  -10.184  -21.313 0.1428571492
56006  -34.917  -10.078  -19.805 0.1428571492
124469  -34.168  -9.622  -19.411 0.1428571492
109952  -33.634  -10.273  -18.441 0.1428571492
54263  -36.099  -11.604  -20.675 0.1428571492
55994  -33.052  -9.068  -18.155 0.1428571492
56870  -34.092  -8.574  -20.194 0.1428571492
57751  -33.341  -8.094  -19.492 0.1428571492
52363  -34.578  -13.847  -21.955 0.1428571492
116529  -35.161  -13.396  -21.612 0.1428571492
53287  -36.011  -12.292  -20.892 0.1428571492
53279  -35.654  -12.239  -19.984 0.1428571492
55975  -33.088  -9.843  -17.835 0.1428571492
55109  -32.812  -10.514  -17.217 0.1428571492
53266  -34.766  -12.366  -19.082 0.1428571492
115838  -30.196  -14.879  -21.098 0.1428571492
51439  -35.133  -14.737  -20.884 0.1428571492
53265  -33.956  -12.363  -18.351 0.1428571492
116487  -34.403  -13.126  -18.711 0.1428571492
54229  -32.927  -11.449  -17.231 0.1428571492
112773  -33.070  -15.866  -21.898 0.1428571492
52340  -34.739  -13.934  -19.217 0.1428571492
50514  -34.903  -15.406  -20.412 0.1428571492
52327  -33.394  -13.877  -17.468 0.1428571492
53249  -32.801  -12.276  -16.861 0.1428571492
50506  -29.766  -15.351  -18.920 0.1428571492
50513  -34.655  -15.926  -19.815 0.1428571492
49446  -34.138  -16.826  -21.080 0.1428571492
48364  -30.543  -17.626  -21.717 0.1428571492
48366  -32.877  -17.414  -21.689 0.1428571492
104118  -34.151  -16.005  -18.370 0.1428571492
52311  -32.855  -13.898  -16.664 0.1428571492
45517  -19.386  -20.131  -13.196 0.1428571492
46337  -18.921  -19.457  -13.598 0.1428571492
47293  -19.398  -18.722  -13.851 0.1428571492
47294  -20.329  -18.478  -13.713 0.1428571492
48304  -20.599  -17.261  -14.471 0.1428571492
49379  -20.153  -16.741  -15.034 0.1428571492
49402  -20.525  -16.266  -15.654 0.1428571492
49378  -19.354  -16.829  -15.071 0.1428571492
50464  -19.978  -15.816  -16.184 0.1428571492
49421  -20.885  -15.864  -16.341 0.1428571492
51390  -19.689  -14.934  -17.340 0.1428571492
51418  -20.863  -14.449  -18.432 0.1428571492
123311  -21.118  -13.925  -18.756 0.2857142985
52334  -21.797  -13.649  -18.803 0.1428571492
53259  -23.322  -12.713  -18.731 0.1428571492
53258  -21.086  -13.229  -19.080 0.2857142985
53275  -23.516  -12.202  -19.192 0.2857142985
106381  -25.067  -9.913  -22.291 0.4285714328
56056  -26.327  -9.189  -22.415 0.4285714328
66977  -28.766  2.645  -23.943 0.2857142985
66986  -26.997  3.366  -24.378 0.2857142985
66988  -28.757  3.494  -24.201 0.2857142985
69521  -25.257  6.850  -26.077 0.2857142985
70338  -25.807  7.613  -25.940 0.2857142985
71149  -26.089  8.495  -26.195 0.2857142985
51405  -21.577  -14.702  -18.146 0.1428571492
53257  -20.217  -12.880  -18.791 0.1428571492
52344  -21.996  -12.994  -19.180 0.2857142985
48303  -19.662  -17.298  -14.625 0.1428571492
49401  -19.523  -16.312  -15.568 0.1428571492
50482  -19.386  -15.348  -16.648 0.1428571492
52318  -19.909  -14.313  -18.002 0.1428571492
52333  -20.470  -13.730  -18.581 0.1428571492
53272  -20.760  -12.418  -19.332 0.2857142985
53274  -22.773  -12.614  -19.238 0.2857142985
53273  -21.459  -12.590  -19.457 0.2857142985
112890  -22.126  -12.417  -19.759 0.2857142985
54255  -22.935  -12.013  -19.988 0.2857142985
54256  -23.848  -11.663  -19.771 0.2857142985
55144  -24.265  -11.221  -20.471 0.4285714328
105951  -24.001  -11.034  -21.252 0.4285714328
56034  -24.313  -9.917  -22.031 0.2857142985
65278  -28.695  1.185  -23.673 0.2857142985
66107  -27.189  2.492  -24.217 0.2857142985
66987  -27.902  3.026  -24.053 0.2857142985
66985  -26.227  3.189  -24.868 0.2857142985
103982  -27.032  4.291  -24.474 0.2857142985
68692  -25.490  5.968  -25.692 0.2857142985
68701  -23.948  5.894  -26.554 0.2857142985
120300  -27.952  2.096  -23.710 0.2857142985
66106  -26.594  2.676  -24.580 0.2857142985
65287  -26.418  1.415  -24.604 0.2857142985
67849  -25.718  3.942  -25.189 0.2857142985
112475  -25.501  4.957  -25.425 0.2857142985
67850  -26.350  4.696  -24.901 0.2857142985
68691  -24.634  5.328  -26.047 0.2857142985
68693  -26.410  6.084  -25.317 0.2857142985
67000  -25.675  3.048  -25.292 0.2857142985
66999  -25.052  3.421  -25.569 0.2857142985
67862  -24.859  4.334  -25.672 0.2857142985
55159  -24.583  -10.402  -21.699 0.4285714328
108308  -25.712  -9.710  -22.132 0.4285714328
121706  -21.320  -16.141  -15.738 0.1428571492
47310  -20.044  -17.815  -14.120 0.1428571492
69506  -26.012  6.775  -25.629 0.2857142985
125836  -26.112  5.428  -25.247 0.2857142985
51391  -20.739  -15.063  -17.780 0.1428571492
50483  -20.336  -15.443  -16.907 0.1428571492
46338  -20.003  -19.417  -13.449 0.1428571492
55158  -23.778  -10.506  -21.590 0.4285714328
69520  -24.654  6.288  -26.288 0.2857142985
54271  -23.487  -11.432  -20.615 0.4285714328
56897  -25.408  -8.505  -22.660 0.2857142985
56055  -25.607  -9.309  -22.557 0.2857142985
57783  -26.477  -7.341  -23.097 0.2857142985
75870  -27.174  14.951  -37.742 0.1428571492
75160  -26.856  14.113  -38.839 0.1428571492
75157  -26.526  14.362  -37.660 0.1428571492
74392  -26.470  13.513  -38.133 0.1428571492
73612  -26.387  12.548  -38.581 0.1428571492
75871  -27.725  15.149  -37.225 0.1428571492
75155  -26.490  14.368  -36.594 0.1428571492
76589  -26.259  16.366  -35.013 0.1428571492
77888  -25.999  18.747  -35.010 0.1428571492
57782  -25.627  -7.540  -22.704 0.2857142985
72842  -26.187  11.733  -39.083 0.1428571492
74399  -26.586  13.085  -40.377 0.1428571492
73609  -26.796  12.333  -37.075 0.1428571492
74389  -27.132  12.691  -36.098 0.1428571492
76592  -26.993  15.787  -36.680 0.1428571492
77891  -26.165  17.925  -35.190 0.1428571492
104869  -25.667  17.528  -34.090 0.1428571492
77886  -25.571  18.431  -33.647 0.1428571492
77248  -25.833  16.751  -34.311 0.1428571492
74393  -26.584  13.493  -36.887 0.1428571492
75872  -26.743  14.778  -37.888 0.1428571492
76596  -27.348  15.456  -36.948 0.1428571492
75159  -26.666  14.124  -38.623 0.1428571492
75867  -26.516  15.162  -36.231 0.1428571492
75869  -26.678  15.025  -37.190 0.1428571492
76593  -27.527  16.330  -36.334 0.1428571492
76590  -26.584  15.985  -35.808 0.1428571492
74398  -26.296  13.053  -40.180 0.1428571492
65300  -25.221  1.663  -25.463 0.1428571492
66105  -25.976  2.226  -25.020 0.1428571492
66120  -25.188  2.541  -25.517 0.1428571492
67872  -24.077  4.538  -26.210 0.1428571492
67896  -20.921  4.777  -28.517 0.1428571492
67883  -21.504  5.041  -28.119 0.1428571492
65277  -27.825  1.158  -23.791 0.1428571492
108949  -23.834  5.223  -26.449 0.1428571492
68709  -21.631  6.347  -27.929 0.1428571492
117064  -21.923  6.973  -27.692 0.1428571492
70365  -21.314  7.694  -27.916 0.2857142985
60386  -27.120  -4.134  -23.170 0.2857142985
115365  -26.221  -4.004  -23.033 0.1428571492
63744  -25.742  -0.667  -24.612 0.1428571492
63746  -27.224  -0.129  -23.902 0.1428571492
65286  -25.749  1.215  -25.078 0.1428571492
65340  -33.348  1.362  -29.662 0.1428571492
70353  -24.162  7.575  -26.635 0.1428571492
70352  -23.342  7.549  -27.080 0.1428571492
112731  -22.895  8.187  -27.347 0.2857142985
71162  -24.169  9.080  -26.880 0.2857142985
73554  -24.186  11.608  -27.668 0.2857142985
73551  -23.432  11.504  -27.394 0.2857142985
74335  -24.727  12.399  -27.898 0.2857142985
77232  -26.134  16.375  -29.303 0.1428571492
75792  -25.436  14.709  -26.495 0.1428571492
71940  -26.404  9.288  -26.553 0.2857142985
71147  -23.693  8.289  -26.937 0.2857142985
71955  -25.787  9.946  -27.007 0.2857142985
72792  -26.983  11.003  -28.337 0.2857142985
72785  -25.178  10.595  -27.621 0.2857142985
73552  -23.729  10.967  -27.566 0.2857142985
73556  -25.864  11.708  -28.866 0.2857142985
72790  -24.546  11.071  -27.879 0.2857142985
75082  -25.548  13.626  -28.469 0.1428571492
74330  -22.590  12.654  -26.927 0.2857142985
110449  -21.946  11.167  -27.253 0.1428571492
121196  -21.307  10.545  -27.417 0.1428571492
74334  -23.600  12.297  -27.283 0.2857142985
75070  -24.903  13.242  -27.897 0.1428571492
74332  -24.135  13.034  -27.427 0.2857142985
75071  -25.222  13.946  -27.665 0.1428571492
75069  -23.673  13.495  -26.890 0.1428571492
69535  -19.880  6.903  -28.669 0.2857142985
75068  -22.597  13.283  -26.621 0.1428571492
75791  -24.698  14.226  -25.997 0.1428571492
75063  -22.742  13.708  -26.219 0.1428571492
119523  -18.379  4.781  -25.835 0.1428571492
66166  -32.984  2.390  -29.662 0.1428571492
64532  -33.751  0.513  -26.694 0.1428571492
63001  -26.403  -1.136  -24.178 0.1428571492
64518  -25.497  0.462  -25.153 0.1428571492
66156  -33.323  2.443  -28.644 0.1428571492
113391  -25.201  0.944  -25.442 0.1428571492
66130  -23.298  2.036  -26.883 0.1428571492
121234  -22.766  2.799  -27.207 0.1428571492
121824  -23.970  3.195  -26.252 0.1428571492
67021  -21.676  4.170  -27.948 0.1428571492
68711  -23.339  5.575  -26.827 0.1428571492
68724  -20.099  6.110  -28.762 0.1428571492
69519  -23.842  6.769  -26.709 0.1428571492
70364  -20.468  7.664  -28.437 0.2857142985
71161  -23.054  9.005  -27.372 0.1428571492
71953  -23.730  9.764  -27.276 0.1428571492
72783  -23.262  10.369  -27.475 0.1428571492
72784  -24.177  10.434  -27.457 0.1428571492
75062  -21.875  13.753  -26.229 0.1428571492
74328  -21.859  13.078  -26.626 0.2857142985
75803  -24.685  14.090  -26.890 0.1428571492
65335  -33.617  0.717  -28.276 0.1428571492
117458  -33.532  1.462  -28.453 0.1428571492
118192  -26.045  11.152  -28.463 0.2857142985
110658  -25.534  11.835  -28.655 0.2857142985
73555  -25.000  11.696  -28.177 0.2857142985
75081  -25.222  12.895  -28.413 0.2857142985
109969  -26.284  16.231  -27.505 0.1428571492
71956  -26.852  9.960  -27.062 0.2857142985
62987  -26.826  -1.707  -23.783 0.1428571492
64497  -27.631  0.421  -23.822 0.1428571492
115254  -33.906  -0.123  -26.288 0.1428571492
115929  -24.588  6.988  -26.420 0.1428571492
110229  -25.344  8.211  -26.302 0.1428571492
71148  -24.593  8.311  -26.554 0.1428571492
109498  -24.508  2.901  -25.874 0.1428571492
112326  -23.573  3.839  -26.440 0.1428571492
65309  -23.995  1.575  -26.357 0.1428571492
65299  -24.556  1.085  -25.843 0.1428571492
67885  -23.184  4.751  -26.744 0.1428571492
67884  -22.245  4.808  -27.402 0.1428571492
115827  -20.924  5.907  -28.497 0.1428571492
123046  -23.023  5.858  -27.165 0.1428571492
64507  -26.126  0.601  -24.684 0.1428571492
69537  -21.052  6.958  -28.356 0.1428571492
69528  -22.492  6.190  -27.406 0.1428571492
113032  -22.925  6.881  -27.277 0.1428571492
122292  -25.790  -0.013  -24.793 0.1428571492
71160  -21.904  8.455  -27.621 0.2857142985
71954  -24.721  9.852  -27.051 0.2857142985
71939  -25.305  9.073  -26.577 0.2857142985
73550  -22.699  11.786  -27.155 0.1428571492
75789  -25.488  14.818  -25.610 0.1428571492
72786  -26.255  10.579  -27.739 0.2857142985
123821  -25.653  10.879  -28.113 0.2857142985
72791  -25.356  11.277  -28.309 0.2857142985
115080  -22.876  10.999  -27.400 0.1428571492
119451  -24.538  13.583  -27.374 0.1428571492
74331  -23.287  13.005  -27.067 0.2857142985
77228  -26.243  17.046  -28.161 0.1428571492
124716  -22.878  9.746  -27.502 0.2857142985
75064  -23.829  13.865  -26.176 0.1428571492
53271  -19.955  -12.095  -19.063 0.1428571492
54254  -21.333  -11.860  -19.933 0.1428571492
55125  -19.235  -10.574  -19.832 0.1428571492
111243  -19.632  -10.210  -20.529 0.1428571492
56015  -20.012  -9.827  -21.187 0.1428571492
120661  -21.163  -11.083  -20.364 0.1428571492
55155  -20.878  -9.897  -21.206 0.1428571492
55141  -21.454  -10.583  -20.807 0.1428571492
54270  -22.701  -11.492  -20.650 0.1428571492
56031  -21.175  -9.301  -21.659 0.1428571492
55157  -22.816  -10.261  -21.372 0.1428571492
55143  -23.239  -11.051  -21.179 0.1428571492
105890  -23.332  -9.671  -21.664 0.1428571492
56030  -20.347  -9.263  -21.694 0.1428571492
56053  -21.369  -8.759  -22.023 0.1428571492
56033  -23.839  -8.994  -21.881 0.1428571492
56896  -24.265  -8.202  -22.156 0.1428571492
58658  -25.782  -6.581  -22.689 0.1428571492
59504  -26.043  -5.764  -22.739 0.1428571492
70376  -20.046  7.678  -28.627 0.1428571492
54269  -21.885  -11.342  -20.542 0.1428571492
53256  -19.380  -12.525  -18.526 0.1428571492
54251  -18.728  -11.059  -19.218 0.1428571492
119999  -19.964  -10.696  -20.014 0.1428571492
59515  -27.301  -5.219  -23.274 0.1428571492
56054  -24.831  -9.294  -22.378 0.1428571492
122528  -20.469  -11.746  -19.544 0.1428571492
117871  -22.206  -11.915  -20.262 0.1428571492
54252  -19.719  -11.283  -19.476 0.1428571492
54253  -20.541  -11.159  -19.955 0.1428571492
55140  -18.879  -10.013  -20.356 0.1428571492
54268  -20.537  -10.477  -20.560 0.1428571492
55156  -21.811  -10.010  -21.266 0.1428571492
55142  -22.348  -10.847  -21.011 0.1428571492
56032  -22.171  -9.253  -21.614 0.1428571492
56052  -20.661  -8.718  -22.147 0.1428571492
56878  -22.868  -8.785  -21.717 0.1428571492
56029  -19.659  -9.171  -21.564 0.1428571492
53255  -18.633  -12.231  -18.366 0.1428571492
51421  -34.479  -14.763  -18.809 0.1428571492
51450  -34.005  -14.310  -22.177 0.1428571492
52347  -35.224  -13.976  -20.285 0.1428571492
52353  -32.893  -13.441  -21.808 0.2857142985
52354  -35.145  -13.978  -21.224 0.1428571492
53296  -35.412  -12.771  -21.554 0.1428571492
54210  -32.448  -10.894  -15.886 0.1428571492
54246  -34.966  -11.598  -19.292 0.1428571492
55913  -32.538  -9.136  -14.480 0.1428571492
56035  -25.247  -10.146  -21.890 0.4285714328
56044  -36.439  -10.160  -22.096 0.2857142985
56060  -34.281  -9.793  -23.107 0.4285714328
56843  -32.851  -8.370  -18.086 0.1428571492
56859  -33.751  -8.975  -19.452 0.1428571492
56871  -35.140  -9.001  -20.749 0.1428571492
56880  -28.484  -8.735  -21.489 0.7142857313
56883  -31.178  -8.952  -22.002 0.7142857313
56885  -36.422  -9.323  -22.254 0.2857142985
56919  -35.614  -8.532  -24.046 0.4285714328
57784  -29.063  -7.943  -23.086 0.8571428657
58671  -28.603  -6.790  -24.055 0.5714285970
58673  -36.006  -7.055  -24.046 0.4285714328
58686  -35.701  -7.238  -24.662 0.4285714328
59529  -29.786  -6.169  -25.579 0.7142857313
60397  -29.351  -4.750  -25.074 0.7142857313
61247  -28.569  -3.850  -23.831 0.4285714328
61277  -34.148  -3.461  -29.293 0.5714285970
62148  -34.607  -2.623  -26.201 0.4285714328
62166  -34.047  -3.196  -29.262 0.5714285970
62989  -28.457  -1.376  -23.576 0.2857142985
62990  -29.125  -0.865  -23.639 0.5714285970
63733  -27.073  -1.238  -23.817 0.1428571492
63736  -28.840  -0.123  -23.592 0.5714285970
63785  -32.732  -1.601  -28.999 0.5714285970
63790  -32.409  -0.752  -30.059 0.7142857313
64498  -28.367  0.519  -23.658 0.4285714328
64519  -31.178  0.640  -26.262 0.8571428657
64520  -31.343  -0.083  -26.601 1.0000000000
64554  -33.501  -0.416  -29.955 0.4285714328
64555  -31.391  0.654  -31.566 0.4285714328
64556  -31.935  -0.025  -31.587 0.5714285970
64557  -33.095  -0.123  -31.814 0.4285714328
64558  -33.390  -0.366  -31.048 0.5714285970
64559  -32.158  0.182  -31.926 0.4285714328
64560  -32.522  0.219  -32.018 0.5714285970
65288  -27.129  1.655  -24.146 0.2857142985
65343  -32.718  0.672  -31.715 0.5714285970
65345  -29.811  2.129  -31.334 0.4285714328
66109  -30.088  2.434  -24.729 0.5714285970
66119  -24.561  2.034  -25.852 0.1428571492
66131  -23.974  2.453  -26.325 0.1428571492
66174  -29.096  2.547  -31.212 0.2857142985
66177  -31.468  1.421  -31.617 0.2857142985
67012  -24.334  3.715  -25.968 0.2857142985
67022  -22.666  3.779  -27.140 0.1428571492
67050  -28.528  3.048  -31.059 0.2857142985
67852  -28.785  4.492  -24.386 0.7142857313
68695  -29.570  5.536  -25.592 0.7142857313
68710  -22.721  5.466  -27.210 0.1428571492
68723  -19.641  6.054  -28.563 0.1428571492
68725  -29.423  5.256  -28.863 0.7142857313
69507  -26.846  6.763  -25.412 0.4285714328
69529  -23.295  6.196  -27.008 0.1428571492
69536  -20.316  6.916  -28.655 0.1428571492
70339  -26.505  7.322  -25.643 0.4285714328
70342  -29.147  7.115  -25.919 1.0000000000
70354  -24.958  7.574  -26.323 0.1428571492
70366  -22.391  7.635  -27.508 0.2857142985
70385  -29.212  7.377  -29.960 0.7142857313
71136  -28.254  8.149  -26.120 0.5714285970
71153  -29.256  8.203  -26.911 1.0000000000
71959  -29.245  9.203  -27.781 1.0000000000
72007  -29.380  9.477  -31.557 0.4285714328
72782  -22.173  10.272  -27.514 0.1428571492
72788  -28.315  10.258  -27.762 0.5714285970
72800  -29.243  10.877  -29.460 0.8571428657
72813  -29.402  10.214  -31.918 0.5714285970
72839  -26.884  10.539  -37.499 0.2857142985
73565  -29.172  11.242  -30.015 0.8571428657
73596  -28.329  11.234  -34.399 0.2857142985
74352  -27.534  12.783  -31.560 0.5714285970
74396  -26.511  13.299  -39.348 0.1428571492
75873  -26.882  14.516  -38.332 0.1428571492
105197  -33.776  -5.548  -28.240 0.7142857313
106240  -29.450  3.115  -29.291 0.8571428657
106873  -26.639  13.580  -39.443 0.1428571492
106895  -21.884  5.629  -27.688 0.1428571492
107213  -26.643  2.100  -24.494 0.1428571492
108354  -23.357  3.026  -26.659 0.1428571492
109117  -27.562  10.004  -36.120 0.1428571492
109162  -30.703  2.087  -25.952 1.0000000000
111920  -24.589  -10.784  -21.019 0.4285714328
112477  -28.484  10.069  -34.258 0.1428571492
112637  -34.116  -15.315  -18.290 0.1428571492
112664  -35.235  -5.067  -23.709 0.2857142985
114894  -33.119  -0.773  -31.234 0.5714285970
115024  -29.311  8.861  -31.216 0.5714285970
115074  -28.736  11.737  -31.246 0.7142857313
115916  -26.441  -0.195  -24.348 0.1428571492
116284  -28.889  -9.452  -20.322 0.7142857313
118572  -28.359  -3.134  -23.609 0.4285714328
118711  -26.438  3.904  -24.712 0.2857142985
118759  -26.937  0.702  -24.178 0.1428571492
121333  -33.620  -17.357  -21.338 0.1428571492
121863  -27.358  -6.046  -23.501 0.4285714328
122441  -26.145  -8.151  -22.994 0.2857142985
123179  -26.970  4.844  -24.600 0.2857142985
123891  -27.683  5.635  -24.709 0.4285714328
124569  -29.283  -2.442  -23.950 0.5714285970
124740  -19.618  6.602  -28.483 0.2857142985
124916  -34.808  -7.250  -21.852 0.1428571492
125779  -28.312  1.579  -23.674 0.2857142985
