#!ascii label  , from subject sub-v1s11x0050165_ses-1 vox2ras=TkReg
1673
63526  45.618  2.099  31.184 0.0000000000
47981  39.688  -13.386  43.537 0.0000000000
44655  26.188  -16.481  48.103 0.0000000000
41665  18.920  -19.736  50.373 0.0000000000
46817  36.353  -14.517  52.260 0.0000000000
48022  31.832  -13.863  41.810 0.0000000000
56923  48.752  -4.922  35.426 0.0000000000
67302  51.868  5.952  25.312 0.0000000000
62437  48.373  0.987  41.204 0.0000000000
55065  40.600  -6.587  37.444 0.0000000000
49119  33.088  -12.296  33.660 0.0000000000
45679  27.390  -15.812  52.884 0.0000000000
110538  22.013  -17.387  48.987 0.0000000000
43571  23.267  -17.141  53.966 0.0000000000
47882  30.954  -13.758  50.048 0.0000000000
63383  51.290  2.078  40.984 0.0000000000
47890  42.285  -13.032  50.599 0.0000000000
51913  43.369  -9.084  45.988 0.0000000000
54994  44.532  -5.974  42.978 0.0000000000
51031  40.459  -10.123  40.338 0.0000000000
52038  37.787  -9.894  35.011 0.0000000000
48084  37.155  -13.167  38.886 0.0000000000
46985  25.748  -14.557  40.205 0.0000000000
48127  27.204  -13.190  36.270 0.0000000000
64501  48.167  4.072  27.488 0.0000000000
62620  48.236  1.703  23.066 0.0000000000
43689  24.094  -17.181  43.093 0.0000000000
43678  20.425  -18.150  44.170 0.0000000000
115665  38.314  -16.530  47.901 0.0000000000
44750  35.556  -16.427  42.252 0.0000000000
46875  34.203  -14.807  46.554 0.0000000000
47971  28.849  -13.983  45.010 0.0000000000
59662  48.076  -1.241  33.590 0.0000000000
42596  20.499  -18.583  57.135 0.0000000000
39664  15.863  -21.730  53.011 0.0000000000
67242  49.791  6.696  31.998 0.0000000000
64447  48.388  3.657  34.172 0.0000000000
118704  51.254  0.293  36.122 0.0000000000
58689  49.441  -3.341  38.679 0.0000000000
127425  45.949  -1.089  35.815 0.0000000000
60507  44.983  0.020  45.505 0.0000000000
58670  43.967  -2.505  39.944 0.0000000000
57825  40.922  -3.775  34.024 0.0000000000
55130  37.849  -6.707  31.755 0.0000000000
45933  33.185  -15.592  37.025 0.0000000000
46772  28.266  -14.042  56.261 0.0000000000
107025  25.025  -16.520  53.394 0.0000000000
45644  25.619  -15.200  56.502 0.0000000000
128393  29.932  -14.204  55.058 0.0000000000
108247  41.322  -13.203  47.310 0.0000000000
49921  41.833  -10.886  45.105 0.0000000000
51929  42.346  -9.524  43.814 0.0000000000
49969  40.571  -11.665  42.546 0.0000000000
50036  38.809  -11.785  39.226 0.0000000000
48020  38.438  -13.573  41.611 0.0000000000
43742  23.572  -17.548  38.730 0.0000000000
44817  24.377  -16.432  36.992 0.0000000000
63542  46.238  3.081  28.917 0.0000000000
63567  45.730  2.300  26.686 0.0000000000
62587  44.462  0.799  28.413 0.0000000000
119244  24.839  -16.679  45.881 0.0000000000
43692  21.552  -17.719  43.523 0.0000000000
43661  23.253  -17.139  45.980 0.0000000000
42651  19.933  -18.773  50.185 0.0000000000
41700  19.168  -19.290  47.324 0.0000000000
40701  18.252  -20.219  48.229 0.0000000000
39726  16.520  -21.243  48.423 0.0000000000
45700  39.693  -15.601  51.087 0.0000000000
44637  37.590  -16.127  50.093 0.0000000000
44687  36.364  -16.268  46.964 0.0000000000
46832  35.085  -14.809  49.782 0.0000000000
45721  28.461  -15.362  49.593 0.0000000000
47924  30.391  -13.674  47.759 0.0000000000
45776  27.310  -15.597  46.746 0.0000000000
45816  26.255  -15.713  44.742 0.0000000000
57833  49.802  -2.523  33.764 0.0000000000
58756  49.371  -2.012  32.287 0.0000000000
56970  48.342  -3.799  31.822 0.0000000000
38673  14.490  -22.989  54.623 0.0000000000
62498  49.290  1.534  35.343 0.0000000000
63451  51.151  2.773  36.504 0.0000000000
61485  50.308  0.462  42.245 0.0000000000
59588  51.123  -1.209  40.339 0.0000000000
60570  49.304  -0.557  39.755 0.0000000000
59626  47.527  -1.679  36.760 0.0000000000
61543  47.240  0.156  38.101 0.0000000000
55028  42.540  -6.543  40.513 0.0000000000
56854  44.118  -3.992  40.843 0.0000000000
56880  41.920  -4.896  38.197 0.0000000000
57799  42.261  -3.200  36.762 0.0000000000
56904  40.781  -5.036  36.141 0.0000000000
110007  39.400  -5.237  32.565 0.0000000000
55098  39.324  -6.503  34.515 0.0000000000
52067  35.367  -9.480  32.814 0.0000000000
45850  34.093  -15.437  42.251 0.0000000000
45885  34.300  -15.942  39.231 0.0000000000
115435  32.344  -14.684  38.892 0.0000000000
47087  28.190  -13.928  33.945 0.0000000000
68191  52.614  7.096  21.710 0.0000000000
66418  50.966  5.851  23.037 0.0000000000
107998  26.972  -16.368  50.073 0.0000000000
43617  24.300  -16.752  48.690 0.0000000000
44616  25.006  -16.624  50.933 0.0000000000
43591  22.615  -17.369  51.472 0.0000000000
42626  21.237  -18.096  52.343 0.0000000000
107017  33.859  -13.008  54.296 0.0000000000
113730  33.390  -13.534  51.514 0.0000000000
47849  31.972  -13.586  53.608 0.0000000000
45676  29.130  -15.099  51.807 0.0000000000
64360  51.072  4.483  39.085 0.0000000000
62398  48.654  1.784  43.924 0.0000000000
126167  44.062  -7.505  44.742 0.0000000000
52886  42.192  -8.341  41.840 0.0000000000
52908  40.728  -8.231  39.315 0.0000000000
52967  39.202  -8.564  36.131 0.0000000000
52008  39.188  -9.902  37.568 0.0000000000
50082  37.539  -11.416  36.626 0.0000000000
49082  35.618  -12.766  36.472 0.0000000000
107841  28.729  -13.472  40.764 0.0000000000
48089  29.014  -13.375  38.717 0.0000000000
48091  26.647  -13.512  38.303 0.0000000000
65494  49.849  4.687  26.294 0.0000000000
65516  49.337  4.480  24.556 0.0000000000
115728  47.779  3.542  25.415 0.0000000000
120844  20.813  -17.832  46.625 0.0000000000
45752  40.538  -15.155  48.617 0.0000000000
45809  38.999  -15.046  45.286 0.0000000000
46923  38.109  -15.074  43.409 0.0000000000
44717  37.211  -16.498  44.772 0.0000000000
45812  35.509  -16.190  44.872 0.0000000000
46925  32.603  -14.142  43.899 0.0000000000
47911  32.215  -13.498  48.737 0.0000000000
47954  31.513  -13.534  45.700 0.0000000000
47984  30.391  -13.480  43.324 0.0000000000
112138  27.351  -14.193  42.761 0.0000000000
44761  25.114  -15.819  42.057 0.0000000000
61587  45.710  0.213  32.529 0.0000000000
60653  44.607  -0.633  30.434 0.0000000000
59683  46.398  -1.420  31.580 0.0000000000
42594  21.542  -18.034  56.029 0.0000000000
41630  19.317  -19.559  53.070 0.0000000000
40633  18.165  -20.467  54.650 0.0000000000
39678  17.161  -20.887  51.780 0.0000000000
115586  51.778  5.535  28.843 0.0000000000
65470  49.207  4.956  29.151 0.0000000000
109646  47.222  4.332  30.899 0.0000000000
63514  46.589  2.649  32.400 0.0000000000
62511  47.776  0.958  34.545 0.0000000000
60611  49.857  -0.811  35.163 0.0000000000
58717  50.621  -2.421  35.733 0.0000000000
119429  52.209  1.154  38.829 0.0000000000
58686  50.962  -2.483  38.482 0.0000000000
56900  49.108  -4.975  37.619 0.0000000000
57808  47.545  -4.769  36.736 0.0000000000
58720  46.639  -2.876  35.257 0.0000000000
61461  46.309  1.377  43.588 0.0000000000
58647  45.133  -3.312  43.896 0.0000000000
60539  44.589  -0.926  42.521 0.0000000000
60571  45.301  -0.214  40.307 0.0000000000
59617  44.422  -0.888  37.457 0.0000000000
58722  43.176  -1.909  34.874 0.0000000000
52992  37.495  -8.522  33.574 0.0000000000
46981  36.565  -14.769  40.361 0.0000000000
47031  34.928  -14.838  37.936 0.0000000000
48133  33.423  -14.445  35.328 0.0000000000
48124  30.694  -13.876  36.816 0.0000000000
47072  31.214  -14.627  34.641 0.0000000000
45643  26.379  -14.621  56.514 0.0000000000
47807  26.528  -13.951  56.603 0.0000000000
47949  40.588  -13.266  45.541 0.0000000000
108500  41.425  -12.030  46.060 0.0000000000
48939  40.629  -12.548  44.415 0.0000000000
106741  41.352  -11.242  43.923 0.0000000000
48956  40.169  -12.715  43.332 0.0000000000
48992  39.488  -12.468  41.573 0.0000000000
47999  39.208  -13.560  42.909 0.0000000000
63534  46.068  2.936  29.879 0.0000000000
63551  45.566  2.353  28.427 0.0000000000
62579  44.947  1.610  29.792 0.0000000000
44689  25.568  -16.548  46.873 0.0000000000
43660  24.136  -16.888  45.840 0.0000000000
44690  24.930  -16.645  47.025 0.0000000000
122946  19.454  -19.298  50.667 0.0000000000
41676  19.313  -19.289  48.984 0.0000000000
40691  18.293  -20.188  49.109 0.0000000000
39736  17.200  -20.912  48.112 0.0000000000
40692  17.729  -20.534  49.520 0.0000000000
47845  36.431  -13.247  53.390 0.0000000000
46803  37.055  -14.438  52.518 0.0000000000
45701  37.793  -15.490  51.290 0.0000000000
45703  36.435  -15.107  51.356 0.0000000000
112841  35.758  -15.309  49.306 0.0000000000
46818  35.600  -14.663  51.060 0.0000000000
45738  27.418  -15.898  48.466 0.0000000000
45757  28.050  -15.365  47.919 0.0000000000
44671  26.739  -16.112  47.092 0.0000000000
114762  26.168  -16.234  46.026 0.0000000000
57820  49.311  -3.653  34.378 0.0000000000
57834  49.240  -3.288  33.381 0.0000000000
56953  48.430  -4.089  32.999 0.0000000000
65414  49.478  5.795  36.172 0.0000000000
63452  50.447  3.240  36.216 0.0000000000
64411  50.628  3.795  36.853 0.0000000000
62425  49.134  0.734  42.057 0.0000000000
61499  50.092  -0.236  41.156 0.0000000000
61518  48.787  0.301  39.960 0.0000000000
61530  48.460  0.046  39.076 0.0000000000
61519  47.842  0.617  39.482 0.0000000000
55053  41.396  -6.312  38.615 0.0000000000
55980  42.410  -5.661  39.512 0.0000000000
55995  41.433  -5.677  38.041 0.0000000000
112211  41.386  -5.136  37.436 0.0000000000
56017  40.586  -5.738  36.495 0.0000000000
55085  39.723  -6.292  35.244 0.0000000000
55074  39.650  -7.106  35.887 0.0000000000
113282  32.974  -14.568  42.066 0.0000000000
46982  33.007  -14.880  40.397 0.0000000000
46983  32.046  -14.210  40.378 0.0000000000
118250  52.131  6.755  23.857 0.0000000000
67322  51.564  6.161  24.314 0.0000000000
44601  27.239  -16.032  51.862 0.0000000000
44626  25.606  -16.577  50.166 0.0000000000
108259  25.958  -16.462  51.913 0.0000000000
44594  24.713  -16.458  54.438 0.0000000000
44605  23.889  -16.862  52.250 0.0000000000
43582  23.261  -17.130  52.774 0.0000000000
43583  22.028  -17.685  52.118 0.0000000000
117407  21.745  -17.847  52.923 0.0000000000
47816  32.934  -12.463  54.924 0.0000000000
47848  32.962  -13.374  53.690 0.0000000000
47833  32.250  -13.059  54.711 0.0000000000
45666  28.290  -15.397  53.279 0.0000000000
46794  29.125  -15.030  52.966 0.0000000000
45677  28.471  -15.449  52.115 0.0000000000
45706  27.933  -15.766  50.639 0.0000000000
50920  43.064  -9.904  47.325 0.0000000000
124804  44.405  -8.282  48.201 0.0000000000
52835  44.402  -8.060  47.385 0.0000000000
53921  44.593  -7.159  45.861 0.0000000000
52854  43.736  -8.342  45.734 0.0000000000
50992  41.501  -10.034  42.451 0.0000000000
117353  42.431  -8.586  42.600 0.0000000000
52887  41.605  -8.856  41.391 0.0000000000
53983  41.575  -7.773  40.349 0.0000000000
52899  40.688  -8.931  39.822 0.0000000000
126525  39.909  -9.225  38.571 0.0000000000
51047  40.140  -10.060  39.654 0.0000000000
49057  38.209  -12.172  38.840 0.0000000000
50054  38.542  -11.584  38.467 0.0000000000
49067  37.339  -12.270  37.759 0.0000000000
49081  36.376  -12.363  36.749 0.0000000000
48120  35.887  -13.061  37.172 0.0000000000
48027  27.152  -13.785  40.939 0.0000000000
48069  27.472  -13.537  39.568 0.0000000000
46998  26.241  -13.993  39.716 0.0000000000
110066  49.330  4.473  26.935 0.0000000000
65495  48.942  4.317  26.086 0.0000000000
64527  48.147  3.861  26.181 0.0000000000
62610  45.823  1.849  25.152 0.0000000000
124574  23.708  -17.288  41.784 0.0000000000
42734  21.963  -17.927  41.760 0.0000000000
108006  22.850  -17.097  49.124 0.0000000000
43632  22.528  -17.205  47.381 0.0000000000
43633  21.641  -17.491  48.032 0.0000000000
40723  18.216  -20.286  46.476 0.0000000000
41718  19.150  -19.214  46.455 0.0000000000
108812  39.209  -16.354  49.551 0.0000000000
115296  39.858  -16.043  50.060 0.0000000000
45753  39.658  -15.721  48.230 0.0000000000
45770  40.095  -14.975  47.527 0.0000000000
45772  38.629  -15.958  46.597 0.0000000000
44701  37.859  -16.271  45.268 0.0000000000
44685  37.484  -16.565  46.604 0.0000000000
45756  35.012  -15.300  46.990 0.0000000000
45792  35.593  -16.061  45.693 0.0000000000
124633  34.387  -15.058  45.768 0.0000000000
45814  34.083  -15.138  44.010 0.0000000000
113806  33.342  -14.467  45.170 0.0000000000
47881  32.650  -13.464  50.689 0.0000000000
112628  33.128  -13.527  49.946 0.0000000000
47897  31.519  -13.525  49.375 0.0000000000
47940  29.632  -13.807  46.601 0.0000000000
47939  30.408  -13.554  46.806 0.0000000000
47955  30.181  -13.494  45.436 0.0000000000
107931  30.969  -13.456  45.189 0.0000000000
47970  29.642  -13.594  44.858 0.0000000000
47986  28.642  -13.658  43.295 0.0000000000
46909  28.265  -14.121  44.250 0.0000000000
44721  25.227  -16.436  44.131 0.0000000000
45852  25.342  -15.896  42.809 0.0000000000
44752  24.795  -16.397  42.559 0.0000000000
60630  46.619  -0.325  33.332 0.0000000000
59675  45.995  -1.082  32.098 0.0000000000
59673  47.857  -1.462  32.666 0.0000000000
58769  49.177  -1.845  31.506 0.0000000000
42595  20.986  -18.265  56.586 0.0000000000
42607  20.722  -18.557  55.080 0.0000000000
42608  20.250  -18.888  55.694 0.0000000000
39635  15.708  -22.181  54.751 0.0000000000
39633  17.093  -21.130  53.985 0.0000000000
40647  17.680  -20.786  53.364 0.0000000000
39663  16.627  -21.282  52.576 0.0000000000
39698  15.481  -21.603  50.407 0.0000000000
38707  14.990  -21.948  51.047 0.0000000000
66369  52.374  5.635  28.429 0.0000000000
106375  50.408  5.808  30.276 0.0000000000
66350  49.511  5.857  30.745 0.0000000000
65461  47.673  4.502  30.085 0.0000000000
109338  48.551  5.545  30.930 0.0000000000
109728  47.651  4.195  33.134 0.0000000000
65448  47.187  4.028  32.304 0.0000000000
63499  47.112  2.609  33.149 0.0000000000
117322  46.993  1.903  33.486 0.0000000000
115784  48.031  1.756  34.488 0.0000000000
61565  50.788  0.867  35.924 0.0000000000
61566  49.850  0.709  35.585 0.0000000000
60610  50.473  -0.120  35.693 0.0000000000
59648  50.630  -1.800  35.216 0.0000000000
59636  51.042  -1.579  35.805 0.0000000000
64342  51.266  3.471  39.601 0.0000000000
63415  51.965  2.661  38.431 0.0000000000
62448  51.899  0.909  39.776 0.0000000000
59598  50.284  -1.929  39.892 0.0000000000
59596  51.256  -1.595  39.623 0.0000000000
58687  50.348  -3.140  39.045 0.0000000000
57796  50.116  -3.813  37.681 0.0000000000
57784  49.409  -4.364  38.060 0.0000000000
56890  48.566  -4.889  37.568 0.0000000000
57786  48.309  -4.046  37.578 0.0000000000
59627  46.733  -1.444  36.129 0.0000000000
58708  46.900  -2.322  35.794 0.0000000000
59638  46.301  -1.731  35.424 0.0000000000
59651  44.799  -1.521  34.654 0.0000000000
61462  45.485  0.716  43.792 0.0000000000
55923  45.484  -5.036  44.577 0.0000000000
56837  45.509  -4.493  44.770 0.0000000000
56843  45.054  -4.702  43.113 0.0000000000
121625  44.073  -3.106  40.603 0.0000000000
58656  44.424  -2.321  41.788 0.0000000000
59584  44.419  -1.538  41.175 0.0000000000
60550  44.707  -0.830  41.600 0.0000000000
59590  44.306  -1.597  40.285 0.0000000000
126071  44.904  -0.555  38.437 0.0000000000
59606  43.915  -1.681  38.629 0.0000000000
57811  41.531  -3.558  35.441 0.0000000000
58710  42.658  -2.464  36.311 0.0000000000
58736  41.985  -2.775  34.108 0.0000000000
58746  42.679  -2.432  33.664 0.0000000000
57848  41.647  -3.293  32.615 0.0000000000
56974  40.532  -4.263  31.614 0.0000000000
55146  38.424  -6.135  31.428 0.0000000000
56089  38.971  -5.612  31.196 0.0000000000
52036  38.702  -9.336  35.882 0.0000000000
52977  38.427  -8.628  34.723 0.0000000000
52048  38.085  -9.385  34.819 0.0000000000
53033  35.551  -8.739  31.334 0.0000000000
45832  36.971  -16.135  43.088 0.0000000000
45856  37.310  -15.154  42.069 0.0000000000
44771  35.982  -16.118  41.166 0.0000000000
45915  33.414  -15.671  37.902 0.0000000000
45899  34.403  -15.658  38.415 0.0000000000
45914  33.656  -15.610  37.250 0.0000000000
48123  33.719  -14.797  36.070 0.0000000000
47069  33.069  -15.243  35.710 0.0000000000
113935  27.765  -13.068  37.003 0.0000000000
48105  30.372  -13.664  37.790 0.0000000000
121745  29.099  -13.160  36.288 0.0000000000
48148  29.542  -13.776  34.247 0.0000000000
47098  31.168  -14.381  33.096 0.0000000000
64556  48.557  3.276  23.526 0.0000000000
64555  49.205  3.718  23.193 0.0000000000
59717  44.631  -1.245  29.310 0.0000000000
45667  27.651  -15.494  54.057 0.0000000000
44592  26.084  -16.194  53.445 0.0000000000
45669  26.424  -15.821  54.547 0.0000000000
44580  25.174  -16.045  55.294 0.0000000000
44581  24.492  -16.108  55.867 0.0000000000
46771  28.761  -14.397  55.632 0.0000000000
116207  41.731  -13.180  48.409 0.0000000000
49884  42.712  -11.573  49.363 0.0000000000
123206  42.016  -11.809  47.648 0.0000000000
108169  42.195  -11.194  47.175 0.0000000000
50939  42.377  -10.311  45.693 0.0000000000
51921  42.783  -9.239  44.570 0.0000000000
110104  41.721  -10.746  44.292 0.0000000000
112092  41.422  -10.628  42.996 0.0000000000
109462  40.538  -11.249  41.795 0.0000000000
51032  39.993  -10.760  40.049 0.0000000000
49992  39.746  -11.977  41.218 0.0000000000
49018  38.672  -12.630  40.418 0.0000000000
48062  38.029  -12.993  40.021 0.0000000000
45889  24.500  -15.669  39.323 0.0000000000
45888  24.864  -14.943  38.798 0.0000000000
43741  23.759  -17.041  38.027 0.0000000000
64494  46.884  3.494  28.280 0.0000000000
64503  46.948  3.375  27.439 0.0000000000
63550  46.278  2.919  27.941 0.0000000000
62602  45.130  1.690  27.058 0.0000000000
44722  24.816  -16.711  44.586 0.0000000000
43690  23.374  -17.406  43.244 0.0000000000
121917  23.246  -17.343  44.203 0.0000000000
113315  22.732  -17.362  45.107 0.0000000000
43663  21.719  -17.551  45.111 0.0000000000
43602  21.094  -17.852  50.027 0.0000000000
43620  20.810  -17.843  48.241 0.0000000000
42667  19.746  -18.729  48.460 0.0000000000
41701  18.697  -19.793  47.785 0.0000000000
38773  15.971  -21.914  47.012 0.0000000000
44625  38.356  -16.087  50.673 0.0000000000
44652  37.925  -16.517  49.209 0.0000000000
44669  37.418  -16.547  47.412 0.0000000000
45734  36.765  -16.223  48.386 0.0000000000
45735  35.933  -15.609  48.391 0.0000000000
46850  34.419  -14.675  48.281 0.0000000000
46836  29.567  -14.582  49.694 0.0000000000
47898  30.666  -13.767  49.220 0.0000000000
46853  28.750  -14.865  48.126 0.0000000000
46864  29.054  -14.443  47.346 0.0000000000
115525  28.531  -14.465  45.879 0.0000000000
46910  27.645  -14.672  44.693 0.0000000000
45796  27.231  -15.444  45.949 0.0000000000
44720  25.577  -16.272  44.746 0.0000000000
59661  49.287  -1.663  33.635 0.0000000000
59672  49.014  -1.730  32.795 0.0000000000
57843  49.505  -2.382  32.956 0.0000000000
57844  49.199  -2.884  32.449 0.0000000000
116237  15.050  -22.724  55.144 0.0000000000
38672  15.134  -22.492  54.236 0.0000000000
38708  14.502  -22.463  51.605 0.0000000000
37787  14.031  -23.157  53.104 0.0000000000
127743  48.763  3.995  34.673 0.0000000000
126732  48.690  1.967  34.891 0.0000000000
63468  49.802  3.303  35.644 0.0000000000
63467  50.672  2.428  35.959 0.0000000000
62485  51.708  1.647  36.544 0.0000000000
128499  51.037  0.727  42.100 0.0000000000
61497  51.659  0.242  40.634 0.0000000000
124561  50.896  -0.320  41.389 0.0000000000
60569  50.157  -1.016  40.436 0.0000000000
59604  49.263  -2.175  38.853 0.0000000000
59615  48.820  -2.461  38.196 0.0000000000
60588  48.397  -1.253  37.956 0.0000000000
60589  47.491  -0.479  37.582 0.0000000000
124579  46.031  -0.320  37.028 0.0000000000
55013  43.569  -6.267  41.689 0.0000000000
126176  44.402  -5.203  41.998 0.0000000000
55963  43.390  -5.485  40.632 0.0000000000
56863  43.576  -4.286  40.033 0.0000000000
57776  43.025  -3.630  38.801 0.0000000000
57787  42.897  -3.075  38.170 0.0000000000
56891  42.174  -4.128  37.864 0.0000000000
56915  41.141  -4.307  35.801 0.0000000000
56927  40.551  -4.356  34.383 0.0000000000
56942  40.415  -4.247  33.565 0.0000000000
56042  40.023  -4.951  34.165 0.0000000000
55113  39.153  -6.180  33.790 0.0000000000
55114  38.628  -6.592  33.285 0.0000000000
51115  36.616  -10.499  34.664 0.0000000000
52050  36.876  -9.875  34.296 0.0000000000
51135  35.441  -10.157  33.608 0.0000000000
51162  34.154  -9.987  31.665 0.0000000000
108861  33.996  -10.240  31.004 0.0000000000
44751  35.142  -16.351  42.376 0.0000000000
44772  35.339  -16.255  40.908 0.0000000000
112752  34.552  -16.071  40.903 0.0000000000
45887  33.444  -15.519  39.541 0.0000000000
47014  32.635  -15.147  38.098 0.0000000000
48150  27.841  -13.570  34.699 0.0000000000
45965  27.378  -15.650  33.880 0.0000000000
68168  52.632  7.330  23.323 0.0000000000
67332  52.063  6.773  22.057 0.0000000000
65560  50.987  5.062  21.862 0.0000000000
115977  26.293  -16.497  48.864 0.0000000000
44657  24.887  -16.655  48.198 0.0000000000
44639  25.668  -16.579  49.249 0.0000000000
44640  24.451  -16.723  49.414 0.0000000000
43607  23.059  -17.033  49.939 0.0000000000
44604  24.693  -16.653  52.508 0.0000000000
120595  23.787  -16.876  51.458 0.0000000000
43600  22.494  -17.360  50.583 0.0000000000
42649  21.193  -17.881  50.891 0.0000000000
42639  20.675  -18.345  51.582 0.0000000000
41652  19.452  -19.383  51.468 0.0000000000
127324  35.220  -13.528  53.239 0.0000000000
46804  35.146  -13.999  52.052 0.0000000000
47847  33.859  -13.362  53.470 0.0000000000
47863  32.611  -13.508  52.038 0.0000000000
47865  31.176  -13.887  51.633 0.0000000000
46793  30.607  -14.277  53.521 0.0000000000
46805  30.521  -14.336  52.106 0.0000000000
46806  29.770  -14.688  51.408 0.0000000000
45705  28.514  -15.403  50.375 0.0000000000
125075  28.028  -15.690  50.004 0.0000000000
56939  48.013  -5.378  33.784 0.0000000000
56056  47.594  -6.582  34.394 0.0000000000
65383  50.658  5.109  37.942 0.0000000000
64327  50.124  3.135  42.101 0.0000000000
63354  50.366  2.063  42.738 0.0000000000
62412  49.673  1.156  43.226 0.0000000000
62413  49.193  1.021  42.949 0.0000000000
54972  45.257  -6.013  45.217 0.0000000000
119544  44.733  -6.131  43.811 0.0000000000
52860  43.226  -8.557  44.428 0.0000000000
53947  43.588  -7.517  43.519 0.0000000000
53966  43.216  -7.031  41.975 0.0000000000
53982  42.227  -7.286  40.791 0.0000000000
53995  41.248  -7.519  39.542 0.0000000000
54009  40.600  -7.496  38.347 0.0000000000
54026  39.871  -7.812  37.218 0.0000000000
52937  39.776  -8.414  37.532 0.0000000000
119690  39.093  -9.619  37.026 0.0000000000
51087  38.458  -10.460  36.687 0.0000000000
50053  39.106  -11.144  38.822 0.0000000000
50081  38.148  -11.092  36.996 0.0000000000
51088  37.921  -10.788  36.264 0.0000000000
50098  36.567  -11.437  35.654 0.0000000000
50099  35.788  -11.733  35.420 0.0000000000
49110  34.196  -12.459  34.788 0.0000000000
48024  30.483  -13.540  41.170 0.0000000000
48047  30.343  -13.552  40.344 0.0000000000
48048  29.477  -13.478  40.252 0.0000000000
109043  28.339  -13.386  38.857 0.0000000000
119669  26.971  -13.198  36.942 0.0000000000
47035  25.305  -14.272  37.399 0.0000000000
47057  25.539  -14.178  36.579 0.0000000000
66398  51.208  5.429  25.748 0.0000000000
66399  50.569  5.284  24.906 0.0000000000
65506  49.553  4.603  25.474 0.0000000000
64543  48.360  3.831  24.791 0.0000000000
63585  47.275  2.566  24.244 0.0000000000
64529  46.924  3.083  25.859 0.0000000000
63586  46.537  2.210  24.641 0.0000000000
43646  23.318  -17.014  46.859 0.0000000000
43647  22.583  -17.233  46.596 0.0000000000
43664  20.786  -17.890  45.070 0.0000000000
42689  20.152  -18.298  46.984 0.0000000000
41731  19.497  -18.792  45.685 0.0000000000
47904  41.673  -13.906  49.397 0.0000000000
47919  41.290  -13.887  48.132 0.0000000000
107935  40.383  -13.953  46.174 0.0000000000
46905  39.480  -14.317  44.825 0.0000000000
46922  38.735  -14.266  43.229 0.0000000000
46906  38.801  -14.850  44.494 0.0000000000
45811  37.749  -16.071  44.490 0.0000000000
44734  36.834  -16.463  43.853 0.0000000000
44703  36.900  -16.642  45.928 0.0000000000
44719  36.062  -16.525  44.621 0.0000000000
44736  35.618  -16.451  43.026 0.0000000000
45833  34.706  -15.796  43.546 0.0000000000
46945  33.478  -14.848  42.634 0.0000000000
47982  32.066  -13.871  43.139 0.0000000000
47894  33.790  -13.772  50.221 0.0000000000
46834  33.758  -14.120  48.793 0.0000000000
46851  33.712  -14.290  47.873 0.0000000000
47912  31.209  -13.503  48.377 0.0000000000
107099  32.179  -13.537  47.679 0.0000000000
121298  32.727  -13.901  46.314 0.0000000000
47953  32.184  -13.743  45.346 0.0000000000
120393  31.867  -13.728  43.856 0.0000000000
48002  30.753  -13.537  42.586 0.0000000000
48003  29.314  -13.455  42.463 0.0000000000
48005  27.950  -13.675  42.158 0.0000000000
46967  26.572  -14.324  41.461 0.0000000000
46928  26.627  -14.840  43.162 0.0000000000
128185  26.215  -15.006  42.528 0.0000000000
113181  25.328  -15.178  40.716 0.0000000000
44774  24.361  -16.328  40.892 0.0000000000
62536  45.590  0.962  32.216 0.0000000000
61605  44.608  0.275  30.673 0.0000000000
60639  45.556  -0.526  32.039 0.0000000000
59681  48.781  -1.733  31.990 0.0000000000
59692  48.538  -1.611  31.227 0.0000000000
56954  47.775  -4.912  32.571 0.0000000000
46762  25.116  -13.910  56.354 0.0000000000
45645  24.734  -15.113  56.821 0.0000000000
44582  23.766  -16.326  56.353 0.0000000000
44570  23.133  -16.373  57.023 0.0000000000
43572  22.605  -17.455  54.603 0.0000000000
42606  21.273  -18.209  54.486 0.0000000000
41629  19.867  -19.085  52.867 0.0000000000
41653  18.938  -19.822  51.706 0.0000000000
41602  19.384  -19.619  56.478 0.0000000000
41618  18.758  -19.954  54.336 0.0000000000
40657  18.228  -20.404  52.770 0.0000000000
40670  17.898  -20.493  51.238 0.0000000000
39712  16.974  -20.914  49.899 0.0000000000
67293  53.154  6.139  26.694 0.0000000000
66377  52.005  5.440  27.553 0.0000000000
65478  50.496  4.931  27.895 0.0000000000
65486  49.621  4.651  27.702 0.0000000000
121195  52.518  6.181  30.210 0.0000000000
121752  50.037  5.212  29.137 0.0000000000
65480  48.208  4.260  28.252 0.0000000000
65472  47.894  4.375  29.122 0.0000000000
64489  46.642  3.533  29.625 0.0000000000
63525  46.050  2.822  30.748 0.0000000000
65453  47.397  4.618  31.787 0.0000000000
64466  46.667  3.380  31.970 0.0000000000
113292  46.231  2.702  31.589 0.0000000000
62535  46.060  1.083  32.723 0.0000000000
61580  46.799  0.377  33.711 0.0000000000
60621  47.972  -0.536  34.347 0.0000000000
62510  48.415  1.171  34.936 0.0000000000
61574  48.145  0.286  34.776 0.0000000000
122420  48.691  -1.113  34.242 0.0000000000
59660  49.921  -1.918  33.955 0.0000000000
58730  50.267  -2.285  34.658 0.0000000000
58718  50.072  -3.156  35.392 0.0000000000
64378  51.646  3.338  37.890 0.0000000000
63431  52.076  2.353  37.563 0.0000000000
61542  52.189  0.864  37.332 0.0000000000
61516  51.919  0.144  39.573 0.0000000000
60577  51.721  -0.956  38.780 0.0000000000
59624  51.503  -1.436  37.258 0.0000000000
58706  50.644  -2.854  36.893 0.0000000000
57806  50.160  -3.462  36.479 0.0000000000
56922  49.164  -4.759  36.107 0.0000000000
56913  48.653  -5.450  36.580 0.0000000000
56015  47.847  -5.745  36.769 0.0000000000
58700  47.961  -2.857  37.157 0.0000000000
57809  46.938  -4.367  35.940 0.0000000000
62399  48.088  1.881  44.166 0.0000000000
62427  47.523  1.436  42.418 0.0000000000
59563  44.673  -0.983  44.684 0.0000000000
57728  44.908  -4.042  42.645 0.0000000000
58648  44.769  -2.511  43.471 0.0000000000
60529  44.590  -0.877  43.530 0.0000000000
60538  44.982  -0.085  43.126 0.0000000000
61488  45.775  0.476  41.877 0.0000000000
61501  46.660  0.891  40.628 0.0000000000
61533  46.180  0.387  39.079 0.0000000000
60591  45.744  -0.105  37.854 0.0000000000
60602  44.924  -0.631  36.795 0.0000000000
123100  43.388  -1.908  37.402 0.0000000000
59630  43.804  -1.386  36.114 0.0000000000
59640  44.582  -1.134  35.606 0.0000000000
59663  43.873  -1.939  33.649 0.0000000000
56975  39.919  -4.763  31.195 0.0000000000
56125  40.082  -6.066  29.957 0.0000000000
54053  39.258  -7.916  35.641 0.0000000000
54066  38.639  -7.759  34.440 0.0000000000
54094  37.322  -7.392  32.218 0.0000000000
52993  36.694  -8.701  33.155 0.0000000000
53012  36.384  -8.211  32.223 0.0000000000
46944  38.601  -13.916  42.418 0.0000000000
48021  37.767  -13.953  41.154 0.0000000000
48064  36.687  -13.822  39.303 0.0000000000
126947  35.378  -15.769  39.842 0.0000000000
46995  35.629  -15.191  39.408 0.0000000000
48086  35.689  -14.184  38.274 0.0000000000
48121  35.146  -13.593  36.841 0.0000000000
48132  34.110  -13.810  35.775 0.0000000000
49112  32.777  -13.288  33.937 0.0000000000
48087  31.005  -13.836  38.671 0.0000000000
47015  31.891  -14.427  38.318 0.0000000000
128369  31.447  -14.486  36.595 0.0000000000
122181  29.184  -13.442  34.906 0.0000000000
47055  31.062  -14.352  35.744 0.0000000000
47054  31.962  -15.066  35.976 0.0000000000
125088  31.951  -14.829  34.375 0.0000000000
48147  32.340  -14.296  34.112 0.0000000000
66419  50.423  5.338  23.281 0.0000000000
65544  50.385  4.437  22.328 0.0000000000
64577  50.731  3.659  22.103 0.0000000000
61620  44.389  0.117  29.913 0.0000000000
120517  40.389  -13.159  44.773 0.0000000000
48920  40.749  -12.694  45.126 0.0000000000
47980  40.235  -12.986  44.025 0.0000000000
122504  40.513  -12.460  43.791 0.0000000000
48971  39.701  -12.941  42.793 0.0000000000
63535  45.485  2.241  30.280 0.0000000000
44672  26.166  -16.451  47.363 0.0000000000
44673  25.449  -16.576  47.651 0.0000000000
41677  18.829  -19.761  49.511 0.0000000000
40680  18.330  -20.177  50.094 0.0000000000
47860  36.047  -13.651  53.061 0.0000000000
46792  36.648  -13.889  52.903 0.0000000000
45702  37.010  -15.125  51.872 0.0000000000
110352  26.763  -16.344  48.507 0.0000000000
44654  26.781  -16.245  47.848 0.0000000000
56938  48.578  -4.505  34.169 0.0000000000
65400  49.940  5.123  36.854 0.0000000000
110713  49.164  0.430  41.019 0.0000000000
106846  48.341  0.722  40.351 0.0000000000
61500  47.619  0.977  40.398 0.0000000000
55054  40.812  -6.812  38.148 0.0000000000
55064  41.013  -6.230  37.924 0.0000000000
56007  40.890  -5.837  37.306 0.0000000000
55073  40.467  -6.322  36.834 0.0000000000
55084  40.150  -6.367  36.153 0.0000000000
54040  40.081  -7.035  36.806 0.0000000000
46965  32.454  -14.328  41.347 0.0000000000
46966  31.728  -13.889  41.204 0.0000000000
67301  52.723  6.297  25.768 0.0000000000
67311  52.386  6.506  24.815 0.0000000000
44614  26.570  -16.356  51.443 0.0000000000
44602  26.524  -16.211  52.519 0.0000000000
109346  23.953  -16.726  54.853 0.0000000000
107502  24.082  -16.781  53.395 0.0000000000
125292  22.494  -17.514  53.166 0.0000000000
49788  33.104  -12.213  54.908 0.0000000000
47817  31.981  -12.607  54.932 0.0000000000
45678  27.842  -15.707  52.288 0.0000000000
51905  43.481  -9.256  46.936 0.0000000000
51898  43.640  -9.385  47.973 0.0000000000
52836  43.964  -8.719  47.621 0.0000000000
52845  43.845  -8.541  46.647 0.0000000000
52844  44.337  -7.757  46.370 0.0000000000
51949  40.846  -9.966  41.019 0.0000000000
51948  41.335  -9.639  41.617 0.0000000000
126020  41.184  -9.322  41.008 0.0000000000
51965  40.818  -9.441  40.454 0.0000000000
112129  40.491  -9.616  39.942 0.0000000000
51982  40.292  -9.461  39.468 0.0000000000
49038  37.794  -12.745  39.252 0.0000000000
49058  37.568  -12.520  38.494 0.0000000000
49059  36.874  -12.886  38.184 0.0000000000
49068  36.627  -12.630  37.464 0.0000000000
46984  26.426  -14.157  40.612 0.0000000000
48050  26.987  -13.708  40.075 0.0000000000
65487  48.815  4.366  27.588 0.0000000000
64511  48.514  4.157  26.870 0.0000000000
64512  47.703  3.708  26.939 0.0000000000
43702  23.554  -17.376  42.438 0.0000000000
43619  22.647  -17.166  48.282 0.0000000000
40738  18.283  -20.264  45.497 0.0000000000
44651  38.477  -16.521  48.882 0.0000000000
44650  39.006  -16.318  48.520 0.0000000000
45754  38.806  -16.139  47.544 0.0000000000
44668  38.154  -16.503  47.020 0.0000000000
44684  38.009  -16.402  46.124 0.0000000000
45774  34.979  -15.447  46.144 0.0000000000
46890  33.691  -14.588  45.799 0.0000000000
122977  31.225  -13.737  50.766 0.0000000000
125165  31.752  -13.528  50.262 0.0000000000
46892  29.396  -13.828  45.793 0.0000000000
107501  30.038  -13.544  46.132 0.0000000000
107781  29.138  -13.662  44.146 0.0000000000
44739  24.563  -16.856  43.778 0.0000000000
44738  25.018  -16.432  43.310 0.0000000000
44753  24.548  -16.803  43.020 0.0000000000
43701  24.237  -16.966  42.307 0.0000000000
60637  47.020  -0.996  33.143 0.0000000000
42588  21.586  -17.399  57.605 0.0000000000
123720  19.922  -19.168  56.304 0.0000000000
39648  15.766  -21.938  53.856 0.0000000000
39634  16.365  -21.610  54.347 0.0000000000
39647  16.463  -21.467  53.472 0.0000000000
113288  15.851  -21.594  52.221 0.0000000000
38695  15.173  -21.959  51.925 0.0000000000
66359  54.086  6.409  29.846 0.0000000000
67254  50.655  6.405  31.084 0.0000000000
113227  47.751  3.431  33.489 0.0000000000
63484  47.719  2.463  33.898 0.0000000000
60600  51.348  -0.634  36.076 0.0000000000
63384  51.007  3.080  40.615 0.0000000000
63399  51.461  2.425  40.022 0.0000000000
62436  51.627  1.292  40.597 0.0000000000
59603  49.900  -2.776  39.434 0.0000000000
58678  50.215  -2.648  39.475 0.0000000000
58688  49.953  -3.417  39.072 0.0000000000
57774  49.991  -3.803  38.627 0.0000000000
57775  49.639  -3.879  38.523 0.0000000000
57785  49.027  -4.288  38.155 0.0000000000
58721  45.845  -1.965  34.765 0.0000000000
59639  45.464  -1.285  35.336 0.0000000000
61450  45.296  0.733  44.779 0.0000000000
55924  45.098  -5.348  43.642 0.0000000000
56842  45.354  -4.648  43.963 0.0000000000
55936  44.706  -5.281  42.709 0.0000000000
58663  44.208  -2.376  40.863 0.0000000000
58679  44.117  -1.660  39.417 0.0000000000
58680  43.709  -2.343  39.062 0.0000000000
57824  41.468  -3.376  34.545 0.0000000000
57823  41.969  -2.864  35.019 0.0000000000
57838  41.496  -3.260  33.606 0.0000000000
57849  41.071  -3.719  32.085 0.0000000000
57839  40.931  -3.664  33.072 0.0000000000
55129  38.444  -6.294  32.370 0.0000000000
55147  37.984  -6.715  30.692 0.0000000000
52037  38.204  -9.762  35.371 0.0000000000
44735  36.234  -16.452  42.732 0.0000000000
45848  36.814  -15.898  42.344 0.0000000000
44758  36.270  -16.205  41.868 0.0000000000
45913  33.875  -15.758  37.881 0.0000000000
47052  33.372  -15.410  36.504 0.0000000000
47053  32.732  -15.397  36.345 0.0000000000
121867  28.732  -13.104  37.052 0.0000000000
48126  28.193  -13.042  36.157 0.0000000000
63589  48.377  2.512  23.274 0.0000000000
45655  27.829  -14.852  55.590 0.0000000000
128365  27.154  -15.517  54.720 0.0000000000
45656  26.887  -15.143  55.771 0.0000000000
45657  25.913  -15.556  55.682 0.0000000000
45658  25.083  -15.532  56.342 0.0000000000
46759  29.072  -13.761  55.947 0.0000000000
45654  28.364  -15.079  54.592 0.0000000000
48887  42.183  -12.286  48.649 0.0000000000
48898  41.712  -12.478  47.542 0.0000000000
49922  41.437  -11.652  45.349 0.0000000000
49912  41.719  -11.847  46.848 0.0000000000
49911  41.878  -11.169  46.121 0.0000000000
50921  42.517  -10.481  46.698 0.0000000000
109542  42.275  -10.071  44.672 0.0000000000
49947  41.078  -11.332  43.244 0.0000000000
50993  41.038  -10.919  42.443 0.0000000000
49991  40.098  -11.527  41.283 0.0000000000
48991  40.045  -11.984  41.898 0.0000000000
48993  38.886  -12.871  41.226 0.0000000000
48044  38.256  -13.279  40.795 0.0000000000
44791  23.993  -16.490  38.828 0.0000000000
62586  44.931  1.652  28.884 0.0000000000
62593  44.982  1.665  27.951 0.0000000000
62594  44.541  0.990  27.399 0.0000000000
44706  25.201  -16.556  45.230 0.0000000000
43674  24.166  -17.066  44.450 0.0000000000
44707  24.486  -16.829  45.189 0.0000000000
43675  23.713  -17.153  45.130 0.0000000000
43662  22.192  -17.380  45.927 0.0000000000
42659  20.466  -18.252  49.652 0.0000000000
42666  20.350  -18.231  48.772 0.0000000000
42660  19.843  -18.741  49.315 0.0000000000
41686  18.761  -19.775  48.634 0.0000000000
40711  18.180  -20.314  47.351 0.0000000000
122729  17.757  -20.636  47.302 0.0000000000
40712  17.753  -20.590  47.815 0.0000000000
39725  17.152  -20.887  48.971 0.0000000000
39737  16.581  -21.356  47.547 0.0000000000
39727  15.805  -21.675  47.892 0.0000000000
45686  38.185  -14.918  51.748 0.0000000000
110497  36.920  -15.525  50.742 0.0000000000
44653  37.268  -16.318  49.061 0.0000000000
109087  37.394  -16.503  48.260 0.0000000000
46849  35.116  -15.049  48.761 0.0000000000
45736  35.080  -15.193  47.874 0.0000000000
45704  29.039  -14.965  50.004 0.0000000000
46837  29.077  -14.816  49.064 0.0000000000
45775  27.940  -15.250  47.145 0.0000000000
46865  28.459  -14.934  47.474 0.0000000000
46878  28.483  -14.730  46.804 0.0000000000
45795  27.872  -15.043  46.355 0.0000000000
106693  25.563  -16.489  46.082 0.0000000000
44705  25.884  -16.228  45.415 0.0000000000
122666  25.206  -16.511  44.681 0.0000000000
58742  49.605  -1.983  33.131 0.0000000000
38683  14.576  -22.767  53.683 0.0000000000
112049  49.116  3.726  35.072 0.0000000000
114781  51.372  2.138  36.349 0.0000000000
62496  51.146  1.643  36.101 0.0000000000
63450  51.738  2.252  36.800 0.0000000000
61471  50.589  0.755  42.463 0.0000000000
60548  50.904  0.156  41.913 0.0000000000
117820  50.531  -0.041  41.635 0.0000000000
61517  49.577  -0.218  40.504 0.0000000000
60578  49.732  -1.740  39.686 0.0000000000
60579  48.895  -0.928  38.878 0.0000000000
61531  47.711  0.293  38.682 0.0000000000
60580  48.039  -0.257  38.290 0.0000000000
60590  46.662  -0.101  37.517 0.0000000000
55027  43.224  -6.079  40.927 0.0000000000
55948  43.876  -5.492  41.368 0.0000000000
55964  42.800  -5.849  40.238 0.0000000000
106926  42.493  -5.002  39.059 0.0000000000
55979  43.108  -5.101  39.920 0.0000000000
56871  43.027  -4.360  39.316 0.0000000000
56879  42.537  -4.300  38.576 0.0000000000
122370  42.597  -3.717  38.198 0.0000000000
56016  40.988  -5.259  36.835 0.0000000000
56903  41.375  -4.574  36.735 0.0000000000
56916  40.514  -4.814  35.165 0.0000000000
56028  40.019  -5.490  34.949 0.0000000000
56043  39.597  -5.788  34.369 0.0000000000
55099  38.884  -6.951  34.135 0.0000000000
51116  35.858  -10.706  34.394 0.0000000000
51163  33.577  -10.573  31.461 0.0000000000
45858  34.637  -16.050  41.816 0.0000000000
45859  34.027  -15.583  41.393 0.0000000000
46996  32.675  -14.810  39.578 0.0000000000
45901  33.084  -15.414  38.768 0.0000000000
122723  51.527  6.361  23.371 0.0000000000
67321  52.008  6.868  22.875 0.0000000000
67333  51.522  6.312  22.465 0.0000000000
67341  51.700  6.155  21.767 0.0000000000
66433  51.154  5.716  22.147 0.0000000000
112627  26.372  -16.489  49.689 0.0000000000
44627  24.705  -16.685  50.148 0.0000000000
44628  23.888  -16.815  50.066 0.0000000000
44617  24.177  -16.755  50.830 0.0000000000
117167  25.562  -16.374  53.393 0.0000000000
44603  25.585  -16.465  52.687 0.0000000000
43590  23.246  -17.114  51.837 0.0000000000
43599  23.303  -17.021  50.867 0.0000000000
43601  21.777  -17.630  50.342 0.0000000000
43592  21.927  -17.647  51.175 0.0000000000
42638  21.392  -17.913  51.619 0.0000000000
42640  19.983  -18.823  51.078 0.0000000000
41640  19.960  -18.960  51.985 0.0000000000
48834  34.100  -12.209  54.631 0.0000000000
49795  34.616  -11.917  54.458 0.0000000000
47830  34.601  -12.577  54.334 0.0000000000
113389  35.518  -13.121  53.792 0.0000000000
47846  34.637  -13.200  53.786 0.0000000000
126668  32.307  -13.540  52.863 0.0000000000
47864  31.831  -13.664  52.301 0.0000000000
46780  30.593  -13.820  55.004 0.0000000000
113520  29.832  -14.690  52.583 0.0000000000
45688  29.090  -15.053  50.855 0.0000000000
112286  27.247  -16.190  50.846 0.0000000000
45722  27.500  -16.077  50.038 0.0000000000
44638  27.054  -16.306  49.288 0.0000000000
56038  48.165  -5.949  35.039 0.0000000000
64312  49.718  2.852  42.912 0.0000000000
62397  49.158  1.802  43.671 0.0000000000
118740  49.075  1.377  43.444 0.0000000000
112483  44.620  -6.862  45.103 0.0000000000
54973  45.117  -6.438  46.066 0.0000000000
54984  44.855  -6.280  44.518 0.0000000000
53933  44.263  -6.989  44.133 0.0000000000
52861  42.797  -8.870  43.992 0.0000000000
52869  42.989  -8.031  43.047 0.0000000000
52879  42.776  -7.781  42.300 0.0000000000
53956  43.440  -7.264  42.741 0.0000000000
53967  42.520  -7.537  41.545 0.0000000000
52907  41.078  -8.210  39.936 0.0000000000
53996  40.796  -7.685  38.936 0.0000000000
52921  40.418  -8.180  38.610 0.0000000000
52936  40.161  -7.985  37.921 0.0000000000
108150  39.610  -9.515  38.167 0.0000000000
113861  39.477  -9.116  37.422 0.0000000000
52023  38.757  -9.816  36.525 0.0000000000
52009  38.838  -10.099  37.044 0.0000000000
50035  39.410  -11.320  39.644 0.0000000000
50068  37.750  -11.677  37.365 0.0000000000
50067  38.345  -11.360  37.735 0.0000000000
50097  37.301  -11.127  35.905 0.0000000000
50083  36.837  -11.724  36.335 0.0000000000
49094  36.104  -12.071  36.064 0.0000000000
49095  35.331  -12.452  35.789 0.0000000000
50100  34.978  -12.077  35.129 0.0000000000
49096  34.523  -12.875  35.483 0.0000000000
48025  29.638  -13.467  41.131 0.0000000000
48070  26.816  -13.632  39.219 0.0000000000
48068  28.108  -13.445  39.460 0.0000000000
48090  27.568  -13.420  38.745 0.0000000000
48108  27.283  -13.265  37.716 0.0000000000
48109  26.453  -13.454  37.382 0.0000000000
45917  24.498  -15.660  37.408 0.0000000000
45902  24.776  -14.897  37.821 0.0000000000
45934  25.070  -15.662  36.150 0.0000000000
47074  25.436  -14.801  36.024 0.0000000000
47073  25.926  -14.033  35.838 0.0000000000
66388  50.713  5.029  26.467 0.0000000000
65505  50.312  4.979  25.662 0.0000000000
120491  48.410  3.978  25.556 0.0000000000
65507  48.869  4.285  25.191 0.0000000000
64544  47.740  3.243  24.545 0.0000000000
63558  46.330  2.827  27.079 0.0000000000
64513  46.947  3.246  26.612 0.0000000000
63566  46.363  2.715  26.271 0.0000000000
43691  22.474  -17.546  43.413 0.0000000000
43704  21.739  -17.763  42.646 0.0000000000
43630  24.183  -16.776  47.954 0.0000000000
43648  21.673  -17.480  46.845 0.0000000000
43649  21.232  -17.668  45.924 0.0000000000
42679  19.660  -18.747  47.628 0.0000000000
42678  20.246  -18.246  47.915 0.0000000000
125084  19.559  -18.817  46.959 0.0000000000
41732  18.869  -19.463  45.570 0.0000000000
45718  39.998  -15.753  50.768 0.0000000000
45733  40.208  -15.688  49.409 0.0000000000
45717  40.448  -15.538  50.476 0.0000000000
46847  40.952  -15.209  49.896 0.0000000000
46860  41.160  -14.568  49.027 0.0000000000
46861  40.753  -14.471  47.854 0.0000000000
46874  39.832  -14.715  46.587 0.0000000000
124613  40.414  -14.385  47.006 0.0000000000
46889  39.671  -14.490  45.691 0.0000000000
46888  40.085  -13.782  45.223 0.0000000000
44670  36.908  -16.452  47.543 0.0000000000
44686  36.922  -16.551  46.714 0.0000000000
121818  36.027  -16.427  45.290 0.0000000000
44737  35.446  -16.334  43.908 0.0000000000
118055  35.142  -16.267  43.095 0.0000000000
46907  33.373  -14.566  44.414 0.0000000000
46924  33.395  -14.682  43.505 0.0000000000
46946  32.762  -14.377  42.935 0.0000000000
47879  34.064  -13.705  51.192 0.0000000000
106523  33.004  -13.614  49.129 0.0000000000
47895  33.556  -13.811  49.519 0.0000000000
47910  32.996  -13.763  48.249 0.0000000000
47913  30.332  -13.804  48.534 0.0000000000
47938  31.329  -13.470  46.479 0.0000000000
47923  31.225  -13.472  47.331 0.0000000000
121600  31.894  -13.529  46.893 0.0000000000
109999  32.560  -13.757  46.822 0.0000000000
47937  32.168  -13.674  46.181 0.0000000000
46891  32.876  -14.084  45.744 0.0000000000
111138  30.679  -13.473  43.940 0.0000000000
47968  31.287  -13.542  44.358 0.0000000000
47983  31.241  -13.584  43.375 0.0000000000
121516  30.048  -13.467  42.722 0.0000000000
122058  28.020  -13.787  42.851 0.0000000000
48004  28.530  -13.566  42.491 0.0000000000
46947  27.235  -13.961  41.835 0.0000000000
46948  26.665  -14.520  42.284 0.0000000000
45815  27.084  -15.262  45.111 0.0000000000
45835  26.931  -14.957  44.158 0.0000000000
45851  25.937  -15.416  43.025 0.0000000000
125391  25.706  -15.375  42.310 0.0000000000
45860  26.097  -14.865  41.883 0.0000000000
45862  24.930  -15.770  41.234 0.0000000000
61593  45.283  0.309  31.879 0.0000000000
59693  47.721  -1.557  30.607 0.0000000000
114238  47.614  -5.883  33.220 0.0000000000
46773  25.463  -13.845  55.721 0.0000000000
44557  23.827  -15.160  56.954 0.0000000000
44568  23.998  -15.580  56.934 0.0000000000
44569  23.405  -15.847  57.198 0.0000000000
43558  22.145  -17.250  57.040 0.0000000000
43563  22.694  -17.136  56.286 0.0000000000
43564  22.024  -17.704  55.324 0.0000000000
43573  21.862  -17.820  53.889 0.0000000000
123272  19.763  -19.206  53.589 0.0000000000
42616  20.457  -18.721  53.728 0.0000000000
41641  19.390  -19.493  52.264 0.0000000000
40634  17.484  -20.934  54.764 0.0000000000
120924  17.957  -20.695  55.789 0.0000000000
40619  18.737  -20.144  56.854 0.0000000000
41603  18.731  -20.065  55.467 0.0000000000
39662  17.472  -20.845  52.612 0.0000000000
40658  17.866  -20.554  52.054 0.0000000000
40669  18.406  -20.217  51.882 0.0000000000
39696  17.131  -20.829  50.868 0.0000000000
39713  16.000  -21.317  49.727 0.0000000000
67292  54.287  6.442  27.153 0.0000000000
66386  52.612  5.711  27.072 0.0000000000
66376  53.016  5.814  27.936 0.0000000000
106428  51.414  5.246  28.116 0.0000000000
66370  50.838  5.243  28.791 0.0000000000
67253  52.979  6.815  31.209 0.0000000000
114922  49.759  5.414  29.796 0.0000000000
66361  50.691  5.539  29.626 0.0000000000
125686  49.044  4.601  28.329 0.0000000000
114039  48.552  4.582  28.871 0.0000000000
64481  46.983  3.963  30.196 0.0000000000
64482  46.488  3.427  30.403 0.0000000000
65462  46.768  3.832  30.833 0.0000000000
66341  47.827  5.097  31.157 0.0000000000
64465  47.168  3.344  32.723 0.0000000000
62552  45.958  1.852  32.095 0.0000000000
63500  46.535  1.904  32.868 0.0000000000
62521  47.261  1.287  34.012 0.0000000000
62522  46.579  1.164  33.366 0.0000000000
61579  47.429  0.304  34.273 0.0000000000
118102  49.523  -0.055  35.382 0.0000000000
61567  48.940  0.503  35.244 0.0000000000
60612  48.871  -0.488  34.891 0.0000000000
59650  49.530  -1.355  34.480 0.0000000000
115201  49.905  -3.045  34.580 0.0000000000
64379  51.137  4.333  38.280 0.0000000000
62460  52.246  1.923  38.335 0.0000000000
62472  52.285  1.431  37.842 0.0000000000
118544  52.164  0.570  38.328 0.0000000000
60568  51.450  -0.533  40.530 0.0000000000
59602  51.366  -1.775  38.714 0.0000000000
111488  51.669  -1.122  37.866 0.0000000000
59614  51.371  -1.812  37.913 0.0000000000
58697  51.113  -2.194  37.325 0.0000000000
57797  49.584  -4.376  37.241 0.0000000000
57807  49.609  -4.097  36.204 0.0000000000
56912  49.173  -5.006  36.938 0.0000000000
57798  48.012  -4.655  37.284 0.0000000000
56902  48.147  -5.355  37.137 0.0000000000
56914  47.357  -5.573  36.352 0.0000000000
59616  48.187  -2.025  37.468 0.0000000000
58719  47.180  -3.396  36.153 0.0000000000
62415  47.440  1.652  43.465 0.0000000000
61473  46.488  1.198  42.617 0.0000000000
57717  45.391  -3.990  44.361 0.0000000000
117456  45.379  -2.860  45.433 0.0000000000
127280  45.338  -3.327  44.709 0.0000000000
59553  45.049  -1.949  45.355 0.0000000000
58638  44.978  -2.423  44.477 0.0000000000
55947  44.300  -4.734  41.480 0.0000000000
56848  44.685  -4.678  42.290 0.0000000000
57741  44.594  -4.018  41.785 0.0000000000
59578  44.475  -1.760  42.372 0.0000000000
116262  44.610  -2.500  42.644 0.0000000000
59572  44.518  -1.693  43.052 0.0000000000
122292  44.634  -1.695  43.837 0.0000000000
60560  45.245  -0.223  41.258 0.0000000000
61502  45.858  0.419  40.924 0.0000000000
61487  46.571  1.031  41.604 0.0000000000
61521  45.966  0.432  39.972 0.0000000000
59605  44.254  -1.144  38.261 0.0000000000
108171  45.202  -0.458  37.388 0.0000000000
117712  43.396  -2.290  38.189 0.0000000000
58701  42.856  -2.584  37.306 0.0000000000
58723  42.574  -2.407  35.420 0.0000000000
58709  43.163  -1.850  35.762 0.0000000000
59641  43.873  -1.476  35.191 0.0000000000
59652  43.906  -1.665  34.311 0.0000000000
58734  43.239  -2.032  34.045 0.0000000000
57847  42.463  -3.073  32.241 0.0000000000
56943  39.873  -4.725  33.092 0.0000000000
56957  39.854  -4.639  32.109 0.0000000000
56072  39.404  -5.165  31.664 0.0000000000
55169  39.248  -6.277  30.032 0.0000000000
56107  39.294  -5.702  30.572 0.0000000000
55182  39.689  -6.824  29.661 0.0000000000
54041  39.589  -7.812  36.428 0.0000000000
54054  38.857  -8.034  35.060 0.0000000000
52991  38.133  -8.222  33.975 0.0000000000
54079  38.363  -7.405  33.659 0.0000000000
54080  37.736  -7.753  33.238 0.0000000000
52066  36.264  -9.507  33.526 0.0000000000
52082  35.917  -8.882  32.604 0.0000000000
53045  35.663  -8.808  30.700 0.0000000000
53013  35.771  -8.561  31.844 0.0000000000
53032  36.074  -8.245  31.218 0.0000000000
127360  38.608  -14.732  43.845 0.0000000000
113224  38.100  -14.659  42.703 0.0000000000
128113  36.790  -14.962  40.938 0.0000000000
46963  37.277  -14.716  41.387 0.0000000000
46980  37.177  -14.338  40.703 0.0000000000
46993  36.927  -14.036  40.031 0.0000000000
46994  36.300  -14.581  39.681 0.0000000000
44773  34.902  -16.211  40.631 0.0000000000
45872  34.947  -16.127  40.039 0.0000000000
47013  35.259  -15.097  38.687 0.0000000000
47012  35.997  -14.403  38.981 0.0000000000
48103  35.405  -13.898  37.558 0.0000000000
47050  34.678  -14.537  37.176 0.0000000000
49097  33.801  -13.394  35.080 0.0000000000
48146  33.107  -13.959  34.601 0.0000000000
48066  30.343  -13.595  39.473 0.0000000000
48065  31.239  -13.830  39.753 0.0000000000
48088  29.936  -13.533  38.685 0.0000000000
107815  29.731  -13.383  37.011 0.0000000000
48104  31.393  -14.253  37.538 0.0000000000
48136  28.457  -13.260  35.294 0.0000000000
48149  28.673  -13.586  34.451 0.0000000000
47085  30.539  -14.299  34.097 0.0000000000
48134  30.115  -13.773  35.024 0.0000000000
47071  31.882  -15.091  35.134 0.0000000000
109590  30.827  -14.365  32.339 0.0000000000
48158  31.807  -14.162  33.417 0.0000000000
124551  32.274  -13.617  33.481 0.0000000000
67339  53.163  6.900  21.088 0.0000000000
65515  50.025  5.004  24.030 0.0000000000
65545  49.722  4.210  22.854 0.0000000000
64578  49.852  3.508  22.590 0.0000000000
45642  27.240  -14.287  56.457 0.0000000000
46761  26.527  -14.091  56.657 0.0000000000
45631  25.969  -14.293  56.694 0.0000000000
47931  40.938  -13.175  46.327 0.0000000000
48908  41.374  -12.569  46.647 0.0000000000
128605  40.899  -12.812  45.698 0.0000000000
48919  41.105  -12.323  45.503 0.0000000000
48938  41.017  -12.086  44.821 0.0000000000
49933  41.395  -11.429  44.563 0.0000000000
49948  40.947  -11.905  43.986 0.0000000000
106989  40.572  -12.088  43.256 0.0000000000
110231  40.154  -12.351  42.663 0.0000000000
125564  39.712  -12.564  42.211 0.0000000000
48019  39.147  -13.101  42.114 0.0000000000
63543  45.509  2.344  29.357 0.0000000000
62580  44.527  0.882  29.371 0.0000000000
43644  25.091  -16.617  46.469 0.0000000000
122185  24.517  -16.731  46.461 0.0000000000
124833  23.897  -16.901  46.445 0.0000000000
41664  19.389  -19.285  49.838 0.0000000000
40702  17.750  -20.548  48.632 0.0000000000
46802  37.516  -14.150  52.431 0.0000000000
45687  37.528  -14.866  52.088 0.0000000000
45719  36.623  -15.803  49.444 0.0000000000
45720  36.054  -15.242  50.270 0.0000000000
45737  28.274  -15.378  48.753 0.0000000000
45758  27.359  -15.748  47.546 0.0000000000
45777  26.674  -15.949  46.358 0.0000000000
44688  26.158  -16.370  46.635 0.0000000000
37771  13.877  -23.480  55.021 0.0000000000
64429  49.345  4.748  35.637 0.0000000000
64412  49.855  4.255  36.246 0.0000000000
61486  49.754  0.698  42.616 0.0000000000
106969  49.882  0.290  41.892 0.0000000000
61532  47.047  0.523  38.797 0.0000000000
106585  42.197  -6.306  39.815 0.0000000000
55052  41.887  -6.098  39.233 0.0000000000
55994  41.911  -5.600  38.791 0.0000000000
113304  40.313  -5.636  35.687 0.0000000000
117567  33.586  -15.041  41.915 0.0000000000
46964  33.333  -14.984  41.241 0.0000000000
46997  31.996  -14.303  39.542 0.0000000000
68154  52.863  7.141  24.321 0.0000000000
128639  51.214  6.010  23.709 0.0000000000
108333  26.468  -16.451  50.545 0.0000000000
44615  25.831  -16.524  51.118 0.0000000000
107933  25.252  -16.579  51.800 0.0000000000
122477  22.722  -17.370  52.254 0.0000000000
47815  33.473  -12.278  54.859 0.0000000000
47831  33.638  -12.461  54.694 0.0000000000
47832  33.166  -12.851  54.653 0.0000000000
46782  29.164  -14.766  54.460 0.0000000000
46781  29.922  -14.556  53.959 0.0000000000
45689  28.509  -15.452  51.185 0.0000000000
45690  27.867  -15.770  51.459 0.0000000000
50902  43.299  -10.056  48.398 0.0000000000
52827  44.092  -8.789  48.610 0.0000000000
53908  44.810  -7.281  47.255 0.0000000000
54959  45.243  -6.566  47.021 0.0000000000
111330  44.806  -7.017  46.515 0.0000000000
125601  44.154  -7.649  45.427 0.0000000000
51938  42.130  -9.383  42.926 0.0000000000
51939  41.857  -9.142  42.145 0.0000000000
53968  41.864  -8.056  41.102 0.0000000000
52898  41.258  -8.657  40.583 0.0000000000
51996  40.259  -8.929  38.987 0.0000000000
51997  39.860  -9.729  38.926 0.0000000000
51060  39.290  -10.383  38.326 0.0000000000
50055  37.965  -11.929  38.098 0.0000000000
49080  37.088  -11.991  37.049 0.0000000000
48026  27.932  -13.578  41.285 0.0000000000
48049  27.861  -13.525  40.294 0.0000000000
47016  26.031  -13.849  38.803 0.0000000000
64528  47.476  3.471  26.112 0.0000000000
124953  45.304  1.773  26.350 0.0000000000
63578  45.769  2.174  25.920 0.0000000000
43618  23.522  -16.910  48.489 0.0000000000
43634  20.853  -17.797  47.436 0.0000000000
41719  18.678  -19.797  46.952 0.0000000000
118756  18.616  -19.783  46.214 0.0000000000
44635  39.470  -16.119  50.526 0.0000000000
121843  39.592  -16.098  49.172 0.0000000000
45771  39.358  -15.475  47.079 0.0000000000
45790  39.163  -15.246  46.141 0.0000000000
45791  38.497  -15.790  45.709 0.0000000000
44702  37.349  -16.567  45.670 0.0000000000
45755  35.755  -15.712  47.398 0.0000000000
45773  35.693  -15.918  46.527 0.0000000000
45793  34.906  -15.582  45.323 0.0000000000
45813  34.798  -15.693  44.446 0.0000000000
45794  34.094  -14.992  44.996 0.0000000000
47880  33.388  -13.558  50.642 0.0000000000
47896  32.381  -13.480  49.667 0.0000000000
118216  29.706  -13.906  47.288 0.0000000000
107174  30.729  -13.448  45.964 0.0000000000
47969  30.454  -13.467  44.643 0.0000000000
107958  29.974  -13.453  44.040 0.0000000000
47985  29.583  -13.493  43.330 0.0000000000
46926  27.827  -14.097  43.462 0.0000000000
45817  25.733  -15.973  44.218 0.0000000000
45836  26.177  -15.479  43.807 0.0000000000
45837  25.556  -15.938  43.554 0.0000000000
44762  24.568  -16.360  41.768 0.0000000000
44763  24.057  -16.901  41.415 0.0000000000
43711  23.516  -17.409  41.066 0.0000000000
60638  46.194  -0.598  32.711 0.0000000000
59674  46.767  -1.267  32.392 0.0000000000
111624  49.172  -2.423  31.689 0.0000000000
125445  49.264  -2.095  31.193 0.0000000000
41616  19.967  -19.068  54.470 0.0000000000
112827  19.337  -19.557  53.956 0.0000000000
39622  16.386  -21.768  55.307 0.0000000000
123077  16.877  -21.321  54.757 0.0000000000
122016  17.739  -20.747  54.081 0.0000000000
39646  17.093  -21.119  53.175 0.0000000000
39679  16.405  -21.286  51.840 0.0000000000
120678  16.567  -21.136  51.289 0.0000000000
39680  15.809  -21.504  51.339 0.0000000000
66368  53.449  6.072  28.877 0.0000000000
108254  52.768  5.982  29.449 0.0000000000
66349  51.523  6.143  30.418 0.0000000000
65471  48.909  5.254  30.053 0.0000000000
121149  48.400  4.783  29.572 0.0000000000
66351  48.221  5.047  30.323 0.0000000000
65447  47.660  4.878  32.755 0.0000000000
62497  50.298  1.587  35.714 0.0000000000
59637  50.672  -1.126  35.429 0.0000000000
64359  51.529  3.535  38.690 0.0000000000
126009  51.691  2.807  39.153 0.0000000000
117406  51.963  1.888  39.261 0.0000000000
59597  50.665  -1.844  39.919 0.0000000000
58677  50.771  -2.355  39.355 0.0000000000
58698  50.565  -3.145  38.080 0.0000000000
56889  48.952  -4.929  37.827 0.0000000000
58707  47.391  -2.520  36.401 0.0000000000
58731  46.092  -2.886  34.449 0.0000000000
58732  45.347  -2.229  34.106 0.0000000000
62401  46.052  1.519  44.511 0.0000000000
120396  45.611  -4.670  45.432 0.0000000000
57718  45.176  -4.046  43.478 0.0000000000
116311  44.384  -3.212  41.348 0.0000000000
117782  44.490  -1.441  41.879 0.0000000000
60561  44.730  -0.835  40.696 0.0000000000
127539  45.417  -0.127  39.346 0.0000000000
60572  44.681  -0.841  39.626 0.0000000000
111396  44.344  -1.154  38.884 0.0000000000
57810  42.078  -3.021  35.898 0.0000000000
58735  42.571  -2.396  34.552 0.0000000000
57837  42.143  -2.798  33.150 0.0000000000
57862  41.901  -3.529  31.713 0.0000000000
56073  38.898  -5.677  32.028 0.0000000000
55170  38.698  -6.132  30.634 0.0000000000
52968  38.809  -8.612  35.442 0.0000000000
114632  38.452  -9.174  35.224 0.0000000000
52978  37.853  -8.972  34.242 0.0000000000
122959  34.741  -9.486  31.533 0.0000000000
52083  35.242  -9.054  31.914 0.0000000000
52094  35.123  -9.143  31.097 0.0000000000
45847  37.492  -15.404  42.826 0.0000000000
125880  37.692  -14.886  42.399 0.0000000000
45857  36.667  -15.549  41.498 0.0000000000
115074  36.271  -15.497  40.731 0.0000000000
45900  33.917  -15.848  38.433 0.0000000000
47032  34.227  -15.392  37.540 0.0000000000
47051  34.031  -15.127  36.777 0.0000000000
48106  29.348  -13.348  37.897 0.0000000000
47101  28.561  -14.483  33.303 0.0000000000
48159  29.027  -13.987  33.709 0.0000000000
120435  30.762  -14.470  33.488 0.0000000000
47084  31.422  -14.596  33.828 0.0000000000
65517  48.809  3.943  24.035 0.0000000000
65528  49.475  4.366  23.561 0.0000000000
60652  45.039  -1.187  30.808 0.0000000000
59696  44.771  -1.279  30.004 0.0000000000
45668  26.860  -15.871  53.622 0.0000000000
44593  25.561  -16.195  54.252 0.0000000000
46770  30.045  -13.616  55.588 0.0000000000
126041  29.518  -14.056  55.629 0.0000000000
48888  42.118  -13.157  49.662 0.0000000000
49897  42.475  -11.373  48.186 0.0000000000
50903  42.737  -10.620  47.734 0.0000000000
51906  42.907  -9.746  46.316 0.0000000000
51914  42.823  -9.547  45.383 0.0000000000
50954  41.949  -10.220  43.928 0.0000000000
50971  41.563  -10.706  43.604 0.0000000000
50970  41.823  -10.082  43.284 0.0000000000
51011  40.957  -10.455  41.707 0.0000000000
50015  40.374  -10.807  40.965 0.0000000000
50016  39.731  -11.539  40.562 0.0000000000
49036  39.099  -12.024  40.024 0.0000000000
49017  39.301  -12.275  40.816 0.0000000000
49037  38.455  -12.398  39.617 0.0000000000
45875  25.093  -15.054  39.775 0.0000000000
46999  25.532  -14.409  39.278 0.0000000000
45903  24.407  -15.639  38.315 0.0000000000
44802  24.097  -16.361  37.795 0.0000000000
43752  23.823  -17.939  37.679 0.0000000000
43751  24.079  -17.120  37.317 0.0000000000
64502  47.581  3.797  27.834 0.0000000000
63559  45.631  2.323  27.524 0.0000000000
123565  23.928  -17.215  43.752 0.0000000000
43676  22.166  -17.524  44.286 0.0000000000
43677  21.243  -17.745  44.306 0.0000000000
43609  21.653  -17.601  49.636 0.0000000000
43610  21.111  -17.746  49.052 0.0000000000
41685  19.227  -19.285  48.138 0.0000000000
114928  16.660  -21.574  46.634 0.0000000000
44613  38.559  -15.610  51.244 0.0000000000
44624  39.049  -16.024  50.969 0.0000000000
44636  38.678  -16.378  50.040 0.0000000000
109604  37.888  -16.603  48.146 0.0000000000
124511  37.836  -16.581  47.395 0.0000000000
125421  36.375  -16.094  47.715 0.0000000000
46862  34.353  -14.773  47.451 0.0000000000
46835  30.218  -14.197  49.882 0.0000000000
46852  29.888  -14.224  49.097 0.0000000000
47925  29.592  -14.237  48.177 0.0000000000
127255  29.348  -14.113  46.956 0.0000000000
46877  29.064  -14.245  46.568 0.0000000000
112321  28.232  -14.444  45.068 0.0000000000
46893  27.757  -14.862  45.524 0.0000000000
45797  26.530  -15.808  45.616 0.0000000000
38664  15.648  -22.432  55.690 0.0000000000
38682  15.225  -22.241  53.347 0.0000000000
123556  15.347  -21.986  52.633 0.0000000000
38696  14.680  -22.495  52.643 0.0000000000
37798  13.975  -23.027  52.129 0.0000000000
37799  13.455  -23.626  52.554 0.0000000000
63483  48.598  2.838  34.555 0.0000000000
112108  49.233  2.586  35.145 0.0000000000
118072  49.867  2.282  35.538 0.0000000000
61555  51.517  1.007  36.320 0.0000000000
62424  51.255  1.324  41.666 0.0000000000
61484  51.346  0.492  41.482 0.0000000000
61498  51.234  -0.226  41.257 0.0000000000
60558  51.014  -0.729  40.900 0.0000000000
60559  50.649  -0.603  41.007 0.0000000000
59589  50.695  -1.218  40.435 0.0000000000
118408  47.713  -1.126  37.225 0.0000000000
60601  46.928  -0.714  36.831 0.0000000000
59628  46.069  -0.726  36.376 0.0000000000
55937  44.204  -5.773  42.200 0.0000000000
56855  43.782  -4.880  40.701 0.0000000000
57753  43.793  -3.443  40.030 0.0000000000
58671  43.585  -3.032  39.384 0.0000000000
58690  43.325  -2.949  38.786 0.0000000000
57788  42.438  -3.440  37.573 0.0000000000
56892  41.727  -4.519  37.482 0.0000000000
57789  41.901  -3.917  37.137 0.0000000000
57800  41.677  -3.750  36.314 0.0000000000
56926  40.998  -4.026  34.925 0.0000000000
56059  39.486  -5.439  33.496 0.0000000000
55128  38.972  -5.868  32.933 0.0000000000
51114  37.302  -10.219  34.857 0.0000000000
51134  36.234  -10.160  34.126 0.0000000000
52068  34.803  -9.905  32.936 0.0000000000
52084  34.714  -9.628  32.235 0.0000000000
44759  35.733  -16.383  41.713 0.0000000000
44760  35.130  -16.335  41.483 0.0000000000
45873  34.472  -16.032  40.066 0.0000000000
45874  33.853  -15.691  40.397 0.0000000000
45886  34.005  -15.945  39.554 0.0000000000
120218  33.754  -15.840  38.850 0.0000000000
47033  32.751  -15.429  37.239 0.0000000000
48151  27.029  -13.779  34.974 0.0000000000
48137  27.530  -13.318  35.489 0.0000000000
47088  27.439  -14.182  34.327 0.0000000000
45980  27.773  -14.770  33.641 0.0000000000
45981  27.780  -15.691  33.253 0.0000000000
127598  28.183  -15.103  33.082 0.0000000000
68181  52.570  7.301  22.367 0.0000000000
66448  51.488  5.518  21.660 0.0000000000
64595  51.145  4.339  21.768 0.0000000000
44656  25.591  -16.574  48.471 0.0000000000
118452  25.008  -16.664  48.905 0.0000000000
124430  25.094  -16.647  49.546 0.0000000000
44641  23.683  -16.867  49.270 0.0000000000
43608  22.305  -17.373  49.767 0.0000000000
117127  24.450  -16.707  51.631 0.0000000000
42650  20.548  -18.297  50.569 0.0000000000
128029  19.047  -19.693  51.058 0.0000000000
47829  35.624  -12.397  53.974 0.0000000000
47861  34.249  -13.606  52.564 0.0000000000
47862  33.406  -13.495  52.593 0.0000000000
119004  31.850  -13.551  51.215 0.0000000000
47818  31.186  -13.181  55.112 0.0000000000
47834  31.332  -13.669  54.408 0.0000000000
47850  31.256  -14.002  52.907 0.0000000000
46820  30.495  -14.166  50.866 0.0000000000
46821  29.678  -14.626  50.438 0.0000000000
112988  27.766  -15.771  49.364 0.0000000000
65355  50.663  5.303  39.358 0.0000000000
64343  50.713  4.414  40.113 0.0000000000
116880  50.440  3.663  41.189 0.0000000000
63368  50.797  2.355  41.733 0.0000000000
117527  50.768  1.346  42.379 0.0000000000
62411  50.268  1.282  42.921 0.0000000000
63355  49.800  1.897  43.311 0.0000000000
61472  50.139  0.784  42.806 0.0000000000
62426  48.398  1.204  42.239 0.0000000000
55910  45.532  -5.292  45.329 0.0000000000
54983  45.234  -5.641  44.484 0.0000000000
51920  43.274  -8.844  45.153 0.0000000000
53934  43.650  -8.125  44.943 0.0000000000
107585  43.637  -7.830  44.242 0.0000000000
52870  42.626  -8.780  43.357 0.0000000000
113970  43.163  -8.290  43.749 0.0000000000
54995  44.090  -6.721  43.252 0.0000000000
55004  43.855  -6.491  42.466 0.0000000000
55014  42.872  -6.770  41.248 0.0000000000
53994  41.887  -7.007  40.068 0.0000000000
55040  41.608  -6.708  39.354 0.0000000000
54008  41.068  -7.075  38.829 0.0000000000
54025  40.375  -7.294  37.634 0.0000000000
52951  39.515  -8.474  36.887 0.0000000000
52922  39.934  -8.756  38.178 0.0000000000
52022  39.143  -9.158  36.630 0.0000000000
51100  38.340  -10.151  35.984 0.0000000000
51048  39.630  -10.572  39.239 0.0000000000
51061  38.819  -11.054  38.145 0.0000000000
51075  38.718  -10.639  37.488 0.0000000000
51101  37.721  -10.419  35.497 0.0000000000
51102  36.981  -10.807  35.262 0.0000000000
50115  36.243  -11.107  35.018 0.0000000000
50116  35.441  -11.364  34.757 0.0000000000
50117  34.581  -11.626  34.462 0.0000000000
48023  31.095  -13.621  41.705 0.0000000000
48046  31.165  -13.702  40.760 0.0000000000
121457  29.922  -13.513  39.886 0.0000000000
48067  29.457  -13.474  39.472 0.0000000000
107048  28.723  -13.455  39.927 0.0000000000
106904  28.723  -13.423  39.299 0.0000000000
48107  28.293  -13.213  38.008 0.0000000000
47017  25.351  -14.308  38.330 0.0000000000
48092  25.858  -13.761  37.886 0.0000000000
45916  24.919  -14.977  36.828 0.0000000000
48110  25.803  -13.762  37.123 0.0000000000
47056  26.302  -13.546  36.496 0.0000000000
48138  26.669  -13.578  35.682 0.0000000000
66406  51.211  5.678  24.887 0.0000000000
114407  49.961  4.862  24.952 0.0000000000
127270  48.819  4.172  24.650 0.0000000000
109499  48.253  3.461  24.133 0.0000000000
64557  47.919  2.910  23.832 0.0000000000
127363  47.323  3.284  25.625 0.0000000000
63577  46.413  2.529  25.477 0.0000000000
63576  47.118  2.956  25.101 0.0000000000
43703  22.690  -17.594  42.523 0.0000000000
44674  24.730  -16.667  47.586 0.0000000000
43645  24.152  -16.796  47.135 0.0000000000
43631  23.404  -16.955  47.676 0.0000000000
42690  19.716  -18.635  46.408 0.0000000000
42699  20.298  -18.200  45.947 0.0000000000
42711  19.932  -18.429  44.912 0.0000000000
42712  19.598  -18.774  43.824 0.0000000000
119476  41.878  -13.720  50.641 0.0000000000
47932  40.831  -13.820  47.104 0.0000000000
46904  39.860  -13.601  44.390 0.0000000000
122632  39.234  -13.833  43.400 0.0000000000
109840  39.242  -14.154  43.941 0.0000000000
45810  38.363  -15.625  44.892 0.0000000000
45830  38.195  -15.396  44.137 0.0000000000
45831  37.529  -15.906  43.711 0.0000000000
109128  36.886  -16.606  45.271 0.0000000000
44704  36.320  -16.449  46.040 0.0000000000
107915  36.496  -16.542  45.290 0.0000000000
44718  36.590  -16.553  44.615 0.0000000000
108826  36.135  -16.573  43.797 0.0000000000
45849  34.659  -15.921  42.687 0.0000000000
45834  34.064  -15.284  43.112 0.0000000000
48000  32.267  -14.082  42.302 0.0000000000
46819  34.603  -14.138  50.615 0.0000000000
46833  34.195  -14.190  49.627 0.0000000000
125220  34.508  -14.601  49.022 0.0000000000
121728  33.716  -14.409  47.156 0.0000000000
46863  33.097  -13.925  47.370 0.0000000000
46876  33.270  -14.192  46.535 0.0000000000
46908  32.733  -14.126  44.861 0.0000000000
117126  31.623  -13.583  45.029 0.0000000000
47967  32.075  -13.744  44.554 0.0000000000
48001  31.540  -13.717  42.485 0.0000000000
114823  30.131  -13.470  41.931 0.0000000000
126035  29.476  -13.445  41.798 0.0000000000
111901  28.784  -13.469  41.719 0.0000000000
115293  27.580  -14.459  44.019 0.0000000000
46927  27.258  -14.507  43.513 0.0000000000
46968  25.937  -14.715  41.096 0.0000000000
45876  24.697  -15.698  40.315 0.0000000000
44782  24.122  -16.320  39.932 0.0000000000
44775  23.840  -16.928  40.542 0.0000000000
44783  23.697  -17.070  39.648 0.0000000000
62553  45.363  1.237  31.581 0.0000000000
62566  45.014  1.334  30.714 0.0000000000
61604  44.944  0.563  31.292 0.0000000000
60646  44.942  -0.431  31.314 0.0000000000
59684  45.511  -1.104  31.525 0.0000000000
59682  47.608  -1.543  31.895 0.0000000000
111524  47.317  -1.558  31.232 0.0000000000
56971  47.671  -4.896  31.587 0.0000000000
47808  25.871  -13.921  56.532 0.0000000000
45632  25.444  -14.586  56.627 0.0000000000
45633  24.723  -14.620  56.594 0.0000000000
127045  24.574  -15.530  56.678 0.0000000000
44583  23.277  -16.969  55.485 0.0000000000
44559  22.793  -15.726  57.447 0.0000000000
42615  21.163  -18.228  53.294 0.0000000000
42627  20.544  -18.575  52.621 0.0000000000
41617  19.471  -19.495  55.162 0.0000000000
40646  18.248  -20.399  53.724 0.0000000000
41631  18.774  -19.957  53.358 0.0000000000
41642  18.837  -19.918  52.499 0.0000000000
109473  18.538  -20.082  51.016 0.0000000000
40681  17.732  -20.537  50.387 0.0000000000
120087  16.506  -21.172  49.173 0.0000000000
39697  16.326  -21.198  50.595 0.0000000000
38721  14.373  -22.461  50.674 0.0000000000
66397  52.191  5.769  26.223 0.0000000000
66387  51.628  5.382  26.707 0.0000000000
66378  51.076  5.071  27.288 0.0000000000
65493  50.193  4.759  27.088 0.0000000000
67265  53.596  6.505  30.490 0.0000000000
66360  51.666  5.712  29.530 0.0000000000
65479  49.856  4.929  28.475 0.0000000000
64493  47.444  3.943  28.637 0.0000000000
118290  46.875  3.642  28.971 0.0000000000
64488  47.246  4.006  29.428 0.0000000000
66340  48.943  6.138  31.574 0.0000000000
65454  46.878  3.951  31.502 0.0000000000
64473  46.484  3.368  31.180 0.0000000000
61586  46.224  0.287  33.136 0.0000000000
60629  47.234  -0.470  33.785 0.0000000000
59649  50.230  -1.632  34.799 0.0000000000
57819  49.456  -3.890  35.293 0.0000000000
65399  50.457  4.726  37.381 0.0000000000
64395  51.030  4.006  37.600 0.0000000000
63432  51.509  3.062  37.133 0.0000000000
62484  52.109  1.623  37.065 0.0000000000
61554  51.972  1.129  36.762 0.0000000000
117993  51.836  0.292  36.704 0.0000000000
125108  51.634  -0.813  39.741 0.0000000000
126284  51.936  -0.216  38.851 0.0000000000
115036  51.985  -0.139  37.777 0.0000000000
60599  51.729  -0.725  36.949 0.0000000000
59625  51.370  -1.425  36.544 0.0000000000
114764  51.021  -2.071  36.373 0.0000000000
56901  48.668  -5.325  37.287 0.0000000000
56014  48.201  -5.821  36.785 0.0000000000
58699  48.644  -3.270  37.946 0.0000000000
110815  47.708  -3.715  36.904 0.0000000000
62414  48.514  1.475  43.333 0.0000000000
62438  47.540  1.236  41.375 0.0000000000
59554  45.026  -1.120  45.889 0.0000000000
109103  44.895  -3.315  43.037 0.0000000000
118202  44.689  -3.279  42.196 0.0000000000
128562  44.858  -0.047  44.739 0.0000000000
60528  44.881  -0.057  44.083 0.0000000000
61474  45.654  0.591  42.829 0.0000000000
60549  45.142  -0.182  42.179 0.0000000000
61520  46.852  0.752  39.675 0.0000000000
111580  45.670  0.013  38.598 0.0000000000
61544  46.406  0.249  38.264 0.0000000000
125769  45.495  -0.544  36.711 0.0000000000
121644  45.268  -0.793  36.098 0.0000000000
59618  43.827  -1.527  37.843 0.0000000000
111202  43.235  -1.886  36.655 0.0000000000
118306  43.804  -1.375  36.996 0.0000000000
59629  44.424  -0.957  36.489 0.0000000000
58733  44.515  -1.946  33.825 0.0000000000
58745  43.435  -2.284  33.283 0.0000000000
56956  40.406  -4.157  32.581 0.0000000000
128512  39.451  -5.234  30.983 0.0000000000
56988  39.956  -5.338  30.508 0.0000000000
54065  39.209  -7.240  34.992 0.0000000000
54093  38.049  -6.995  32.770 0.0000000000
52049  37.542  -9.614  34.528 0.0000000000
52065  37.183  -9.244  33.875 0.0000000000
53011  37.081  -8.039  32.823 0.0000000000
109760  36.847  -7.803  32.192 0.0000000000
46962  37.888  -14.388  41.967 0.0000000000
48045  37.599  -13.643  40.392 0.0000000000
48063  37.386  -13.391  39.635 0.0000000000
45871  35.607  -15.944  40.457 0.0000000000
45883  35.971  -15.342  40.058 0.0000000000
45884  34.925  -15.777  39.265 0.0000000000
48085  36.432  -13.612  38.579 0.0000000000
48102  36.165  -13.359  37.870 0.0000000000
49083  34.837  -13.248  36.156 0.0000000000
48122  34.406  -14.184  36.470 0.0000000000
49111  33.455  -12.869  34.392 0.0000000000
109447  31.685  -14.167  39.051 0.0000000000
125631  32.189  -14.806  37.606 0.0000000000
47034  32.116  -14.940  36.851 0.0000000000
128543  28.720  -13.140  35.833 0.0000000000
48125  30.014  -13.549  36.094 0.0000000000
47070  32.474  -15.206  35.584 0.0000000000
47083  32.616  -14.883  34.943 0.0000000000
128453  31.934  -14.593  33.916 0.0000000000
49120  32.471  -12.710  33.171 0.0000000000
66407  50.818  5.649  24.037 0.0000000000
65527  50.003  4.824  23.016 0.0000000000
66434  50.592  5.242  22.541 0.0000000000
119291  51.429  3.659  21.802 0.0000000000
123453  48.813  1.361  22.731 0.0000000000
62567  44.599  0.860  30.103 0.0000000000
61631  44.337  0.046  29.109 0.0000000000
116281  44.446  -0.693  29.633 0.0000000000
45861  25.526  -15.286  41.558 0.0000000000
46751  25.667  -14.157  56.593 0.0000000000
47800  26.066  -14.101  56.669 0.0000000000
48135  29.248  -13.312  35.578 0.0000000000
48833  34.860  -12.122  54.397 0.0000000000
51175  33.632  -10.756  30.758 0.0000000000
57764  43.410  -3.688  39.434 0.0000000000
65559  51.649  4.926  21.493 0.0000000000
112155  33.671  -11.996  54.754 0.0000000000
122120  18.154  -20.323  50.690 0.0000000000
124142  41.158  -12.605  46.020 0.0000000000
125653  43.345  -3.327  39.095 0.0000000000
126684  38.150  -16.359  50.028 0.0000000000
127264  37.321  -16.305  44.210 0.0000000000
128217  39.643  -5.840  30.246 0.0000000000
