#!ascii label  , from subject sub-v1s11x0050165_ses-1 vox2ras=TkReg
1150
23502  44.992  -40.124  -17.389 0.6000000238
23501  46.500  -40.145  -17.181 0.5000000000
121067  43.819  -39.312  -15.540 0.6999999881
107960  42.963  -38.737  -15.978 0.6000000238
25292  42.978  -38.701  -17.025 0.6000000238
25282  42.169  -37.723  -16.053 0.6000000238
109455  45.189  -39.927  -16.401 0.6999999881
108252  44.307  -39.704  -16.898 0.6000000238
24396  43.629  -39.329  -16.399 0.5000000000
25298  42.813  -38.310  -18.162 0.5000000000
25293  42.294  -37.880  -17.136 0.6000000238
26208  41.405  -37.048  -15.770 0.6000000238
24411  46.104  -39.811  -16.338 0.5000000000
125643  45.703  -40.184  -16.975 0.5000000000
24423  44.277  -39.637  -18.033 0.6000000238
24421  48.969  -39.121  -18.050 0.5000000000
24420  49.864  -39.137  -18.342 0.5000000000
26179  42.249  -37.275  -13.630 0.6000000238
27035  41.949  -36.834  -13.313 0.6999999881
24378  44.524  -39.268  -15.014 0.6000000238
107608  43.577  -38.927  -14.939 0.6999999881
26195  42.625  -37.808  -13.993 0.6000000238
25265  42.249  -37.754  -14.982 0.6000000238
26196  41.772  -37.133  -14.620 0.6000000238
24394  45.534  -39.424  -15.510 0.6000000238
24395  44.483  -39.619  -15.869 0.6999999881
24410  47.138  -39.403  -16.642 0.5000000000
26197  41.122  -36.439  -15.080 0.6000000238
24422  47.660  -39.816  -17.513 0.5000000000
26209  41.010  -36.653  -15.589 0.6000000238
24409  48.221  -38.955  -17.114 0.5000000000
26210  40.689  -36.873  -15.582 0.6000000238
27045  39.891  -36.393  -14.240 0.6999999881
26198  40.096  -37.027  -14.782 0.6000000238
26181  39.417  -37.439  -13.850 0.6999999881
25266  39.457  -38.194  -14.344 0.6000000238
25250  38.630  -38.328  -13.598 0.6000000238
27039  35.557  -36.472  -13.809 0.5000000000
27862  34.412  -35.599  -14.366 0.6999999881
27046  35.124  -36.776  -14.297 0.6000000238
27047  34.445  -36.434  -14.469 0.6999999881
27018  42.066  -36.518  -12.722 0.6000000238
115407  41.382  -36.263  -13.539 0.6999999881
25249  43.943  -38.051  -13.589 0.6999999881
111437  43.267  -38.013  -13.730 0.6999999881
26178  43.284  -37.588  -13.257 0.6000000238
26180  41.495  -36.637  -14.142 0.6999999881
25262  45.433  -38.762  -14.688 0.6000000238
25263  44.456  -38.590  -14.199 0.6000000238
109506  40.912  -36.069  -14.387 0.8000000119
25261  46.222  -38.019  -14.600 0.5000000000
27036  40.273  -35.794  -14.071 0.8000000119
25280  47.059  -38.441  -15.537 0.5000000000
24393  46.623  -39.110  -15.862 0.5000000000
27044  40.684  -36.374  -14.873 0.6000000238
24408  49.128  -38.985  -17.541 0.5000000000
27037  39.571  -35.961  -13.454 0.8000000119
26166  38.790  -36.740  -12.799 0.6999999881
122961  39.314  -36.869  -13.430 0.6999999881
26167  37.971  -37.257  -12.562 0.6999999881
26182  38.704  -37.495  -13.134 0.6999999881
26168  37.176  -37.180  -12.631 0.6000000238
113230  38.090  -37.959  -12.975 0.6000000238
27038  36.075  -36.580  -13.277 0.6999999881
26183  37.375  -37.813  -12.937 0.6999999881
27861  35.110  -36.021  -14.112 0.8000000119
26185  35.743  -37.153  -13.783 0.6000000238
28735  34.331  -34.609  -14.436 0.8999999762
115704  32.754  -35.039  -14.565 0.6999999881
27863  33.532  -35.285  -14.490 0.6999999881
27019  41.452  -35.997  -12.842 0.6999999881
28715  40.857  -34.649  -12.203 0.6999999881
26165  42.680  -37.060  -12.863 0.6000000238
27835  40.363  -34.959  -13.143 0.6000000238
27033  44.508  -36.609  -12.783 0.4000000060
26177  44.444  -37.303  -13.156 0.6000000238
27017  43.022  -36.454  -12.290 0.6000000238
27851  40.767  -35.627  -13.580 0.6999999881
26193  46.194  -37.227  -14.174 0.4000000060
26194  45.541  -37.932  -14.113 0.5000000000
27852  40.169  -35.315  -13.625 0.8000000119
125186  46.771  -38.126  -14.936 0.5000000000
27853  39.947  -35.310  -13.621 0.8000000119
25279  47.769  -38.551  -15.702 0.4000000060
27020  38.926  -36.013  -12.605 0.8000000119
27021  38.198  -36.365  -12.275 0.8000000119
27839  36.782  -35.777  -12.208 0.8000000119
27838  37.612  -35.752  -11.912 0.6999999881
27854  36.277  -36.018  -12.801 0.8000000119
27022  37.386  -36.528  -12.315 0.6999999881
117972  35.740  -34.954  -13.388 0.8999999762
27855  35.768  -35.774  -13.478 0.8999999762
27023  36.678  -36.621  -12.655 0.6999999881
112860  35.273  -35.109  -14.102 0.8999999762
126587  32.162  -34.267  -14.956 0.8000000119
27864  32.048  -35.290  -14.624 0.8000000119
28736  33.221  -34.414  -14.626 0.8000000119
27820  41.692  -35.074  -11.668 0.6999999881
28701  40.804  -33.916  -11.882 0.6000000238
27833  42.140  -35.884  -12.055 0.6000000238
28716  40.140  -34.192  -12.645 0.6999999881
27016  44.121  -36.065  -12.317 0.4000000060
118588  43.263  -35.780  -11.888 0.5000000000
27850  45.002  -35.997  -12.943 0.5000000000
28727  39.985  -34.821  -13.283 0.6999999881
109324  45.637  -36.100  -13.519 0.5000000000
27032  45.479  -37.050  -13.657 0.6000000238
26176  46.676  -36.820  -13.953 0.4000000060
27031  46.210  -36.404  -13.819 0.4000000060
28702  38.103  -34.137  -11.615 0.8000000119
126876  39.053  -34.959  -12.334 0.8000000119
26192  46.847  -37.508  -14.462 0.4000000060
27837  38.532  -35.475  -12.117 0.8000000119
27836  39.434  -35.250  -12.860 0.8000000119
25260  47.290  -38.155  -14.956 0.3000000119
115666  36.561  -35.017  -12.042 0.8000000119
28704  36.620  -34.400  -11.804 0.8000000119
28718  36.246  -34.544  -12.234 0.8000000119
27823  37.074  -35.074  -11.753 0.8000000119
27840  36.152  -35.212  -12.663 0.8999999762
28728  35.510  -34.319  -13.768 0.8999999762
28734  35.147  -34.207  -14.296 0.8999999762
28737  31.455  -34.884  -14.975 0.8000000119
29527  32.964  -33.812  -14.911 0.8000000119
29526  33.699  -33.816  -14.780 0.8000000119
28700  41.408  -34.365  -11.547 0.6000000238
29493  40.807  -33.245  -11.784 0.6000000238
28699  42.171  -34.419  -11.164 0.6000000238
28714  43.974  -35.076  -11.865 0.4000000060
27819  42.746  -35.180  -11.497 0.4000000060
29508  39.696  -33.585  -12.351 0.6999999881
27832  45.407  -34.741  -13.083 0.5000000000
113235  44.834  -35.271  -12.683 0.4000000060
28717  39.543  -34.394  -12.568 0.6999999881
27849  45.587  -35.333  -13.337 0.5000000000
119640  37.548  -33.670  -11.527 0.8000000119
27821  38.662  -34.656  -11.964 0.8000000119
27822  37.861  -34.958  -11.670 0.8000000119
29511  35.702  -33.281  -12.727 0.8000000119
29519  35.443  -33.499  -13.860 0.8999999762
28719  35.832  -34.298  -12.827 0.8999999762
126066  35.308  -33.872  -14.178 0.8999999762
29525  34.642  -33.708  -14.697 1.0000000000
29535  31.608  -33.678  -15.915 0.8000000119
29533  33.971  -33.333  -15.272 1.0000000000
29534  32.556  -33.498  -15.481 0.8000000119
117599  33.263  -33.471  -15.184 0.8000000119
30265  40.379  -32.685  -12.017 0.6000000238
30255  41.881  -32.668  -11.022 0.6000000238
30266  39.861  -32.983  -12.192 0.6999999881
29490  43.588  -33.654  -11.221 0.4000000060
28698  43.264  -34.362  -11.274 0.4000000060
29491  42.641  -33.493  -10.902 0.4000000060
28697  44.194  -34.101  -11.725 0.4000000060
29494  39.232  -33.029  -12.000 0.6999999881
28712  45.591  -34.093  -13.038 0.5000000000
29489  44.268  -33.186  -11.491 0.4000000060
29509  38.970  -33.797  -12.034 0.8000000119
29495  38.247  -33.195  -11.605 0.8000000119
30267  36.172  -32.744  -11.876 0.8000000119
29497  36.751  -33.542  -11.602 0.8000000119
29510  36.135  -33.794  -12.062 0.8000000119
126559  35.617  -33.881  -13.294 0.8999999762
29524  35.146  -33.293  -14.775 0.8999999762
29532  34.853  -33.193  -15.475 1.0000000000
29543  32.222  -33.256  -16.528 0.8000000119
28741  31.148  -34.414  -15.577 0.8000000119
117102  34.186  -33.022  -15.985 1.0000000000
29542  33.261  -33.092  -16.005 0.8000000119
29492  41.523  -33.574  -11.294 0.6000000238
31068  39.695  -32.335  -12.050 0.6999999881
31055  39.249  -31.518  -11.870 0.6999999881
118261  43.390  -33.027  -10.988 0.4000000060
30257  38.738  -32.314  -11.740 0.8000000119
121301  44.583  -32.438  -11.564 0.4000000060
110401  36.833  -32.729  -11.546 0.8000000119
29496  37.380  -33.090  -11.493 0.8000000119
30277  35.400  -32.686  -14.600 0.8000000119
29531  35.340  -32.814  -15.985 1.0000000000
30292  33.907  -32.860  -17.194 1.0000000000
29544  31.400  -33.703  -17.248 0.8000000119
30293  32.883  -33.034  -17.264 1.0000000000
30300  32.013  -33.268  -18.163 1.0000000000
30298  33.987  -32.753  -18.742 1.0000000000
30299  33.018  -32.977  -18.670 1.0000000000
30308  32.177  -33.182  -19.544 1.0000000000
30306  34.025  -32.767  -19.865 1.0000000000
30307  33.085  -32.920  -19.664 1.0000000000
31054  40.709  -32.087  -11.934 0.6999999881
121550  40.215  -32.184  -12.077 0.6999999881
126005  39.756  -31.182  -12.069 0.6999999881
116704  41.442  -31.974  -11.545 0.6000000238
30239  42.833  -31.738  -10.821 0.5000000000
31056  38.286  -31.505  -11.588 0.8000000119
31051  44.415  -31.527  -11.339 0.4000000060
116259  36.682  -31.984  -11.626 0.8000000119
30268  35.748  -32.208  -12.537 0.8000000119
31069  36.120  -31.734  -12.016 0.8000000119
30272  35.493  -32.537  -13.492 0.6999999881
31086  35.714  -32.058  -15.301 0.8000000119
30282  35.503  -32.636  -15.644 0.8999999762
30291  35.780  -32.608  -16.579 1.0000000000
29539  36.030  -32.756  -17.419 1.0000000000
29541  34.948  -32.976  -16.496 1.0000000000
29540  35.563  -32.764  -16.985 1.0000000000
29558  34.911  -32.732  -18.850 1.0000000000
29552  31.177  -33.915  -18.834 1.0000000000
30316  32.165  -32.901  -19.873 1.0000000000
30315  33.186  -32.517  -19.867 1.0000000000
31067  40.129  -31.649  -12.127 0.6999999881
31929  39.352  -30.735  -11.914 0.6999999881
117201  41.839  -31.230  -11.606 0.5000000000
31066  40.998  -31.339  -12.191 0.6999999881
31910  38.706  -30.895  -11.694 0.6999999881
31053  42.160  -31.832  -11.039 0.6000000238
31911  37.959  -30.674  -11.574 0.8000000119
31057  37.355  -31.338  -11.560 0.8000000119
31058  36.595  -31.139  -11.803 0.6999999881
31933  36.154  -30.937  -12.280 0.8000000119
31075  35.603  -31.604  -13.209 0.8000000119
31070  35.846  -31.440  -12.544 0.8000000119
31081  35.549  -31.829  -14.216 0.6999999881
31085  36.139  -31.477  -15.851 0.8000000119
31988  36.765  -31.177  -17.176 0.8000000119
30281  35.961  -32.263  -16.222 0.8999999762
31095  36.402  -31.778  -16.670 0.8000000119
30290  36.222  -32.456  -17.022 1.0000000000
31106  36.644  -32.095  -17.463 0.8999999762
31105  37.028  -31.589  -17.976 0.8000000119
30297  36.443  -32.646  -17.836 0.8999999762
29549  35.721  -32.913  -17.956 1.0000000000
29550  34.906  -32.812  -17.647 1.0000000000
30317  31.601  -33.002  -19.968 1.0000000000
30305  35.014  -32.785  -19.880 1.0000000000
30314  34.283  -32.448  -20.139 1.0000000000
31116  33.021  -31.980  -20.007 1.0000000000
31927  41.006  -30.580  -12.576 0.6999999881
31928  40.159  -30.800  -12.285 0.6999999881
114055  39.527  -30.012  -12.075 0.6999999881
31909  41.559  -30.780  -12.176 0.6000000238
31930  38.644  -30.056  -11.716 0.6999999881
31908  42.265  -30.381  -11.711 0.5000000000
113817  42.519  -31.076  -11.113 0.5000000000
31912  37.118  -30.515  -11.710 0.8000000119
31931  36.877  -29.846  -12.070 0.6999999881
31913  36.552  -30.478  -12.032 0.6999999881
31944  35.806  -30.825  -12.942 0.6999999881
31954  35.738  -30.966  -13.849 0.6999999881
31080  35.897  -31.202  -14.898 0.6999999881
31974  36.547  -30.838  -16.357 0.8000000119
32857  36.783  -29.949  -15.995 0.8000000119
31973  37.013  -30.151  -16.881 0.8000000119
31987  37.160  -30.600  -17.717 0.8000000119
31994  37.388  -31.012  -18.542 0.8000000119
30296  36.921  -32.454  -18.302 1.0000000000
31114  37.420  -32.080  -18.840 0.8000000119
30303  37.278  -32.997  -19.333 1.0000000000
29548  36.261  -32.882  -18.334 1.0000000000
30304  36.679  -32.833  -18.635 1.0000000000
29557  35.820  -32.967  -19.045 1.0000000000
29564  36.022  -33.133  -19.951 1.0000000000
30313  35.318  -32.805  -20.280 1.0000000000
31124  32.016  -32.651  -19.928 1.0000000000
31118  31.556  -32.403  -19.539 1.0000000000
122682  33.664  -32.089  -20.200 1.0000000000
31123  32.450  -32.488  -19.972 1.0000000000
31115  33.897  -31.514  -19.827 1.0000000000
32806  40.357  -30.006  -12.517 0.6999999881
125377  39.002  -29.347  -11.935 0.6000000238
32808  38.241  -29.137  -11.895 0.6000000238
32797  37.674  -29.849  -11.737 0.6000000238
32809  37.389  -29.153  -12.212 0.6999999881
32819  36.382  -29.567  -13.246 0.6999999881
32810  36.731  -29.318  -12.701 0.6999999881
31943  36.035  -30.188  -13.499 0.6999999881
31953  36.120  -30.346  -14.497 0.6999999881
31960  36.344  -30.582  -15.472 0.8000000119
117666  37.340  -29.829  -17.522 0.8000000119
32872  37.525  -29.963  -18.347 0.8000000119
109766  37.775  -31.479  -19.452 0.8000000119
30312  37.833  -33.318  -20.429 0.8000000119
31120  37.858  -32.592  -19.913 0.8000000119
29563  36.886  -33.492  -20.367 1.0000000000
29562  37.511  -33.587  -20.819 1.0000000000
31127  38.393  -32.937  -20.793 0.6999999881
29567  37.098  -33.571  -20.877 1.0000000000
29566  37.616  -33.517  -21.191 0.8999999762
29568  36.403  -33.190  -20.512 1.0000000000
30322  34.951  -32.162  -20.424 1.0000000000
31121  35.056  -31.416  -20.371 1.0000000000
31110  31.177  -31.848  -18.486 1.0000000000
31122  34.420  -31.682  -20.221 1.0000000000
31108  32.768  -31.613  -18.870 1.0000000000
31117  32.231  -32.119  -19.619 1.0000000000
33699  37.156  -28.692  -12.781 0.6000000238
33712  36.774  -28.842  -13.501 0.6999999881
32828  36.374  -29.544  -14.044 0.6999999881
32839  36.580  -29.718  -15.069 0.6999999881
33740  37.117  -29.064  -15.635 0.8000000119
120085  37.177  -29.453  -16.402 0.6999999881
32864  37.391  -29.329  -17.027 0.6999999881
109636  37.697  -30.569  -19.102 0.6999999881
31998  38.116  -30.803  -20.026 0.6999999881
32004  38.408  -32.019  -20.509 0.6999999881
30318  38.691  -32.727  -21.736 0.8000000119
31126  38.846  -32.453  -21.580 0.6999999881
30320  36.795  -33.323  -21.036 0.8999999762
30321  35.842  -32.637  -20.638 1.0000000000
31129  35.569  -31.702  -20.715 1.0000000000
31107  33.627  -31.386  -18.825 1.0000000000
32807  39.690  -29.264  -12.317 0.6000000238
33697  38.922  -28.544  -12.278 0.6000000238
34619  37.951  -27.684  -12.989 0.6000000238
33698  37.894  -28.337  -12.468 0.6000000238
33711  37.398  -28.145  -13.223 0.6000000238
33726  37.237  -28.189  -14.116 0.6000000238
33727  36.838  -28.918  -14.589 0.6000000238
33760  37.464  -28.761  -16.453 0.6999999881
108106  37.592  -29.187  -17.762 0.6999999881
32878  37.897  -29.836  -19.326 0.6999999881
119152  38.927  -31.285  -21.302 0.6999999881
37691  39.737  -25.022  -22.530 0.3000000119
37699  40.277  -24.408  -23.024 0.3000000119
31132  38.453  -32.531  -21.912 0.8000000119
31101  29.592  -31.881  -16.404 0.8999999762
31128  36.453  -32.276  -21.153 1.0000000000
31112  29.859  -32.400  -17.667 1.0000000000
31111  30.474  -32.043  -18.202 1.0000000000
31999  35.173  -30.649  -20.019 1.0000000000
31990  34.443  -30.891  -18.503 1.0000000000
31109  31.985  -31.758  -18.630 1.0000000000
31096  33.363  -31.316  -17.756 1.0000000000
34617  39.308  -27.944  -12.693 0.6000000238
34618  38.595  -27.757  -12.753 0.6000000238
34629  38.457  -27.234  -13.327 0.6000000238
34644  38.267  -26.936  -14.067 0.6000000238
34658  38.194  -26.827  -14.949 0.6999999881
34645  37.648  -27.571  -14.770 0.6999999881
34659  37.507  -28.170  -15.740 0.6999999881
36681  41.357  -25.025  -16.254 0.3000000119
37608  40.606  -24.647  -16.642 0.3000000119
117350  37.680  -28.602  -17.228 0.6999999881
33786  37.873  -28.979  -18.636 0.6999999881
120640  39.796  -24.720  -21.196 0.3000000119
36750  39.543  -25.889  -22.058 0.4000000060
127558  39.553  -26.060  -23.172 0.4000000060
30294  29.286  -32.950  -16.632 0.6999999881
30283  28.807  -32.229  -15.682 0.6999999881
37707  38.471  -25.058  -24.344 0.3000000119
37700  39.723  -25.530  -23.784 0.3000000119
31131  39.154  -31.823  -22.204 0.6999999881
111581  37.310  -31.801  -21.693 0.8000000119
31100  30.252  -31.644  -16.984 0.8999999762
36759  39.077  -25.656  -24.326 0.3000000119
36758  39.385  -25.906  -24.116 0.3000000119
31133  36.204  -31.098  -21.200 0.8000000119
31099  30.901  -31.445  -17.274 1.0000000000
31996  34.754  -30.890  -19.412 1.0000000000
31097  32.653  -31.412  -17.420 1.0000000000
31098  31.792  -31.443  -17.270 1.0000000000
31976  34.093  -31.006  -17.443 1.0000000000
31977  33.492  -31.051  -16.500 1.0000000000
127171  38.271  -26.721  -15.631 0.6999999881
36664  41.029  -25.525  -15.512 0.3000000119
36682  40.474  -24.990  -15.911 0.4000000060
109559  37.867  -27.346  -15.728 0.6999999881
34676  37.832  -27.868  -16.637 0.6999999881
36683  39.812  -24.974  -16.556 0.4000000060
33774  37.858  -28.549  -17.906 0.6999999881
37627  40.266  -24.569  -17.236 0.3000000119
36699  39.618  -24.991  -17.563 0.5000000000
121068  38.350  -28.379  -19.272 0.6999999881
33794  38.179  -29.132  -19.545 0.6999999881
121402  38.472  -29.898  -20.442 0.6999999881
36727  39.463  -25.494  -19.568 0.4000000060
119538  39.252  -26.287  -19.874 0.6000000238
36743  39.469  -25.844  -20.693 0.5000000000
37658  39.770  -24.772  -20.059 0.3000000119
32885  39.163  -30.355  -21.592 0.6999999881
107940  38.146  -25.454  -21.650 0.4000000060
35719  39.448  -26.647  -21.680 0.4000000060
126355  39.273  -31.837  -22.044 0.6999999881
31088  28.188  -31.668  -15.435 0.6999999881
120138  38.108  -24.501  -22.600 0.4000000060
35724  39.528  -27.006  -22.960 0.4000000060
30284  27.856  -32.663  -15.472 0.6000000238
37701  38.114  -24.866  -23.566 0.3000000119
36756  39.346  -26.373  -23.701 0.4000000060
32012  38.371  -31.470  -22.370 0.6999999881
119678  38.041  -30.438  -22.608 0.6999999881
108959  38.153  -25.389  -22.866 0.4000000060
35727  39.092  -26.344  -23.922 0.4000000060
35726  39.255  -27.091  -23.561 0.4000000060
32013  36.997  -30.514  -21.900 0.8000000119
36757  38.540  -25.717  -23.983 0.3000000119
32005  36.106  -30.086  -21.121 0.8000000119
32880  35.800  -29.912  -20.411 0.8999999762
31995  35.325  -30.222  -19.109 1.0000000000
123945  34.253  -30.631  -16.455 1.0000000000
31975  34.808  -30.353  -17.249 1.0000000000
31978  32.501  -31.095  -16.296 1.0000000000
31962  33.120  -30.560  -15.541 1.0000000000
35632  38.780  -26.371  -14.385 0.6000000238
36647  39.203  -25.932  -14.689 0.6000000238
35658  38.616  -26.203  -15.881 0.6000000238
34675  38.211  -26.970  -16.342 0.6999999881
36666  39.822  -25.321  -15.634 0.5000000000
36667  39.217  -25.704  -15.295 0.6000000238
36684  39.179  -25.611  -16.152 0.4000000060
33773  38.058  -27.968  -17.563 0.6999999881
36700  39.127  -25.707  -17.121 0.6000000238
34692  38.414  -27.377  -18.045 0.6999999881
35690  39.090  -25.860  -18.091 0.6000000238
121168  38.204  -28.133  -18.374 0.6999999881
35704  39.148  -26.094  -19.040 0.6000000238
33793  38.541  -28.801  -20.255 0.6999999881
35713  39.207  -26.946  -20.679 0.6000000238
34711  38.746  -27.795  -20.114 0.6000000238
120148  38.943  -29.381  -21.288 0.6000000238
36744  37.980  -25.626  -20.787 0.4000000060
34721  39.130  -27.749  -21.154 0.5000000000
33801  38.955  -28.471  -21.145 0.6000000238
37678  38.250  -24.832  -20.617 0.4000000060
34720  39.414  -27.440  -21.950 0.5000000000
32011  39.403  -31.030  -22.357 0.6999999881
36745  37.891  -26.157  -21.444 0.5000000000
34736  39.362  -27.716  -23.239 0.4000000060
32017  39.384  -30.832  -22.658 0.6999999881
31087  29.093  -31.289  -15.712 0.8999999762
111494  38.757  -27.080  -23.569 0.4000000060
32894  36.560  -29.527  -21.589 0.6999999881
35720  38.481  -26.293  -23.530 0.4000000060
31981  29.895  -31.070  -16.177 0.8999999762
32874  35.712  -29.697  -19.527 0.8999999762
31980  30.600  -31.014  -16.394 0.8999999762
31989  35.146  -30.307  -18.335 1.0000000000
31979  31.499  -30.952  -16.300 1.0000000000
32859  34.674  -30.035  -16.034 1.0000000000
32830  33.456  -28.990  -14.495 0.8999999762
32842  33.544  -29.789  -14.885 1.0000000000
120477  32.730  -29.973  -15.166 1.0000000000
31963  32.219  -30.478  -15.635 1.0000000000
32843  32.757  -29.285  -14.821 1.0000000000
32844  31.900  -29.621  -15.387 0.8999999762
33742  32.024  -28.676  -15.143 1.0000000000
112101  38.623  -26.365  -16.742 0.6999999881
113026  38.296  -27.214  -17.179 0.6999999881
35674  38.655  -26.547  -17.642 0.6999999881
35691  38.748  -26.728  -18.560 0.6000000238
34704  38.554  -27.555  -18.963 0.6999999881
37659  38.141  -24.812  -19.678 0.3000000119
35705  38.896  -26.891  -19.530 0.6000000238
36728  37.847  -25.493  -19.901 0.4000000060
37642  37.840  -25.109  -19.086 0.4000000060
34731  39.384  -28.257  -22.067 0.6000000238
33812  39.430  -29.093  -22.183 0.6000000238
33811  39.603  -28.896  -22.825 0.5000000000
32892  39.481  -29.917  -22.292 0.6000000238
33815  39.420  -28.520  -23.128 0.4000000060
123811  39.479  -30.101  -22.999 0.6000000238
107295  37.691  -26.177  -20.514 0.5000000000
34737  38.590  -27.861  -23.322 0.4000000060
34739  39.180  -27.768  -23.441 0.4000000060
32897  38.549  -29.699  -23.045 0.6000000238
35721  37.835  -26.759  -22.200 0.5000000000
123727  38.165  -26.739  -23.113 0.4000000060
32893  37.240  -29.546  -22.335 0.6000000238
35725  38.012  -27.306  -22.949 0.4000000060
32879  36.220  -29.081  -20.043 0.8999999762
32886  36.326  -29.275  -20.927 0.8000000119
31966  29.425  -30.458  -15.751 0.8999999762
31965  30.234  -30.360  -15.943 0.8999999762
31964  30.892  -30.464  -15.994 0.8999999762
123264  35.360  -29.759  -17.635 1.0000000000
32841  34.368  -29.670  -15.094 1.0000000000
120934  31.461  -30.282  -15.742 1.0000000000
126864  32.097  -27.941  -15.076 1.0000000000
113256  31.472  -28.010  -15.524 1.0000000000
33743  31.184  -28.818  -15.566 0.8999999762
34662  31.811  -27.277  -15.514 1.0000000000
34679  31.156  -27.307  -16.030 0.8999999762
38534  38.409  -23.467  -19.072 0.3000000119
108201  38.200  -24.410  -19.051 0.3000000119
36715  37.545  -25.493  -18.512 0.3000000119
32891  39.639  -29.556  -22.800 0.6000000238
36729  37.503  -26.207  -19.674 0.5000000000
33818  39.129  -28.479  -23.350 0.5000000000
32898  39.395  -28.912  -23.193 0.5000000000
32896  39.263  -29.207  -23.210 0.5000000000
33816  38.484  -28.650  -23.204 0.5000000000
34712  37.425  -26.866  -20.295 0.5000000000
34738  37.780  -27.988  -22.755 0.5000000000
35714  37.600  -26.803  -21.190 0.5000000000
34722  37.325  -27.358  -20.944 0.5000000000
32873  36.165  -28.879  -19.108 0.8999999762
32865  35.644  -29.470  -18.474 0.8999999762
32858  35.284  -29.544  -16.743 0.8999999762
32829  34.104  -29.083  -14.474 0.8999999762
32845  30.812  -29.703  -15.745 0.8999999762
33730  32.829  -28.316  -14.556 0.8000000119
33744  30.288  -28.848  -15.780 0.8999999762
34663  30.710  -28.062  -15.842 0.8999999762
37641  38.254  -24.018  -18.415 0.3000000119
110888  37.872  -24.718  -18.278 0.3000000119
118647  37.772  -24.613  -17.458 0.4000000060
38500  37.929  -24.126  -16.802 0.3000000119
36701  37.522  -25.238  -17.683 0.3000000119
117565  37.520  -24.888  -16.803 0.4000000060
35675  37.222  -26.074  -17.927 0.4000000060
32895  39.585  -29.389  -22.992 0.6000000238
35692  37.338  -26.189  -18.868 0.5000000000
33817  37.532  -28.742  -22.598 0.5000000000
123446  37.224  -26.881  -19.417 0.5000000000
34732  37.484  -27.450  -21.897 0.5000000000
33802  37.040  -27.949  -21.219 0.5000000000
33813  36.794  -28.724  -21.632 0.5000000000
34723  37.000  -27.618  -20.175 0.5000000000
33803  36.592  -28.451  -20.625 0.5000000000
34713  36.770  -27.524  -19.102 0.5000000000
110706  36.455  -28.159  -18.812 0.6000000238
33775  36.103  -28.196  -17.316 0.6999999881
33787  36.120  -28.541  -18.204 0.6999999881
33762  35.621  -28.690  -16.565 0.6999999881
33776  35.674  -28.987  -17.504 0.8000000119
123426  34.669  -29.032  -14.776 0.8999999762
32840  35.118  -29.226  -15.589 0.8999999762
33763  29.881  -28.089  -15.992 0.8999999762
107458  37.738  -24.011  -15.876 0.3000000119
37588  37.384  -24.802  -15.806 0.4000000060
37570  37.410  -24.185  -14.814 0.3000000119
35659  37.264  -25.657  -17.091 0.4000000060
35660  36.954  -26.239  -17.179 0.4000000060
36685  37.247  -25.398  -16.398 0.4000000060
36686  36.994  -25.592  -15.739 0.4000000060
35693  36.942  -26.816  -18.502 0.4000000060
35647  36.578  -26.406  -15.640 0.4000000060
35676  36.730  -26.774  -17.595 0.4000000060
34705  36.501  -27.610  -18.084 0.5000000000
34678  35.533  -28.394  -15.641 0.6000000238
33741  35.140  -28.673  -14.918 0.8000000119
34648  32.463  -27.335  -14.770 0.6999999881
34680  30.372  -27.341  -16.239 0.8999999762
34681  29.448  -27.334  -16.261 0.8999999762
35662  30.865  -26.606  -16.526 0.8999999762
35663  29.970  -26.634  -16.664 0.8000000119
35677  30.596  -25.908  -17.179 0.6999999881
111031  30.099  -25.537  -17.865 0.8000000119
38469  37.447  -23.254  -14.326 0.3000000119
36648  37.056  -25.138  -14.917 0.3000000119
37571  36.754  -24.734  -14.161 0.4000000060
36668  36.704  -25.803  -15.024 0.4000000060
36649  36.520  -25.555  -14.321 0.4000000060
35633  36.309  -26.315  -14.558 0.5000000000
114603  36.635  -26.661  -16.706 0.5000000000
34660  36.011  -27.184  -14.934 0.5000000000
35634  35.717  -26.754  -14.064 0.5000000000
34677  36.309  -27.242  -16.086 0.5000000000
34646  35.300  -27.520  -14.120 0.5000000000
125874  35.848  -27.733  -15.638 0.5000000000
34661  35.458  -28.016  -14.840 0.6000000238
33728  34.664  -28.307  -14.241 0.6999999881
127786  34.238  -27.900  -13.853 0.6999999881
34647  33.242  -27.390  -14.173 0.6999999881
36651  32.815  -26.370  -14.375 0.6999999881
35648  32.167  -26.531  -15.336 0.6999999881
35661  31.559  -26.479  -16.148 0.8000000119
36688  31.609  -25.643  -16.535 0.6999999881
38485  37.862  -23.302  -15.203 0.3000000119
38456  36.982  -23.114  -13.760 0.3000000119
38457  36.276  -23.399  -13.422 0.4000000060
38470  36.907  -23.852  -13.935 0.3000000119
37556  36.239  -24.382  -13.582 0.4000000060
36630  36.168  -25.276  -13.720 0.4000000060
35614  36.032  -26.046  -13.861 0.4000000060
36631  35.497  -25.769  -13.552 0.3000000119
125154  35.437  -26.389  -13.672 0.5000000000
34631  35.078  -26.961  -13.667 0.6000000238
36632  34.731  -25.460  -13.398 0.3000000119
34632  34.485  -26.963  -13.625 0.5000000000
127284  33.751  -26.207  -13.635 0.4000000060
33713  34.606  -27.534  -13.788 0.6999999881
35617  33.530  -26.607  -13.820 0.6000000238
34633  33.976  -27.356  -13.734 0.6999999881
33729  33.800  -28.256  -14.075 0.6999999881
38458  35.506  -24.004  -13.294 0.3000000119
37557  35.507  -24.921  -13.417 0.3000000119
38459  34.556  -24.512  -13.335 0.3000000119
38471  33.185  -23.784  -13.955 0.3000000119
37558  34.012  -25.268  -13.490 0.3000000119
37572  33.514  -24.672  -13.717 0.4000000060
36650  33.470  -25.758  -13.772 0.5000000000
37573  32.875  -24.420  -14.305 0.5000000000
108688  32.858  -25.250  -14.321 0.6000000238
36669  32.351  -25.657  -15.164 0.6000000238
40442  36.250  -21.857  -13.190 0.4000000060
39448  35.873  -22.623  -13.140 0.3000000119
39449  35.024  -22.722  -13.054 0.3000000119
122567  34.771  -23.519  -13.189 0.3000000119
39450  34.193  -22.877  -13.265 0.3000000119
38460  33.900  -23.730  -13.424 0.3000000119
39455  33.452  -23.004  -13.710 0.3000000119
39456  32.881  -23.067  -14.426 0.3000000119
124556  32.481  -23.054  -15.237 0.4000000060
37589  32.407  -24.621  -15.174 0.6000000238
38472  32.642  -23.779  -14.734 0.4000000060
38486  32.244  -23.715  -15.626 0.4000000060
37609  31.956  -24.327  -16.153 0.5000000000
36687  32.014  -25.190  -16.000 0.6000000238
36703  30.782  -25.302  -17.850 0.6999999881
36704  29.226  -25.632  -17.892 0.8000000119
40443  35.730  -21.184  -13.023 0.4000000060
40444  34.835  -21.278  -12.961 0.3000000119
118402  34.504  -22.067  -13.132 0.3000000119
119312  33.672  -22.179  -13.515 0.3000000119
119400  33.058  -22.334  -14.214 0.3000000119
128615  32.666  -22.517  -14.892 0.4000000060
116610  32.092  -22.993  -16.007 0.4000000060
38501  31.889  -23.608  -16.307 0.4000000060
37610  31.659  -24.868  -16.790 0.5000000000
39477  31.638  -23.071  -16.800 0.4000000060
38502  31.630  -24.025  -16.868 0.4000000060
37629  31.016  -24.908  -18.074 0.6999999881
37628  31.364  -24.589  -17.505 0.4000000060
37644  30.684  -24.418  -18.660 0.4000000060
37645  30.243  -24.742  -19.197 0.5000000000
36716  30.421  -25.099  -18.590 0.6000000238
124610  29.751  -25.359  -18.529 0.6999999881
36717  29.701  -25.076  -19.290 0.6999999881
116670  36.007  -19.842  -13.049 0.3000000119
41440  34.367  -20.675  -13.065 0.3000000119
40445  33.970  -21.363  -13.251 0.3000000119
40449  33.164  -21.394  -13.978 0.3000000119
112277  32.650  -21.850  -14.912 0.3000000119
39465  32.340  -22.352  -15.565 0.4000000060
39476  31.902  -22.269  -16.304 0.3000000119
112938  31.521  -22.208  -16.976 0.3000000119
128176  31.262  -22.079  -17.357 0.3000000119
38520  31.326  -23.739  -17.515 0.4000000060
39491  31.198  -22.741  -17.556 0.3000000119
39506  30.672  -22.736  -18.312 0.3000000119
38535  30.929  -23.614  -18.171 0.3000000119
38536  30.491  -23.591  -18.918 0.3000000119
38548  29.923  -23.618  -19.729 0.4000000060
37661  29.868  -24.517  -19.708 0.5000000000
36730  29.212  -24.742  -19.921 0.5000000000
42460  34.321  -19.758  -13.069 0.3000000119
41441  33.633  -20.556  -13.459 0.3000000119
114113  32.609  -21.031  -14.938 0.3000000119
40464  31.358  -21.605  -17.173 0.3000000119
40485  30.919  -21.805  -17.752 0.3000000119
111675  30.409  -21.926  -18.575 0.3000000119
118363  30.199  -22.746  -19.105 0.3000000119
37679  29.325  -24.076  -20.177 0.4000000060
123522  28.656  -23.725  -20.531 0.5000000000
127614  28.792  -24.359  -20.291 0.5000000000
117767  33.756  -19.118  -13.342 0.3000000119
42471  33.342  -19.718  -13.615 0.3000000119
41445  32.933  -20.419  -14.176 0.3000000119
41446  32.462  -20.232  -15.020 0.3000000119
124189  32.226  -20.763  -15.570 0.3000000119
40463  31.695  -21.564  -16.561 0.3000000119
116856  31.129  -21.074  -17.431 0.3000000119
40486  30.610  -21.180  -18.210 0.3000000119
39521  29.634  -22.565  -19.796 0.4000000060
38560  29.126  -23.120  -20.393 0.4000000060
38561  28.429  -23.043  -20.709 0.4000000060
108552  28.000  -22.659  -20.924 0.4000000060
37680  28.122  -24.208  -20.413 0.5000000000
38562  27.888  -23.371  -20.705 0.4000000060
43387  35.504  -18.434  -13.031 0.3000000119
111826  34.958  -19.026  -12.905 0.3000000119
117471  32.010  -20.148  -15.769 0.3000000119
41460  31.830  -20.852  -16.193 0.3000000119
41461  31.474  -20.937  -16.877 0.3000000119
41468  30.807  -20.581  -17.817 0.3000000119
40504  29.968  -21.985  -19.249 0.3000000119
40505  29.477  -21.568  -19.828 0.3000000119
39532  29.137  -22.238  -20.374 0.4000000060
113216  33.801  -18.330  -13.328 0.3000000119
43407  33.141  -18.893  -13.773 0.3000000119
43389  33.034  -18.045  -13.838 0.3000000119
42472  32.733  -19.548  -14.338 0.3000000119
42477  32.276  -19.444  -15.218 0.3000000119
42478  31.825  -19.426  -15.993 0.3000000119
42486  31.512  -19.370  -16.595 0.3000000119
41452  31.581  -20.117  -16.554 0.3000000119
41467  31.223  -20.386  -17.249 0.3000000119
42493  31.252  -19.648  -17.123 0.3000000119
41500  30.059  -21.140  -18.961 0.3000000119
44404  33.569  -17.430  -13.434 0.3000000119
43408  32.557  -18.607  -14.564 0.3000000119
116459  32.603  -17.780  -14.383 0.3000000119
118294  32.244  -17.878  -15.091 0.3000000119
43422  32.039  -18.683  -15.507 0.3000000119
42494  30.909  -19.923  -17.592 0.3000000119
41481  30.417  -20.548  -18.458 0.3000000119
41501  29.590  -20.750  -19.554 0.3000000119
44405  32.854  -17.227  -13.899 0.3000000119
45512  32.601  -16.460  -14.126 0.3000000119
124899  31.769  -17.950  -15.878 0.3000000119
44423  32.400  -17.148  -14.653 0.4000000060
118317  31.397  -18.069  -16.693 0.3000000119
43435  31.289  -18.879  -16.966 0.3000000119
117971  30.810  -19.142  -17.627 0.3000000119
44439  31.530  -17.199  -16.312 0.4000000060
44438  31.942  -17.141  -15.453 0.4000000060
45527  32.144  -16.402  -14.936 0.3000000119
45528  31.654  -16.262  -15.828 0.4000000060
121985  31.215  -25.990  -16.778 0.8000000119
36702  31.247  -25.343  -17.319 0.6999999881
114507  42.794  -38.388  -15.181 0.6000000238
25291  47.568  -38.786  -16.228 0.5000000000
27034  43.738  -36.917  -12.649 0.5000000000
29507  40.224  -33.371  -12.180 0.6999999881
113988  46.320  -35.540  -13.650 0.5000000000
26191  47.720  -37.885  -14.106 0.4000000060
28703  37.297  -34.325  -11.586 0.8000000119
28713  44.822  -34.489  -12.476 0.4000000060
30256  41.142  -32.708  -11.607 0.6000000238
30253  43.671  -32.245  -11.006 0.4000000060
29506  44.947  -33.692  -12.313 0.4000000060
30258  37.635  -32.304  -11.500 0.8000000119
30254  42.717  -32.483  -10.829 0.5000000000
29555  37.276  -33.398  -20.144 1.0000000000
29556  36.650  -33.136  -19.418 1.0000000000
30324  37.533  -32.977  -21.457 0.8000000119
32006  35.555  -30.761  -20.627 1.0000000000
34630  37.769  -27.547  -13.702 0.6000000238
114261  37.245  -28.369  -15.006 0.6999999881
116398  39.792  -24.696  -19.264 0.4000000060
31961  33.985  -30.433  -15.584 1.0000000000
36714  39.537  -25.106  -18.602 0.4000000060
36751  38.074  -26.144  -22.527 0.4000000060
34730  39.520  -28.043  -22.841 0.5000000000
115163  37.232  -28.116  -22.004 0.5000000000
33795  36.541  -28.269  -19.636 0.5000000000
34693  36.409  -27.406  -17.055 0.5000000000
33761  35.977  -27.929  -16.427 0.5000000000
123298  31.969  -25.918  -15.895 0.6999999881
40455  32.186  -21.522  -15.756 0.3000000119
25251  37.688  -38.490  -13.347 0.5000000000
26184  36.532  -37.402  -13.178 0.5000000000
122667  38.183  -39.606  -14.377 0.5000000000
24367  38.022  -39.127  -13.823 0.5000000000
24398  39.585  -39.479  -15.502 0.5000000000
24380  38.777  -39.076  -14.259 0.5000000000
123048  39.965  -38.630  -15.482 0.5000000000
25294  40.841  -37.912  -16.717 0.4000000060
25284  40.064  -37.887  -15.164 0.5000000000
26214  41.457  -37.680  -17.039 0.4000000060
25283  40.504  -37.759  -15.943 0.5000000000
26213  41.679  -37.465  -16.660 0.5000000000
28750  29.649  -35.186  -18.518 0.6999999881
28749  30.100  -35.072  -18.826 0.8000000119
29553  30.650  -34.509  -18.303 0.8000000119
28747  30.227  -35.317  -17.979 0.8000000119
29545  29.158  -34.735  -17.910 0.6999999881
116530  30.535  -34.307  -19.194 0.8999999762
28752  30.171  -34.503  -19.099 0.8999999762
29560  31.073  -33.766  -19.578 0.8999999762
126443  29.250  -33.904  -17.798 0.6000000238
29554  29.603  -34.329  -18.774 0.8000000119
29561  30.656  -33.868  -19.414 0.8999999762
29559  31.547  -33.273  -19.777 0.8999999762
33725  41.564  -28.995  -14.054 0.5000000000
113435  40.485  -28.746  -13.077 0.5000000000
33696  39.811  -28.563  -12.632 0.5000000000
32818  41.138  -29.942  -12.895 0.6000000238
33695  40.485  -29.324  -12.811 0.5000000000
30302  29.636  -33.379  -18.350 0.8999999762
30311  30.087  -33.770  -19.267 0.8999999762
30310  30.649  -33.258  -19.590 0.8999999762
29565  31.146  -33.387  -19.754 0.8999999762
34627  40.225  -27.438  -13.471 0.5000000000
35612  39.732  -26.681  -13.734 0.5000000000
34643  40.973  -27.905  -13.983 0.5000000000
33710  40.003  -27.973  -12.991 0.5000000000
34628  39.318  -27.277  -13.147 0.5000000000
116613  40.776  -28.464  -13.527 0.5000000000
30301  30.166  -32.856  -18.913 0.8999999762
30309  31.131  -32.932  -19.849 0.8999999762
35630  40.183  -26.262  -14.265 0.5000000000
35613  38.978  -26.651  -13.707 0.5000000000
35629  41.054  -27.029  -14.459 0.5000000000
31119  30.805  -32.497  -19.273 0.8999999762
35631  39.449  -26.211  -14.245 0.5000000000
35645  40.627  -25.916  -14.863 0.5000000000
36646  39.828  -25.684  -14.828 0.5000000000
36665  40.348  -25.422  -15.341 0.4000000060
112807  27.611  -31.281  -15.413 0.6000000238
31968  27.413  -30.568  -15.484 0.6000000238
31967  28.456  -30.677  -15.480 0.8000000119
32849  27.121  -29.751  -15.641 0.6999999881
32860  26.233  -29.767  -16.108 0.6999999881
32848  28.229  -29.709  -15.528 0.6999999881
33748  26.861  -29.054  -15.830 0.6999999881
33747  27.696  -28.935  -15.678 0.6999999881
33766  27.161  -28.287  -15.946 0.6999999881
32847  29.036  -29.381  -15.664 0.8000000119
33746  28.607  -28.831  -15.719 0.8000000119
32846  29.762  -29.625  -15.784 0.8000000119
33765  28.085  -28.110  -15.830 0.6999999881
33764  29.001  -28.079  -15.932 0.8000000119
35665  27.930  -26.693  -16.614 0.6000000238
33745  29.443  -28.810  -15.783 0.8000000119
35680  27.483  -26.317  -17.355 0.6000000238
34682  28.480  -27.343  -16.188 0.8000000119
35664  28.935  -26.632  -16.614 0.6000000238
35679  28.474  -26.050  -17.282 0.6000000238
35694  27.901  -25.846  -17.901 0.6000000238
113407  29.004  -25.389  -18.703 0.6999999881
36718  28.004  -25.525  -18.744 0.6000000238
36705  28.504  -25.659  -18.075 0.6000000238
36731  28.728  -25.162  -19.459 0.6000000238
35678  29.544  -26.032  -17.180 0.6999999881
25299  42.178  -37.827  -18.085 0.4000000060
26215  41.125  -37.170  -16.271 0.5000000000
24379  39.467  -38.943  -14.867 0.5000000000
29551  31.540  -33.502  -19.420 0.8999999762
119947  29.004  -29.960  -15.607 0.8000000119
24399  38.753  -39.837  -14.928 0.5000000000
24397  40.242  -38.820  -16.097 0.5000000000
33709  41.284  -29.364  -13.394 0.5000000000
34683  27.533  -27.448  -16.223 0.6999999881
31906  43.898  -30.566  -11.119 0.4000000060
122324  44.236  -29.328  -11.363 0.4000000060
31907  43.019  -30.349  -11.116 0.4000000060
32795  43.631  -29.751  -11.269 0.4000000060
117718  43.586  -28.956  -11.508 0.4000000060
33682  44.486  -28.555  -11.503 0.4000000060
123484  42.339  -29.609  -12.329 0.5000000000
32805  41.662  -30.253  -12.576 0.5000000000
33684  42.996  -28.723  -11.866 0.5000000000
32796  42.919  -29.558  -11.524 0.4000000060
34602  44.300  -27.818  -11.692 0.4000000060
33683  43.667  -28.168  -11.738 0.4000000060
123119  44.523  -27.343  -11.842 0.4000000060
32817  41.750  -29.755  -13.105 0.5000000000
34615  43.637  -27.298  -12.604 0.4000000060
34614  44.332  -26.903  -12.252 0.4000000060
37555  45.887  -25.001  -13.537 0.4000000060
36623  45.584  -25.553  -12.969 0.4000000060
35600  44.990  -26.234  -12.481 0.4000000060
37554  46.419  -24.618  -13.872 0.4000000060
32804  42.079  -29.542  -13.273 0.5000000000
33694  42.621  -28.756  -12.630 0.4000000060
109587  48.251  -24.833  -18.526 0.3000000119
33693  43.229  -27.970  -12.234 0.4000000060
121239  47.968  -24.179  -18.058 0.3000000119
35601  44.182  -26.565  -12.918 0.4000000060
37622  48.130  -23.499  -17.656 0.3000000119
38517  47.833  -23.280  -16.895 0.3000000119
38499  46.944  -23.731  -15.731 0.3000000119
37586  46.322  -24.240  -15.349 0.3000000119
37587  45.740  -24.661  -14.869 0.4000000060
36629  45.288  -25.275  -13.717 0.4000000060
36624  44.728  -25.850  -13.285 0.4000000060
38498  47.644  -23.329  -16.060 0.3000000119
38468  46.882  -23.853  -14.949 0.3000000119
37568  46.337  -24.328  -14.555 0.4000000060
33708  41.928  -29.339  -13.888 0.4000000060
33707  42.293  -29.135  -13.754 0.4000000060
34616  42.881  -27.994  -13.031 0.4000000060
36710  47.952  -25.589  -18.548 0.3000000119
36694  46.487  -25.734  -17.369 0.3000000119
36693  47.577  -24.780  -17.969 0.3000000119
37624  46.839  -24.674  -17.219 0.3000000119
36678  46.142  -25.177  -16.668 0.3000000119
120766  45.351  -25.197  -15.093 0.4000000060
36644  45.285  -25.177  -14.431 0.4000000060
36645  44.711  -25.717  -14.055 0.4000000060
37604  47.141  -23.787  -16.606 0.3000000119
37605  46.470  -24.343  -16.237 0.3000000119
34672  44.941  -27.841  -16.818 0.3000000119
35655  44.475  -27.662  -16.173 0.3000000119
124602  43.868  -27.427  -15.066 0.4000000060
34655  43.245  -28.526  -15.152 0.4000000060
35628  43.600  -27.369  -14.327 0.4000000060
33722  42.775  -28.522  -14.279 0.4000000060
35670  46.104  -26.611  -17.383 0.3000000119
35671  45.564  -26.661  -16.843 0.3000000119
35641  45.050  -26.687  -16.225 0.3000000119
35642  44.496  -26.801  -15.481 0.4000000060
36695  45.963  -25.955  -16.950 0.3000000119
36679  45.591  -25.806  -16.364 0.3000000119
36662  45.178  -25.796  -15.626 0.4000000060
35627  44.285  -26.498  -14.550 0.4000000060
35611  43.517  -27.265  -13.387 0.4000000060
36663  44.847  -25.759  -14.852 0.4000000060
35610  44.172  -26.443  -13.696 0.4000000060
34642  41.665  -28.605  -14.614 0.4000000060
33739  42.274  -28.949  -15.161 0.4000000060
113639  43.100  -29.244  -15.899 0.3000000119
33737  42.617  -29.001  -15.328 0.4000000060
33723  42.207  -29.120  -14.600 0.4000000060
34654  43.783  -28.330  -15.824 0.4000000060
108706  26.634  -27.710  -16.445 0.6000000238
34684  25.875  -27.983  -16.730 0.6000000238
34694  27.002  -26.884  -16.738 0.5000000000
35681  26.601  -26.584  -17.641 0.5000000000
35695  27.171  -25.988  -18.260 0.5000000000
36719  27.040  -25.603  -19.141 0.5000000000
36732  27.817  -25.189  -19.575 0.5000000000
37662  28.408  -24.776  -20.014 0.4000000060
42516  29.441  -19.368  -19.728 0.3000000119
122373  29.280  -18.606  -19.991 0.3000000119
118230  28.844  -19.022  -20.498 0.3000000119
43448  30.979  -18.270  -17.379 0.3000000119
43449  30.587  -18.393  -18.031 0.3000000119
111627  30.040  -19.201  -18.893 0.3000000119
43481  29.694  -18.523  -19.359 0.3000000119
43498  28.896  -18.315  -20.427 0.3000000119
43499  28.369  -18.505  -21.071 0.3000000119
118371  31.071  -17.329  -17.216 0.3000000119
44466  30.401  -17.749  -18.413 0.3000000119
43465  30.201  -18.433  -18.691 0.3000000119
44481  29.929  -17.757  -19.085 0.3000000119
43482  29.354  -17.819  -19.883 0.3000000119
44496  28.654  -17.628  -20.737 0.3000000119
44513  28.112  -17.942  -21.669 0.3000000119
44524  27.845  -17.528  -22.281 0.3000000119
45542  31.290  -16.443  -16.748 0.3000000119
117865  30.606  -17.111  -17.991 0.3000000119
117864  30.245  -17.045  -18.746 0.3000000119
44482  29.749  -17.011  -19.446 0.3000000119
45565  29.603  -16.235  -19.736 0.3000000119
44495  29.245  -16.941  -20.184 0.3000000119
118939  28.736  -16.794  -20.795 0.3000000119
45584  28.275  -17.110  -21.511 0.3000000119
46653  31.379  -15.756  -16.442 0.3000000119
46662  30.674  -15.639  -17.816 0.3000000119
45552  30.471  -16.352  -18.300 0.3000000119
45564  30.090  -16.296  -19.051 0.3000000119
46677  29.472  -15.475  -20.019 0.3000000119
45575  29.098  -16.167  -20.431 0.3000000119
46684  28.962  -15.445  -20.690 0.3000000119
116517  31.270  -15.072  -16.629 0.3000000119
46672  30.341  -15.589  -18.609 0.3000000119
47729  30.198  -14.844  -18.906 0.3000000119
117011  30.910  -14.940  -17.358 0.3000000119
116162  30.538  -14.856  -18.129 0.3000000119
47725  30.354  -14.021  -18.484 0.3000000119
124993  30.002  -14.243  -19.155 0.3000000119
47717  30.744  -14.118  -17.629 0.3000000119
48724  30.585  -13.228  -17.941 0.3000000119
49689  30.879  -12.494  -17.277 0.3000000119
34613  45.073  -26.944  -11.890 0.4000000060
113287  44.464  -30.038  -11.340 0.4000000060
34601  45.102  -27.774  -11.647 0.4000000060
37553  47.198  -24.696  -13.734 0.4000000060
36622  46.581  -25.265  -13.217 0.4000000060
35599  45.875  -26.595  -12.121 0.4000000060
38532  48.582  -23.116  -17.957 0.3000000119
38516  48.497  -22.878  -17.253 0.3000000119
38482  48.237  -23.348  -15.502 0.3000000119
38483  47.523  -23.577  -15.265 0.3000000119
37567  46.975  -24.172  -14.304 0.3000000119
37636  48.569  -23.970  -18.483 0.3000000119
35687  47.629  -26.458  -18.588 0.3000000119
123154  45.620  -27.380  -17.289 0.3000000119
34657  41.771  -28.079  -15.161 0.4000000060
34656  42.320  -28.702  -15.638 0.4000000060
33738  42.732  -29.196  -15.924 0.4000000060
33757  43.410  -29.206  -16.350 0.3000000119
34673  44.030  -28.848  -16.531 0.3000000119
33767  26.199  -28.719  -16.330 0.6000000238
46638  31.552  -15.296  -15.865 0.3000000119
47703  31.428  -14.482  -16.076 0.3000000119
48708  31.339  -13.676  -16.271 0.3000000119
48723  31.011  -13.406  -17.058 0.3000000119
49673  31.287  -12.660  -16.331 0.3000000119
37651  48.894  -24.899  -19.059 0.3000000119
31052  43.348  -31.206  -10.917 0.4000000060
36711  47.214  -25.629  -17.952 0.3000000119
33724  42.017  -29.154  -14.556 0.4000000060
45543  30.848  -16.421  -17.511 0.3000000119
46676  29.938  -15.540  -19.329 0.3000000119
47730  29.771  -14.802  -19.578 0.3000000119
107119  31.222  -11.751  -16.417 0.3000000119
128558  44.669  -30.768  -11.431 0.3000000119
108960  32.778  -35.926  -14.560 0.6000000238
27049  31.852  -36.100  -14.551 0.6999999881
32794  45.183  -29.508  -11.510 0.3000000119
26175  47.589  -37.020  -13.622 0.3000000119
27870  30.060  -35.842  -15.969 0.6999999881
30252  45.238  -32.132  -12.021 0.3000000119
27866  30.652  -35.842  -15.091 0.6999999881
27865  31.296  -35.574  -14.786 0.6999999881
31050  45.302  -31.293  -11.829 0.3000000119
123548  45.310  -30.462  -11.666 0.3000000119
33680  46.503  -28.887  -11.864 0.3000000119
32793  46.076  -29.411  -11.774 0.3000000119
33681  45.568  -28.673  -11.592 0.3000000119
34611  47.430  -27.672  -12.377 0.3000000119
34612  46.509  -27.411  -11.989 0.3000000119
34600  46.073  -28.031  -11.711 0.3000000119
28742  30.448  -35.067  -16.381 0.6999999881
30263  45.885  -32.578  -12.756 0.3000000119
29505  45.735  -33.330  -12.906 0.3000000119
27869  30.797  -35.190  -15.341 0.6999999881
31065  46.017  -31.802  -12.544 0.3000000119
31905  46.102  -30.151  -11.974 0.3000000119
28726  46.310  -34.658  -13.508 0.4000000060
27874  29.959  -35.768  -17.277 0.6999999881
29504  46.731  -33.040  -13.326 0.3000000119
31926  46.089  -30.977  -12.261 0.3000000119
31925  47.034  -30.717  -12.642 0.3000000119
122713  46.313  -25.968  -12.567 0.3000000119
118377  45.721  -27.309  -11.784 0.3000000119
35597  47.813  -26.948  -12.731 0.3000000119
35598  47.256  -26.043  -12.799 0.3000000119
30262  46.877  -32.301  -13.196 0.3000000119
28746  30.874  -34.295  -16.735 0.6999999881
31074  48.119  -32.192  -13.380 0.3000000119
31064  47.050  -31.551  -12.964 0.3000000119
36621  47.595  -25.442  -13.360 0.3000000119
34674  42.544  -28.647  -16.186 0.3000000119
27048  33.696  -36.138  -14.529 0.5000000000
113294  32.285  -36.747  -14.490 0.6999999881
112093  33.138  -36.747  -14.630 0.6000000238
27030  47.203  -36.059  -13.617 0.3000000119
27877  29.651  -35.529  -18.171 0.6999999881
29518  46.579  -33.799  -13.410 0.4000000060
29517  47.796  -33.556  -13.414 0.3000000119
29516  48.859  -33.315  -13.261 0.3000000119
28725  47.582  -34.288  -13.423 0.3000000119
25267  37.171  -38.982  -13.821 0.5000000000
109349  35.543  -38.181  -14.766 0.5000000000
25252  36.818  -38.267  -13.471 0.4000000060
24368  33.205  -39.560  -14.020 0.4000000060
23476  33.248  -40.424  -13.482 0.5000000000
26199  36.011  -37.906  -13.893 0.4000000060
22574  32.792  -41.183  -12.781 0.4000000060
22575  31.384  -41.844  -12.780 0.4000000060
22563  32.406  -41.731  -12.222 0.4000000060
23477  32.122  -40.732  -13.164 0.4000000060
24369  32.476  -39.733  -13.664 0.5000000000
24385  32.803  -38.801  -14.225 0.5000000000
25272  32.206  -38.192  -14.220 0.4000000060
117386  33.845  -36.793  -14.725 0.5000000000
26203  32.634  -37.440  -14.510 0.4000000060
22564  31.349  -42.245  -12.236 0.4000000060
21706  28.186  -42.826  -13.876 0.4000000060
23478  30.865  -41.262  -13.440 0.4000000060
22591  27.778  -42.547  -14.996 0.4000000060
24370  31.436  -40.008  -13.591 0.5000000000
22603  28.069  -41.992  -15.288 0.4000000060
25253  31.860  -39.034  -13.898 0.5000000000
23497  28.208  -40.822  -15.605 0.4000000060
23498  27.476  -41.330  -15.374 0.4000000060
25273  31.207  -38.419  -14.209 0.5000000000
24418  27.858  -39.318  -16.059 0.4000000060
21705  28.770  -42.874  -13.509 0.4000000060
21723  28.343  -42.849  -14.115 0.4000000060
22590  28.338  -42.640  -14.653 0.4000000060
24387  30.276  -40.391  -14.062 0.4000000060
115277  28.719  -42.002  -14.898 0.4000000060
24386  30.833  -39.313  -14.066 0.5000000000
126742  28.857  -40.253  -15.476 0.4000000060
23489  28.765  -41.119  -15.174 0.4000000060
26204  31.608  -37.476  -14.360 0.5000000000
122389  31.536  -36.725  -14.502 0.6000000238
22577  29.038  -42.742  -13.911 0.4000000060
22589  29.216  -42.285  -14.280 0.4000000060
24388  29.466  -40.262  -14.813 0.4000000060
24404  28.536  -39.664  -15.898 0.4000000060
26205  30.751  -37.016  -14.661 0.6000000238
22576  29.978  -42.415  -13.433 0.4000000060
23488  29.433  -41.249  -14.544 0.4000000060
113268  30.017  -39.562  -14.493 0.5000000000
25275  29.418  -39.373  -15.254 0.5000000000
123430  30.464  -37.886  -14.640 0.5000000000
25274  30.222  -38.782  -14.593 0.5000000000
25287  29.604  -38.399  -15.336 0.5000000000
25288  29.020  -38.883  -16.014 0.4000000060
25295  28.645  -38.710  -16.274 0.5000000000
27050  31.047  -36.274  -14.686 0.6000000238
26211  29.724  -37.427  -15.468 0.6000000238
27053  30.240  -36.486  -15.213 0.6000000238
27878  29.276  -35.746  -17.920 0.5000000000
27875  29.299  -36.032  -17.643 0.6000000238
27059  29.053  -36.320  -17.498 0.5000000000
27871  29.476  -36.294  -17.060 0.6000000238
27057  29.082  -36.804  -17.139 0.6000000238
26216  28.838  -37.839  -16.689 0.5000000000
123596  29.130  -37.472  -16.641 0.5000000000
26212  29.090  -38.187  -16.334 0.5000000000
28751  28.964  -35.463  -17.681 0.5000000000
27054  29.546  -36.720  -16.228 0.6000000238
25269  34.779  -37.826  -15.265 0.4000000060
25268  36.363  -38.626  -14.171 0.5000000000
26200  35.286  -37.473  -14.500 0.5000000000
22604  27.509  -42.066  -15.116 0.4000000060
24405  27.616  -40.290  -15.731 0.4000000060
23479  29.957  -41.543  -13.939 0.4000000060
21707  27.880  -42.757  -14.522 0.3000000119
110047  26.861  -40.599  -15.250 0.3000000119
22592  27.453  -42.238  -14.836 0.3000000119
24406  26.919  -39.674  -15.538 0.3000000119
23499  27.024  -41.509  -15.039 0.3000000119
24390  26.422  -39.691  -15.151 0.3000000119
23490  26.610  -40.636  -15.030 0.3000000119
23510  49.592  -39.667  -18.810 0.5000000000
25264  43.244  -38.351  -14.269 0.6999999881
25281  46.316  -38.648  -15.162 0.5000000000
25290  48.358  -38.850  -16.594 0.5000000000
27834  41.150  -35.388  -12.556 0.6999999881
30264  45.106  -32.914  -12.172 0.3000000119
30271  47.939  -32.855  -13.421 0.3000000119
30319  38.257  -33.267  -21.253 0.6999999881
30323  38.243  -33.111  -21.476 0.8000000119
31932  36.301  -30.132  -12.635 0.6999999881
32010  39.533  -30.186  -22.830 0.6000000238
32018  39.056  -30.861  -22.769 0.6999999881
34603  43.874  -27.493  -11.993 0.4000000060
35615  34.773  -26.320  -13.493 0.5000000000
35616  34.073  -26.572  -13.584 0.5000000000
35646  38.668  -26.202  -15.091 0.6000000238
35688  46.774  -26.558  -17.974 0.3000000119
36633  34.084  -25.934  -13.492 0.4000000060
37569  45.776  -24.726  -14.107 0.4000000060
37606  45.753  -24.925  -15.760 0.4000000060
37623  47.504  -23.942  -17.419 0.3000000119
37643  31.092  -24.330  -18.029 0.4000000060
37660  30.303  -24.255  -19.323 0.5000000000
38467  47.418  -23.846  -14.704 0.3000000119
38519  38.145  -24.074  -17.691 0.4000000060
38531  49.072  -23.192  -18.555 0.3000000119
39534  27.470  -22.626  -20.933 0.4000000060
41438  36.098  -20.536  -13.100 0.4000000060
44454  30.707  -17.767  -17.797 0.3000000119
46627  32.366  -15.819  -14.435 0.3000000119
46661  31.094  -15.706  -17.097 0.3000000119
47716  31.132  -14.277  -16.849 0.3000000119
107921  37.584  -25.679  -19.196 0.5000000000
109211  46.891  -26.732  -12.350 0.3000000119
110041  40.458  -26.936  -13.902 0.5000000000
115345  34.298  -18.909  -13.111 0.3000000119
116294  35.375  -21.955  -13.006 0.3000000119
116513  31.635  -18.733  -16.280 0.3000000119
118255  30.439  -18.992  -18.302 0.3000000119
120247  36.938  -25.993  -16.490 0.4000000060
121699  45.068  -36.613  -13.197 0.6000000238
122411  30.871  -21.151  -17.761 0.3000000119
123634  44.824  -37.847  -13.647 0.6000000238
125971  37.626  -24.443  -16.330 0.4000000060
126158  48.549  -25.488  -18.961 0.3000000119
126707  35.499  -23.252  -13.176 0.3000000119
126848  31.088  -12.142  -16.787 0.3000000119
128644  45.675  -26.042  -12.493 0.4000000060
