#!ascii label  , from subject sub-v1s11x0050169_ses-1 vox2ras=TkReg
1064
59562  -17.215  -18.461  -23.591 0.4285714328
60738  -17.441  -17.305  -24.420 0.2857142985
60718  -17.780  -17.830  -23.781 0.4285714328
60739  -18.409  -17.163  -24.057 0.4285714328
60740  -19.199  -16.819  -24.105 0.4285714328
61841  -17.849  -16.664  -24.714 0.2857142985
61842  -18.670  -16.448  -24.523 0.4285714328
62851  -19.908  -15.667  -24.944 0.4285714328
62864  -18.508  -15.471  -25.542 0.4285714328
62883  -19.013  -14.886  -25.814 0.4285714328
125527  -18.864  -14.450  -26.544 0.4285714328
64837  -19.622  -13.918  -26.857 0.4285714328
143931  -18.519  -13.451  -28.288 0.5714285970
142082  -19.290  -13.656  -27.389 0.5714285970
64854  -19.862  -13.338  -27.540 0.4285714328
64855  -20.805  -13.107  -27.444 0.2857142985
138900  -19.495  -13.040  -28.204 0.7142857313
64873  -20.292  -12.675  -28.141 0.7142857313
65868  -20.916  -12.146  -28.413 0.7142857313
66783  -22.159  -11.515  -28.770 0.4285714328
66797  -21.930  -11.012  -29.344 0.5714285970
66796  -20.223  -11.423  -29.639 0.5714285970
67775  -21.249  -10.916  -29.662 0.5714285970
67776  -21.819  -10.412  -29.859 0.5714285970
67777  -22.548  -10.549  -29.562 0.5714285970
144139  -20.814  -11.192  -29.572 0.5714285970
68712  -23.149  -10.075  -29.779 0.4285714328
142380  -22.366  -9.390  -30.481 0.5714285970
69671  -23.285  -8.567  -30.691 0.5714285970
68726  -20.783  -9.824  -30.736 0.7142857313
69670  -22.643  -8.930  -30.704 0.7142857313
142320  -23.669  -8.097  -30.782 0.5714285970
67795  -21.656  -9.708  -30.445 0.5714285970
67793  -19.640  -10.658  -30.805 0.5714285970
69669  -21.989  -9.010  -30.905 0.8571428657
70729  -24.099  -7.686  -30.814 0.7142857313
68745  -21.212  -9.212  -31.126 0.7142857313
68744  -20.439  -9.404  -31.384 0.5714285970
71762  -23.785  -6.446  -31.514 0.7142857313
70744  -25.498  -6.818  -30.773 0.5714285970
69685  -22.464  -8.299  -31.177 0.7142857313
124328  -23.741  -7.127  -31.269 0.7142857313
138906  -24.396  -6.104  -31.417 0.5714285970
70741  -22.556  -7.547  -31.546 0.7142857313
72722  -25.479  -5.307  -31.340 0.5714285970
70740  -21.861  -7.777  -31.737 0.5714285970
128638  -23.017  -6.888  -31.646 0.7142857313
72720  -23.884  -5.673  -31.722 0.7142857313
73622  -25.000  -4.574  -31.581 0.7142857313
72738  -22.697  -5.678  -32.280 0.7142857313
73621  -24.086  -4.868  -31.867 0.7142857313
74490  -25.641  -3.407  -31.565 0.7142857313
73623  -25.764  -4.022  -31.530 0.5714285970
72739  -23.263  -5.194  -32.209 0.7142857313
71780  -21.714  -6.555  -32.551 0.5714285970
75405  -26.564  -2.654  -31.587 0.5714285970
144606  -27.279  -2.371  -31.750 0.5714285970
73643  -23.511  -4.325  -32.325 0.8571428657
124252  -22.577  -5.190  -32.530 0.8571428657
126739  -26.668  -1.894  -31.623 0.7142857313
75404  -25.647  -2.219  -31.619 0.7142857313
74503  -23.650  -3.492  -32.387 0.8571428657
74504  -24.377  -3.180  -31.992 0.7142857313
77189  -26.296  -0.361  -31.796 0.8571428657
76301  -26.986  -1.063  -31.718 0.5714285970
76299  -24.888  -1.492  -31.830 0.8571428657
76298  -24.027  -1.682  -32.269 0.8571428657
75403  -24.586  -2.346  -31.889 0.8571428657
78106  -25.767  0.934  -32.260 0.8571428657
78107  -26.588  1.419  -32.601 0.8571428657
78896  -26.249  2.244  -33.088 0.8571428657
128120  -24.873  1.166  -32.408 0.8571428657
78121  -24.465  1.542  -33.216 1.0000000000
134835  -25.555  1.670  -32.728 1.0000000000
77200  -24.067  -0.229  -32.533 0.8571428657
78912  -25.212  2.204  -33.260 1.0000000000
78105  -24.143  0.680  -32.851 1.0000000000
79774  -24.994  2.925  -33.572 1.0000000000
80610  -23.567  3.236  -34.576 0.7142857313
142189  -25.638  2.607  -33.343 1.0000000000
78910  -23.616  1.847  -33.901 1.0000000000
80611  -24.442  3.489  -34.151 1.0000000000
83360  -23.803  6.023  -35.783 1.0000000000
142097  -22.495  5.054  -36.124 0.8571428657
83381  -22.078  6.435  -37.415 0.8571428657
83367  -22.468  6.052  -36.721 1.0000000000
85139  -21.921  8.196  -38.750 0.8571428657
84265  -21.787  7.459  -38.434 0.8571428657
84252  -22.313  7.249  -37.666 1.0000000000
86022  -20.993  9.107  -39.906 0.8571428657
86023  -21.856  9.303  -39.481 0.8571428657
128524  -20.206  9.192  -40.157 0.7142857313
85149  -18.994  8.466  -39.869 0.5714285970
86949  -19.491  9.676  -39.948 0.7142857313
86963  -20.057  10.215  -40.493 0.5714285970
86000  -16.982  9.766  -37.070 0.5714285970
85130  -17.288  9.070  -38.870 0.5714285970
86001  -17.537  10.036  -37.399 0.4285714328
86937  -18.400  11.188  -38.096 0.4285714328
87848  -18.332  10.999  -39.009 0.4285714328
86925  -18.930  11.381  -35.136 0.2857142985
86924  -18.439  11.086  -35.523 0.2857142985
86920  -19.083  11.519  -34.165 0.2857142985
67796  -22.436  -9.908  -30.047 0.5714285970
70743  -24.499  -6.820  -31.055 0.5714285970
133329  -27.573  -1.782  -31.972 0.5714285970
74489  -25.005  -3.682  -31.634 0.7142857313
74505  -25.168  -2.958  -31.663 0.7142857313
76300  -25.918  -1.249  -31.640 0.8571428657
140078  -27.494  0.318  -32.552 0.8571428657
78887  -27.362  1.004  -32.738 0.8571428657
78897  -27.232  1.827  -33.117 0.8571428657
81455  -23.954  3.936  -34.695 0.8571428657
87833  -21.304  11.895  -34.269 0.1428571492
60761  -16.989  -16.843  -25.092 0.2857142985
141117  -17.506  -16.336  -25.301 0.2857142985
61864  -18.170  -16.082  -25.144 0.2857142985
140976  -19.227  -15.336  -25.304 0.4285714328
63884  -19.675  -14.470  -26.104 0.4285714328
62882  -18.210  -15.032  -26.260 0.2857142985
63904  -18.707  -13.977  -27.313 0.4285714328
63885  -20.505  -14.147  -26.324 0.4285714328
63903  -17.951  -14.207  -27.633 0.5714285970
64853  -18.987  -13.454  -27.892 0.5714285970
64872  -18.783  -13.102  -28.628 0.2857142985
65867  -19.483  -12.559  -28.770 0.7142857313
65888  -20.220  -11.991  -28.852 0.7142857313
66782  -21.150  -11.516  -29.045 0.4285714328
68714  -24.297  -9.592  -29.869 0.4285714328
66815  -20.037  -10.976  -30.245 0.7142857313
67794  -20.365  -10.450  -30.482 0.7142857313
68727  -23.068  -9.396  -30.308 0.5714285970
68728  -23.845  -9.107  -30.302 0.4285714328
70742  -23.270  -7.746  -31.147 0.7142857313
67812  -20.050  -10.022  -31.100 0.5714285970
72723  -26.354  -5.179  -31.247 0.5714285970
69683  -20.758  -8.739  -31.717 0.5714285970
144537  -25.675  -6.268  -30.917 0.5714285970
72719  -23.165  -6.014  -31.874 0.7142857313
123164  -25.846  -4.685  -31.407 0.5714285970
70758  -22.158  -7.045  -31.983 0.8571428657
73644  -24.253  -4.017  -31.932 0.7142857313
77190  -27.266  -0.275  -32.150 0.5714285970
134067  -22.833  0.540  -33.703 1.0000000000
79788  -22.697  2.707  -34.838 0.8571428657
81470  -22.488  3.996  -35.623 0.7142857313
81471  -23.368  4.231  -35.246 1.0000000000
82369  -25.055  5.058  -34.629 1.0000000000
81488  -22.831  4.746  -35.791 0.7142857313
82377  -24.454  5.576  -35.192 1.0000000000
80644  -21.481  3.755  -35.933 0.7142857313
83368  -23.187  6.392  -36.378 0.8571428657
84253  -22.995  7.580  -37.126 1.0000000000
131290  -23.307  7.051  -36.630 1.0000000000
85150  -19.855  8.301  -39.947 0.7142857313
86930  -17.963  10.736  -37.676 0.7142857313
85138  -18.101  8.757  -39.424 0.5714285970
86012  -17.819  9.664  -39.141 0.7142857313
119713  -18.347  10.067  -39.599 0.7142857313
86927  -19.265  11.037  -36.650 0.2857142985
86931  -18.894  10.992  -37.309 0.4285714328
86962  -19.108  10.223  -40.465 0.4285714328
87838  -19.502  11.307  -35.858 0.2857142985
65887  -19.416  -12.035  -29.550 0.4285714328
66814  -19.317  -11.413  -30.367 0.4285714328
122543  -18.443  10.652  -36.925 0.4285714328
86004  -17.503  9.882  -38.260 0.7142857313
59563  -18.687  -17.886  -23.430 0.4285714328
59584  -16.916  -17.926  -24.208 0.2857142985
60719  -19.363  -17.408  -23.705 0.4285714328
61865  -18.979  -15.816  -24.897 0.4285714328
63883  -18.048  -14.576  -27.024 0.4285714328
140549  -20.632  -10.899  -29.962 0.5714285970
125355  -21.076  -10.358  -30.168 0.5714285970
68713  -23.641  -9.663  -29.967 0.4285714328
69672  -24.036  -8.427  -30.553 0.5714285970
69684  -21.563  -8.508  -31.448 0.5714285970
71763  -25.145  -6.079  -31.138 0.5714285970
72721  -24.662  -5.443  -31.527 0.7142857313
69698  -21.091  -8.045  -32.059 0.7142857313
71781  -22.456  -6.307  -32.155 0.8571428657
77188  -25.095  -0.529  -31.925 0.8571428657
78091  -25.757  0.172  -32.036 0.8571428657
75402  -23.683  -2.566  -32.439 0.8571428657
77201  -24.898  0.358  -32.219 1.0000000000
79772  -23.454  2.481  -34.305 1.0000000000
80629  -22.965  3.507  -35.132 0.8571428657
85152  -21.492  8.561  -39.393 0.8571428657
85151  -20.704  8.337  -39.698 0.8571428657
86021  -19.580  8.907  -40.042 0.7142857313
86020  -18.728  9.233  -39.672 0.5714285970
128778  -17.172  9.333  -38.084 0.5714285970
85995  -17.164  10.178  -35.287 0.4285714328
86923  -17.948  10.536  -36.579 0.4285714328
86936  -17.824  10.590  -38.622 0.4285714328
87835  -19.882  11.472  -34.902 0.2857142985
87832  -20.488  11.646  -34.297 0.1428571492
61890  -17.513  -15.755  -25.929 0.2857142985
65866  -18.721  -12.607  -29.368 0.2857142985
89556  -17.639  14.040  -40.529 0.2857142985
89544  -19.165  14.353  -39.365 0.1428571492
88714  -18.148  12.050  -39.488 0.2857142985
89555  -16.614  13.345  -40.779 0.2857142985
91229  -19.740  15.213  -38.358 0.1428571492
88693  -19.690  12.072  -37.919 0.1428571492
88701  -19.275  12.342  -38.992 0.2857142985
88702  -20.014  12.998  -38.351 0.1428571492
88745  -17.717  12.584  -42.755 0.2857142985
89571  -16.529  12.520  -40.906 0.2857142985
89575  -24.279  13.538  -41.682 0.2857142985
88748  -20.827  12.980  -42.579 0.2857142985
90377  -20.437  14.506  -38.057 0.1428571492
87862  -17.374  11.124  -39.576 0.2857142985
87899  -21.782  11.897  -41.045 0.2857142985
138326  -17.904  11.696  -41.985 0.2857142985
88712  -16.496  12.235  -40.157 0.2857142985
88715  -25.331  12.234  -39.861 0.1428571492
88737  -22.231  12.484  -41.304 0.2857142985
88735  -20.060  11.990  -42.298 0.2857142985
89526  -20.192  13.966  -38.742 0.1428571492
137510  -19.428  11.239  -41.975 0.2857142985
87894  -16.681  11.664  -40.467 0.2857142985
119823  -27.990  10.803  -40.973 0.1428571492
87884  -26.720  11.757  -40.207 0.1428571492
140112  -23.251  12.377  -40.490 0.4285714328
87880  -20.645  10.864  -40.901 0.2857142985
86933  -26.097  10.175  -37.837 0.2857142985
87850  -23.701  11.255  -39.045 0.4285714328
87881  -21.714  11.252  -40.563 0.2857142985
86948  -18.567  10.491  -39.861 0.2857142985
128198  -27.889  8.821  -38.194 0.1428571492
87853  -26.157  11.283  -38.771 0.2857142985
87864  -22.670  11.254  -39.957 0.4285714328
134071  -23.593  10.036  -38.198 0.5714285970
86952  -22.378  10.100  -39.474 0.7142857313
84266  -28.164  8.039  -37.896 0.1428571492
86009  -27.284  9.321  -37.703 0.1428571492
86953  -23.047  10.816  -39.256 0.7142857313
86964  -21.141  10.423  -40.392 0.4285714328
86006  -24.732  9.573  -37.460 0.4285714328
83397  -28.373  6.597  -38.028 0.2857142985
84248  -27.335  7.598  -36.317 0.7142857313
86013  -23.121  9.479  -38.214 0.7142857313
83369  -23.913  6.833  -36.199 0.8571428657
85124  -25.979  8.444  -36.399 0.8571428657
85132  -24.175  8.903  -37.217 0.5714285970
81505  -28.300  4.841  -38.660 0.2857142985
82414  -28.400  5.732  -38.375 0.2857142985
83394  -19.529  6.247  -39.452 0.5714285970
123414  -23.578  8.238  -37.123 0.8571428657
128556  -28.337  4.095  -38.336 0.1428571492
83370  -27.514  6.879  -36.061 0.7142857313
80657  -28.145  3.302  -38.580 0.1428571492
76326  -20.360  -1.375  -34.796 0.5714285970
78909  -22.772  1.318  -34.137 0.8571428657
78924  -22.919  2.052  -34.379 0.8571428657
78908  -22.045  1.168  -34.475 0.4285714328
78923  -22.114  1.882  -34.734 0.5714285970
82376  -23.597  5.134  -35.489 0.8571428657
81458  -26.617  4.514  -34.474 0.8571428657
83361  -24.759  6.566  -35.582 0.8571428657
80654  -28.537  3.646  -37.078 0.2857142985
82380  -27.046  5.975  -35.318 0.8571428657
83362  -25.785  6.661  -35.351 0.8571428657
85122  -24.431  8.185  -36.701 0.8571428657
78947  -27.906  1.811  -38.244 0.4285714328
82381  -28.179  5.157  -35.872 0.7142857313
83364  -27.189  6.599  -35.606 0.7142857313
75446  -19.617  -1.776  -35.347 0.2857142985
134175  -22.290  0.053  -34.015 0.5714285970
137958  -21.187  -0.622  -34.517 0.5714285970
81457  -25.672  4.444  -34.287 0.8571428657
81456  -24.762  4.239  -34.389 0.8571428657
82370  -25.979  5.236  -34.606 0.8571428657
82378  -25.372  5.873  -35.006 0.8571428657
128168  -28.609  3.003  -36.597 0.4285714328
80630  -27.917  3.897  -35.021 0.8571428657
130871  -27.630  5.266  -35.334 0.8571428657
79805  -28.507  2.212  -36.966 0.4285714328
71796  -20.417  -6.418  -33.407 0.7142857313
72764  -19.804  -5.373  -34.110 0.4285714328
71797  -21.208  -6.048  -33.073 0.7142857313
73657  -22.304  -4.058  -33.124 0.8571428657
73674  -21.119  -4.099  -33.916 0.5714285970
74533  -20.412  -3.043  -34.530 0.5714285970
74532  -19.652  -3.620  -34.744 0.4285714328
75401  -22.880  -2.435  -33.004 0.8571428657
75419  -21.764  -2.704  -33.944 0.5714285970
75435  -21.170  -1.845  -34.311 0.5714285970
77186  -23.637  -1.001  -32.637 0.8571428657
76328  -22.270  -0.873  -33.740 0.7142857313
76327  -21.571  -1.098  -34.203 0.5714285970
130579  -27.776  2.035  -34.176 0.7142857313
80604  -26.803  3.226  -33.959 0.7142857313
80614  -27.297  3.701  -34.443 0.8571428657
140517  -28.304  0.351  -36.591 0.2857142985
78925  -28.441  1.384  -35.921 0.4285714328
124065  -28.464  1.874  -36.276 0.5714285970
70773  -20.160  -7.204  -33.264 0.4285714328
71795  -19.540  -6.794  -33.755 0.4285714328
74502  -22.966  -3.771  -32.749 0.7142857313
76297  -23.261  -1.727  -32.773 0.8571428657
78093  -27.880  0.456  -33.101 0.7142857313
77221  -28.400  -0.097  -35.899 0.2857142985
78122  -28.379  0.636  -34.801 0.5714285970
78898  -27.775  1.203  -33.473 0.5714285970
68762  -19.987  -9.027  -32.009 0.4285714328
69696  -19.371  -8.688  -32.805 0.5714285970
71779  -20.955  -6.877  -32.936 0.5714285970
73642  -22.784  -4.557  -32.627 0.7142857313
76316  -28.274  -1.151  -33.424 0.4285714328
77212  -28.443  -0.182  -34.641 0.4285714328
143187  -28.498  0.136  -35.272 0.4285714328
75422  -28.352  -2.662  -33.110 0.4285714328
120650  -26.465  -3.444  -31.544 0.4285714328
120085  -28.503  -2.125  -33.697 0.4285714328
75421  -28.163  -1.877  -32.793 0.4285714328
142935  -20.923  -13.796  -26.594 0.1428571492
73624  -26.706  -4.349  -31.468 0.4285714328
74491  -27.299  -3.740  -31.654 0.4285714328
75407  -28.221  -3.154  -32.513 0.4285714328
64856  -21.670  -13.102  -27.391 0.1428571492
65850  -22.111  -12.621  -27.825 0.1428571492
66799  -23.330  -10.790  -29.260 0.2857142985
70732  -27.176  -7.332  -30.601 0.2857142985
136353  -29.170  -5.802  -32.860 0.2857142985
71766  -27.756  -6.068  -31.152 0.2857142985
69673  -25.321  -8.279  -30.431 0.4285714328
72725  -28.557  -5.657  -31.886 0.2857142985
70731  -26.360  -7.085  -30.663 0.2857142985
72740  -28.743  -5.011  -32.633 0.2857142985
73626  -28.264  -4.850  -31.953 0.4285714328
64838  -20.494  -13.600  -26.919 0.1428571492
65870  -22.564  -12.085  -28.273 0.2857142985
66784  -23.017  -11.494  -28.728 0.2857142985
68716  -26.123  -9.657  -29.625 0.2857142985
68731  -26.672  -8.977  -30.012 0.2857142985
68730  -25.687  -8.942  -30.081 0.2857142985
68715  -25.153  -9.580  -29.725 0.2857142985
69674  -26.194  -8.304  -30.337 0.2857142985
64857  -22.509  -13.178  -27.357 0.1428571492
66786  -25.033  -11.619  -28.544 0.2857142985
65851  -22.970  -12.667  -27.785 0.2857142985
66800  -24.831  -10.890  -29.040 0.2857142985
66785  -24.012  -11.372  -28.702 0.2857142985
67779  -24.622  -10.214  -29.474 0.2857142985
61843  -19.528  -16.321  -24.471 0.2857142985
63872  -20.325  -14.658  -25.764 0.1428571492
62865  -19.781  -15.016  -25.528 0.2857142985
63886  -21.444  -14.082  -26.351 0.1428571492
126299  -18.071  -18.428  -23.221 0.2857142985
142373  -18.336  -19.018  -22.850 0.2857142985
58516  -17.560  -19.029  -23.059 0.2857142985
62866  -20.564  -15.208  -25.376 0.2857142985
58517  -18.940  -18.618  -22.977 0.1428571492
58495  -17.081  -19.656  -22.759 0.2857142985
65872  -24.361  -12.210  -28.228 0.2857142985
67780  -25.505  -10.329  -29.340 0.2857142985
69675  -27.234  -8.202  -30.332 0.2857142985
71753  -27.853  -6.868  -30.858 0.2857142985
70730  -24.953  -7.561  -30.645 0.4285714328
71765  -26.784  -5.835  -31.021 0.4285714328
72724  -27.491  -5.145  -31.430 0.2857142985
73658  -28.774  -4.347  -33.284 0.2857142985
73655  -21.063  -4.767  -33.662 0.7142857313
74508  -28.444  -3.774  -32.710 0.4285714328
76312  -21.982  -1.788  -33.864 0.5714285970
77202  -27.924  -0.282  -32.802 0.4285714328
121576  -28.388  -0.802  -35.835 0.2857142985
77235  -27.779  -0.251  -37.310 0.2857142985
142842  -28.427  0.901  -36.255 0.5714285970
83380  -21.411  6.056  -37.858 0.7142857313
79777  -28.120  2.977  -34.886 0.7142857313
134360  -19.372  7.820  -39.926 0.4285714328
84277  -20.199  7.599  -39.589 0.5714285970
85140  -22.564  8.730  -38.284 0.7142857313
78941  -28.217  1.571  -37.603 0.2857142985
133747  -25.452  7.335  -35.810 0.8571428657
85131  -22.863  8.217  -37.593 0.8571428657
82404  -28.373  5.905  -37.409 0.5714285970
87879  -19.415  10.643  -41.173 0.2857142985
86008  -26.515  9.559  -37.437 0.4285714328
86932  -25.208  10.207  -37.836 0.4285714328
135160  -20.818  14.069  -37.286 0.1428571492
87866  -24.394  12.259  -39.872 0.2857142985
87883  -26.063  11.981  -39.864 0.1428571492
88747  -19.606  12.710  -43.081 0.2857142985
140023  -20.041  -16.933  -24.056 0.1428571492
64839  -21.240  -13.502  -26.886 0.1428571492
64858  -23.350  -13.283  -27.336 0.1428571492
65852  -23.829  -12.749  -27.764 0.1428571492
66798  -22.602  -11.082  -29.139 0.2857142985
69676  -28.337  -8.510  -30.486 0.2857142985
67778  -23.856  -10.176  -29.604 0.2857142985
70733  -27.983  -7.621  -30.628 0.2857142985
69697  -20.282  -8.335  -32.391 0.5714285970
68729  -24.710  -8.892  -30.249 0.2857142985
132891  -19.469  -7.511  -33.519 0.2857142985
72754  -29.110  -5.232  -33.578 0.2857142985
73675  -28.825  -4.180  -34.863 0.2857142985
72753  -21.450  -5.210  -33.218 0.7142857313
73672  -19.434  -4.569  -34.525 0.4285714328
73673  -20.411  -4.617  -34.112 0.5714285970
136788  -28.857  -4.017  -34.049 0.4285714328
75434  -20.361  -2.199  -34.658 0.5714285970
74522  -28.588  -3.459  -33.422 0.2857142985
77209  -20.522  -0.623  -34.830 0.2857142985
75436  -28.635  -2.593  -34.669 0.1428571492
76339  -28.523  -1.909  -35.290 0.4285714328
76329  -28.547  -1.612  -34.410 0.4285714328
75457  -27.789  -1.984  -36.756 0.1428571492
80612  -25.360  3.702  -33.906 0.8571428657
76349  -28.143  -1.331  -36.344 0.1428571492
78913  -28.346  1.475  -35.001 0.5714285970
78145  -28.063  0.694  -37.425 0.2857142985
79801  -28.522  2.452  -36.216 0.5714285970
81474  -28.352  4.427  -36.008 0.7142857313
84245  -24.612  7.406  -36.223 0.8571428657
78954  -27.060  1.936  -39.253 0.2857142985
79816  -27.203  2.719  -39.526 0.1428571492
87842  -19.704  11.401  -37.110 0.2857142985
81499  -28.483  4.325  -37.610 0.4285714328
79809  -27.697  2.433  -38.805 0.4285714328
81511  -27.599  4.069  -39.730 0.1428571492
143574  -26.607  8.574  -36.605 0.5714285970
81512  -27.931  4.801  -39.474 0.1428571492
140511  -28.259  7.325  -37.725 0.1428571492
85142  -28.319  8.149  -38.799 0.1428571492
88694  -20.256  12.612  -37.576 0.1428571492
86007  -25.656  9.617  -37.329 0.5714285970
84255  -28.371  7.304  -38.498 0.1428571492
86016  -27.624  9.607  -38.491 0.1428571492
87882  -23.427  11.986  -40.004 0.2857142985
132045  -24.853  11.813  -39.286 0.2857142985
86942  -26.534  10.639  -38.415 0.2857142985
141961  -27.925  9.911  -39.389 0.1428571492
86966  -27.861  10.548  -40.179 0.1428571492
87885  -27.498  11.345  -40.555 0.1428571492
88739  -24.061  13.124  -41.052 0.2857142985
138556  -24.757  13.198  -41.277 0.2857142985
88740  -25.526  12.933  -41.298 0.1428571492
88741  -26.458  12.591  -41.470 0.1428571492
137792  -20.875  -17.296  -24.032 0.1428571492
63887  -22.381  -14.256  -26.356 0.1428571492
71767  -28.618  -6.645  -31.444 0.2857142985
77240  -27.196  -0.345  -37.878 0.2857142985
87904  -27.859  11.795  -42.111 0.1428571492
89587  -24.565  13.899  -42.311 0.2857142985
60720  -20.221  -17.694  -23.647 0.1428571492
135428  -20.370  -16.370  -24.518 0.1428571492
65869  -21.691  -12.058  -28.325 0.2857142985
65849  -21.249  -12.607  -27.896 0.1428571492
135517  -24.620  -8.183  -30.545 0.4285714328
70757  -21.412  -7.314  -32.348 0.4285714328
72737  -22.031  -5.693  -32.669 0.7142857313
79776  -27.394  2.893  -34.233 0.7142857313
78120  -23.527  1.028  -33.504 0.8571428657
77199  -23.371  -0.432  -32.978 0.8571428657
78104  -23.457  0.225  -33.195 0.8571428657
79775  -26.061  3.075  -33.518 0.8571428657
84264  -21.219  7.679  -39.220 0.5714285970
86024  -22.505  9.434  -38.869 0.7142857313
86965  -22.032  10.570  -40.065 0.5714285970
87877  -17.163  10.929  -40.174 0.2857142985
77203  -28.177  -0.254  -33.698 0.4285714328
77198  -22.847  -0.237  -33.445 0.5714285970
84244  -23.794  7.561  -36.642 0.8571428657
87849  -19.042  11.632  -38.561 0.2857142985
87878  -18.184  10.573  -40.694 0.2857142985
87863  -18.665  11.554  -39.178 0.2857142985
125525  -19.138  11.471  -37.779 0.2857142985
74521  -22.486  -3.160  -33.318 0.8571428657
89542  -17.184  12.963  -39.910 0.2857142985
89543  -18.330  13.809  -39.766 0.2857142985
128468  -18.504  12.961  -39.470 0.2857142985
89572  -16.948  13.270  -42.040 0.2857142985
89525  -19.400  13.427  -39.114 0.1428571492
88733  -17.098  12.117  -41.551 0.2857142985
89573  -22.694  13.049  -41.606 0.2857142985
88736  -21.199  12.161  -41.688 0.2857142985
89510  -20.577  13.513  -37.704 0.1428571492
87898  -21.160  11.473  -41.184 0.2857142985
88738  -23.155  12.778  -40.974 0.2857142985
88721  -22.592  12.038  -40.588 0.2857142985
87896  -18.517  11.108  -41.611 0.2857142985
88734  -18.806  11.887  -42.578 0.2857142985
126870  -24.017  11.707  -39.392 0.2857142985
88723  -24.861  12.757  -40.591 0.1428571492
88724  -26.033  12.411  -40.579 0.1428571492
87897  -20.315  11.334  -41.568 0.2857142985
87901  -27.761  11.432  -41.447 0.1428571492
87868  -26.486  11.540  -39.442 0.1428571492
87900  -27.052  12.047  -40.954 0.1428571492
86943  -27.302  10.389  -38.715 0.1428571492
86938  -23.032  10.136  -38.710 0.5714285970
87851  -24.388  11.334  -38.823 0.4285714328
87865  -23.369  11.411  -39.524 0.5714285970
84286  -28.362  8.303  -39.695 0.1428571492
85134  -27.553  8.574  -37.394 0.1428571492
87852  -25.269  11.363  -38.725 0.2857142985
86955  -27.476  10.679  -39.356 0.2857142985
86940  -24.761  10.800  -38.313 0.4285714328
86005  -23.851  9.538  -37.736 0.7142857313
85126  -27.211  8.311  -36.678 0.4285714328
86002  -26.160  9.067  -36.873 0.5714285970
83384  -28.199  6.873  -37.219 0.5714285970
84247  -26.635  7.955  -36.140 0.7142857313
85133  -25.198  8.886  -36.827 0.7142857313
123418  -28.495  5.041  -37.100 0.5714285970
81489  -28.467  4.354  -36.746 0.4285714328
83363  -26.599  6.665  -35.401 0.8571428657
78119  -22.333  0.718  -34.185 0.5714285970
78922  -21.393  1.311  -34.923 0.4285714328
77210  -21.022  -0.036  -34.784 0.4285714328
81459  -27.475  4.542  -34.885 0.8571428657
80645  -28.462  3.710  -36.282 0.4285714328
79810  -28.335  2.513  -37.950 0.5714285970
82390  -27.701  5.997  -35.887 0.8571428657
80631  -28.251  3.760  -35.551 0.7142857313
71812  -19.938  -6.031  -33.777 0.4285714328
73656  -21.645  -4.430  -33.418 0.7142857313
74520  -21.770  -3.631  -33.672 0.7142857313
141849  -20.052  -4.165  -34.452 0.4285714328
74534  -21.147  -3.333  -34.155 0.5714285970
73684  -18.622  -3.990  -35.077 0.2857142985
75420  -22.359  -2.378  -33.533 0.7142857313
76314  -22.941  -0.982  -33.090 0.8571428657
141427  -28.198  2.177  -34.869 0.7142857313
70756  -20.633  -7.613  -32.695 0.5714285970
69716  -19.833  -7.919  -33.062 0.5714285970
134936  -28.422  -0.852  -34.264 0.4285714328
77231  -28.157  -0.558  -36.531 0.2857142985
71752  -27.024  -6.568  -30.783 0.2857142985
74506  -27.449  -3.049  -31.787 0.4285714328
120282  -28.589  -2.853  -33.851 0.4285714328
73625  -27.747  -4.310  -31.743 0.4285714328
131759  -24.123  -10.694  -29.226 0.2857142985
140834  -26.539  -7.718  -30.492 0.2857142985
132943  -25.797  -7.642  -30.561 0.2857142985
73645  -28.402  -4.300  -32.346 0.4285714328
64840  -22.041  -13.586  -26.804 0.1428571492
65871  -23.452  -12.122  -28.270 0.2857142985
66801  -25.760  -11.066  -28.862 0.2857142985
58496  -18.031  -19.601  -22.581 0.1428571492
58518  -19.837  -18.968  -22.981 0.1428571492
143687  -28.404  -1.422  -35.735 0.2857142985
88689  -20.615  12.521  -36.789 0.1428571492
59564  -19.595  -18.153  -23.301 0.1428571492
141977  -20.624  -16.812  -24.281 0.1428571492
133711  -19.968  5.810  -38.777 0.5714285970
81497  -19.278  4.612  -37.708 0.4285714328
82401  -19.853  5.265  -38.145 0.4285714328
82413  -20.656  5.846  -38.312 0.5714285970
81498  -20.375  4.602  -37.268 0.4285714328
82402  -20.992  5.293  -37.721 0.5714285970
139107  -21.136  6.366  -38.423 0.4285714328
80643  -20.755  3.238  -35.891 0.4285714328
140982  -21.126  4.353  -36.532 0.4285714328
81485  -20.346  3.842  -36.470 0.4285714328
81486  -21.401  4.985  -36.863 0.5714285970
82403  -21.761  5.702  -37.153 0.5714285970
71798  -29.242  -6.120  -33.850 0.1428571492
72765  -29.029  -5.576  -34.534 0.1428571492
63928  -18.277  -13.759  -27.988 0.2857142985
70797  -28.219  -7.639  -35.810 0.1428571492
71814  -29.257  -7.104  -34.099 0.1428571492
70796  -27.450  -7.318  -36.671 0.1428571492
71813  -28.802  -7.206  -35.017 0.1428571492
70747  -29.189  -7.889  -31.549 0.1428571492
128448  -29.483  -8.307  -33.246 0.1428571492
129925  -28.869  -7.335  -31.372 0.1428571492
70787  -29.380  -7.892  -33.889 0.1428571492
69741  -27.134  -7.994  -36.834 0.1428571492
70786  -28.927  -7.989  -34.798 0.1428571492
70808  -28.595  -7.365  -37.832 0.1428571492
69763  -26.600  -8.033  -38.235 0.1428571492
63902  -17.212  -14.663  -27.627 0.2857142985
67782  -27.648  -10.499  -29.470 0.1428571492
68717  -28.003  -9.840  -29.817 0.1428571492
130527  -28.451  -9.400  -30.270 0.1428571492
134584  -27.138  -9.740  -29.648 0.1428571492
69717  -29.476  -9.133  -33.388 0.1428571492
69699  -29.520  -8.866  -32.573 0.1428571492
69727  -28.086  -8.492  -35.849 0.1428571492
68801  -26.734  -8.788  -36.986 0.1428571492
69756  -26.906  -8.525  -38.264 0.1428571492
126908  -29.128  -8.154  -37.598 0.1428571492
62881  -17.402  -15.171  -26.798 0.2857142985
62880  -16.832  -15.630  -26.618 0.2857142985
66803  -27.355  -11.226  -29.104 0.1428571492
68733  -29.028  -9.880  -30.654 0.1428571492
69729  -29.225  -9.432  -34.142 0.1428571492
68746  -29.285  -9.326  -31.208 0.1428571492
68787  -28.050  -9.542  -35.620 0.1428571492
69755  -26.373  -8.338  -38.134 0.1428571492
70810  -31.030  -7.637  -37.727 0.1428571492
70809  -29.865  -7.697  -37.606 0.1428571492
65873  -25.230  -12.383  -28.170 0.1428571492
66802  -26.563  -11.302  -28.836 0.1428571492
66787  -26.026  -11.891  -28.455 0.1428571492
66816  -28.679  -11.230  -30.210 0.1428571492
133284  -27.838  -11.946  -29.124 0.1428571492
67830  -28.875  -10.679  -33.923 0.1428571492
67797  -28.778  -10.480  -30.362 0.1428571492
67845  -28.471  -10.431  -34.787 0.1428571492
66834  -29.345  -10.668  -31.757 0.1428571492
69757  -28.568  -8.814  -37.651 0.1428571492
68810  -25.985  -8.814  -38.046 0.1428571492
69758  -30.352  -8.434  -37.441 0.1428571492
135076  -25.904  -12.610  -28.158 0.1428571492
65890  -28.417  -12.827  -29.884 0.1428571492
65889  -28.094  -12.703  -29.279 0.1428571492
66788  -27.025  -11.897  -28.686 0.1428571492
125533  -28.954  -11.536  -30.937 0.1428571492
66804  -28.375  -12.008  -29.702 0.1428571492
133255  -27.807  -11.173  -35.090 0.1428571492
142162  -28.216  -11.783  -33.936 0.1428571492
67863  -26.935  -9.888  -36.445 0.1428571492
68800  -25.799  -9.457  -37.594 0.1428571492
67844  -27.742  -10.385  -35.540 0.1428571492
121838  -28.415  -13.806  -30.008 0.1428571492
64875  -27.803  -13.432  -28.840 0.1428571492
65875  -27.452  -12.621  -28.730 0.1428571492
65919  -28.022  -12.769  -32.890 0.1428571492
140636  -28.239  -13.143  -31.591 0.1428571492
65938  -27.678  -12.042  -34.501 0.1428571492
65930  -28.024  -12.316  -33.583 0.1428571492
68816  -26.090  -9.118  -38.264 0.1428571492
67862  -25.790  -10.317  -36.841 0.1428571492
65915  -28.659  -12.313  -31.198 0.1428571492
125951  -28.151  -11.235  -29.515 0.1428571492
66842  -29.131  -11.181  -32.632 0.1428571492
67831  -29.339  -10.011  -33.502 0.1428571492
68732  -27.658  -9.095  -30.060 0.1428571492
71839  -31.833  -7.163  -38.177 0.1428571492
128961  -27.671  -8.093  -38.094 0.1428571492
136849  -29.158  -6.471  -32.264 0.1428571492
132378  -28.939  -6.463  -34.775 0.1428571492
70804  -31.773  -7.809  -37.540 0.1428571492
71840  -32.200  -6.711  -38.330 0.1428571492
80627  -21.403  3.018  -35.641 0.4285714328
71838  -31.267  -6.781  -38.274 0.1428571492
71837  -30.042  -6.978  -37.762 0.1428571492
70807  -26.441  -7.684  -38.190 0.1428571492
72773  -28.569  -5.971  -35.445 0.1428571492
121696  -29.014  -4.716  -34.272 0.1428571492
131189  -18.741  5.854  -39.570 0.4285714328
84262  -18.602  6.588  -39.911 0.4285714328
89594  -25.793  14.063  -43.114 0.1428571492
83395  -20.495  6.414  -38.915 0.4285714328
89586  -23.690  13.862  -42.237 0.1428571492
71799  -29.385  -6.656  -33.138 0.1428571492
67781  -26.591  -10.534  -29.247 0.1428571492
65853  -24.675  -12.869  -27.759 0.1428571492
70746  -28.697  -7.816  -30.961 0.1428571492
74535  -28.732  -3.430  -34.371 0.1428571492
71768  -29.209  -7.196  -31.906 0.1428571492
70774  -29.446  -7.479  -33.209 0.1428571492
70803  -26.598  -7.795  -37.722 0.1428571492
71823  -28.383  -6.843  -35.687 0.1428571492
71830  -26.695  -7.151  -37.615 0.1428571492
69687  -29.396  -8.689  -31.769 0.1428571492
70759  -29.429  -7.911  -32.376 0.1428571492
123191  -29.329  -8.625  -34.070 0.1428571492
121478  -26.427  -8.032  -38.105 0.1428571492
69748  -26.413  -8.255  -37.819 0.1428571492
69728  -28.819  -8.974  -34.867 0.1428571492
70815  -27.018  -7.678  -38.313 0.1428571492
125933  -28.912  -9.125  -30.691 0.1428571492
68763  -29.507  -9.584  -32.805 0.1428571492
68747  -29.495  -9.637  -31.966 0.1428571492
68734  -29.350  -10.048  -31.257 0.1428571492
66817  -29.137  -10.714  -30.895 0.1428571492
68788  -28.787  -9.706  -34.730 0.1428571492
67846  -29.030  -10.077  -34.238 0.1428571492
65874  -26.628  -12.558  -28.340 0.1428571492
65906  -28.631  -12.129  -30.378 0.1428571492
66853  -29.148  -10.750  -33.249 0.1428571492
66864  -28.365  -11.287  -34.293 0.1428571492
66852  -28.663  -11.451  -33.478 0.1428571492
144479  -29.173  -11.149  -31.334 0.1428571492
64906  -28.438  -12.981  -30.621 0.1428571492
66833  -28.990  -11.655  -31.819 0.1428571492
66874  -26.937  -10.837  -35.897 0.1428571492
68809  -25.498  -9.583  -38.147 0.1428571492
66841  -28.607  -12.017  -32.760 0.1428571492
122019  -28.442  -12.516  -32.096 0.1428571492
57444  -15.686  -20.257  -22.768 0.1428571492
59561  -16.675  -19.108  -23.359 0.1428571492
142838  -15.478  -19.824  -23.212 0.1428571492
59560  -15.657  -19.229  -23.651 0.1428571492
59583  -16.307  -18.546  -23.985 0.1428571492
122393  -16.696  -17.444  -24.720 0.1428571492
128659  -15.400  -17.558  -25.249 0.1428571492
61862  -16.287  -16.657  -25.735 0.1428571492
61863  -16.990  -16.356  -25.669 0.1428571492
61861  -15.315  -16.972  -25.771 0.1428571492
61889  -16.572  -16.113  -26.222 0.1428571492
62878  -15.013  -15.764  -26.920 0.1428571492
62879  -16.070  -15.788  -26.845 0.1428571492
63901  -16.214  -14.783  -27.839 0.1428571492
62907  -16.582  -15.262  -27.225 0.1428571492
63926  -16.688  -14.290  -28.396 0.2857142985
63927  -17.541  -14.061  -28.227 0.1428571492
64871  -17.994  -13.494  -28.657 0.1428571492
67810  -18.369  -10.555  -31.845 0.4285714328
68743  -19.795  -9.604  -31.638 0.4285714328
68761  -19.266  -9.438  -32.198 0.4285714328
130831  -21.297  1.945  -35.227 0.2857142985
141882  -20.674  2.412  -35.679 0.2857142985
79787  -21.758  2.523  -35.298 0.2857142985
125380  -17.429  4.482  -37.393 0.2857142985
135491  -18.284  5.062  -38.587 0.2857142985
82411  -18.458  5.389  -39.171 0.4285714328
63925  -15.719  -14.222  -28.412 0.1428571492
64870  -17.120  -13.759  -28.901 0.2857142985
64893  -18.190  -13.037  -29.165 0.1428571492
59582  -15.331  -18.586  -24.345 0.1428571492
61888  -15.662  -16.325  -26.349 0.1428571492
62906  -15.687  -15.288  -27.386 0.1428571492
133222  -16.297  -13.811  -28.976 0.2857142985
64892  -17.506  -13.246  -29.372 0.2857142985
65886  -17.918  -12.727  -29.793 0.2857142985
137767  -18.506  -11.529  -30.845 0.4285714328
78132  -20.752  0.695  -35.114 0.2857142985
137031  -20.494  1.497  -35.454 0.2857142985
78934  -18.564  1.403  -35.845 0.2857142985
79800  -19.428  2.241  -35.823 0.2857142985
80651  -18.360  4.043  -36.928 0.2857142985
80638  -16.854  2.894  -36.213 0.2857142985
133442  -18.458  4.599  -37.798 0.2857142985
78131  -19.700  0.697  -35.524 0.2857142985
78935  -19.434  1.391  -35.674 0.2857142985
127210  -17.955  1.478  -35.976 0.2857142985
126251  -18.135  2.435  -36.128 0.2857142985
123079  -19.912  3.071  -36.096 0.2857142985
80641  -18.575  3.310  -36.470 0.2857142985
80639  -17.587  2.987  -36.392 0.2857142985
80653  -19.580  4.186  -37.055 0.2857142985
78932  -17.391  0.577  -36.368 0.2857142985
130916  -17.211  1.046  -36.331 0.2857142985
66832  -18.852  -10.936  -31.144 0.4285714328
67811  -19.231  -10.175  -31.590 0.4285714328
65905  -18.485  -12.134  -30.254 0.4285714328
80640  -18.056  3.160  -36.461 0.2857142985
60737  -15.975  -17.929  -24.695 0.1428571492
60760  -16.127  -17.252  -25.230 0.1428571492
61887  -14.731  -16.366  -26.251 0.1428571492
66831  -18.078  -11.217  -31.420 0.4285714328
81484  -17.908  4.113  -37.088 0.2857142985
79798  -17.667  1.867  -36.080 0.2857142985
68760  -18.629  -9.227  -32.835 0.2857142985
91995  -21.583  16.369  -44.158 0.1428571492
91307  -22.371  16.748  -44.861 0.1428571492
90448  -21.482  14.787  -43.773 0.1428571492
90435  -22.069  14.218  -43.002 0.1428571492
90436  -23.048  14.326  -42.869 0.1428571492
91984  -21.917  16.743  -44.294 0.1428571492
89584  -21.010  13.971  -43.322 0.1428571492
89592  -18.323  14.047  -43.376 0.1428571492
128162  -19.368  15.493  -41.318 0.1428571492
69695  -18.523  -8.621  -33.387 0.2857142985
69715  -19.043  -8.092  -33.500 0.2857142985
90437  -23.973  14.387  -42.858 0.1428571492
134298  -22.914  17.004  -45.207 0.1428571492
89585  -22.685  13.597  -42.258 0.1428571492
90449  -22.351  14.892  -43.642 0.1428571492
90450  -23.262  15.042  -43.547 0.1428571492
88749  -21.876  13.028  -41.913 0.1428571492
88756  -19.137  13.754  -43.577 0.1428571492
129436  -21.713  13.569  -42.565 0.1428571492
91291  -19.308  15.253  -43.971 0.1428571492
91263  -18.696  15.106  -42.086 0.1428571492
90434  -18.473  14.754  -43.557 0.1428571492
90407  -17.469  14.349  -41.738 0.1428571492
90408  -18.482  14.856  -41.025 0.1428571492
90421  -17.798  14.122  -42.836 0.1428571492
89583  -20.169  13.451  -43.346 0.1428571492
91306  -21.692  16.231  -44.345 0.1428571492
91983  -21.290  16.264  -44.109 0.1428571492
91294  -22.344  15.746  -44.306 0.1428571492
89593  -20.128  14.136  -43.733 0.1428571492
90457  -20.367  15.165  -43.988 0.1428571492
91974  -22.187  16.452  -43.424 0.1428571492
132578  -18.866  14.676  -43.810 0.1428571492
91295  -23.352  15.937  -44.408 0.1428571492
78140  -17.538  -0.074  -36.564 0.1428571492
131674  -18.517  0.447  -35.912 0.1428571492
78933  -17.910  0.651  -36.089 0.1428571492
79796  -16.267  2.004  -36.004 0.1428571492
79771  -13.501  2.690  -35.693 0.1428571492
80609  -14.160  2.733  -34.878 0.1428571492
78130  -19.027  -0.172  -35.752 0.1428571492
81449  -13.928  3.509  -34.161 0.1428571492
81467  -14.788  4.238  -34.778 0.1428571492
82374  -14.382  5.262  -34.551 0.2857142985
120561  -18.934  -5.404  -34.398 0.1428571492
75445  -18.871  -2.280  -35.892 0.1428571492
76338  -18.773  -1.511  -36.153 0.1428571492
76347  -17.746  -1.275  -36.942 0.1428571492
78946  -27.408  1.521  -38.662 0.1428571492
131287  -17.034  -0.150  -37.487 0.1428571492
81469  -16.457  3.705  -36.289 0.1428571492
81482  -15.995  4.478  -36.262 0.1428571492
82375  -15.030  5.213  -35.229 0.1428571492
83358  -14.656  5.962  -34.977 0.2857142985
133418  -16.198  6.184  -37.047 0.2857142985
85993  -15.732  9.389  -34.040 0.2857142985
85989  -15.423  9.679  -32.830 0.2857142985
85994  -16.425  9.764  -34.586 0.2857142985
138405  -19.849  11.369  -36.391 0.1428571492
86900  -19.293  11.507  -33.497 0.1428571492
128576  -17.016  5.667  -38.435 0.2857142985
83359  -15.209  6.059  -35.546 0.2857142985
142734  -16.214  6.976  -37.224 0.2857142985
84275  -18.488  7.690  -39.827 0.2857142985
85116  -15.808  7.572  -36.188 0.2857142985
85113  -15.502  8.649  -34.555 0.2857142985
85129  -16.789  8.364  -38.357 0.2857142985
85117  -15.944  8.626  -35.408 0.2857142985
85103  -15.130  8.615  -33.494 0.2857142985
85121  -16.678  9.296  -37.535 0.2857142985
120095  -17.501  10.745  -34.519 0.1428571492
85990  -15.873  10.622  -32.546 0.2857142985
131419  -20.286  11.516  -35.810 0.1428571492
132815  -20.891  11.537  -35.140 0.1428571492
142470  -14.621  10.082  -32.160 0.1428571492
85083  -14.310  9.011  -32.652 0.1428571492
83351  -14.094  6.234  -34.417 0.2857142985
86918  -16.917  10.416  -34.040 0.1428571492
86913  -17.533  10.918  -33.465 0.1428571492
140692  -16.644  11.755  -31.789 0.1428571492
81435  -11.954  4.822  -33.417 0.2857142985
86896  -14.803  12.273  -30.863 0.1428571492
87809  -18.706  12.403  -31.320 0.1428571492
81426  -11.029  4.704  -32.937 0.1428571492
78953  -26.466  1.548  -39.595 0.1428571492
76364  -26.626  -0.855  -38.212 0.1428571492
76346  -17.535  -1.975  -37.715 0.1428571492
137836  -26.827  1.160  -39.022 0.1428571492
133233  -17.337  -1.136  -38.141 0.1428571492
78138  -15.333  0.004  -37.551 0.1428571492
129737  -14.868  0.585  -36.726 0.1428571492
78921  -16.539  0.971  -36.460 0.1428571492
134758  -14.051  2.255  -36.236 0.1428571492
80626  -15.924  2.816  -35.808 0.1428571492
81436  -12.962  4.464  -33.809 0.1428571492
81468  -15.502  3.636  -35.538 0.1428571492
82364  -13.587  5.408  -33.927 0.2857142985
83352  -14.605  6.849  -35.112 0.1428571492
123985  -15.116  7.347  -35.405 0.2857142985
84233  -14.434  7.364  -34.698 0.1428571492
86897  -16.089  12.387  -31.044 0.1428571492
85976  -15.887  11.472  -31.813 0.1428571492
123448  -17.340  11.587  -32.309 0.1428571492
86919  -18.692  11.358  -34.529 0.1428571492
86899  -17.972  11.978  -31.828 0.1428571492
86914  -18.847  11.427  -33.803 0.1428571492
78144  -27.474  0.325  -37.919 0.1428571492
78150  -27.194  0.750  -38.505 0.1428571492
143846  -26.641  0.497  -38.804 0.1428571492
85137  -17.571  8.038  -39.210 0.2857142985
85999  -16.258  9.170  -37.157 0.2857142985
85997  -16.522  9.317  -35.662 0.2857142985
83393  -18.033  5.983  -39.654 0.2857142985
75433  -19.608  -2.645  -35.019 0.1428571492
84261  -17.715  6.965  -39.737 0.2857142985
77220  -20.055  0.012  -35.166 0.1428571492
76355  -26.807  -1.540  -37.808 0.1428571492
83392  -17.294  6.305  -39.235 0.2857142985
81483  -16.774  4.580  -37.021 0.1428571492
81495  -17.119  4.970  -37.782 0.1428571492
82399  -16.580  5.444  -37.573 0.1428571492
77229  -17.337  -0.592  -37.606 0.1428571492
78931  -16.997  0.362  -36.692 0.1428571492
78920  -15.297  1.404  -36.292 0.1428571492
78139  -16.343  -0.078  -38.043 0.1428571492
77228  -16.575  -0.908  -38.352 0.1428571492
79786  -15.186  2.160  -35.658 0.1428571492
79785  -14.215  2.564  -35.862 0.1428571492
77219  -18.639  -0.893  -36.204 0.1428571492
127378  -14.025  4.553  -34.094 0.1428571492
131831  -15.404  4.550  -35.590 0.1428571492
75456  -18.029  -2.041  -36.734 0.1428571492
82386  -15.582  5.260  -35.982 0.2857142985
84238  -15.457  6.887  -35.810 0.2857142985
83378  -16.379  6.382  -37.877 0.2857142985
124151  -16.171  10.129  -33.508 0.2857142985
83379  -16.669  6.764  -38.594 0.2857142985
84243  -16.289  7.502  -37.882 0.2857142985
85120  -16.197  8.549  -37.429 0.2857142985
132394  -15.949  8.418  -36.851 0.2857142985
88685  -21.009  11.944  -35.898 0.1428571492
86912  -16.722  10.839  -32.684 0.2857142985
83337  -13.954  7.091  -34.327 0.1428571492
64869  -15.655  -13.616  -28.890 0.1428571492
64891  -16.713  -13.350  -29.485 0.1428571492
65885  -17.117  -12.922  -30.033 0.1428571492
65882  -14.785  -12.230  -29.078 0.1428571492
65901  -15.181  -11.746  -29.722 0.1428571492
66810  -15.616  -11.325  -30.408 0.1428571492
65884  -16.330  -12.823  -29.928 0.1428571492
67792  -16.147  -10.942  -31.027 0.1428571492
65903  -16.713  -12.381  -30.484 0.1428571492
65904  -17.523  -12.361  -30.474 0.1428571492
66830  -17.323  -11.321  -31.401 0.1428571492
66813  -17.826  -11.789  -30.942 0.1428571492
67809  -17.573  -10.715  -31.901 0.1428571492
67791  -15.376  -10.325  -30.573 0.1428571492
67808  -16.771  -10.681  -31.678 0.1428571492
67822  -17.876  -10.093  -32.389 0.1428571492
135276  -18.111  -9.546  -32.764 0.1428571492
70772  -18.800  -7.425  -33.848 0.1428571492
70785  -18.691  -6.700  -34.134 0.1428571492
83335  -12.739  5.911  -33.452 0.1428571492
64868  -15.027  -13.561  -28.469 0.1428571492
65864  -14.512  -12.775  -28.436 0.1428571492
65883  -15.561  -12.560  -29.593 0.1428571492
122447  -15.119  10.920  -32.021 0.1428571492
71811  -19.272  -6.082  -34.121 0.1428571492
67823  -18.568  -9.860  -32.292 0.1428571492
64890  -15.954  -13.263  -29.387 0.1428571492
65865  -15.259  -13.004  -28.984 0.1428571492
65902  -15.917  -12.146  -30.237 0.1428571492
66811  -16.356  -11.711  -30.770 0.1428571492
66829  -16.728  -11.356  -31.217 0.1428571492
66812  -17.067  -11.880  -30.957 0.1428571492
67807  -16.067  -10.135  -31.380 0.1428571492
67821  -17.189  -10.055  -32.298 0.1428571492
64852  -14.317  -13.387  -27.852 0.1428571492
67783  -28.361  -10.534  -29.865 0.1428571492
67824  -29.412  -10.308  -32.644 0.1428571492
68718  -28.549  -10.023  -30.176 0.1428571492
69686  -29.080  -8.529  -31.049 0.1428571492
70745  -26.199  -6.386  -30.825 0.4285714328
71754  -28.422  -7.230  -31.021 0.2857142985
71764  -25.922  -5.822  -31.027 0.4285714328
71782  -29.385  -7.112  -32.555 0.1428571492
72752  -20.627  -5.496  -33.621 0.4285714328
73641  -22.113  -4.840  -32.891 0.5714285970
74507  -28.003  -3.683  -32.048 0.4285714328
74548  -28.611  -3.484  -35.294 0.1428571492
75386  -25.881  -2.938  -31.562 0.5714285970
75406  -27.933  -2.476  -32.271 0.4285714328
76313  -22.601  -1.712  -33.340 0.8571428657
76315  -27.814  -1.050  -32.380 0.4285714328
76348  -27.740  -1.155  -37.007 0.1428571492
76356  -27.257  -0.989  -37.608 0.1428571492
77187  -24.303  -0.981  -32.220 0.8571428657
77211  -21.698  -0.338  -34.319 0.5714285970
77230  -18.018  -0.490  -36.454 0.1428571492
78092  -26.690  0.493  -32.256 0.8571428657
78108  -28.128  0.500  -33.987 0.7142857313
78129  -15.881  0.500  -37.100 0.1428571492
78133  -28.453  0.682  -35.687 0.5714285970
78149  -26.850  0.041  -38.334 0.1428571492
78157  -26.268  0.674  -39.433 0.1428571492
78895  -23.863  2.327  -33.984 1.0000000000
78899  -28.119  1.178  -34.269 0.5714285970
78911  -24.361  2.271  -33.639 1.0000000000
78936  -28.420  1.255  -36.748 0.4285714328
78940  -27.754  1.086  -38.099 0.1428571492
79764  -27.011  2.634  -33.537 0.7142857313
79773  -24.085  2.799  -34.001 1.0000000000
79789  -28.397  2.196  -35.535 0.7142857313
79797  -17.130  1.913  -36.141 0.1428571492
79799  -18.535  2.348  -35.983 0.2857142985
80613  -26.311  3.810  -34.032 0.8571428657
80625  -15.046  2.679  -35.189 0.1428571492
80628  -22.170  3.226  -35.448 0.8571428657
80642  -19.324  3.616  -36.598 0.4285714328
80652  -18.855  4.167  -37.096 0.2857142985
80658  -28.476  3.472  -37.843 0.2857142985
81450  -14.744  3.252  -34.799 0.1428571492
81472  -24.189  4.702  -34.913 1.0000000000
81473  -28.055  4.525  -35.410 0.8571428657
81487  -22.000  4.609  -36.165 0.4285714328
81496  -17.790  4.919  -38.069 0.1428571492
81504  -28.027  4.058  -39.040 0.1428571492
82353  -12.559  5.417  -33.514 0.2857142985
82371  -26.873  5.274  -34.883 0.8571428657
82379  -26.268  5.966  -35.046 0.8571428657
82387  -16.158  5.301  -36.743 0.2857142985
82388  -22.173  5.335  -36.491 0.8571428657
82389  -22.946  5.528  -36.106 1.0000000000
82391  -28.274  5.598  -36.535 0.8571428657
82400  -18.860  5.039  -38.465 0.2857142985
82410  -17.825  5.481  -38.972 0.2857142985
82412  -19.206  5.521  -39.005 0.5714285970
83366  -15.719  6.101  -36.320 0.2857142985
83371  -28.041  6.423  -36.596 0.5714285970
83382  -22.713  6.810  -36.959 0.8571428657
83383  -27.797  7.131  -36.622 0.5714285970
83396  -21.670  6.749  -38.103 0.4285714328
83406  -20.076  6.882  -39.383 0.5714285970
84239  -26.263  7.338  -35.665 0.7142857313
84240  -26.976  7.258  -35.731 0.7142857313
84242  -15.937  6.952  -36.555 0.2857142985
84246  -25.939  7.868  -35.991 0.7142857313
84251  -17.041  7.317  -39.047 0.2857142985
84254  -27.804  7.727  -37.088 0.7142857313
84263  -20.729  7.042  -39.256 0.5714285970
84276  -19.379  7.104  -39.843 0.4285714328
85114  -16.081  9.133  -34.835 0.2857142985
85119  -15.984  7.753  -36.990 0.2857142985
85123  -25.279  8.009  -36.346 0.8571428657
85125  -26.934  8.969  -37.043 0.5714285970
85141  -23.327  8.878  -37.652 0.8571428657
85153  -22.097  8.822  -39.010 0.8571428657
86014  -24.309  10.167  -37.980 0.5714285970
86015  -26.911  9.984  -38.059 0.2857142985
86939  -23.794  10.706  -38.550 0.5714285970
86941  -25.676  10.778  -38.279 0.4285714328
86950  -20.610  9.716  -40.228 0.7142857313
86951  -21.543  9.856  -39.983 0.5714285970
86954  -26.953  11.076  -38.974 0.2857142985
86977  -28.065  11.126  -42.242 0.1428571492
87861  -16.604  11.459  -39.895 0.2857142985
87867  -25.703  11.742  -39.284 0.1428571492
87869  -27.229  11.233  -39.733 0.1428571492
87895  -17.466  11.195  -41.054 0.2857142985
88713  -16.781  11.878  -39.703 0.2857142985
88722  -23.855  12.605  -40.461 0.4285714328
88746  -18.606  12.774  -43.227 0.2857142985
88755  -18.182  13.300  -43.311 0.2857142985
89574  -23.450  13.344  -41.621 0.2857142985
89576  -25.086  13.461  -41.809 0.2857142985
89582  -17.652  13.443  -43.037 0.1428571492
89588  -25.425  13.712  -42.473 0.1428571492
90390  -19.549  14.817  -38.871 0.1428571492
90446  -19.693  14.873  -44.006 0.1428571492
90447  -20.603  14.797  -43.939 0.1428571492
90456  -20.014  15.373  -43.886 0.1428571492
90458  -21.192  15.476  -44.044 0.1428571492
90459  -21.735  15.465  -44.111 0.1428571492
91973  -21.405  16.278  -43.671 0.1428571492
121067  -17.247  3.807  -36.773 0.2857142985
121226  -20.511  -3.821  -34.338 0.4285714328
121470  -28.236  9.047  -39.030 0.1428571492
122579  -22.299  7.967  -38.010 0.8571428657
125190  -18.751  10.969  -36.147 0.2857142985
126204  -28.470  5.069  -37.903 0.2857142985
127712  -28.569  -1.023  -35.083 0.2857142985
129140  -28.483  3.031  -35.797 0.4285714328
130104  -20.284  8.770  -40.026 0.7142857313
130125  -28.584  2.960  -37.306 0.5714285970
130552  -21.219  6.922  -38.782 0.4285714328
132151  -16.577  0.199  -37.214 0.1428571492
133846  -17.066  -0.451  -38.234 0.1428571492
133878  -28.412  4.935  -36.420 0.7142857313
135048  -21.660  0.524  -34.547 0.5714285970
136257  -19.096  2.943  -36.231 0.2857142985
137278  -23.455  3.721  -34.925 0.8571428657
137299  -21.012  -2.637  -34.321 0.5714285970
138890  -19.594  -0.878  -35.512 0.1428571492
139744  -23.127  -3.082  -32.785 0.8571428657
141551  -29.546  -8.669  -37.455 0.1428571492
142025  -22.522  10.680  -39.698 0.7142857313
142208  -16.653  7.500  -38.496 0.2857142985
142708  -20.041  1.885  -35.697 0.2857142985
142809  -22.605  7.763  -37.581 1.0000000000
143354  -28.509  -0.390  -35.349 0.4285714328
143944  -20.981  -1.102  -34.512 0.5714285970
144888  -28.426  4.580  -38.146 0.2857142985
