#!ascii label  , from subject sub-v1s11x0050143_ses-1 vox2ras=TkReg
498
70957  -31.630  -8.345  -19.607 0.0000000000
64706  -25.930  -13.805  -19.691 0.0000000000
66663  -33.984  -12.978  -20.456 0.0000000000
136841  -27.444  -16.643  -17.549 0.0000000000
138028  -22.699  2.891  -22.747 0.0000000000
125686  -28.728  -0.099  -22.529 0.0000000000
73126  -25.818  -6.151  -24.194 0.0000000000
59414  -25.171  -19.288  -14.334 0.0000000000
63664  -26.815  -15.407  -18.543 0.0000000000
62645  -24.770  -16.646  -16.664 0.0000000000
80035  -24.272  0.278  -25.004 0.0000000000
134124  -23.239  -2.024  -24.314 0.0000000000
68873  -26.975  -10.562  -22.605 0.0000000000
71016  -24.603  -8.353  -22.175 0.0000000000
128578  -28.784  -7.066  -22.115 0.0000000000
75138  -29.849  -4.314  -21.569 0.0000000000
74176  -33.337  -5.438  -20.227 0.0000000000
71002  -35.717  -8.784  -21.867 0.0000000000
66679  -24.658  -12.053  -20.079 0.0000000000
139110  -28.938  -11.224  -20.517 0.0000000000
68823  -34.123  -10.708  -19.519 0.0000000000
66659  -30.258  -12.364  -18.653 0.0000000000
64649  -31.282  -14.722  -17.707 0.0000000000
62661  -31.200  -16.387  -16.873 0.0000000000
75154  -23.352  -4.043  -23.250 0.0000000000
76089  -27.157  -3.178  -23.840 0.0000000000
78019  -31.805  -1.604  -21.171 0.0000000000
60626  -23.905  -17.772  -15.510 0.0000000000
60645  -26.128  -17.917  -16.328 0.0000000000
63644  -23.904  -15.162  -16.858 0.0000000000
63616  -22.911  -15.596  -15.866 0.0000000000
78026  -22.413  -0.963  -23.051 0.0000000000
77057  -21.740  -1.904  -22.083 0.0000000000
142483  -29.055  -9.115  -21.488 0.0000000000
71017  -28.322  -8.671  -22.451 0.0000000000
146252  -30.177  -7.781  -20.582 0.0000000000
73062  -30.696  -6.204  -20.520 0.0000000000
73051  -32.743  -6.782  -19.605 0.0000000000
73079  -35.283  -6.897  -21.313 0.0000000000
132643  -34.549  -8.154  -19.800 0.0000000000
65657  -24.998  -12.854  -19.725 0.0000000000
66692  -26.785  -12.214  -21.319 0.0000000000
65660  -27.543  -12.652  -20.878 0.0000000000
66683  -28.960  -11.918  -20.097 0.0000000000
65661  -27.917  -13.120  -20.375 0.0000000000
62676  -27.188  -15.963  -18.115 0.0000000000
63666  -28.241  -14.709  -18.375 0.0000000000
63647  -28.731  -15.507  -17.738 0.0000000000
63650  -31.257  -15.411  -17.415 0.0000000000
62660  -30.052  -16.367  -17.152 0.0000000000
138203  -20.572  1.844  -20.041 0.0000000000
137935  -19.815  2.556  -18.853 0.0000000000
138027  -20.410  2.575  -19.900 0.0000000000
81939  -23.337  4.661  -22.945 0.0000000000
80943  -24.544  2.728  -24.492 0.0000000000
135421  -26.548  0.058  -24.351 0.0000000000
72074  -25.221  -7.011  -23.439 0.0000000000
73109  -23.898  -5.634  -22.880 0.0000000000
135379  -24.275  -4.578  -23.808 0.0000000000
76097  -24.633  -3.723  -24.559 0.0000000000
75172  -25.843  -4.723  -24.573 0.0000000000
76076  -32.655  -3.172  -20.890 0.0000000000
77059  -30.456  -2.594  -21.373 0.0000000000
77062  -33.095  -2.480  -21.432 0.0000000000
67754  -34.427  -11.611  -20.198 0.0000000000
67776  -35.280  -11.536  -21.519 0.0000000000
59413  -24.225  -18.919  -14.465 0.0000000000
60616  -24.005  -18.367  -15.076 0.0000000000
61700  -24.613  -17.582  -15.915 0.0000000000
59423  -25.501  -18.709  -15.089 0.0000000000
64663  -24.376  -14.389  -17.989 0.0000000000
64682  -26.321  -14.351  -19.405 0.0000000000
63662  -24.780  -15.125  -17.739 0.0000000000
62674  -25.580  -16.032  -17.631 0.0000000000
61724  -25.422  -16.853  -16.893 0.0000000000
139996  -20.972  0.834  -20.905 0.0000000000
126473  -23.527  2.038  -23.807 0.0000000000
80016  -22.486  0.380  -23.169 0.0000000000
79091  -23.813  -0.641  -24.847 0.0000000000
78048  -25.720  -1.469  -24.783 0.0000000000
68856  -24.789  -10.618  -21.271 0.0000000000
69944  -26.341  -9.510  -23.005 0.0000000000
71028  -26.536  -8.353  -23.523 0.0000000000
73112  -27.882  -6.764  -23.276 0.0000000000
75157  -27.925  -4.958  -23.036 0.0000000000
74198  -29.176  -5.501  -21.800 0.0000000000
74174  -31.631  -5.071  -20.416 0.0000000000
75140  -34.418  -4.644  -21.652 0.0000000000
74200  -35.318  -5.877  -22.651 0.0000000000
57007  -27.221  -21.616  -14.089 0.0000000000
59415  -27.115  -19.776  -14.637 0.0000000000
67788  -25.549  -11.382  -21.307 0.0000000000
68858  -28.262  -10.665  -21.912 0.0000000000
139652  -30.281  -9.241  -19.964 0.0000000000
128711  -32.216  -8.982  -19.286 0.0000000000
68820  -31.441  -10.498  -19.072 0.0000000000
67751  -31.958  -11.355  -18.732 0.0000000000
66661  -32.419  -12.362  -18.717 0.0000000000
65627  -28.162  -13.841  -19.068 0.0000000000
66642  -30.338  -13.146  -18.255 0.0000000000
65642  -32.771  -13.572  -19.092 0.0000000000
144218  -32.796  -15.151  -18.614 0.0000000000
63652  -32.961  -15.404  -17.911 0.0000000000
80944  -26.434  1.512  -24.709 0.0000000000
77078  -23.229  -2.880  -23.687 0.0000000000
77098  -24.347  -2.493  -24.807 0.0000000000
78038  -27.580  -1.522  -23.054 0.0000000000
76082  -28.521  -3.583  -22.544 0.0000000000
78027  -28.919  -2.144  -22.286 0.0000000000
79065  -28.909  -0.934  -22.349 0.0000000000
69898  -35.253  -9.607  -20.718 0.0000000000
144314  -36.033  -10.314  -22.748 0.0000000000
61698  -22.919  -16.831  -15.322 0.0000000000
127055  -24.137  -17.292  -15.944 0.0000000000
128487  -25.039  -17.221  -16.435 0.0000000000
61712  -26.501  -17.517  -16.791 0.0000000000
59425  -27.490  -19.231  -15.277 0.0000000000
60647  -28.171  -18.218  -16.389 0.0000000000
61714  -28.527  -17.557  -16.828 0.0000000000
77056  -21.382  -2.104  -21.292 0.0000000000
70978  -30.214  -8.448  -20.349 0.0000000000
71001  -29.556  -8.290  -21.102 0.0000000000
72019  -31.003  -7.713  -20.059 0.0000000000
145748  -31.540  -7.182  -19.930 0.0000000000
72008  -32.034  -7.476  -19.616 0.0000000000
72009  -33.006  -7.500  -19.398 0.0000000000
70959  -33.330  -8.129  -19.329 0.0000000000
65639  -25.268  -13.569  -19.379 0.0000000000
65638  -24.513  -13.230  -18.920 0.0000000000
65658  -25.813  -13.175  -20.105 0.0000000000
66681  -26.411  -12.626  -20.709 0.0000000000
64707  -26.597  -13.473  -20.185 0.0000000000
62658  -28.107  -16.146  -17.705 0.0000000000
62659  -29.141  -16.367  -17.297 0.0000000000
61727  -28.348  -16.842  -17.281 0.0000000000
137934  -22.143  2.060  -20.846 0.0000000000
138205  -21.333  2.418  -20.326 0.0000000000
137900  -22.720  3.121  -22.811 0.0000000000
81962  -24.487  3.728  -24.165 0.0000000000
80915  -23.309  2.887  -23.486 0.0000000000
135970  -27.180  0.090  -23.786 0.0000000000
131656  -28.024  0.935  -23.195 0.0000000000
80007  -28.540  0.703  -22.720 0.0000000000
73110  -25.284  -6.374  -23.789 0.0000000000
73093  -24.112  -6.330  -22.715 0.0000000000
128805  -24.584  -6.012  -23.356 0.0000000000
74211  -24.119  -5.069  -23.406 0.0000000000
74223  -24.661  -5.203  -23.860 0.0000000000
75173  -26.719  -4.883  -24.269 0.0000000000
127454  -33.507  -3.187  -21.531 0.0000000000
67775  -34.759  -12.248  -21.030 0.0000000000
66695  -34.594  -13.365  -21.413 0.0000000000
145023  -25.883  -19.818  -14.039 0.0000000000
59402  -24.494  -19.626  -13.760 0.0000000000
60617  -24.651  -18.527  -15.067 0.0000000000
64664  -25.125  -14.682  -18.382 0.0000000000
64647  -24.127  -14.785  -17.388 0.0000000000
63630  -24.293  -15.953  -16.669 0.0000000000
63645  -24.518  -15.504  -17.160 0.0000000000
62654  -24.806  -16.092  -17.001 0.0000000000
62656  -25.819  -16.476  -17.409 0.0000000000
138050  -21.087  -0.061  -21.949 0.0000000000
79998  -22.029  0.532  -22.645 0.0000000000
135090  -22.759  -0.969  -23.646 0.0000000000
78047  -23.427  -1.437  -24.602 0.0000000000
78060  -24.979  -1.330  -25.042 0.0000000000
78059  -24.211  -1.591  -24.915 0.0000000000
68871  -26.156  -10.518  -22.274 0.0000000000
68879  -26.494  -10.252  -22.670 0.0000000000
71018  -28.621  -7.884  -22.303 0.0000000000
71030  -27.706  -8.534  -22.994 0.0000000000
72076  -27.677  -7.639  -23.351 0.0000000000
72088  -26.999  -7.372  -23.851 0.0000000000
73094  -28.401  -6.454  -22.608 0.0000000000
73095  -28.938  -6.205  -21.928 0.0000000000
73064  -32.574  -6.011  -19.914 0.0000000000
74173  -30.905  -5.320  -20.554 0.0000000000
74175  -32.414  -5.234  -20.278 0.0000000000
75131  -33.158  -4.562  -20.553 0.0000000000
74187  -34.019  -4.992  -20.764 0.0000000000
74199  -35.000  -5.331  -22.191 0.0000000000
74188  -34.696  -5.513  -21.235 0.0000000000
72042  -35.427  -7.812  -21.366 0.0000000000
73080  -35.602  -7.041  -22.038 0.0000000000
71019  -36.101  -8.846  -22.696 0.0000000000
58161  -26.516  -21.283  -13.697 0.0000000000
55922  -27.372  -22.119  -13.910 0.0000000000
67772  -23.884  -11.407  -20.075 0.0000000000
67773  -24.684  -11.363  -20.717 0.0000000000
66690  -25.361  -11.853  -20.794 0.0000000000
67791  -27.435  -11.743  -21.720 0.0000000000
66702  -26.989  -11.806  -21.717 0.0000000000
68859  -28.603  -10.964  -21.154 0.0000000000
69917  -28.936  -9.968  -21.147 0.0000000000
68838  -29.241  -10.478  -20.469 0.0000000000
69873  -30.873  -9.837  -19.489 0.0000000000
68819  -30.515  -10.489  -19.426 0.0000000000
67749  -29.856  -11.746  -19.225 0.0000000000
67750  -30.711  -11.203  -18.977 0.0000000000
144087  -30.504  -11.801  -18.775 0.0000000000
67752  -33.008  -11.604  -18.871 0.0000000000
66660  -31.276  -12.094  -18.552 0.0000000000
63676  -26.351  -15.070  -18.764 0.0000000000
144110  -26.701  -14.620  -19.272 0.0000000000
63677  -26.977  -14.851  -19.084 0.0000000000
64666  -30.171  -14.028  -17.852 0.0000000000
127647  -28.981  -13.908  -18.319 0.0000000000
128028  -31.359  -13.762  -18.119 0.0000000000
66644  -31.889  -13.073  -18.505 0.0000000000
65629  -32.263  -14.008  -18.575 0.0000000000
64685  -32.877  -14.795  -18.986 0.0000000000
128039  -32.255  -14.808  -18.292 0.0000000000
62662  -31.644  -15.822  -17.168 0.0000000000
63667  -31.973  -15.321  -17.734 0.0000000000
63651  -32.340  -15.473  -17.514 0.0000000000
124164  -32.690  -15.490  -17.022 0.0000000000
80026  -23.677  1.119  -24.206 0.0000000000
80027  -24.278  1.418  -24.636 0.0000000000
80037  -25.548  1.116  -25.030 0.0000000000
70999  -24.098  -8.551  -21.654 0.0000000000
137047  -22.045  -4.122  -21.563 0.0000000000
76081  -22.143  -3.548  -22.091 0.0000000000
77070  -22.263  -2.716  -22.527 0.0000000000
76088  -23.168  -3.332  -23.393 0.0000000000
124118  -26.369  -3.280  -24.498 0.0000000000
76110  -24.835  -3.112  -24.904 0.0000000000
76111  -25.541  -2.989  -24.845 0.0000000000
77088  -26.039  -2.339  -24.661 0.0000000000
77079  -27.416  -2.403  -23.406 0.0000000000
75145  -29.163  -4.779  -21.930 0.0000000000
124420  -28.552  -4.454  -22.492 0.0000000000
76083  -29.208  -3.910  -22.053 0.0000000000
77060  -31.241  -2.376  -21.027 0.0000000000
77058  -29.717  -2.367  -21.690 0.0000000000
78018  -30.611  -1.705  -21.353 0.0000000000
147094  -28.958  -1.502  -22.287 0.0000000000
78029  -30.407  -0.853  -21.536 0.0000000000
134754  -31.352  -0.850  -21.330 0.0000000000
69875  -32.913  -9.647  -18.995 0.0000000000
69876  -33.950  -9.577  -19.291 0.0000000000
69877  -34.609  -10.006  -19.774 0.0000000000
68860  -35.676  -10.657  -22.050 0.0000000000
61689  -23.212  -17.561  -15.160 0.0000000000
61699  -23.591  -17.131  -15.701 0.0000000000
60644  -25.336  -17.702  -16.138 0.0000000000
61711  -25.686  -17.372  -16.657 0.0000000000
63629  -23.501  -15.600  -16.323 0.0000000000
61709  -24.031  -16.632  -16.210 0.0000000000
79058  -21.303  -0.275  -22.200 0.0000000000
144076  -21.117  -0.608  -22.013 0.0000000000
78014  -21.722  -0.938  -22.340 0.0000000000
126517  -22.361  -1.775  -22.783 0.0000000000
69932  -27.986  -9.970  -22.340 0.0000000000
69946  -27.800  -9.289  -22.653 0.0000000000
69933  -28.634  -9.066  -22.010 0.0000000000
71000  -28.908  -8.457  -21.849 0.0000000000
72040  -29.772  -7.358  -21.032 0.0000000000
73078  -30.000  -6.511  -20.976 0.0000000000
72018  -30.474  -7.072  -20.550 0.0000000000
73050  -31.931  -6.682  -19.855 0.0000000000
73065  -33.472  -6.244  -19.840 0.0000000000
134760  -34.838  -6.371  -20.859 0.0000000000
73066  -34.305  -6.767  -19.995 0.0000000000
72020  -34.621  -7.538  -19.994 0.0000000000
72021  -35.031  -8.083  -20.390 0.0000000000
66656  -24.216  -12.514  -19.233 0.0000000000
66680  -25.588  -12.436  -20.477 0.0000000000
66693  -27.246  -12.243  -21.363 0.0000000000
66694  -27.803  -12.137  -21.324 0.0000000000
139236  -29.669  -10.973  -19.744 0.0000000000
66682  -28.190  -12.453  -20.718 0.0000000000
66657  -28.544  -12.767  -19.936 0.0000000000
66658  -29.305  -12.434  -19.266 0.0000000000
63665  -27.417  -15.169  -18.614 0.0000000000
62677  -27.921  -15.519  -18.152 0.0000000000
64665  -29.366  -14.782  -17.787 0.0000000000
64648  -30.438  -15.074  -17.488 0.0000000000
63648  -29.751  -15.663  -17.398 0.0000000000
63649  -30.750  -15.965  -17.195 0.0000000000
62646  -30.612  -16.751  -16.922 0.0000000000
137975  -19.762  1.601  -18.671 0.0000000000
121146  -21.967  3.122  -20.991 0.0000000000
81974  -24.990  3.177  -25.076 0.0000000000
134658  -25.812  0.125  -24.807 0.0000000000
141221  -26.255  0.709  -24.660 0.0000000000
127597  -26.851  0.791  -24.196 0.0000000000
73091  -23.022  -6.138  -21.869 0.0000000000
74197  -23.329  -5.476  -22.510 0.0000000000
74210  -23.612  -4.844  -23.074 0.0000000000
75155  -23.831  -4.312  -23.533 0.0000000000
75170  -24.109  -3.879  -24.032 0.0000000000
75171  -24.850  -4.497  -24.356 0.0000000000
131560  -26.277  -4.159  -24.522 0.0000000000
76099  -26.892  -3.979  -24.127 0.0000000000
76067  -31.178  -3.624  -20.752 0.0000000000
76074  -29.959  -3.336  -21.606 0.0000000000
76075  -31.638  -3.029  -20.747 0.0000000000
77061  -32.233  -2.357  -21.005 0.0000000000
78020  -32.787  -1.736  -21.443 0.0000000000
68840  -34.802  -10.689  -20.178 0.0000000000
128699  -34.963  -11.325  -20.741 0.0000000000
59412  -23.654  -18.639  -14.543 0.0000000000
60615  -23.446  -18.163  -14.896 0.0000000000
135509  -24.394  -18.042  -15.489 0.0000000000
60627  -25.002  -18.082  -15.610 0.0000000000
60628  -25.832  -18.286  -15.721 0.0000000000
65626  -24.058  -13.622  -18.232 0.0000000000
64680  -24.793  -13.971  -18.647 0.0000000000
64681  -25.539  -14.239  -19.080 0.0000000000
63675  -25.785  -14.795  -18.777 0.0000000000
63663  -25.549  -15.399  -18.132 0.0000000000
63646  -25.086  -15.796  -17.453 0.0000000000
62675  -26.231  -15.899  -18.062 0.0000000000
62657  -26.556  -16.531  -17.600 0.0000000000
61725  -26.088  -16.985  -17.114 0.0000000000
137878  -19.485  1.365  -17.654 0.0000000000
138041  -19.943  1.350  -19.653 0.0000000000
137907  -21.171  1.519  -20.605 0.0000000000
138010  -22.708  2.274  -22.954 0.0000000000
80006  -22.849  1.427  -23.318 0.0000000000
80034  -23.755  0.219  -24.589 0.0000000000
79064  -22.023  -0.241  -22.805 0.0000000000
133858  -23.370  0.106  -24.208 0.0000000000
80036  -25.000  0.231  -25.119 0.0000000000
79083  -25.367  -0.635  -24.936 0.0000000000
79084  -26.184  -0.689  -24.555 0.0000000000
79085  -26.881  -0.663  -24.040 0.0000000000
69930  -25.302  -9.088  -22.420 0.0000000000
69945  -27.264  -9.199  -23.088 0.0000000000
71027  -26.111  -8.675  -23.281 0.0000000000
71026  -25.247  -8.064  -22.916 0.0000000000
72075  -25.970  -7.776  -23.600 0.0000000000
73127  -26.436  -6.770  -24.087 0.0000000000
136272  -26.508  -6.165  -24.238 0.0000000000
74212  -27.383  -5.382  -23.704 0.0000000000
74213  -27.924  -5.880  -23.129 0.0000000000
131264  -28.582  -5.456  -22.410 0.0000000000
129374  -29.734  -5.154  -21.459 0.0000000000
74186  -30.208  -5.649  -20.976 0.0000000000
75129  -31.202  -4.399  -20.617 0.0000000000
76069  -32.661  -3.919  -20.617 0.0000000000
76077  -33.355  -3.792  -20.963 0.0000000000
127077  -34.302  -4.101  -22.302 0.0000000000
75147  -34.687  -4.665  -22.710 0.0000000000
74214  -35.097  -5.382  -23.290 0.0000000000
73096  -35.275  -6.177  -21.814 0.0000000000
65663  -34.234  -14.300  -21.110 0.0000000000
58160  -25.557  -20.395  -13.610 0.0000000000
126484  -26.135  -19.442  -14.508 0.0000000000
68857  -25.821  -10.853  -21.791 0.0000000000
67799  -26.387  -11.012  -21.997 0.0000000000
67790  -26.635  -11.770  -21.604 0.0000000000
67800  -26.710  -11.372  -21.918 0.0000000000
68874  -27.569  -10.671  -22.349 0.0000000000
70977  -29.593  -9.132  -20.746 0.0000000000
122753  -31.265  -9.115  -19.548 0.0000000000
69874  -31.893  -9.766  -19.192 0.0000000000
68822  -33.458  -10.282  -19.045 0.0000000000
136178  -33.465  -10.993  -19.073 0.0000000000
67753  -33.719  -11.848  -19.540 0.0000000000
146028  -33.571  -12.693  -19.756 0.0000000000
64683  -27.043  -14.174  -19.731 0.0000000000
65640  -27.695  -13.788  -19.893 0.0000000000
65628  -28.827  -13.156  -19.013 0.0000000000
146866  -29.549  -13.351  -18.342 0.0000000000
66643  -31.038  -12.846  -18.356 0.0000000000
66684  -33.399  -13.497  -19.811 0.0000000000
65643  -33.354  -14.552  -19.680 0.0000000000
65644  -33.874  -15.165  -20.045 0.0000000000
63668  -32.668  -15.291  -18.194 0.0000000000
64667  -33.178  -15.214  -18.708 0.0000000000
80942  -24.154  2.517  -24.155 0.0000000000
80958  -25.123  2.074  -25.187 0.0000000000
77069  -21.734  -2.797  -21.747 0.0000000000
77077  -22.818  -2.596  -23.286 0.0000000000
128208  -23.059  -2.211  -23.891 0.0000000000
146322  -23.757  -3.342  -24.042 0.0000000000
77086  -23.472  -2.775  -24.093 0.0000000000
77087  -23.697  -2.267  -24.560 0.0000000000
77099  -25.086  -2.229  -25.010 0.0000000000
78049  -26.588  -1.528  -24.262 0.0000000000
79075  -28.066  -0.753  -22.704 0.0000000000
75156  -27.380  -4.510  -23.650 0.0000000000
76090  -27.875  -4.075  -22.986 0.0000000000
126479  -27.810  -3.169  -23.043 0.0000000000
77071  -28.502  -2.852  -22.557 0.0000000000
77080  -28.058  -2.276  -22.759 0.0000000000
79066  -29.775  -0.313  -22.047 0.0000000000
70960  -34.016  -8.548  -19.422 0.0000000000
70979  -34.851  -9.083  -19.961 0.0000000000
70980  -35.352  -8.831  -20.950 0.0000000000
68841  -35.273  -10.503  -20.973 0.0000000000
69918  -35.539  -9.673  -21.486 0.0000000000
69934  -35.897  -9.660  -22.307 0.0000000000
62637  -23.284  -16.341  -15.826 0.0000000000
61710  -24.525  -17.109  -16.245 0.0000000000
61726  -26.916  -17.105  -17.223 0.0000000000
59424  -26.487  -18.936  -15.136 0.0000000000
60629  -26.809  -18.503  -15.777 0.0000000000
60630  -27.824  -18.732  -15.867 0.0000000000
60646  -27.117  -18.094  -16.368 0.0000000000
61713  -27.469  -17.608  -16.807 0.0000000000
143353  -27.720  -17.164  -17.162 0.0000000000
61728  -29.119  -17.104  -17.057 0.0000000000
62655  -25.251  -16.354  -17.155 0.0000000000
64684  -27.532  -14.424  -19.172 0.0000000000
64686  -33.444  -15.087  -19.384 0.0000000000
64708  -27.309  -13.313  -20.369 0.0000000000
65641  -28.218  -13.403  -19.778 0.0000000000
65659  -27.010  -12.720  -20.839 0.0000000000
65662  -33.744  -14.390  -20.405 0.0000000000
66641  -29.618  -12.828  -18.651 0.0000000000
66662  -33.170  -12.564  -19.280 0.0000000000
66691  -26.145  -11.990  -21.217 0.0000000000
66696  -34.955  -13.632  -21.990 0.0000000000
67774  -28.423  -11.777  -21.016 0.0000000000
67789  -26.271  -11.416  -21.683 0.0000000000
67792  -28.043  -11.516  -21.632 0.0000000000
67801  -27.117  -11.252  -22.138 0.0000000000
67802  -27.685  -11.256  -22.025 0.0000000000
68821  -32.646  -10.572  -18.861 0.0000000000
68839  -29.970  -10.081  -19.859 0.0000000000
68872  -26.650  -10.877  -22.304 0.0000000000
69896  -29.571  -9.754  -20.411 0.0000000000
69897  -35.003  -9.972  -20.280 0.0000000000
69916  -28.546  -9.706  -21.899 0.0000000000
69931  -27.381  -9.964  -22.714 0.0000000000
69943  -25.806  -9.075  -22.903 0.0000000000
70956  -30.849  -8.563  -19.863 0.0000000000
70958  -32.539  -8.207  -19.363 0.0000000000
71029  -27.127  -8.322  -23.500 0.0000000000
71041  -26.621  -7.855  -23.719 0.0000000000
72010  -33.949  -7.623  -19.546 0.0000000000
72039  -29.181  -7.658  -21.661 0.0000000000
72041  -34.957  -7.222  -20.618 0.0000000000
72060  -28.273  -7.325  -22.780 0.0000000000
72086  -25.827  -6.926  -23.900 0.0000000000
72087  -26.376  -7.349  -23.863 0.0000000000
73052  -33.507  -6.951  -19.589 0.0000000000
73063  -31.596  -5.903  -20.224 0.0000000000
73077  -29.373  -6.802  -21.514 0.0000000000
73111  -27.386  -6.931  -23.687 0.0000000000
73125  -25.104  -5.809  -23.932 0.0000000000
73128  -26.974  -6.560  -24.039 0.0000000000
74177  -34.171  -5.838  -20.410 0.0000000000
74224  -25.396  -5.327  -24.294 0.0000000000
74225  -26.236  -5.521  -24.406 0.0000000000
74226  -26.892  -5.805  -24.152 0.0000000000
75130  -32.158  -4.474  -20.445 0.0000000000
75132  -33.839  -4.328  -21.045 0.0000000000
75139  -30.401  -4.784  -21.052 0.0000000000
75169  -23.560  -3.511  -23.708 0.0000000000
76068  -31.892  -3.736  -20.564 0.0000000000
76098  -25.472  -3.819  -24.733 0.0000000000
77072  -29.144  -3.037  -22.130 0.0000000000
77089  -27.117  -1.827  -23.724 0.0000000000
78021  -33.360  -2.007  -21.873 0.0000000000
78028  -29.551  -1.393  -21.851 0.0000000000
78036  -22.738  -1.646  -23.533 0.0000000000
78037  -23.009  -1.370  -24.152 0.0000000000
78039  -28.400  -1.521  -22.559 0.0000000000
78050  -27.145  -1.239  -23.725 0.0000000000
79057  -21.114  -0.402  -21.607 0.0000000000
79072  -22.643  -0.305  -23.364 0.0000000000
79073  -23.019  -0.477  -23.965 0.0000000000
79074  -27.434  -0.650  -23.371 0.0000000000
79082  -23.332  -0.641  -24.464 0.0000000000
79092  -24.554  -0.624  -25.059 0.0000000000
80008  -29.416  0.566  -22.372 0.0000000000
80017  -23.098  0.573  -23.706 0.0000000000
80018  -27.494  0.842  -23.662 0.0000000000
80019  -27.848  0.168  -23.038 0.0000000000
80957  -24.759  2.303  -24.880 0.0000000000
80959  -25.820  2.070  -25.163 0.0000000000
81929  -22.794  3.814  -22.798 0.0000000000
81975  -25.387  2.936  -25.239 0.0000000000
121135  -20.103  2.013  -19.452 0.0000000000
121186  -21.925  1.078  -21.344 0.0000000000
122155  -26.734  -9.017  -23.270 0.0000000000
123988  -28.276  -9.349  -22.295 0.0000000000
124112  -24.050  3.548  -23.841 0.0000000000
125318  -30.580  -3.943  -21.188 0.0000000000
127577  -24.743  1.198  -25.094 0.0000000000
127980  -29.567  -5.967  -21.426 0.0000000000
128445  -31.205  -6.809  -20.190 0.0000000000
129633  -33.926  -3.886  -21.635 0.0000000000
131404  -33.159  -8.832  -19.188 0.0000000000
131852  -28.143  -8.030  -22.822 0.0000000000
131961  -27.411  -6.234  -23.715 0.0000000000
132017  -30.800  -3.140  -21.074 0.0000000000
135852  -26.854  -9.822  -22.967 0.0000000000
136084  -26.813  -2.432  -24.111 0.0000000000
136379  -25.941  -9.815  -22.612 0.0000000000
137938  -19.408  0.967  -18.176 0.0000000000
140585  -27.422  -3.783  -23.552 0.0000000000
142887  -22.758  -3.618  -22.854 0.0000000000
143289  -22.457  -4.370  -22.182 0.0000000000
146927  -24.077  -3.116  -24.440 0.0000000000
