#!ascii label  , from subject sub-v1s11x0050143_ses-1 vox2ras=TkReg
2071
68662  51.126  -8.198  43.810 0.0000000000
54454  44.476  -20.657  51.494 0.0000000000
53181  33.329  -21.920  61.153 0.0000000000
54427  27.303  -20.174  56.035 0.0000000000
124886  40.597  -18.036  60.097 0.0000000000
48616  39.247  -25.405  57.309 0.0000000000
63010  49.118  -14.384  46.945 0.0000000000
74416  55.277  -3.887  33.657 0.0000000000
74272  46.907  -3.805  45.813 0.0000000000
130903  41.299  -19.558  44.842 0.0000000000
45264  43.151  -28.563  52.666 0.0000000000
125897  33.695  -17.414  60.080 0.0000000000
53239  31.361  -21.222  55.160 0.0000000000
60401  30.150  -15.736  60.826 0.0000000000
54395  36.900  -20.408  58.650 0.0000000000
76463  50.862  -1.325  46.436 0.0000000000
138481  46.347  -14.936  57.073 0.0000000000
61749  47.582  -14.647  53.473 0.0000000000
62959  44.932  -13.129  49.785 0.0000000000
53322  43.568  -21.259  48.760 0.0000000000
49871  36.686  -23.991  48.326 0.0000000000
50929  38.699  -23.747  52.361 0.0000000000
50921  35.620  -23.113  52.931 0.0000000000
138993  36.398  -28.398  53.856 0.0000000000
70943  52.655  -6.346  38.567 0.0000000000
69847  48.788  -7.647  36.225 0.0000000000
150100  33.009  -24.063  57.080 0.0000000000
143660  32.182  -26.511  60.621 0.0000000000
56676  42.008  -17.906  55.318 0.0000000000
49803  42.996  -24.153  55.815 0.0000000000
53198  40.986  -22.142  58.841 0.0000000000
50842  37.626  -23.611  59.204 0.0000000000
65265  52.582  -11.393  49.305 0.0000000000
61604  27.260  -14.482  63.444 0.0000000000
53173  26.774  -21.384  61.112 0.0000000000
149776  57.305  -4.408  40.310 0.0000000000
72019  54.375  -5.436  45.255 0.0000000000
70815  52.607  -6.813  48.928 0.0000000000
68644  48.786  -8.406  45.197 0.0000000000
66437  44.394  -10.515  42.218 0.0000000000
73107  48.134  -4.311  50.244 0.0000000000
66380  43.990  -10.795  46.043 0.0000000000
58068  39.763  -17.600  40.853 0.0000000000
51013  36.075  -23.733  42.535 0.0000000000
45232  39.688  -29.175  56.943 0.0000000000
59089  33.357  -16.523  63.403 0.0000000000
57836  32.022  -16.974  60.385 0.0000000000
60373  31.578  -15.381  63.057 0.0000000000
57805  34.934  -17.569  62.200 0.0000000000
56692  46.782  -17.876  54.634 0.0000000000
56724  47.422  -18.628  52.456 0.0000000000
57941  46.354  -17.852  50.869 0.0000000000
53302  44.932  -21.485  50.323 0.0000000000
52091  40.899  -21.958  51.010 0.0000000000
52069  42.168  -22.933  52.553 0.0000000000
52085  33.256  -22.677  51.709 0.0000000000
130523  34.440  -24.675  51.206 0.0000000000
129555  51.072  -6.846  41.707 0.0000000000
68705  49.984  -7.852  39.974 0.0000000000
68675  49.729  -8.523  42.107 0.0000000000
50825  33.875  -23.951  61.318 0.0000000000
48609  32.468  -25.686  58.239 0.0000000000
49754  32.100  -24.759  61.311 0.0000000000
55545  29.168  -19.946  53.217 0.0000000000
50883  29.565  -23.732  56.370 0.0000000000
50911  27.384  -23.654  53.867 0.0000000000
50884  26.030  -23.333  55.706 0.0000000000
57831  43.245  -17.370  59.422 0.0000000000
56639  40.717  -17.903  57.321 0.0000000000
54423  39.481  -19.914  55.753 0.0000000000
56641  39.130  -18.950  57.359 0.0000000000
136461  35.590  -21.260  59.984 0.0000000000
53168  37.815  -22.562  62.250 0.0000000000
50805  36.150  -23.795  62.296 0.0000000000
148864  35.073  -23.498  58.627 0.0000000000
62973  51.066  -13.487  49.488 0.0000000000
61797  52.755  -14.645  48.954 0.0000000000
60565  51.382  -15.788  47.270 0.0000000000
53157  26.012  -20.721  63.809 0.0000000000
70824  53.544  -6.891  48.270 0.0000000000
125499  53.105  -3.151  47.351 0.0000000000
75352  49.037  -1.829  46.087 0.0000000000
73175  50.347  -4.305  45.510 0.0000000000
72034  48.049  -5.490  44.083 0.0000000000
135889  46.575  -8.964  43.227 0.0000000000
69766  45.681  -7.303  43.949 0.0000000000
60553  43.176  -15.834  47.969 0.0000000000
64149  44.262  -12.264  48.058 0.0000000000
61816  42.658  -14.970  45.787 0.0000000000
61838  42.178  -14.418  43.745 0.0000000000
55623  40.322  -18.885  43.164 0.0000000000
54564  37.038  -20.249  40.944 0.0000000000
53374  37.074  -21.149  43.888 0.0000000000
48707  39.548  -25.950  47.239 0.0000000000
48606  41.908  -25.341  57.639 0.0000000000
47435  40.111  -26.318  56.240 0.0000000000
46313  38.488  -28.117  57.668 0.0000000000
44207  38.388  -29.270  53.050 0.0000000000
132731  55.940  -2.324  29.745 0.0000000000
74434  53.914  -3.160  32.158 0.0000000000
54405  34.665  -19.715  57.222 0.0000000000
126010  32.062  -21.685  58.359 0.0000000000
55516  33.040  -18.953  55.864 0.0000000000
57877  30.916  -17.637  56.524 0.0000000000
59151  28.873  -16.848  57.927 0.0000000000
56576  39.281  -18.325  62.585 0.0000000000
56613  38.272  -18.083  59.040 0.0000000000
57817  37.389  -17.800  60.975 0.0000000000
57845  35.772  -17.900  58.727 0.0000000000
77611  52.569  0.160  46.569 0.0000000000
76450  47.771  -1.248  47.624 0.0000000000
62935  46.304  -13.352  51.776 0.0000000000
144487  44.679  -17.563  49.708 0.0000000000
54506  41.990  -20.492  47.074 0.0000000000
53346  38.211  -21.163  46.413 0.0000000000
53327  38.692  -21.479  48.784 0.0000000000
50946  37.665  -23.524  50.668 0.0000000000
47478  38.826  -26.763  51.966 0.0000000000
48625  37.030  -25.201  55.354 0.0000000000
46335  36.497  -27.793  55.626 0.0000000000
47461  35.262  -26.556  53.141 0.0000000000
128382  53.212  -6.166  36.881 0.0000000000
72147  51.932  -5.766  35.186 0.0000000000
69829  50.615  -7.302  37.665 0.0000000000
49766  30.558  -24.494  60.044 0.0000000000
56637  44.994  -17.413  57.056 0.0000000000
56726  42.659  -18.924  52.500 0.0000000000
53254  43.435  -22.503  53.617 0.0000000000
54431  41.075  -21.103  54.566 0.0000000000
52013  42.707  -22.662  57.355 0.0000000000
50839  41.643  -23.368  58.916 0.0000000000
53201  38.696  -21.461  59.786 0.0000000000
50801  40.108  -23.263  61.277 0.0000000000
50879  38.656  -23.625  56.963 0.0000000000
52015  36.764  -22.647  56.313 0.0000000000
52034  34.340  -22.586  54.866 0.0000000000
67476  51.436  -9.922  45.648 0.0000000000
66414  50.169  -10.519  44.316 0.0000000000
65282  50.989  -12.181  46.322 0.0000000000
60390  28.359  -15.249  61.319 0.0000000000
57824  27.288  -16.865  59.775 0.0000000000
128949  26.539  -17.659  61.918 0.0000000000
54399  27.183  -20.177  59.036 0.0000000000
72123  56.065  -5.859  37.085 0.0000000000
141318  53.866  -5.565  40.088 0.0000000000
70899  53.177  -5.610  41.948 0.0000000000
69759  53.092  -6.775  45.221 0.0000000000
125497  53.555  -8.015  47.851 0.0000000000
67437  52.954  -9.839  50.060 0.0000000000
66367  50.267  -10.378  48.600 0.0000000000
74255  52.171  -3.237  46.893 0.0000000000
69743  50.330  -7.510  46.720 0.0000000000
149560  48.459  -11.528  46.313 0.0000000000
130544  47.326  -11.581  44.279 0.0000000000
64237  45.627  -12.610  41.735 0.0000000000
73131  47.053  -4.053  48.163 0.0000000000
68595  46.919  -8.785  50.096 0.0000000000
69724  45.857  -7.850  48.010 0.0000000000
70840  45.638  -6.603  46.319 0.0000000000
66402  43.591  -10.546  44.135 0.0000000000
61861  41.834  -13.807  41.787 0.0000000000
49898  36.482  -24.255  45.779 0.0000000000
49826  40.380  -24.201  54.160 0.0000000000
47460  38.641  -26.702  53.968 0.0000000000
45248  41.076  -29.081  55.235 0.0000000000
44185  37.878  -29.708  56.100 0.0000000000
43119  41.193  -31.020  56.448 0.0000000000
59079  32.320  -15.766  63.252 0.0000000000
61582  31.845  -14.791  63.225 0.0000000000
148108  45.742  -18.583  52.903 0.0000000000
56710  47.406  -18.141  53.913 0.0000000000
55550  46.254  -19.556  51.779 0.0000000000
146533  46.515  -20.285  51.044 0.0000000000
54469  45.268  -20.728  51.152 0.0000000000
52089  43.368  -22.169  51.186 0.0000000000
52066  43.914  -21.980  51.783 0.0000000000
69781  51.208  -7.011  42.683 0.0000000000
68685  50.052  -7.931  41.748 0.0000000000
68663  50.503  -8.602  43.318 0.0000000000
50791  33.384  -23.327  62.467 0.0000000000
129368  32.685  -24.386  61.569 0.0000000000
51970  32.076  -22.708  61.505 0.0000000000
55526  28.365  -19.206  54.900 0.0000000000
53278  28.526  -21.380  52.926 0.0000000000
53260  27.256  -21.784  53.734 0.0000000000
52053  26.724  -23.293  54.269 0.0000000000
53242  26.654  -21.887  55.287 0.0000000000
56586  40.612  -18.053  62.018 0.0000000000
141954  41.460  -18.058  60.919 0.0000000000
56611  41.920  -17.791  59.739 0.0000000000
124710  41.044  -17.882  59.371 0.0000000000
56640  39.775  -18.271  57.486 0.0000000000
124759  39.423  -18.313  58.072 0.0000000000
53180  34.234  -21.867  61.467 0.0000000000
53170  35.729  -22.491  62.545 0.0000000000
53171  34.635  -22.413  62.442 0.0000000000
50806  34.877  -23.716  62.113 0.0000000000
129188  50.271  -14.310  48.304 0.0000000000
61798  51.081  -14.896  48.647 0.0000000000
60552  50.199  -15.427  47.295 0.0000000000
76478  54.131  -1.412  45.757 0.0000000000
74254  54.016  -3.251  46.615 0.0000000000
76460  53.608  -1.352  46.465 0.0000000000
75363  47.786  -2.778  45.805 0.0000000000
134645  48.201  -3.306  45.226 0.0000000000
73192  47.504  -4.613  44.606 0.0000000000
70865  46.497  -6.281  44.014 0.0000000000
72022  46.435  -5.120  45.260 0.0000000000
57996  42.370  -17.540  46.468 0.0000000000
60569  42.952  -15.275  47.196 0.0000000000
58006  42.155  -17.409  45.647 0.0000000000
59326  41.980  -16.675  44.527 0.0000000000
55615  40.490  -19.519  43.845 0.0000000000
54540  39.221  -20.122  43.196 0.0000000000
54530  39.576  -20.468  44.525 0.0000000000
48608  40.315  -25.699  57.586 0.0000000000
47416  40.366  -26.269  57.472 0.0000000000
47425  38.545  -26.534  57.474 0.0000000000
75533  54.888  -2.755  32.168 0.0000000000
74417  54.116  -3.747  33.054 0.0000000000
56642  34.517  -18.407  57.520 0.0000000000
54414  34.071  -19.618  56.667 0.0000000000
126303  33.266  -17.655  58.190 0.0000000000
59127  31.234  -16.733  59.953 0.0000000000
57848  31.696  -17.155  58.738 0.0000000000
59128  30.455  -16.362  59.523 0.0000000000
59150  29.805  -16.788  57.888 0.0000000000
59129  29.593  -16.152  59.275 0.0000000000
56569  38.117  -17.865  63.325 0.0000000000
141467  37.656  -18.174  62.323 0.0000000000
56579  36.926  -18.152  63.004 0.0000000000
57820  34.248  -17.448  61.056 0.0000000000
57819  35.250  -17.554  60.763 0.0000000000
125692  35.053  -17.706  58.798 0.0000000000
55504  35.046  -18.969  57.516 0.0000000000
146037  48.220  -14.928  54.639 0.0000000000
64062  48.062  -12.459  54.601 0.0000000000
64068  47.705  -12.288  53.691 0.0000000000
136485  47.347  -12.109  52.903 0.0000000000
61750  47.028  -14.529  52.705 0.0000000000
55580  45.376  -20.337  49.164 0.0000000000
57957  45.522  -17.666  50.334 0.0000000000
138541  44.597  -19.432  48.874 0.0000000000
56753  43.506  -18.611  48.216 0.0000000000
53332  42.474  -20.614  47.630 0.0000000000
53334  40.977  -20.751  47.713 0.0000000000
53324  41.581  -20.903  48.387 0.0000000000
52071  39.806  -22.781  52.062 0.0000000000
52093  38.624  -22.528  50.809 0.0000000000
50937  38.359  -23.514  51.672 0.0000000000
48659  37.864  -25.402  51.446 0.0000000000
48651  37.865  -25.022  52.070 0.0000000000
49829  36.519  -23.944  53.883 0.0000000000
132520  36.427  -25.175  54.378 0.0000000000
48641  35.765  -24.762  53.111 0.0000000000
127818  52.845  -6.328  37.876 0.0000000000
70961  52.013  -6.586  37.089 0.0000000000
69813  51.308  -7.011  38.226 0.0000000000
68707  48.770  -8.718  39.250 0.0000000000
49807  32.432  -24.094  55.012 0.0000000000
48626  32.313  -24.587  55.725 0.0000000000
144950  31.482  -21.675  56.960 0.0000000000
51999  31.102  -22.398  58.274 0.0000000000
52000  30.673  -22.630  57.576 0.0000000000
47430  28.928  -25.571  56.599 0.0000000000
49775  29.816  -25.213  58.673 0.0000000000
124707  43.077  -17.546  57.532 0.0000000000
56623  43.993  -17.370  58.097 0.0000000000
124704  43.622  -17.578  56.469 0.0000000000
140270  43.566  -17.888  54.458 0.0000000000
56695  42.246  -18.174  54.242 0.0000000000
55543  41.284  -19.634  53.002 0.0000000000
55533  40.619  -19.606  53.668 0.0000000000
53224  40.013  -21.216  57.098 0.0000000000
53223  40.937  -21.657  56.741 0.0000000000
53197  41.769  -22.478  58.457 0.0000000000
50838  42.225  -23.366  58.554 0.0000000000
50817  41.555  -22.967  59.194 0.0000000000
55491  37.378  -19.541  58.320 0.0000000000
55490  38.023  -19.941  58.219 0.0000000000
148709  37.626  -20.439  58.607 0.0000000000
50803  38.238  -23.950  62.145 0.0000000000
50802  39.309  -23.634  61.984 0.0000000000
129026  38.722  -23.875  59.974 0.0000000000
50841  39.452  -23.732  59.424 0.0000000000
127356  38.389  -23.552  58.523 0.0000000000
50880  37.966  -23.215  56.524 0.0000000000
50863  36.831  -23.147  58.080 0.0000000000
125112  33.740  -23.604  57.281 0.0000000000
52017  35.012  -22.676  56.290 0.0000000000
50893  33.611  -23.156  55.431 0.0000000000
66376  51.838  -10.835  47.179 0.0000000000
66387  51.263  -10.998  46.274 0.0000000000
65281  51.583  -11.698  47.199 0.0000000000
130808  52.914  -13.814  48.004 0.0000000000
60376  27.292  -15.096  62.389 0.0000000000
60404  27.887  -15.698  60.710 0.0000000000
60392  26.838  -15.706  61.889 0.0000000000
55451  26.629  -19.677  62.921 0.0000000000
144948  26.977  -19.771  61.466 0.0000000000
133831  26.963  -18.695  60.871 0.0000000000
54379  27.054  -20.724  60.457 0.0000000000
52001  26.298  -22.314  57.998 0.0000000000
51977  26.533  -22.158  59.708 0.0000000000
72142  56.766  -5.425  35.897 0.0000000000
144821  56.304  -5.536  38.583 0.0000000000
127618  55.967  -5.137  40.014 0.0000000000
72073  53.987  -5.389  40.898 0.0000000000
72072  54.595  -5.173  41.423 0.0000000000
72032  54.584  -5.276  44.506 0.0000000000
70873  54.079  -5.522  44.245 0.0000000000
70849  53.664  -6.327  45.677 0.0000000000
69752  52.822  -7.553  45.651 0.0000000000
69741  53.705  -6.551  46.586 0.0000000000
69711  53.184  -7.336  49.209 0.0000000000
68601  53.340  -7.873  49.338 0.0000000000
68603  52.789  -8.441  49.790 0.0000000000
66366  51.156  -10.425  49.675 0.0000000000
68613  51.665  -8.855  49.478 0.0000000000
77595  51.754  -0.221  46.808 0.0000000000
131463  52.387  -1.453  46.888 0.0000000000
75350  51.634  -2.249  46.558 0.0000000000
132518  49.530  -6.908  45.151 0.0000000000
70850  50.541  -6.130  46.105 0.0000000000
68643  49.306  -8.167  45.738 0.0000000000
128473  49.477  -9.063  46.648 0.0000000000
67478  48.611  -9.241  45.500 0.0000000000
65297  47.734  -11.334  45.013 0.0000000000
67489  47.691  -9.684  44.370 0.0000000000
67512  45.279  -9.622  42.716 0.0000000000
65326  46.421  -10.962  42.827 0.0000000000
65354  44.878  -11.931  41.428 0.0000000000
64253  44.130  -12.303  40.915 0.0000000000
73116  47.678  -4.300  49.425 0.0000000000
65214  46.228  -11.214  50.671 0.0000000000
67429  47.148  -9.106  50.749 0.0000000000
66323  46.157  -10.623  50.132 0.0000000000
65285  44.283  -10.999  47.066 0.0000000000
67446  45.423  -9.441  48.319 0.0000000000
67455  45.109  -9.067  47.603 0.0000000000
69734  45.541  -7.371  47.055 0.0000000000
67468  44.498  -9.126  45.910 0.0000000000
68646  44.591  -8.376  44.940 0.0000000000
66392  43.715  -10.621  45.099 0.0000000000
59355  40.825  -16.654  42.178 0.0000000000
61849  41.897  -14.080  42.761 0.0000000000
59372  40.977  -15.717  41.593 0.0000000000
60662  41.008  -15.467  39.707 0.0000000000
58101  39.552  -17.273  39.135 0.0000000000
55660  37.827  -18.839  38.908 0.0000000000
53401  35.704  -21.975  41.851 0.0000000000
137073  35.939  -21.460  40.006 0.0000000000
52109  36.922  -21.897  47.049 0.0000000000
53348  36.710  -21.866  46.178 0.0000000000
136451  36.321  -23.366  47.091 0.0000000000
48717  39.630  -25.831  46.447 0.0000000000
50890  43.358  -23.236  55.248 0.0000000000
50916  43.000  -23.441  54.036 0.0000000000
49815  42.399  -24.179  55.246 0.0000000000
47436  39.274  -27.508  56.191 0.0000000000
48633  39.570  -25.852  55.046 0.0000000000
46348  39.470  -28.278  55.509 0.0000000000
46358  39.466  -27.895  54.314 0.0000000000
45249  40.150  -28.884  55.757 0.0000000000
133632  36.401  -28.279  54.473 0.0000000000
44167  37.342  -29.076  56.076 0.0000000000
45234  36.998  -28.983  54.906 0.0000000000
44196  39.533  -30.172  54.578 0.0000000000
43118  41.956  -31.065  56.839 0.0000000000
130647  50.611  -6.472  35.563 0.0000000000
72159  51.402  -5.364  34.259 0.0000000000
65324  49.255  -11.774  43.612 0.0000000000
57821  33.338  -17.286  61.197 0.0000000000
57835  32.802  -17.267  60.269 0.0000000000
57808  32.452  -16.703  62.211 0.0000000000
59102  31.676  -16.468  61.827 0.0000000000
59092  31.193  -15.862  62.307 0.0000000000
57783  34.081  -16.990  63.530 0.0000000000
59160  46.693  -16.977  56.379 0.0000000000
61675  47.115  -15.171  56.393 0.0000000000
59165  47.856  -17.016  55.397 0.0000000000
59184  48.313  -17.215  54.125 0.0000000000
59201  47.781  -16.451  53.165 0.0000000000
59202  47.211  -16.363  52.442 0.0000000000
56733  47.295  -18.914  51.411 0.0000000000
54492  46.374  -20.332  50.014 0.0000000000
53313  44.279  -21.454  49.264 0.0000000000
133253  42.346  -21.240  49.187 0.0000000000
53305  42.716  -21.689  50.239 0.0000000000
52081  41.532  -22.481  51.776 0.0000000000
52070  40.796  -22.880  52.450 0.0000000000
150190  34.549  -22.769  52.152 0.0000000000
49840  34.914  -24.055  51.692 0.0000000000
50939  33.894  -23.111  51.150 0.0000000000
70913  51.686  -6.548  40.199 0.0000000000
69797  51.086  -6.959  39.870 0.0000000000
69798  50.523  -7.367  40.363 0.0000000000
68686  49.533  -8.446  41.365 0.0000000000
50866  33.760  -23.852  58.549 0.0000000000
126604  32.575  -24.772  57.406 0.0000000000
49772  33.169  -24.361  59.309 0.0000000000
49773  32.629  -24.988  60.018 0.0000000000
48590  32.065  -25.792  60.954 0.0000000000
54435  30.626  -20.269  53.629 0.0000000000
52035  30.130  -22.380  55.084 0.0000000000
52050  29.396  -22.572  54.060 0.0000000000
50896  28.702  -23.922  54.723 0.0000000000
47442  26.449  -26.257  55.156 0.0000000000
56624  42.762  -17.592  58.363 0.0000000000
141218  41.370  -17.820  56.652 0.0000000000
125086  40.340  -18.639  55.260 0.0000000000
55513  39.658  -18.966  55.846 0.0000000000
55514  39.285  -19.428  56.543 0.0000000000
54402  39.344  -20.785  57.550 0.0000000000
54388  36.068  -20.808  59.110 0.0000000000
53189  37.532  -21.756  60.921 0.0000000000
53178  36.681  -22.137  61.835 0.0000000000
143820  37.059  -23.191  62.828 0.0000000000
50823  36.535  -24.027  61.519 0.0000000000
50843  36.533  -23.586  59.330 0.0000000000
50844  35.454  -23.685  59.568 0.0000000000
50845  34.550  -23.715  59.104 0.0000000000
64115  52.087  -12.841  50.291 0.0000000000
62972  52.456  -13.232  49.222 0.0000000000
61779  52.166  -14.267  49.716 0.0000000000
60549  52.503  -15.180  48.841 0.0000000000
141682  26.448  -19.546  64.042 0.0000000000
53166  26.500  -20.916  62.430 0.0000000000
51964  26.356  -22.216  61.433 0.0000000000
138622  26.091  -22.249  62.222 0.0000000000
73155  54.680  -4.612  45.594 0.0000000000
70835  53.898  -6.155  46.748 0.0000000000
73156  54.133  -4.962  46.878 0.0000000000
73126  53.330  -5.308  47.979 0.0000000000
71993  52.893  -5.581  48.325 0.0000000000
130260  49.926  -1.775  46.085 0.0000000000
75351  50.601  -2.381  46.086 0.0000000000
74270  49.134  -3.202  45.268 0.0000000000
73176  48.947  -4.802  44.558 0.0000000000
69762  48.776  -6.908  44.422 0.0000000000
138153  47.380  -8.884  43.723 0.0000000000
69764  47.974  -6.927  43.771 0.0000000000
68665  46.254  -8.176  43.366 0.0000000000
67498  44.881  -9.210  42.975 0.0000000000
61788  43.917  -14.510  48.982 0.0000000000
64118  44.811  -12.445  49.114 0.0000000000
61789  43.639  -14.293  48.183 0.0000000000
62991  43.476  -13.259  47.013 0.0000000000
127399  43.453  -12.626  46.291 0.0000000000
63052  42.784  -13.122  44.749 0.0000000000
61828  42.636  -14.244  45.024 0.0000000000
59340  41.284  -16.630  43.092 0.0000000000
56796  39.879  -18.125  41.786 0.0000000000
55647  37.963  -18.948  40.090 0.0000000000
54551  38.192  -20.006  42.039 0.0000000000
54552  36.889  -20.875  42.277 0.0000000000
52138  35.753  -22.347  43.392 0.0000000000
48682  37.681  -25.244  49.246 0.0000000000
48708  37.821  -25.265  47.456 0.0000000000
145408  39.348  -26.194  48.790 0.0000000000
47522  40.981  -26.583  48.106 0.0000000000
46440  42.764  -27.451  48.526 0.0000000000
49792  42.579  -24.847  57.206 0.0000000000
48623  41.562  -25.326  56.215 0.0000000000
47423  40.397  -26.449  57.165 0.0000000000
46333  39.131  -27.691  57.392 0.0000000000
45199  38.730  -29.404  57.564 0.0000000000
45267  37.478  -28.764  52.778 0.0000000000
45283  37.647  -28.572  51.735 0.0000000000
75557  56.099  -2.161  30.678 0.0000000000
75548  54.212  -2.680  31.345 0.0000000000
74450  53.031  -3.442  30.821 0.0000000000
53192  33.291  -21.562  59.781 0.0000000000
53193  32.539  -21.892  60.317 0.0000000000
150026  33.482  -20.919  57.546 0.0000000000
54416  32.803  -20.554  56.106 0.0000000000
54425  32.509  -20.117  55.262 0.0000000000
143308  32.518  -17.451  58.437 0.0000000000
57876  31.878  -17.760  56.860 0.0000000000
56680  31.475  -18.447  55.385 0.0000000000
56681  30.584  -18.347  55.210 0.0000000000
56663  28.907  -17.997  56.005 0.0000000000
56664  28.316  -18.305  56.302 0.0000000000
125702  39.893  -18.356  61.579 0.0000000000
56612  39.611  -17.962  59.814 0.0000000000
56601  39.214  -18.008  60.779 0.0000000000
141256  38.132  -17.839  60.039 0.0000000000
56615  36.938  -18.112  58.842 0.0000000000
125346  35.811  -17.699  61.647 0.0000000000
136995  36.371  -17.822  59.203 0.0000000000
55492  36.638  -19.267  58.277 0.0000000000
139488  35.591  -20.383  58.315 0.0000000000
54397  34.951  -20.506  58.030 0.0000000000
61825  48.453  -14.771  45.716 0.0000000000
60568  48.935  -15.630  45.948 0.0000000000
60596  48.495  -16.469  44.852 0.0000000000
78887  53.033  0.423  46.058 0.0000000000
77613  49.753  -0.036  46.872 0.0000000000
77614  48.885  -0.555  46.860 0.0000000000
76465  48.195  -1.207  46.896 0.0000000000
75354  47.461  -2.459  46.514 0.0000000000
65185  46.847  -11.791  52.129 0.0000000000
62936  45.836  -13.047  51.113 0.0000000000
59221  45.905  -16.104  51.185 0.0000000000
60532  45.234  -15.775  50.577 0.0000000000
134641  44.916  -14.189  50.166 0.0000000000
139363  43.627  -16.102  48.859 0.0000000000
56757  42.957  -18.530  47.599 0.0000000000
125811  41.400  -20.271  45.806 0.0000000000
54519  39.428  -20.668  45.368 0.0000000000
53345  39.848  -20.737  46.684 0.0000000000
53336  38.719  -21.269  47.948 0.0000000000
133386  37.273  -22.335  48.757 0.0000000000
149247  39.600  -21.539  49.787 0.0000000000
129550  38.345  -22.223  49.994 0.0000000000
49859  36.905  -23.786  49.135 0.0000000000
48670  37.612  -25.163  50.145 0.0000000000
128631  39.212  -26.733  51.145 0.0000000000
46386  40.706  -27.565  51.635 0.0000000000
136111  37.728  -25.358  56.228 0.0000000000
130404  37.760  -26.377  56.984 0.0000000000
124063  36.485  -26.191  55.191 0.0000000000
47450  36.129  -27.093  54.837 0.0000000000
46360  35.488  -27.296  53.416 0.0000000000
48652  35.296  -25.445  52.666 0.0000000000
46373  35.020  -27.144  52.700 0.0000000000
72156  54.310  -5.282  35.042 0.0000000000
72157  53.453  -5.386  35.008 0.0000000000
70978  52.376  -6.135  35.973 0.0000000000
70971  51.837  -6.462  36.464 0.0000000000
127873  50.244  -7.266  36.965 0.0000000000
132542  50.614  -7.404  38.616 0.0000000000
68726  49.212  -8.066  37.894 0.0000000000
51975  31.399  -22.655  60.202 0.0000000000
49756  31.001  -24.606  60.917 0.0000000000
143601  30.998  -25.819  60.909 0.0000000000
50882  30.074  -23.206  56.972 0.0000000000
126087  30.257  -25.245  59.726 0.0000000000
59137  45.564  -16.337  57.696 0.0000000000
56655  45.537  -17.465  56.257 0.0000000000
56712  44.173  -18.195  53.524 0.0000000000
55552  43.375  -19.413  52.037 0.0000000000
53273  43.558  -22.233  52.690 0.0000000000
54456  42.565  -20.335  52.366 0.0000000000
53255  43.182  -22.128  53.989 0.0000000000
52029  43.350  -22.871  55.538 0.0000000000
54422  40.102  -20.431  54.961 0.0000000000
53222  42.184  -22.125  56.454 0.0000000000
50877  43.370  -23.568  56.974 0.0000000000
49782  42.529  -24.596  57.981 0.0000000000
49783  41.804  -24.828  58.081 0.0000000000
49793  39.889  -24.637  57.614 0.0000000000
136117  38.769  -18.738  58.058 0.0000000000
54403  38.733  -20.556  58.114 0.0000000000
53199  40.273  -21.833  59.177 0.0000000000
53188  38.632  -21.817  60.779 0.0000000000
53175  40.070  -22.539  61.341 0.0000000000
51973  40.857  -22.819  59.989 0.0000000000
50840  40.981  -23.420  59.404 0.0000000000
50860  40.289  -24.039  58.273 0.0000000000
49794  38.960  -24.277  56.989 0.0000000000
49805  38.242  -23.855  56.314 0.0000000000
50905  37.282  -23.297  55.018 0.0000000000
52056  36.195  -22.691  54.109 0.0000000000
52016  35.912  -22.550  56.345 0.0000000000
52032  35.642  -22.395  55.424 0.0000000000
52057  35.539  -22.613  53.574 0.0000000000
52059  33.822  -22.482  53.196 0.0000000000
68654  51.494  -8.590  44.530 0.0000000000
67487  50.555  -9.733  44.216 0.0000000000
67477  50.774  -10.211  44.856 0.0000000000
62987  52.533  -13.560  48.420 0.0000000000
63008  51.948  -13.354  47.047 0.0000000000
59313  49.751  -16.354  45.781 0.0000000000
62807  31.169  -14.069  63.188 0.0000000000
61583  30.699  -13.970  63.241 0.0000000000
60375  29.771  -14.842  62.344 0.0000000000
61601  29.246  -14.293  63.020 0.0000000000
60389  29.376  -15.259  61.273 0.0000000000
60403  28.733  -15.536  60.538 0.0000000000
59131  27.974  -16.421  59.438 0.0000000000
56646  27.638  -18.485  57.460 0.0000000000
59093  26.454  -15.965  62.512 0.0000000000
57809  26.620  -17.346  61.003 0.0000000000
56616  27.202  -18.757  59.206 0.0000000000
54418  27.288  -20.217  57.175 0.0000000000
53216  26.618  -21.725  57.380 0.0000000000
74395  56.602  -4.016  34.153 0.0000000000
72143  55.798  -5.594  35.745 0.0000000000
72135  55.171  -5.844  36.413 0.0000000000
70941  54.138  -5.955  37.723 0.0000000000
72122  57.073  -5.608  37.425 0.0000000000
72112  55.643  -5.711  38.400 0.0000000000
70923  53.351  -5.912  39.163 0.0000000000
70912  52.375  -6.116  40.536 0.0000000000
69780  51.760  -6.393  42.151 0.0000000000
69770  52.004  -6.591  43.228 0.0000000000
72064  54.056  -5.298  42.352 0.0000000000
70875  52.727  -6.057  43.340 0.0000000000
144161  52.033  -7.108  44.008 0.0000000000
68653  52.134  -8.116  45.075 0.0000000000
67475  52.262  -9.255  46.331 0.0000000000
67452  53.097  -9.712  48.798 0.0000000000
69730  53.588  -7.432  48.217 0.0000000000
67444  53.313  -9.143  49.559 0.0000000000
66335  52.877  -10.644  49.909 0.0000000000
66350  51.638  -11.274  50.182 0.0000000000
65247  50.257  -12.086  48.950 0.0000000000
64148  49.151  -12.780  47.422 0.0000000000
76446  52.954  -1.391  47.018 0.0000000000
74237  52.660  -3.300  47.266 0.0000000000
72003  52.093  -5.559  47.810 0.0000000000
73158  51.036  -4.775  46.186 0.0000000000
70836  51.387  -6.013  47.280 0.0000000000
69732  51.025  -7.393  47.682 0.0000000000
68621  50.049  -8.990  47.404 0.0000000000
65283  49.116  -11.098  47.305 0.0000000000
64161  48.626  -12.815  46.589 0.0000000000
64180  48.127  -12.788  45.690 0.0000000000
63050  47.543  -13.670  44.558 0.0000000000
66416  47.022  -10.248  43.500 0.0000000000
64236  46.249  -12.592  42.443 0.0000000000
75326  47.501  -1.987  48.326 0.0000000000
74239  46.799  -3.861  47.384 0.0000000000
69705  47.331  -7.551  50.122 0.0000000000
66324  45.635  -10.638  49.332 0.0000000000
149549  46.787  -7.752  49.239 0.0000000000
71986  47.063  -6.329  48.932 0.0000000000
71995  46.846  -5.699  48.295 0.0000000000
72004  46.408  -5.387  47.292 0.0000000000
72011  46.207  -5.178  46.315 0.0000000000
69754  45.311  -7.196  44.728 0.0000000000
134703  44.610  -8.571  44.127 0.0000000000
137675  44.115  -10.158  42.754 0.0000000000
128246  42.979  -11.844  43.912 0.0000000000
64220  42.876  -11.890  42.821 0.0000000000
65343  43.387  -11.358  42.116 0.0000000000
63133  42.813  -13.279  40.522 0.0000000000
54589  36.701  -20.095  39.024 0.0000000000
52203  36.843  -22.346  38.275 0.0000000000
53366  38.109  -20.867  44.911 0.0000000000
52125  36.028  -22.207  44.773 0.0000000000
50987  35.798  -23.375  44.335 0.0000000000
48719  37.886  -25.269  46.586 0.0000000000
49897  37.123  -24.863  45.310 0.0000000000
50915  43.333  -23.077  53.410 0.0000000000
50927  41.589  -23.310  53.142 0.0000000000
50919  39.964  -23.787  53.453 0.0000000000
145060  40.752  -24.634  54.830 0.0000000000
48639  39.047  -25.355  54.115 0.0000000000
49828  38.651  -24.921  53.360 0.0000000000
47470  38.367  -26.418  52.742 0.0000000000
46371  39.534  -27.524  53.116 0.0000000000
141643  42.317  -28.475  53.058 0.0000000000
46322  37.574  -27.880  57.393 0.0000000000
45200  38.126  -29.224  57.472 0.0000000000
44152  39.101  -29.938  57.528 0.0000000000
44197  38.694  -29.827  54.459 0.0000000000
44183  39.515  -30.501  56.021 0.0000000000
45214  40.494  -30.300  57.199 0.0000000000
44182  41.393  -30.556  57.203 0.0000000000
44180  43.361  -30.520  56.297 0.0000000000
73312  53.363  -4.188  33.329 0.0000000000
73313  51.619  -4.714  33.056 0.0000000000
72185  50.835  -5.559  32.204 0.0000000000
67494  49.655  -9.936  43.269 0.0000000000
136380  44.353  -19.239  52.015 0.0000000000
55542  45.476  -19.105  52.178 0.0000000000
55551  45.133  -19.930  51.554 0.0000000000
136361  44.553  -21.315  51.260 0.0000000000
68673  50.797  -7.774  43.052 0.0000000000
53172  33.209  -22.483  62.147 0.0000000000
50792  32.768  -23.216  62.331 0.0000000000
53182  32.538  -22.293  61.394 0.0000000000
55527  27.709  -19.816  55.057 0.0000000000
149384  27.666  -20.288  54.348 0.0000000000
131719  27.307  -20.623  54.953 0.0000000000
53241  26.980  -21.452  54.634 0.0000000000
54428  26.949  -21.181  55.673 0.0000000000
125719  40.525  -18.282  61.564 0.0000000000
56585  41.137  -18.118  61.364 0.0000000000
56599  41.022  -18.219  60.969 0.0000000000
124711  41.420  -18.013  60.388 0.0000000000
125142  39.955  -17.895  58.992 0.0000000000
143691  33.849  -22.275  62.148 0.0000000000
51961  33.978  -22.818  62.631 0.0000000000
63009  49.591  -14.358  47.560 0.0000000000
61799  50.276  -14.976  47.835 0.0000000000
61813  49.586  -15.012  47.152 0.0000000000
77609  53.634  -0.654  46.125 0.0000000000
74271  47.456  -3.540  45.446 0.0000000000
73178  47.008  -4.274  45.137 0.0000000000
72036  47.022  -4.917  44.666 0.0000000000
56767  42.175  -18.503  45.988 0.0000000000
58007  41.834  -18.027  45.165 0.0000000000
134977  41.550  -18.417  44.673 0.0000000000
54528  40.902  -19.766  44.484 0.0000000000
54539  39.830  -20.067  43.817 0.0000000000
54529  40.424  -20.150  44.448 0.0000000000
47417  39.415  -26.672  57.518 0.0000000000
74433  55.574  -3.102  32.885 0.0000000000
57834  34.162  -17.540  59.028 0.0000000000
57861  33.868  -17.944  57.723 0.0000000000
57846  33.807  -17.657  58.417 0.0000000000
59116  30.709  -16.266  60.391 0.0000000000
57849  31.032  -16.783  59.071 0.0000000000
59140  30.180  -16.501  58.687 0.0000000000
59117  29.902  -15.966  60.012 0.0000000000
59075  37.792  -16.855  63.633 0.0000000000
56570  37.155  -17.870  63.328 0.0000000000
125677  34.665  -17.493  59.836 0.0000000000
136958  34.514  -17.865  58.165 0.0000000000
61740  48.012  -14.764  54.134 0.0000000000
62917  48.080  -13.291  54.744 0.0000000000
132976  47.860  -12.973  54.249 0.0000000000
64067  47.940  -12.125  54.214 0.0000000000
143133  47.614  -13.138  53.673 0.0000000000
62927  47.366  -13.764  53.246 0.0000000000
54498  44.629  -20.872  48.639 0.0000000000
55574  45.231  -19.708  49.208 0.0000000000
54499  43.925  -20.986  48.289 0.0000000000
54503  44.030  -20.485  48.252 0.0000000000
53331  43.131  -20.822  47.967 0.0000000000
53323  42.571  -20.919  48.180 0.0000000000
50936  39.045  -23.097  51.970 0.0000000000
49845  38.077  -24.236  51.903 0.0000000000
49838  38.347  -24.568  52.606 0.0000000000
50920  36.196  -23.080  53.600 0.0000000000
147342  36.146  -24.685  53.604 0.0000000000
49830  36.046  -23.837  53.203 0.0000000000
69812  52.117  -6.635  37.883 0.0000000000
70944  51.886  -6.715  38.777 0.0000000000
50894  32.838  -23.840  55.632 0.0000000000
49797  32.683  -24.312  56.426 0.0000000000
130554  31.438  -21.493  56.155 0.0000000000
53227  30.962  -21.995  56.789 0.0000000000
53240  30.807  -21.864  55.741 0.0000000000
140163  29.223  -26.208  57.295 0.0000000000
124703  42.482  -17.640  56.474 0.0000000000
147171  43.319  -17.543  57.012 0.0000000000
56675  43.021  -17.703  55.439 0.0000000000
56696  41.201  -18.844  53.508 0.0000000000
56677  41.140  -18.379  54.686 0.0000000000
53209  40.964  -21.875  57.823 0.0000000000
51983  41.423  -22.675  59.231 0.0000000000
148259  38.155  -23.942  60.364 0.0000000000
50821  38.784  -24.045  61.384 0.0000000000
50862  37.609  -23.258  57.944 0.0000000000
50881  34.143  -23.073  56.194 0.0000000000
49796  33.317  -23.666  56.334 0.0000000000
50908  32.974  -23.396  54.767 0.0000000000
66365  52.264  -11.153  48.099 0.0000000000
65266  52.135  -12.074  48.317 0.0000000000
61603  27.857  -14.405  63.041 0.0000000000
133819  26.729  -20.214  62.137 0.0000000000
56580  26.805  -19.379  62.266 0.0000000000
54370  26.945  -20.509  61.293 0.0000000000
54378  27.173  -19.999  60.677 0.0000000000
53183  26.813  -21.470  60.120 0.0000000000
51972  26.514  -22.164  60.579 0.0000000000
74375  57.764  -3.847  35.567 0.0000000000
72096  57.469  -4.607  39.628 0.0000000000
72097  56.738  -5.109  39.220 0.0000000000
72081  56.801  -4.744  40.190 0.0000000000
127457  55.283  -5.082  40.719 0.0000000000
124397  56.136  -4.774  40.868 0.0000000000
70859  54.072  -5.719  45.110 0.0000000000
70848  53.950  -5.935  45.916 0.0000000000
70803  52.906  -7.245  49.287 0.0000000000
69712  53.045  -7.813  49.577 0.0000000000
69713  52.649  -7.596  49.402 0.0000000000
68612  52.163  -8.127  49.412 0.0000000000
76448  51.420  -0.566  46.746 0.0000000000
76462  51.939  -1.364  46.778 0.0000000000
69753  49.114  -7.645  45.098 0.0000000000
68633  49.137  -8.792  45.999 0.0000000000
67479  48.187  -9.693  45.058 0.0000000000
67488  48.147  -8.807  44.477 0.0000000000
66436  45.059  -10.319  42.268 0.0000000000
65341  44.775  -11.069  41.789 0.0000000000
65355  44.216  -11.575  41.448 0.0000000000
135794  47.757  -5.013  49.650 0.0000000000
64100  45.812  -11.917  50.508 0.0000000000
65215  45.749  -11.321  49.947 0.0000000000
66368  44.592  -10.234  47.257 0.0000000000
67456  44.683  -9.510  46.999 0.0000000000
68622  44.865  -8.675  46.764 0.0000000000
66379  44.362  -10.110  46.476 0.0000000000
66391  44.108  -9.931  45.467 0.0000000000
58067  40.291  -17.225  41.500 0.0000000000
59373  40.580  -16.360  41.129 0.0000000000
127256  40.153  -16.877  40.569 0.0000000000
147903  39.726  -17.238  40.058 0.0000000000
56832  38.955  -17.821  39.014 0.0000000000
56812  39.223  -17.858  40.032 0.0000000000
52162  35.627  -22.757  41.700 0.0000000000
52161  35.715  -22.993  40.890 0.0000000000
51026  36.019  -23.545  41.602 0.0000000000
50965  36.552  -23.292  47.865 0.0000000000
52110  36.660  -22.559  47.457 0.0000000000
49881  36.586  -24.127  47.499 0.0000000000
50903  43.049  -23.588  55.034 0.0000000000
45233  39.311  -28.091  56.180 0.0000000000
150000  40.313  -29.811  57.239 0.0000000000
69862  50.237  -6.962  36.221 0.0000000000
69863  49.331  -7.186  35.730 0.0000000000
57807  33.150  -17.024  62.144 0.0000000000
57795  33.088  -16.711  62.829 0.0000000000
59091  32.015  -16.108  62.703 0.0000000000
57794  33.651  -17.035  62.981 0.0000000000
57889  47.045  -17.511  55.469 0.0000000000
57873  47.240  -17.235  55.733 0.0000000000
56673  47.460  -17.731  54.752 0.0000000000
56709  47.692  -18.219  53.307 0.0000000000
56691  47.891  -17.893  54.128 0.0000000000
57908  48.010  -17.870  53.602 0.0000000000
57915  48.095  -17.347  53.397 0.0000000000
57916  47.885  -17.998  52.789 0.0000000000
57928  47.576  -18.005  52.004 0.0000000000
56723  47.547  -18.561  52.124 0.0000000000
53301  45.594  -21.163  50.340 0.0000000000
54481  46.500  -20.391  50.606 0.0000000000
54482  46.079  -20.911  50.138 0.0000000000
54493  45.713  -20.751  49.498 0.0000000000
53303  44.359  -21.602  49.939 0.0000000000
53304  43.691  -21.716  50.233 0.0000000000
52080  42.763  -22.600  51.912 0.0000000000
52084  33.921  -22.704  51.731 0.0000000000
50931  34.477  -23.125  51.610 0.0000000000
70901  51.690  -6.405  41.135 0.0000000000
69789  51.048  -6.855  40.745 0.0000000000
69790  50.518  -7.363  41.272 0.0000000000
67524  49.192  -9.204  41.942 0.0000000000
50846  33.836  -24.031  59.903 0.0000000000
146304  32.493  -24.116  61.847 0.0000000000
49765  32.356  -25.036  60.921 0.0000000000
48596  32.380  -25.901  60.436 0.0000000000
49755  31.558  -24.710  61.241 0.0000000000
55544  29.999  -19.789  53.420 0.0000000000
53276  30.360  -21.100  53.567 0.0000000000
53277  29.448  -21.254  53.035 0.0000000000
50922  27.809  -22.956  53.455 0.0000000000
52051  28.529  -22.668  53.459 0.0000000000
50910  28.272  -23.525  53.875 0.0000000000
49821  28.449  -24.624  55.002 0.0000000000
136996  28.263  -25.220  55.199 0.0000000000
48627  27.812  -25.681  55.043 0.0000000000
125129  27.296  -24.451  54.203 0.0000000000
50897  26.282  -23.785  54.885 0.0000000000
49811  26.260  -24.644  54.914 0.0000000000
48630  25.876  -25.975  55.552 0.0000000000
49812  25.813  -25.104  55.537 0.0000000000
59114  42.568  -17.038  60.753 0.0000000000
124709  41.690  -17.717  58.585 0.0000000000
136346  42.518  -17.624  59.184 0.0000000000
124706  42.054  -17.652  57.518 0.0000000000
56657  40.421  -18.281  56.228 0.0000000000
55502  38.950  -19.902  57.275 0.0000000000
53190  36.371  -21.458  60.413 0.0000000000
53179  35.671  -21.738  61.189 0.0000000000
51959  36.230  -23.072  63.024 0.0000000000
50788  36.693  -23.437  62.738 0.0000000000
50804  37.169  -23.944  62.251 0.0000000000
125046  36.289  -23.886  60.467 0.0000000000
129458  35.630  -23.918  61.176 0.0000000000
50824  34.663  -23.865  60.546 0.0000000000
64116  51.832  -13.025  50.319 0.0000000000
62957  52.089  -13.630  50.124 0.0000000000
136677  51.718  -13.988  49.801 0.0000000000
60551  51.070  -15.491  47.955 0.0000000000
60539  51.925  -15.209  48.867 0.0000000000
60550  52.112  -15.551  48.261 0.0000000000
131576  52.329  -15.655  47.720 0.0000000000
54352  26.401  -20.067  63.508 0.0000000000
54362  26.504  -20.336  62.814 0.0000000000
53163  26.288  -20.836  63.114 0.0000000000
51954  26.155  -21.608  62.753 0.0000000000
72008  54.382  -5.136  46.113 0.0000000000
74253  54.493  -3.949  46.050 0.0000000000
74234  53.534  -3.607  47.186 0.0000000000
73140  53.566  -4.581  47.441 0.0000000000
73127  53.102  -4.552  47.799 0.0000000000
149016  53.053  -5.196  48.165 0.0000000000
75361  49.565  -2.476  45.720 0.0000000000
73191  48.173  -4.764  44.416 0.0000000000
73177  48.759  -4.022  44.801 0.0000000000
72033  48.689  -5.424  44.346 0.0000000000
70863  48.367  -6.118  44.020 0.0000000000
70864  47.493  -6.062  43.856 0.0000000000
70876  46.983  -7.021  43.630 0.0000000000
69773  46.254  -7.497  43.608 0.0000000000
67497  45.610  -8.813  43.113 0.0000000000
68666  45.634  -8.015  43.575 0.0000000000
60541  43.577  -15.139  48.504 0.0000000000
62975  43.985  -13.702  48.627 0.0000000000
61815  42.890  -14.789  46.555 0.0000000000
144956  43.141  -14.604  47.130 0.0000000000
138345  43.162  -14.056  46.718 0.0000000000
61827  42.883  -14.166  45.973 0.0000000000
63033  42.912  -13.557  45.506 0.0000000000
138124  42.471  -15.140  45.116 0.0000000000
58034  41.267  -17.463  43.576 0.0000000000
59327  41.675  -16.739  43.847 0.0000000000
56780  40.746  -18.120  43.205 0.0000000000
58052  40.480  -17.631  42.376 0.0000000000
56786  40.231  -18.334  42.611 0.0000000000
55634  39.251  -18.855  41.578 0.0000000000
125633  39.065  -19.595  42.347 0.0000000000
54541  38.475  -20.531  43.451 0.0000000000
54542  37.780  -20.568  42.675 0.0000000000
53386  37.014  -21.030  43.075 0.0000000000
53387  36.467  -21.330  42.692 0.0000000000
53375  36.331  -21.578  43.471 0.0000000000
47506  39.035  -26.228  49.524 0.0000000000
129222  38.535  -25.762  48.796 0.0000000000
47505  39.885  -26.502  49.190 0.0000000000
46421  42.703  -27.518  49.323 0.0000000000
46441  42.195  -27.178  48.734 0.0000000000
48614  41.871  -25.500  56.953 0.0000000000
48615  41.184  -25.953  57.370 0.0000000000
46312  38.949  -27.620  57.571 0.0000000000
47424  39.640  -26.974  57.429 0.0000000000
46321  38.789  -28.506  57.561 0.0000000000
75547  55.268  -2.369  31.294 0.0000000000
74449  53.513  -3.064  31.306 0.0000000000
74435  53.025  -3.488  31.644 0.0000000000
54398  34.152  -20.718  57.800 0.0000000000
53212  33.264  -21.304  58.547 0.0000000000
54406  33.968  -20.274  56.958 0.0000000000
56659  33.468  -18.588  56.542 0.0000000000
54415  33.638  -20.045  56.271 0.0000000000
54424  33.142  -19.704  55.728 0.0000000000
57847  32.278  -17.222  59.442 0.0000000000
126566  31.162  -17.401  57.287 0.0000000000
57862  31.835  -17.457  57.791 0.0000000000
56661  31.721  -18.086  56.044 0.0000000000
56662  31.001  -18.034  55.815 0.0000000000
56697  31.220  -18.761  54.854 0.0000000000
57864  29.374  -17.236  57.108 0.0000000000
57878  29.454  -17.686  56.280 0.0000000000
57879  28.733  -17.702  56.653 0.0000000000
57865  28.429  -17.392  57.397 0.0000000000
57778  38.893  -17.739  63.194 0.0000000000
59074  39.215  -17.092  63.239 0.0000000000
57790  39.241  -18.015  62.872 0.0000000000
56587  39.940  -18.452  62.126 0.0000000000
56588  39.273  -18.426  61.970 0.0000000000
56589  38.390  -18.060  61.486 0.0000000000
56614  37.619  -18.121  58.940 0.0000000000
57832  37.143  -17.773  59.679 0.0000000000
57792  35.252  -17.569  63.301 0.0000000000
57804  35.958  -17.855  62.763 0.0000000000
57833  35.590  -17.626  59.563 0.0000000000
56628  36.313  -18.410  58.447 0.0000000000
54396  36.149  -19.931  58.162 0.0000000000
55493  35.846  -19.041  58.004 0.0000000000
53203  34.219  -21.185  59.085 0.0000000000
60581  48.429  -15.647  45.295 0.0000000000
134281  49.019  0.282  47.338 0.0000000000
76449  48.403  -0.424  47.493 0.0000000000
76466  47.705  -1.781  46.871 0.0000000000
61692  47.748  -15.050  55.680 0.0000000000
64077  46.806  -12.705  52.357 0.0000000000
148789  47.398  -11.431  52.796 0.0000000000
64088  46.321  -12.521  51.589 0.0000000000
129006  45.828  -13.852  51.206 0.0000000000
59238  46.467  -17.075  51.332 0.0000000000
128730  46.573  -16.255  51.781 0.0000000000
59254  44.940  -16.642  50.201 0.0000000000
61780  44.838  -15.039  50.224 0.0000000000
60533  44.570  -15.656  49.949 0.0000000000
60540  43.972  -15.410  49.302 0.0000000000
59267  43.885  -17.112  49.129 0.0000000000
145343  42.942  -20.180  47.377 0.0000000000
55590  42.846  -19.450  47.238 0.0000000000
56763  42.409  -19.262  46.564 0.0000000000
54510  41.953  -20.219  46.408 0.0000000000
149386  40.579  -20.595  46.314 0.0000000000
54511  41.328  -20.467  46.454 0.0000000000
53326  39.396  -21.176  48.424 0.0000000000
53335  39.814  -20.866  47.650 0.0000000000
52101  37.880  -21.662  48.358 0.0000000000
53306  41.382  -21.511  50.103 0.0000000000
53316  40.348  -21.317  49.529 0.0000000000
53307  40.189  -21.638  50.320 0.0000000000
50945  38.089  -23.186  51.068 0.0000000000
52094  37.865  -22.872  50.386 0.0000000000
52098  37.599  -22.590  49.613 0.0000000000
50951  37.325  -23.490  49.931 0.0000000000
138823  37.246  -24.502  49.646 0.0000000000
49853  37.475  -24.350  50.575 0.0000000000
47479  38.338  -26.187  51.497 0.0000000000
48669  38.027  -25.666  50.701 0.0000000000
46387  39.648  -27.234  51.978 0.0000000000
48642  35.772  -25.720  53.620 0.0000000000
48635  36.067  -26.244  54.394 0.0000000000
47451  35.700  -26.790  53.924 0.0000000000
46350  35.887  -27.405  54.080 0.0000000000
148011  35.157  -24.743  52.134 0.0000000000
48653  34.717  -25.416  51.823 0.0000000000
46374  34.626  -26.990  52.091 0.0000000000
45252  35.479  -27.603  52.932 0.0000000000
72136  54.260  -5.869  36.149 0.0000000000
72145  53.868  -5.697  35.618 0.0000000000
70977  53.344  -6.004  36.224 0.0000000000
69828  51.391  -6.875  37.428 0.0000000000
148104  51.442  -6.724  36.849 0.0000000000
69845  50.851  -6.973  36.913 0.0000000000
69806  50.568  -7.405  39.489 0.0000000000
68716  49.967  -7.806  39.098 0.0000000000
68717  49.335  -8.209  38.734 0.0000000000
48618  32.330  -24.980  56.439 0.0000000000
47428  32.270  -25.771  56.947 0.0000000000
53205  31.933  -21.995  59.403 0.0000000000
53194  31.921  -22.364  60.715 0.0000000000
51985  30.796  -22.980  58.714 0.0000000000
51976  30.986  -23.128  59.798 0.0000000000
48592  31.230  -25.432  61.025 0.0000000000
48597  30.751  -25.308  60.609 0.0000000000
52019  29.865  -23.050  55.905 0.0000000000
50868  29.760  -23.892  57.261 0.0000000000
48602  30.078  -26.042  59.377 0.0000000000
59126  43.451  -17.020  59.721 0.0000000000
57830  43.761  -17.164  59.049 0.0000000000
57860  44.551  -17.343  57.725 0.0000000000
57842  44.792  -17.180  58.023 0.0000000000
57859  45.196  -17.305  57.292 0.0000000000
57875  45.725  -17.352  56.567 0.0000000000
56713  43.027  -18.364  53.322 0.0000000000
56694  44.736  -17.824  54.591 0.0000000000
56725  43.664  -18.714  52.554 0.0000000000
128263  42.559  -19.628  52.282 0.0000000000
134116  41.403  -20.799  53.692 0.0000000000
53275  42.423  -21.315  53.402 0.0000000000
53256  42.205  -21.587  54.272 0.0000000000
53236  43.014  -22.326  54.894 0.0000000000
55523  39.833  -19.414  54.996 0.0000000000
53208  41.957  -22.275  57.562 0.0000000000
52012  43.156  -22.862  56.609 0.0000000000
133763  43.100  -23.102  57.595 0.0000000000
49781  43.139  -24.177  57.588 0.0000000000
50857  43.155  -23.584  57.782 0.0000000000
49771  42.226  -24.056  58.463 0.0000000000
50859  41.460  -24.072  58.537 0.0000000000
49784  40.945  -24.819  57.972 0.0000000000
147244  38.818  -17.954  59.637 0.0000000000
125324  38.895  -18.164  58.734 0.0000000000
54394  38.315  -20.875  58.837 0.0000000000
55503  38.524  -19.449  57.867 0.0000000000
53211  39.480  -21.275  58.396 0.0000000000
53200  39.319  -21.530  59.309 0.0000000000
53177  38.584  -22.242  61.792 0.0000000000
51968  39.886  -22.971  61.812 0.0000000000
51974  40.404  -22.851  61.085 0.0000000000
53186  40.357  -22.315  60.386 0.0000000000
50819  40.638  -23.076  60.425 0.0000000000
50861  39.114  -23.689  58.013 0.0000000000
126806  40.123  -23.736  59.058 0.0000000000
50878  39.311  -24.000  57.462 0.0000000000
52014  37.399  -22.859  56.214 0.0000000000
50892  37.713  -23.279  55.779 0.0000000000
52030  37.090  -22.736  55.616 0.0000000000
50906  36.709  -23.197  54.294 0.0000000000
52046  36.538  -22.590  54.875 0.0000000000
50864  35.719  -23.253  58.208 0.0000000000
51998  35.343  -22.936  57.131 0.0000000000
52033  34.718  -22.601  55.534 0.0000000000
134126  35.101  -22.385  54.853 0.0000000000
52047  35.726  -22.439  54.435 0.0000000000
52048  34.968  -22.362  54.129 0.0000000000
52058  34.669  -22.461  53.322 0.0000000000
52049  34.141  -22.453  53.995 0.0000000000
68642  51.852  -8.951  45.349 0.0000000000
67486  51.190  -9.398  44.738 0.0000000000
65295  50.626  -11.611  45.572 0.0000000000
141255  52.655  -13.945  49.402 0.0000000000
64146  52.242  -12.814  48.574 0.0000000000
124112  51.363  -13.279  45.714 0.0000000000
59314  49.147  -16.626  45.231 0.0000000000
60580  49.372  -16.159  45.892 0.0000000000
131722  49.631  -16.596  45.250 0.0000000000
62818  31.288  -13.818  63.145 0.0000000000
149353  30.739  -13.646  63.181 0.0000000000
61600  30.206  -14.354  63.104 0.0000000000
61620  28.823  -14.774  62.077 0.0000000000
130533  27.551  -16.259  60.205 0.0000000000
59143  27.652  -17.054  59.007 0.0000000000
57851  27.422  -17.831  58.621 0.0000000000
56581  26.665  -17.981  62.759 0.0000000000
57784  26.634  -17.589  63.680 0.0000000000
57796  26.354  -16.994  62.608 0.0000000000
59080  26.319  -16.283  63.327 0.0000000000
59105  26.510  -16.610  61.665 0.0000000000
55472  27.199  -19.433  60.025 0.0000000000
56602  27.081  -18.689  60.170 0.0000000000
55481  27.223  -19.590  59.347 0.0000000000
55494  27.281  -19.429  58.581 0.0000000000
54408  27.200  -20.173  58.133 0.0000000000
54419  27.005  -21.054  56.746 0.0000000000
54409  27.012  -20.967  57.746 0.0000000000
52002  25.919  -23.017  57.744 0.0000000000
50794  26.061  -22.988  60.857 0.0000000000
141558  57.257  -3.532  33.971 0.0000000000
73296  55.906  -4.653  34.545 0.0000000000
73295  56.962  -4.482  34.878 0.0000000000
72134  56.178  -5.726  36.311 0.0000000000
72124  54.981  -5.907  37.301 0.0000000000
73271  58.020  -4.480  36.656 0.0000000000
73262  58.145  -4.493  37.356 0.0000000000
127540  55.760  -5.427  39.151 0.0000000000
125870  54.929  -5.626  38.882 0.0000000000
70922  54.142  -5.812  38.550 0.0000000000
141543  54.228  -5.630  39.291 0.0000000000
130976  53.005  -5.900  40.026 0.0000000000
70900  52.412  -5.962  41.527 0.0000000000
70888  52.509  -5.976  42.526 0.0000000000
72063  54.988  -5.025  42.294 0.0000000000
148952  54.645  -5.144  42.973 0.0000000000
70860  53.509  -6.083  44.746 0.0000000000
70874  53.364  -5.812  43.810 0.0000000000
70861  52.702  -6.503  44.176 0.0000000000
69760  52.416  -7.305  44.735 0.0000000000
68629  53.220  -7.801  46.672 0.0000000000
68641  52.568  -8.410  45.983 0.0000000000
68630  52.944  -8.606  47.131 0.0000000000
67464  52.695  -9.464  47.520 0.0000000000
68619  53.366  -8.855  48.412 0.0000000000
70823  53.720  -6.217  47.640 0.0000000000
69729  53.654  -6.758  47.495 0.0000000000
128184  53.068  -9.019  49.981 0.0000000000
68611  53.565  -8.180  48.994 0.0000000000
127046  53.116  -9.948  49.685 0.0000000000
66336  52.544  -10.769  50.135 0.0000000000
66337  52.216  -10.865  50.314 0.0000000000
66351  50.636  -11.187  49.302 0.0000000000
64147  49.820  -12.811  48.271 0.0000000000
136873  49.787  -11.158  48.262 0.0000000000
77610  53.143  -0.214  46.444 0.0000000000
77594  52.682  -0.664  46.818 0.0000000000
73141  52.475  -4.215  47.433 0.0000000000
73129  52.593  -5.115  47.984 0.0000000000
133163  52.154  -4.852  47.473 0.0000000000
74268  50.262  -3.323  45.625 0.0000000000
139614  51.027  -3.982  46.004 0.0000000000
70838  50.129  -6.831  45.998 0.0000000000
148808  50.892  -6.107  46.680 0.0000000000
70837  50.827  -6.685  46.868 0.0000000000
70826  51.449  -6.720  47.765 0.0000000000
68631  50.521  -8.176  47.509 0.0000000000
66378  49.003  -10.311  46.779 0.0000000000
125068  48.618  -11.026  46.498 0.0000000000
65284  48.763  -11.875  46.866 0.0000000000
131986  48.328  -12.013  46.132 0.0000000000
64181  47.663  -12.202  44.981 0.0000000000
64204  47.287  -12.613  44.210 0.0000000000
63051  47.136  -13.472  43.732 0.0000000000
64219  46.773  -12.604  43.268 0.0000000000
67495  47.187  -9.688  43.659 0.0000000000
67496  46.693  -9.716  43.210 0.0000000000
137364  45.614  -11.789  41.965 0.0000000000
130687  46.313  -11.775  42.657 0.0000000000
63092  46.193  -13.405  42.210 0.0000000000
131997  47.377  -3.762  48.849 0.0000000000
74238  47.147  -3.095  48.006 0.0000000000
74257  46.996  -3.072  46.971 0.0000000000
69698  47.658  -7.934  51.056 0.0000000000
68594  47.314  -8.394  50.584 0.0000000000
70795  47.838  -6.480  50.601 0.0000000000
65249  44.669  -11.950  48.576 0.0000000000
65229  45.346  -11.410  49.348 0.0000000000
65248  44.994  -11.165  48.681 0.0000000000
68615  45.624  -8.666  48.177 0.0000000000
68605  45.890  -9.056  48.763 0.0000000000
68614  46.256  -8.319  48.834 0.0000000000
69714  46.952  -7.046  49.150 0.0000000000
69723  46.453  -7.459  48.573 0.0000000000
70816  46.651  -6.654  48.397 0.0000000000
70828  45.912  -6.649  47.133 0.0000000000
70839  46.029  -5.979  46.758 0.0000000000
70852  45.898  -5.850  45.781 0.0000000000
69745  45.182  -7.328  45.847 0.0000000000
67480  44.309  -9.142  44.736 0.0000000000
67490  44.390  -9.202  43.670 0.0000000000
66418  43.948  -9.930  43.484 0.0000000000
64205  43.070  -12.291  44.829 0.0000000000
149717  42.851  -12.496  44.316 0.0000000000
64239  42.501  -12.590  42.558 0.0000000000
64255  42.570  -12.605  41.707 0.0000000000
64238  42.956  -11.985  41.805 0.0000000000
64254  43.100  -12.451  41.032 0.0000000000
61879  42.046  -13.700  40.804 0.0000000000
59410  40.633  -16.043  39.078 0.0000000000
55648  37.511  -19.651  40.542 0.0000000000
55661  37.272  -19.469  39.513 0.0000000000
54575  36.760  -20.097  40.010 0.0000000000
52190  36.004  -22.235  39.528 0.0000000000
52204  36.318  -22.110  38.877 0.0000000000
52189  36.500  -22.812  39.086 0.0000000000
53356  39.145  -20.815  46.179 0.0000000000
53357  38.543  -20.889  45.596 0.0000000000
53358  37.519  -21.281  45.685 0.0000000000
127765  36.015  -22.557  45.657 0.0000000000
53359  36.584  -21.718  45.269 0.0000000000
50981  35.733  -22.855  44.885 0.0000000000
50988  35.753  -22.624  44.219 0.0000000000
50980  35.966  -23.599  45.215 0.0000000000
148038  39.024  -25.788  47.530 0.0000000000
49880  37.110  -24.799  47.049 0.0000000000
149371  38.749  -25.593  47.033 0.0000000000
48725  39.714  -25.737  45.558 0.0000000000
48727  37.918  -25.265  45.693 0.0000000000
48735  37.903  -25.259  44.790 0.0000000000
52055  43.447  -22.819  53.548 0.0000000000
50917  42.119  -23.606  53.854 0.0000000000
50918  40.996  -23.649  53.729 0.0000000000
130044  40.593  -23.374  53.078 0.0000000000
48632  40.637  -25.417  55.566 0.0000000000
48634  38.872  -26.250  54.522 0.0000000000
49827  39.434  -24.523  53.787 0.0000000000
48640  38.450  -25.820  53.601 0.0000000000
48650  38.159  -25.437  52.757 0.0000000000
46372  38.837  -27.208  53.503 0.0000000000
46357  40.247  -28.265  53.981 0.0000000000
45265  41.262  -28.446  53.542 0.0000000000
45247  42.245  -29.204  54.702 0.0000000000
47427  37.238  -27.128  56.871 0.0000000000
46323  36.941  -27.803  56.638 0.0000000000
145670  37.590  -29.044  56.833 0.0000000000
44154  38.041  -29.659  56.994 0.0000000000
44153  38.597  -29.792  57.472 0.0000000000
44166  38.644  -30.088  57.182 0.0000000000
44208  37.858  -29.263  53.740 0.0000000000
43120  40.263  -30.601  55.488 0.0000000000
44165  39.591  -30.357  57.244 0.0000000000
43111  40.608  -30.745  57.062 0.0000000000
43110  41.409  -30.881  57.138 0.0000000000
43128  42.861  -31.235  56.240 0.0000000000
43108  42.578  -30.866  56.739 0.0000000000
44194  43.475  -29.616  55.020 0.0000000000
75568  56.240  -2.482  28.930 0.0000000000
73298  53.576  -4.788  34.263 0.0000000000
72158  52.510  -5.226  34.528 0.0000000000
72170  51.765  -4.957  33.745 0.0000000000
72171  50.982  -5.151  33.168 0.0000000000
73330  51.362  -4.890  32.368 0.0000000000
67493  50.242  -9.377  43.578 0.0000000000
149383  50.057  -10.037  43.817 0.0000000000
146526  33.224  -16.170  63.486 0.0000000000
59078  32.831  -16.121  63.374 0.0000000000
60361  32.535  -15.638  63.297 0.0000000000
60362  31.769  -15.141  63.204 0.0000000000
56711  46.483  -18.289  53.597 0.0000000000
55541  46.490  -18.883  52.533 0.0000000000
55549  47.044  -19.211  52.115 0.0000000000
55548  47.172  -19.230  51.628 0.0000000000
55556  46.050  -20.246  51.299 0.0000000000
54468  45.939  -20.743  50.763 0.0000000000
53297  45.137  -21.167  50.767 0.0000000000
52088  44.149  -21.779  50.793 0.0000000000
52078  44.393  -21.638  51.071 0.0000000000
52079  43.802  -22.134  51.639 0.0000000000
143757  43.426  -22.514  52.078 0.0000000000
69782  50.600  -7.489  42.193 0.0000000000
68674  50.216  -8.198  42.562 0.0000000000
67510  49.800  -9.061  42.803 0.0000000000
50807  33.756  -23.634  62.211 0.0000000000
133370  33.268  -24.111  61.742 0.0000000000
49753  33.013  -23.875  62.103 0.0000000000
49740  32.633  -23.656  62.154 0.0000000000
49741  32.025  -24.062  61.759 0.0000000000
55537  28.807  -19.424  54.027 0.0000000000
54447  28.447  -20.575  53.059 0.0000000000
54437  27.908  -20.419  53.606 0.0000000000
53279  27.806  -21.176  53.202 0.0000000000
52052  27.242  -22.692  53.728 0.0000000000
53261  26.710  -22.383  54.482 0.0000000000
145130  26.374  -23.066  54.901 0.0000000000
52037  26.380  -22.541  55.480 0.0000000000
56598  41.644  -17.864  61.037 0.0000000000
57816  42.217  -17.562  60.588 0.0000000000
56597  41.890  -17.838  60.508 0.0000000000
56625  40.400  -17.912  58.265 0.0000000000
53191  34.806  -21.476  60.380 0.0000000000
145943  34.985  -21.915  61.751 0.0000000000
51960  35.153  -22.916  62.938 0.0000000000
50789  35.670  -23.297  62.778 0.0000000000
50790  34.474  -23.223  62.624 0.0000000000
62974  50.330  -13.563  48.680 0.0000000000
62988  51.044  -14.201  49.122 0.0000000000
60566  50.435  -15.774  46.961 0.0000000000
148380  54.304  -2.183  45.754 0.0000000000
75348  54.494  -2.979  45.719 0.0000000000
75349  53.894  -2.198  46.410 0.0000000000
75336  53.424  -2.659  47.021 0.0000000000
75362  48.565  -2.553  45.681 0.0000000000
74283  47.813  -4.016  44.809 0.0000000000
72035  47.528  -5.221  44.272 0.0000000000
128024  46.785  -5.531  44.373 0.0000000000
70866  45.814  -6.639  44.374 0.0000000000
59282  42.893  -16.759  47.671 0.0000000000
60554  42.792  -16.019  47.247 0.0000000000
59283  42.573  -16.682  46.879 0.0000000000
59298  42.385  -16.605  46.046 0.0000000000
59315  42.198  -16.574  45.238 0.0000000000
60583  42.426  -15.791  45.563 0.0000000000
58017  41.967  -17.240  44.986 0.0000000000
56779  41.251  -18.400  44.024 0.0000000000
55614  40.824  -18.853  43.676 0.0000000000
55624  39.801  -19.529  43.145 0.0000000000
125240  39.187  -20.347  43.853 0.0000000000
54532  37.875  -20.841  44.124 0.0000000000
48607  41.159  -25.615  57.715 0.0000000000
47418  38.530  -27.453  57.663 0.0000000000
75532  55.866  -2.574  32.256 0.0000000000
124216  54.735  -3.296  32.807 0.0000000000
55505  34.235  -18.966  56.901 0.0000000000
56643  33.869  -18.338  57.119 0.0000000000
59115  31.485  -16.570  60.857 0.0000000000
136459  31.657  -16.981  59.542 0.0000000000
124821  30.850  -17.055  58.090 0.0000000000
57863  30.352  -17.190  57.214 0.0000000000
59141  29.262  -16.456  58.585 0.0000000000
136992  38.374  -17.288  63.500 0.0000000000
56577  38.691  -18.168  63.007 0.0000000000
132947  38.571  -18.326  62.556 0.0000000000
56578  37.888  -18.285  63.086 0.0000000000
57803  36.668  -17.907  61.933 0.0000000000
56629  35.346  -18.284  58.078 0.0000000000
149826  48.322  -15.162  54.926 0.0000000000
61728  48.206  -14.290  54.922 0.0000000000
64055  48.194  -12.773  54.919 0.0000000000
65168  47.998  -11.509  53.973 0.0000000000
65169  47.721  -11.485  53.439 0.0000000000
64076  47.299  -12.922  53.073 0.0000000000
62928  46.821  -13.609  52.514 0.0000000000
56740  46.211  -18.690  50.395 0.0000000000
149446  45.388  -18.387  49.922 0.0000000000
56747  44.821  -18.737  49.379 0.0000000000
57971  44.188  -17.991  49.178 0.0000000000
55582  43.981  -19.589  48.327 0.0000000000
55589  43.454  -20.020  47.752 0.0000000000
54505  42.600  -20.440  47.325 0.0000000000
53343  41.421  -20.598  47.135 0.0000000000
53333  41.891  -20.683  47.640 0.0000000000
53325  40.371  -21.005  48.585 0.0000000000
52092  39.845  -22.049  50.963 0.0000000000
52083  39.329  -22.544  51.411 0.0000000000
150002  38.641  -22.951  51.412 0.0000000000
50938  37.809  -23.870  51.259 0.0000000000
150162  37.663  -25.087  50.852 0.0000000000
49846  37.715  -24.665  51.374 0.0000000000
136532  38.008  -25.715  52.115 0.0000000000
49818  36.985  -24.127  54.698 0.0000000000
70959  53.386  -6.149  37.455 0.0000000000
70960  52.686  -6.365  37.294 0.0000000000
68696  49.451  -8.366  40.484 0.0000000000
68706  49.412  -8.304  39.599 0.0000000000
130876  31.885  -21.574  57.532 0.0000000000
53214  31.562  -22.012  58.380 0.0000000000
53215  31.230  -22.005  57.608 0.0000000000
49798  29.317  -24.582  56.783 0.0000000000
48610  29.431  -25.314  57.613 0.0000000000
48603  29.666  -26.033  58.314 0.0000000000
147424  43.660  -17.370  58.473 0.0000000000
57844  43.646  -17.329  58.710 0.0000000000
146856  44.006  -17.423  57.832 0.0000000000
124708  43.882  -17.509  57.391 0.0000000000
124705  44.586  -17.522  56.634 0.0000000000
56674  44.157  -17.638  55.574 0.0000000000
56714  42.083  -18.621  53.087 0.0000000000
55553  41.861  -19.191  52.695 0.0000000000
54444  40.988  -20.152  53.364 0.0000000000
54432  40.541  -20.317  53.995 0.0000000000
54412  39.974  -20.907  56.062 0.0000000000
51995  42.544  -22.764  58.054 0.0000000000
50837  42.759  -23.258  58.160 0.0000000000
51982  42.093  -22.915  58.638 0.0000000000
56626  38.023  -18.816  58.394 0.0000000000
50786  38.359  -23.449  62.366 0.0000000000
51969  38.878  -22.929  62.329 0.0000000000
50820  39.629  -23.725  61.022 0.0000000000
128662  40.335  -23.427  60.313 0.0000000000
139401  38.138  -23.317  57.391 0.0000000000
51996  37.301  -22.934  57.025 0.0000000000
50865  34.648  -23.411  57.930 0.0000000000
128665  34.555  -23.125  56.950 0.0000000000
148498  34.185  -22.825  55.519 0.0000000000
135928  33.658  -22.830  54.615 0.0000000000
67465  51.951  -10.103  46.755 0.0000000000
64159  51.690  -12.765  47.355 0.0000000000
62986  53.094  -14.304  48.561 0.0000000000
61812  53.665  -14.341  47.954 0.0000000000
61621  27.986  -14.933  62.135 0.0000000000
60391  27.511  -15.454  61.522 0.0000000000
59104  27.028  -16.086  61.001 0.0000000000
137964  26.742  -18.777  63.279 0.0000000000
131691  26.772  -18.599  62.211 0.0000000000
56591  26.749  -18.258  61.335 0.0000000000
55464  27.100  -19.304  60.803 0.0000000000
54389  27.222  -20.132  59.870 0.0000000000
54390  27.051  -20.825  59.572 0.0000000000
53206  26.698  -21.614  58.307 0.0000000000
53195  26.788  -21.545  59.203 0.0000000000
51986  26.460  -22.229  58.856 0.0000000000
73294  57.632  -4.128  35.273 0.0000000000
73281  57.306  -4.817  35.553 0.0000000000
72133  56.980  -5.597  36.598 0.0000000000
72121  57.824  -5.063  37.807 0.0000000000
72110  57.666  -4.858  38.726 0.0000000000
127589  54.942  -5.375  39.819 0.0000000000
72082  54.530  -5.299  40.587 0.0000000000
140839  53.799  -5.408  41.497 0.0000000000
72049  54.684  -5.166  43.713 0.0000000000
69751  53.414  -7.029  46.199 0.0000000000
69742  53.568  -7.232  47.224 0.0000000000
70813  53.301  -6.830  48.718 0.0000000000
69721  53.478  -7.467  48.891 0.0000000000
67438  52.569  -9.254  50.117 0.0000000000
142339  52.423  -10.159  50.317 0.0000000000
67445  51.786  -9.773  50.025 0.0000000000
67453  50.805  -9.565  48.921 0.0000000000
78873  52.108  -0.053  46.786 0.0000000000
137375  52.267  -0.774  46.841 0.0000000000
75339  52.380  -2.263  46.923 0.0000000000
70851  49.956  -6.144  45.263 0.0000000000
72020  50.340  -5.291  45.532 0.0000000000
69744  49.698  -7.579  45.867 0.0000000000
68632  49.774  -8.327  46.542 0.0000000000
67467  48.995  -9.538  46.322 0.0000000000
66389  48.488  -10.210  45.874 0.0000000000
65296  48.219  -11.217  45.776 0.0000000000
66390  47.941  -10.463  45.079 0.0000000000
67511  46.026  -9.509  42.878 0.0000000000
66417  46.526  -10.243  43.011 0.0000000000
66435  45.777  -10.206  42.579 0.0000000000
65340  45.660  -10.949  42.219 0.0000000000
64252  45.020  -12.605  41.198 0.0000000000
66312  47.153  -10.172  51.682 0.0000000000
141555  47.318  -9.435  51.388 0.0000000000
66313  46.620  -10.501  50.837 0.0000000000
148120  46.507  -10.075  50.339 0.0000000000
67430  46.665  -9.470  50.199 0.0000000000
65268  44.493  -11.493  47.940 0.0000000000
66352  45.245  -10.252  48.508 0.0000000000
66353  44.743  -10.665  47.884 0.0000000000
67447  44.945  -9.862  47.779 0.0000000000
134525  45.324  -8.266  47.398 0.0000000000
144108  45.093  -7.953  46.612 0.0000000000
68634  44.793  -8.174  45.862 0.0000000000
66401  43.931  -9.848  44.428 0.0000000000
61850  41.783  -15.034  43.137 0.0000000000
63072  42.250  -13.439  43.217 0.0000000000
60626  41.330  -15.679  42.527 0.0000000000
60643  41.299  -15.094  41.798 0.0000000000
61880  41.557  -14.402  41.371 0.0000000000
61900  41.700  -14.317  40.452 0.0000000000
60644  40.905  -15.578  40.648 0.0000000000
58085  40.085  -16.687  39.615 0.0000000000
58120  39.796  -17.247  38.331 0.0000000000
55679  37.266  -19.505  38.442 0.0000000000
54553  36.588  -20.816  41.428 0.0000000000
54576  36.340  -20.767  40.490 0.0000000000
52174  35.718  -22.280  40.391 0.0000000000
53347  37.399  -21.516  46.552 0.0000000000
52117  36.369  -22.556  46.640 0.0000000000
50972  36.095  -23.437  46.220 0.0000000000
47543  40.934  -26.441  47.283 0.0000000000
48706  40.359  -26.183  46.830 0.0000000000
50902  43.388  -23.189  54.291 0.0000000000
128546  42.498  -23.751  54.531 0.0000000000
50904  41.517  -24.054  54.543 0.0000000000
47448  39.334  -26.752  55.638 0.0000000000
47449  38.946  -27.119  55.114 0.0000000000
46359  39.045  -27.462  54.676 0.0000000000
45217  36.997  -28.457  56.295 0.0000000000
45235  36.651  -28.421  55.328 0.0000000000
44198  37.804  -29.527  54.848 0.0000000000
44206  39.326  -29.716  53.283 0.0000000000
70979  51.466  -6.266  35.752 0.0000000000
66400  49.764  -11.508  44.323 0.0000000000
66415  49.636  -10.735  43.725 0.0000000000
149635  49.494  -12.081  44.091 0.0000000000
124894  33.190  -17.434  59.126 0.0000000000
57822  32.607  -17.038  61.283 0.0000000000
57823  32.065  -16.791  61.338 0.0000000000
59090  32.725  -16.290  63.135 0.0000000000
59103  30.919  -16.129  61.341 0.0000000000
135289  34.716  -17.282  63.575 0.0000000000
57793  34.394  -17.360  63.122 0.0000000000
57806  33.902  -17.293  62.177 0.0000000000
60426  46.601  -15.825  56.813 0.0000000000
60425  47.161  -16.017  56.349 0.0000000000
60434  47.619  -15.877  55.883 0.0000000000
60433  48.087  -15.827  55.362 0.0000000000
57899  47.944  -17.628  54.679 0.0000000000
57887  48.150  -17.288  54.927 0.0000000000
142137  48.406  -16.338  54.867 0.0000000000
137304  48.383  -16.429  54.472 0.0000000000
60479  48.250  -15.652  54.295 0.0000000000
60480  47.903  -15.583  53.689 0.0000000000
60496  47.366  -15.484  52.949 0.0000000000
59219  47.696  -17.315  52.632 0.0000000000
59220  47.161  -17.222  51.924 0.0000000000
139430  46.894  -18.626  50.976 0.0000000000
55560  47.089  -19.506  51.094 0.0000000000
55561  46.797  -19.886  50.605 0.0000000000
55572  46.397  -19.607  50.153 0.0000000000
55573  45.879  -20.021  49.555 0.0000000000
54494  45.118  -21.110  49.156 0.0000000000
53321  44.455  -21.224  48.866 0.0000000000
53314  43.273  -21.500  49.566 0.0000000000
52090  42.144  -22.097  51.049 0.0000000000
52082  40.357  -22.399  51.630 0.0000000000
50928  39.667  -23.333  52.671 0.0000000000
49839  35.525  -24.080  52.479 0.0000000000
50930  35.056  -23.178  52.226 0.0000000000
49847  34.271  -23.754  51.051 0.0000000000
146215  32.851  -23.403  50.303 0.0000000000
49854  33.532  -23.618  50.483 0.0000000000
70924  52.369  -6.340  39.522 0.0000000000
70925  51.638  -6.721  39.469 0.0000000000
68695  49.987  -7.851  40.873 0.0000000000
67535  48.930  -8.941  41.002 0.0000000000
49785  33.086  -24.185  58.045 0.0000000000
49786  32.681  -24.867  58.743 0.0000000000
49764  33.144  -24.455  60.770 0.0000000000
48601  32.564  -25.808  59.469 0.0000000000
53257  31.109  -20.795  54.239 0.0000000000
53258  30.651  -21.579  54.576 0.0000000000
52036  29.573  -22.964  54.971 0.0000000000
52061  29.045  -22.001  53.178 0.0000000000
50909  29.007  -23.249  54.338 0.0000000000
50895  29.337  -23.539  55.361 0.0000000000
49809  29.050  -24.225  55.704 0.0000000000
49823  26.824  -25.058  54.501 0.0000000000
47454  26.815  -25.857  54.774 0.0000000000
56610  42.571  -17.574  59.844 0.0000000000
56609  43.206  -17.469  58.927 0.0000000000
56656  41.252  -18.026  55.750 0.0000000000
56658  39.727  -18.597  56.742 0.0000000000
54413  39.377  -20.352  56.648 0.0000000000
53210  40.107  -21.536  58.108 0.0000000000
54387  36.874  -21.113  59.654 0.0000000000
53169  36.921  -22.860  62.777 0.0000000000
51958  37.828  -23.116  62.720 0.0000000000
50787  37.582  -23.494  62.545 0.0000000000
50822  37.456  -24.047  60.926 0.0000000000
64114  52.300  -12.574  50.095 0.0000000000
65245  52.424  -12.416  49.529 0.0000000000
64134  52.399  -13.211  49.786 0.0000000000
61778  52.366  -14.172  49.625 0.0000000000
61787  51.814  -14.643  49.379 0.0000000000
61786  52.344  -14.751  49.317 0.0000000000
143727  52.940  -15.282  48.210 0.0000000000
130507  26.626  -19.011  64.182 0.0000000000
55452  26.585  -19.384  63.582 0.0000000000
142549  26.702  -20.912  61.796 0.0000000000
134240  26.467  -21.550  61.970 0.0000000000
51965  25.912  -22.926  61.805 0.0000000000
51955  25.832  -22.338  62.836 0.0000000000
72018  54.612  -5.091  45.370 0.0000000000
140337  54.174  -5.584  45.995 0.0000000000
136424  54.058  -5.628  46.827 0.0000000000
135256  54.100  -4.158  46.818 0.0000000000
72002  53.771  -5.469  47.529 0.0000000000
71991  53.539  -5.905  48.034 0.0000000000
71992  53.179  -5.999  48.380 0.0000000000
70814  52.949  -6.584  48.824 0.0000000000
71994  52.624  -5.990  48.431 0.0000000000
74269  49.633  -3.859  45.147 0.0000000000
144352  49.642  -4.581  44.914 0.0000000000
72021  49.523  -5.397  44.754 0.0000000000
70862  49.194  -6.157  44.575 0.0000000000
69763  48.417  -7.757  44.354 0.0000000000
68656  47.539  -7.893  43.693 0.0000000000
68664  46.879  -8.295  43.456 0.0000000000
69772  46.760  -7.737  43.509 0.0000000000
67513  44.698  -9.898  42.620 0.0000000000
139397  48.082  -5.108  50.391 0.0000000000
64117  45.319  -12.106  49.735 0.0000000000
132626  44.445  -13.115  48.960 0.0000000000
144125  44.453  -12.546  48.597 0.0000000000
64137  44.085  -12.968  48.296 0.0000000000
135118  43.309  -14.854  47.732 0.0000000000
62976  43.715  -13.504  47.865 0.0000000000
64150  43.856  -12.720  47.596 0.0000000000
65269  44.068  -11.942  47.340 0.0000000000
149438  43.718  -12.452  46.942 0.0000000000
65286  43.780  -11.736  46.431 0.0000000000
65298  43.394  -12.036  45.595 0.0000000000
64182  43.132  -12.845  45.539 0.0000000000
148093  42.421  -14.328  44.369 0.0000000000
60598  42.226  -15.796  44.707 0.0000000000
60599  41.989  -16.118  44.077 0.0000000000
60613  41.705  -15.937  43.445 0.0000000000
56797  39.390  -18.239  40.995 0.0000000000
56813  38.786  -18.592  40.611 0.0000000000
55635  38.418  -19.401  41.229 0.0000000000
54563  37.732  -19.923  41.334 0.0000000000
54550  38.596  -20.214  42.727 0.0000000000
131501  37.394  -20.399  41.792 0.0000000000
53400  36.219  -21.371  41.988 0.0000000000
53388  35.932  -21.800  42.660 0.0000000000
51014  35.690  -23.138  42.988 0.0000000000
135570  37.142  -24.645  48.770 0.0000000000
49870  37.115  -24.741  47.905 0.0000000000
48696  37.760  -25.266  48.331 0.0000000000
48695  38.522  -25.614  47.859 0.0000000000
48694  39.298  -26.048  48.021 0.0000000000
47523  40.053  -26.387  48.427 0.0000000000
47544  40.197  -26.290  47.639 0.0000000000
47521  41.752  -26.886  48.222 0.0000000000
49791  43.151  -24.278  56.640 0.0000000000
49804  42.398  -24.792  56.201 0.0000000000
48624  41.088  -25.976  56.690 0.0000000000
138469  39.593  -27.143  56.900 0.0000000000
46334  39.215  -28.131  57.112 0.0000000000
45216  39.228  -29.216  57.575 0.0000000000
45268  36.523  -28.377  53.006 0.0000000000
45266  38.168  -28.918  52.192 0.0000000000
45282  38.475  -28.798  51.368 0.0000000000
44216  38.860  -29.250  52.202 0.0000000000
75558  55.252  -2.403  30.120 0.0000000000
75559  54.426  -2.595  30.438 0.0000000000
74451  52.463  -3.968  31.190 0.0000000000
126560  32.658  -21.654  59.333 0.0000000000
53213  32.683  -21.309  57.775 0.0000000000
54407  33.211  -20.723  56.892 0.0000000000
53225  32.517  -21.119  56.963 0.0000000000
53226  32.027  -21.239  56.562 0.0000000000
54417  32.038  -20.856  55.634 0.0000000000
54426  31.808  -20.449  54.797 0.0000000000
56644  32.943  -17.889  57.327 0.0000000000
56660  32.609  -18.293  56.307 0.0000000000
56679  32.261  -18.659  55.594 0.0000000000
54433  31.965  -19.679  54.769 0.0000000000
55534  31.323  -19.303  54.501 0.0000000000
56698  30.600  -18.905  54.483 0.0000000000
56699  29.911  -18.622  54.734 0.0000000000
142226  30.048  -17.441  56.583 0.0000000000
56682  29.544  -18.198  55.464 0.0000000000
56700  29.154  -18.802  54.738 0.0000000000
56683  28.648  -18.523  55.509 0.0000000000
56665  27.892  -19.144  55.902 0.0000000000
57789  40.342  -17.577  62.533 0.0000000000
56600  40.197  -18.161  60.849 0.0000000000
56627  37.146  -18.701  58.508 0.0000000000
57791  36.168  -17.737  63.384 0.0000000000
57818  36.325  -17.630  60.486 0.0000000000
54404  35.439  -19.672  57.752 0.0000000000
53202  35.197  -20.949  59.072 0.0000000000
126114  33.951  -21.578  60.351 0.0000000000
126079  48.572  -13.869  46.293 0.0000000000
61814  48.983  -14.932  46.487 0.0000000000
145603  48.874  -16.212  45.485 0.0000000000
78888  51.968  0.717  46.630 0.0000000000
139545  51.422  0.501  46.805 0.0000000000
77596  50.810  0.255  46.875 0.0000000000
77612  50.523  -0.458  46.668 0.0000000000
76464  49.639  -0.972  46.436 0.0000000000
136725  48.704  -1.293  46.497 0.0000000000
75353  48.126  -1.946  46.288 0.0000000000
132056  47.157  -3.192  46.127 0.0000000000
65200  47.233  -10.903  52.356 0.0000000000
65201  46.705  -11.062  51.479 0.0000000000
64089  45.902  -12.388  50.998 0.0000000000
126430  45.515  -12.683  50.451 0.0000000000
60497  46.737  -15.383  52.225 0.0000000000
61756  46.343  -14.373  51.878 0.0000000000
59239  45.692  -16.853  50.776 0.0000000000
147354  45.640  -15.327  51.011 0.0000000000
61757  45.765  -14.642  51.155 0.0000000000
149485  45.442  -14.204  50.737 0.0000000000
62941  45.400  -13.515  50.572 0.0000000000
61781  44.401  -14.768  49.681 0.0000000000
59268  43.364  -16.867  48.404 0.0000000000
57972  43.655  -17.826  48.659 0.0000000000
57984  43.124  -17.693  48.014 0.0000000000
56758  42.503  -18.492  46.896 0.0000000000
55600  42.074  -19.570  46.050 0.0000000000
55601  41.597  -19.882  45.549 0.0000000000
54518  40.293  -20.484  45.134 0.0000000000
125849  40.842  -20.459  45.738 0.0000000000
54512  40.041  -20.635  45.885 0.0000000000
53344  40.689  -20.656  46.978 0.0000000000
131969  38.902  -21.030  47.053 0.0000000000
53337  37.828  -21.466  47.348 0.0000000000
130462  37.183  -22.011  47.875 0.0000000000
50959  36.772  -23.129  48.613 0.0000000000
53315  41.187  -21.124  49.177 0.0000000000
53317  39.519  -21.338  49.119 0.0000000000
53308  39.214  -21.914  50.357 0.0000000000
53318  38.871  -21.691  49.556 0.0000000000
52097  38.033  -21.901  49.215 0.0000000000
50958  37.055  -23.001  49.264 0.0000000000
48681  38.222  -25.757  49.808 0.0000000000
47491  38.725  -26.260  50.454 0.0000000000
47490  39.729  -26.740  50.119 0.0000000000
46403  40.140  -27.179  50.962 0.0000000000
48617  38.365  -25.654  56.957 0.0000000000
47437  37.069  -26.234  56.127 0.0000000000
47438  36.602  -27.057  55.946 0.0000000000
46349  36.210  -27.814  54.658 0.0000000000
45251  35.952  -27.823  53.767 0.0000000000
47472  34.415  -26.438  51.641 0.0000000000
47471  34.803  -26.455  52.373 0.0000000000
144718  35.940  -28.010  53.195 0.0000000000
73297  54.770  -4.720  34.403 0.0000000000
72146  52.935  -5.738  35.458 0.0000000000
70970  52.582  -6.298  36.655 0.0000000000
70972  51.095  -6.673  36.319 0.0000000000
69805  51.188  -7.044  39.060 0.0000000000
69814  49.938  -7.758  38.221 0.0000000000
69830  49.786  -7.608  37.405 0.0000000000
51971  31.580  -22.985  61.134 0.0000000000
50826  31.400  -23.814  61.286 0.0000000000
51984  31.291  -22.518  59.130 0.0000000000
141742  31.208  -23.255  60.651 0.0000000000
48591  31.716  -25.599  61.080 0.0000000000
149279  31.924  -26.130  61.023 0.0000000000
47402  31.543  -26.251  60.905 0.0000000000
52018  30.426  -22.513  56.391 0.0000000000
50867  30.216  -23.586  58.132 0.0000000000
49787  29.735  -24.468  57.930 0.0000000000
49774  30.118  -24.415  58.997 0.0000000000
129008  30.724  -26.121  60.443 0.0000000000
47406  32.544  -27.244  60.040 0.0000000000
59139  44.289  -16.930  58.647 0.0000000000
60419  45.318  -15.694  58.066 0.0000000000
60418  45.952  -15.697  57.443 0.0000000000
59148  46.171  -16.566  57.071 0.0000000000
57874  46.499  -17.362  56.128 0.0000000000
136100  46.152  -17.625  55.428 0.0000000000
125468  45.217  -17.617  55.586 0.0000000000
56693  45.841  -17.846  54.614 0.0000000000
141509  44.768  -18.610  52.735 0.0000000000
135016  44.101  -19.890  51.700 0.0000000000
53289  43.972  -21.446  51.790 0.0000000000
54455  43.472  -20.335  51.893 0.0000000000
53290  43.377  -21.251  52.358 0.0000000000
53274  43.308  -21.829  53.156 0.0000000000
54443  41.777  -20.414  52.895 0.0000000000
52045  43.412  -22.813  54.464 0.0000000000
50876  43.394  -23.276  56.092 0.0000000000
56678  40.372  -19.049  54.312 0.0000000000
130129  40.146  -19.739  54.314 0.0000000000
53238  40.930  -21.413  55.612 0.0000000000
53237  42.083  -21.811  55.255 0.0000000000
53221  42.870  -22.436  55.765 0.0000000000
50858  42.833  -23.863  58.196 0.0000000000
54386  37.744  -21.166  59.518 0.0000000000
53176  39.469  -22.408  61.690 0.0000000000
53187  39.580  -21.954  60.725 0.0000000000
53185  40.880  -22.439  59.636 0.0000000000
50818  41.115  -23.025  59.631 0.0000000000
49795  38.388  -24.693  56.572 0.0000000000
49806  37.650  -24.208  55.630 0.0000000000
51997  36.312  -22.817  57.160 0.0000000000
52031  36.417  -22.497  55.704 0.0000000000
52072  34.992  -22.682  52.751 0.0000000000
52073  34.286  -22.548  52.541 0.0000000000
52074  33.530  -22.537  52.386 0.0000000000
52060  32.879  -22.840  53.131 0.0000000000
52075  32.859  -22.698  52.243 0.0000000000
132214  32.476  -22.914  51.555 0.0000000000
68655  50.876  -8.993  44.016 0.0000000000
66388  50.865  -10.736  45.440 0.0000000000
66399  50.346  -11.081  44.922 0.0000000000
64160  51.083  -12.976  46.119 0.0000000000
60567  49.620  -15.634  46.587 0.0000000000
143861  49.898  -16.077  46.320 0.0000000000
59297  50.443  -16.092  46.386 0.0000000000
59312  50.262  -16.366  45.679 0.0000000000
62806  32.180  -14.318  63.249 0.0000000000
128029  31.289  -14.540  63.162 0.0000000000
60363  30.789  -14.783  63.115 0.0000000000
60374  30.696  -15.112  62.759 0.0000000000
60388  30.357  -15.490  61.804 0.0000000000
61584  29.626  -13.514  63.294 0.0000000000
60402  29.442  -15.631  60.454 0.0000000000
60412  29.104  -15.820  59.857 0.0000000000
59130  28.769  -16.205  59.275 0.0000000000
60413  28.341  -15.969  59.985 0.0000000000
59142  28.425  -16.637  58.703 0.0000000000
57850  28.018  -17.163  58.174 0.0000000000
57866  27.729  -17.852  57.761 0.0000000000
126094  27.749  -18.758  56.813 0.0000000000
60377  26.812  -15.321  62.647 0.0000000000
148306  26.683  -16.695  61.015 0.0000000000
57825  26.896  -17.350  60.255 0.0000000000
56603  26.845  -18.040  60.523 0.0000000000
56617  27.113  -17.783  59.611 0.0000000000
56630  27.410  -18.594  58.190 0.0000000000
55506  27.428  -19.306  57.580 0.0000000000
55517  27.512  -19.508  56.710 0.0000000000
53228  26.537  -21.925  56.294 0.0000000000
149814  26.167  -22.698  56.285 0.0000000000
138276  26.200  -22.480  57.098 0.0000000000
50808  26.006  -23.288  59.983 0.0000000000
74415  56.422  -3.407  33.478 0.0000000000
73283  55.341  -5.246  35.108 0.0000000000
72144  54.802  -5.647  35.678 0.0000000000
73282  56.387  -5.124  35.265 0.0000000000
70958  54.069  -5.994  36.851 0.0000000000
70942  53.410  -6.088  38.214 0.0000000000
73280  57.851  -4.368  35.953 0.0000000000
72132  57.782  -5.135  36.959 0.0000000000
72111  57.030  -5.401  38.270 0.0000000000
130140  56.308  -5.776  37.924 0.0000000000
145805  55.589  -5.863  37.756 0.0000000000
72113  54.895  -5.812  38.093 0.0000000000
70911  53.198  -5.662  40.916 0.0000000000
69771  51.455  -7.396  43.531 0.0000000000
73213  56.831  -4.432  40.873 0.0000000000
72050  54.020  -5.377  43.348 0.0000000000
70887  53.275  -5.635  42.893 0.0000000000
69761  51.755  -7.808  44.288 0.0000000000
66375  52.487  -10.308  47.850 0.0000000000
66364  52.818  -10.520  49.068 0.0000000000
65227  52.474  -11.558  49.987 0.0000000000
65228  52.189  -11.757  50.238 0.0000000000
134602  51.761  -12.300  50.303 0.0000000000
65246  51.103  -11.919  49.793 0.0000000000
64135  51.190  -12.749  49.823 0.0000000000
64136  50.488  -12.930  49.037 0.0000000000
62989  49.629  -13.593  47.886 0.0000000000
62990  49.047  -13.640  47.132 0.0000000000
76461  53.209  -0.958  46.745 0.0000000000
76445  53.304  -1.762  46.908 0.0000000000
75337  52.976  -2.194  47.166 0.0000000000
75338  52.660  -2.245  47.058 0.0000000000
136631  52.836  -2.916  47.268 0.0000000000
74236  52.913  -3.729  47.493 0.0000000000
73128  52.839  -4.559  47.787 0.0000000000
70825  52.056  -6.356  48.225 0.0000000000
74256  51.315  -3.229  46.307 0.0000000000
73157  51.754  -4.220  46.761 0.0000000000
72010  50.954  -5.596  46.455 0.0000000000
72009  51.566  -5.174  47.010 0.0000000000
69731  51.916  -7.258  48.652 0.0000000000
69722  51.309  -8.076  48.550 0.0000000000
68620  50.738  -8.795  48.326 0.0000000000
67454  50.049  -9.688  47.917 0.0000000000
67466  49.490  -9.656  47.089 0.0000000000
66377  49.560  -10.371  47.629 0.0000000000
65267  49.436  -11.956  47.813 0.0000000000
63032  48.008  -13.796  45.371 0.0000000000
126050  47.977  -11.907  45.537 0.0000000000
138713  47.695  -13.005  44.986 0.0000000000
129430  47.415  -10.577  44.229 0.0000000000
65325  46.991  -10.922  43.542 0.0000000000
65314  46.876  -11.762  43.482 0.0000000000
63091  46.665  -13.382  42.960 0.0000000000
75340  47.340  -2.243  47.344 0.0000000000
74258  46.752  -3.789  46.511 0.0000000000
71977  48.187  -5.631  50.907 0.0000000000
71978  47.804  -5.749  50.045 0.0000000000
66338  46.190  -9.946  49.732 0.0000000000
67439  45.793  -9.741  49.014 0.0000000000
68604  46.356  -9.092  49.461 0.0000000000
69706  46.821  -8.310  49.608 0.0000000000
70804  47.404  -6.483  49.663 0.0000000000
71985  47.366  -5.687  49.216 0.0000000000
73130  47.262  -4.765  48.768 0.0000000000
126440  46.795  -4.723  47.799 0.0000000000
69733  46.138  -7.053  47.811 0.0000000000
70827  46.325  -6.245  47.631 0.0000000000
73142  46.495  -4.525  46.867 0.0000000000
73159  46.544  -4.407  45.962 0.0000000000
129568  46.055  -5.924  44.796 0.0000000000
68645  44.884  -7.728  45.069 0.0000000000
68657  45.038  -7.891  44.169 0.0000000000
68658  45.002  -8.562  43.496 0.0000000000
148826  44.407  -9.636  43.021 0.0000000000
147522  43.643  -11.320  45.604 0.0000000000
127072  43.362  -11.391  44.737 0.0000000000
136911  43.325  -11.097  43.817 0.0000000000
65327  43.269  -11.206  43.027 0.0000000000
66438  43.775  -10.744  42.426 0.0000000000
65342  43.994  -11.066  41.776 0.0000000000
65356  43.620  -11.739  41.462 0.0000000000
61915  41.891  -14.473  39.787 0.0000000000
54598  36.928  -20.315  38.110 0.0000000000
54590  36.309  -20.755  39.549 0.0000000000
54599  36.470  -20.879  38.688 0.0000000000
53367  37.249  -21.210  44.730 0.0000000000
53368  36.503  -21.632  44.384 0.0000000000
52131  35.993  -22.013  44.075 0.0000000000
50999  35.687  -23.081  43.701 0.0000000000
50998  36.040  -23.806  43.507 0.0000000000
49890  36.505  -24.191  46.654 0.0000000000
48718  38.796  -25.530  46.086 0.0000000000
133921  36.515  -24.374  45.015 0.0000000000
49904  36.249  -24.126  44.368 0.0000000000
52067  43.480  -22.575  52.582 0.0000000000
52068  43.152  -22.910  52.664 0.0000000000
50926  42.720  -23.286  53.263 0.0000000000
49837  39.023  -24.070  53.103 0.0000000000
49816  41.542  -24.725  55.416 0.0000000000
49817  39.888  -24.971  54.557 0.0000000000
47469  38.926  -27.075  52.618 0.0000000000
46370  40.447  -27.808  52.681 0.0000000000
46369  41.473  -28.018  52.276 0.0000000000
47426  37.920  -27.270  57.553 0.0000000000
46314  38.118  -28.020  57.751 0.0000000000
45201  37.500  -28.510  57.119 0.0000000000
45186  38.360  -28.695  57.681 0.0000000000
45215  39.760  -29.999  57.358 0.0000000000
45250  37.098  -28.900  53.840 0.0000000000
44184  38.632  -30.197  56.139 0.0000000000
45231  40.954  -29.825  56.996 0.0000000000
45230  41.887  -29.854  56.557 0.0000000000
43109  41.849  -30.794  57.098 0.0000000000
44181  42.348  -30.469  56.960 0.0000000000
45229  42.783  -29.911  56.161 0.0000000000
138798  43.077  -28.898  53.758 0.0000000000
45263  43.684  -29.167  53.582 0.0000000000
73311  54.216  -4.272  33.753 0.0000000000
73299  52.464  -4.573  33.497 0.0000000000
73328  52.649  -4.122  32.788 0.0000000000
74436  52.413  -3.959  32.010 0.0000000000
73346  51.857  -4.581  31.666 0.0000000000
73347  51.349  -5.271  31.745 0.0000000000
69864  48.524  -7.479  35.258 0.0000000000
44179  44.041  -30.279  55.557 0.0000000000
47413  29.979  -26.789  58.959 0.0000000000
48629  26.314  -25.512  55.000 0.0000000000
48726  38.823  -25.502  45.176 0.0000000000
49810  28.773  -24.994  55.829 0.0000000000
49822  27.707  -25.018  54.583 0.0000000000
49889  37.117  -24.837  46.183 0.0000000000
50793  32.094  -23.317  61.876 0.0000000000
50827  30.919  -23.814  60.434 0.0000000000
50847  30.562  -23.714  59.376 0.0000000000
50885  25.829  -23.268  56.786 0.0000000000
50891  43.356  -23.708  55.979 0.0000000000
50898  25.860  -24.213  55.555 0.0000000000
50912  26.750  -24.147  54.377 0.0000000000
51027  35.719  -23.165  42.262 0.0000000000
51962  33.166  -22.930  62.470 0.0000000000
51963  32.605  -22.797  62.076 0.0000000000
52062  27.865  -22.070  53.225 0.0000000000
52102  36.848  -22.614  48.125 0.0000000000
52149  35.656  -22.514  42.485 0.0000000000
52175  35.638  -22.295  41.163 0.0000000000
53204  32.476  -21.590  58.675 0.0000000000
53259  29.893  -21.874  53.809 0.0000000000
53311  45.476  -21.233  49.803 0.0000000000
53312  44.847  -21.403  49.518 0.0000000000
53411  35.901  -21.508  41.040 0.0000000000
53423  36.165  -21.476  39.179 0.0000000000
53437  36.477  -21.626  38.549 0.0000000000
54400  27.023  -20.897  58.666 0.0000000000
54434  31.357  -19.989  54.184 0.0000000000
54436  28.454  -19.981  53.526 0.0000000000
54442  42.693  -21.006  52.766 0.0000000000
54445  29.795  -20.479  53.134 0.0000000000
54446  29.046  -20.687  52.876 0.0000000000
54457  41.916  -19.792  52.539 0.0000000000
54497  45.158  -20.717  48.988 0.0000000000
54504  43.342  -20.572  47.839 0.0000000000
54517  41.055  -20.179  45.081 0.0000000000
54520  38.879  -20.694  44.937 0.0000000000
54531  38.699  -20.606  44.292 0.0000000000
55515  33.644  -19.305  56.271 0.0000000000
55524  32.509  -19.343  55.330 0.0000000000
55525  31.870  -18.991  54.982 0.0000000000
55535  30.653  -19.540  53.954 0.0000000000
55536  29.744  -19.215  54.008 0.0000000000
55538  28.112  -19.806  54.218 0.0000000000
55555  46.909  -19.918  51.061 0.0000000000
55581  44.765  -20.240  48.723 0.0000000000
55595  42.461  -19.954  46.796 0.0000000000
55608  41.064  -19.208  44.225 0.0000000000
56575  39.822  -18.054  62.523 0.0000000000
56590  26.952  -19.041  61.501 0.0000000000
56638  44.356  -17.422  57.524 0.0000000000
56645  28.065  -18.035  57.039 0.0000000000
56654  46.329  -17.471  55.873 0.0000000000
56739  46.907  -19.266  50.763 0.0000000000
56746  45.702  -19.222  49.740 0.0000000000
56752  44.102  -18.709  48.795 0.0000000000
56768  41.701  -19.030  45.249 0.0000000000
56771  41.386  -18.956  44.584 0.0000000000
56787  39.760  -18.897  42.453 0.0000000000
56833  38.502  -18.335  39.488 0.0000000000
57843  44.133  -17.262  58.353 0.0000000000
57858  45.947  -17.166  56.839 0.0000000000
57888  47.680  -17.459  55.139 0.0000000000
57890  30.254  -17.846  55.967 0.0000000000
57898  48.142  -17.544  54.393 0.0000000000
57929  47.153  -18.107  51.456 0.0000000000
57985  42.660  -17.606  47.301 0.0000000000
58018  41.656  -17.574  44.387 0.0000000000
58051  40.912  -17.298  42.900 0.0000000000
58100  40.161  -16.757  38.698 0.0000000000
59125  43.899  -16.677  59.276 0.0000000000
59147  46.807  -16.447  56.508 0.0000000000
59158  47.896  -16.429  55.520 0.0000000000
59159  47.385  -16.636  55.987 0.0000000000
59164  48.272  -16.581  55.121 0.0000000000
59172  48.365  -16.976  54.699 0.0000000000
59185  48.246  -16.485  53.867 0.0000000000
59255  44.220  -16.396  49.568 0.0000000000
59391  40.511  -16.135  40.134 0.0000000000
60445  48.354  -15.801  55.033 0.0000000000
60462  48.373  -15.720  54.746 0.0000000000
60512  46.139  -15.333  51.531 0.0000000000
60570  42.634  -15.715  46.480 0.0000000000
60612  42.064  -15.378  43.940 0.0000000000
60661  41.358  -14.904  40.126 0.0000000000
61739  48.000  -14.004  54.496 0.0000000000
61768  45.285  -14.852  50.644 0.0000000000
61800  43.407  -14.095  47.438 0.0000000000
61862  41.570  -14.676  42.264 0.0000000000
61899  42.464  -14.003  39.962 0.0000000000
62910  48.093  -13.405  55.108 0.0000000000
62956  52.311  -13.457  49.970 0.0000000000
62958  51.658  -13.399  50.066 0.0000000000
63011  43.175  -13.419  46.178 0.0000000000
63053  42.481  -13.718  44.154 0.0000000000
63093  42.153  -13.225  42.224 0.0000000000
63113  42.367  -13.100  41.281 0.0000000000
64099  46.282  -11.815  51.232 0.0000000000
64221  42.633  -12.718  43.696 0.0000000000
65230  45.039  -11.818  49.077 0.0000000000
66289  48.075  -10.858  53.726 0.0000000000
66419  43.630  -10.569  43.231 0.0000000000
67421  46.902  -9.800  50.854 0.0000000000
68602  53.200  -8.444  49.593 0.0000000000
69765  46.225  -6.913  43.816 0.0000000000
70812  53.470  -6.403  48.263 0.0000000000
70853  45.565  -6.542  45.283 0.0000000000
70989  50.845  -5.898  34.803 0.0000000000
72048  55.108  -4.908  43.915 0.0000000000
73272  57.591  -5.036  36.211 0.0000000000
73329  51.981  -4.406  32.542 0.0000000000
74235  53.200  -3.906  47.513 0.0000000000
74418  53.209  -3.718  32.519 0.0000000000
75549  53.658  -2.962  30.583 0.0000000000
76447  52.655  -1.442  46.958 0.0000000000
130001  44.402  -13.891  49.377 0.0000000000
130590  46.725  -19.752  51.412 0.0000000000
133011  45.315  -18.176  53.647 0.0000000000
133084  28.010  -24.273  54.217 0.0000000000
134082  27.409  -20.929  53.958 0.0000000000
134285  42.335  -14.890  44.497 0.0000000000
134597  39.228  -22.237  50.885 0.0000000000
135387  41.254  -14.992  41.029 0.0000000000
135766  47.720  -18.266  52.849 0.0000000000
136835  47.765  -13.856  53.930 0.0000000000
137102  43.600  -17.449  58.132 0.0000000000
139018  43.353  -19.280  47.806 0.0000000000
140638  37.935  -28.501  57.625 0.0000000000
140881  43.887  -21.556  49.511 0.0000000000
141232  26.914  -16.742  60.497 0.0000000000
142582  47.115  -18.553  53.013 0.0000000000
142657  37.660  -20.833  43.438 0.0000000000
142972  52.055  -0.825  46.834 0.0000000000
144878  25.950  -21.336  63.407 0.0000000000
146251  26.887  -26.406  54.991 0.0000000000
146715  46.820  -17.621  55.265 0.0000000000
147053  40.599  -26.626  48.821 0.0000000000
147203  52.391  -8.670  49.829 0.0000000000
147477  47.477  -18.506  51.763 0.0000000000
147526  54.404  -4.602  46.274 0.0000000000
147767  50.379  -9.250  48.100 0.0000000000
149029  47.126  -8.276  50.075 0.0000000000
149480  28.447  -22.040  53.061 0.0000000000
149773  51.905  -10.488  50.276 0.0000000000
150011  26.266  -22.679  60.115 0.0000000000
