#!ascii label  , from subject sub-v1s11x0050143_ses-1 vox2ras=TkReg
1654
1147  18.120  -89.935  -8.357 0.5000000000
11394  18.778  -67.906  -9.471 0.6000000238
12038  18.697  -66.728  -9.883 0.6000000238
12052  17.514  -66.851  -10.400 0.6000000238
12694  17.647  -66.061  -10.198 0.6999999881
12695  16.810  -66.258  -9.709 0.6000000238
12681  18.216  -65.954  -9.359 0.6999999881
12683  16.956  -65.659  -9.496 0.6000000238
6048  15.184  -77.676  -13.782 0.5000000000
4568  17.636  -80.681  -13.901 0.6000000238
127351  17.515  -80.094  -13.569 0.6000000238
5512  15.593  -78.400  -13.834 0.5000000000
3673  18.589  -82.929  -14.419 0.5000000000
4136  17.487  -81.758  -14.111 0.4000000060
4569  16.934  -80.607  -13.799 0.5000000000
5014  16.019  -79.189  -13.718 0.6000000238
145996  15.056  -71.493  -11.765 0.5000000000
1821  19.730  -87.069  -12.445 0.4000000060
10259  17.044  -70.796  -11.773 0.5000000000
9668  14.548  -70.860  -11.311 0.5000000000
133970  19.072  -69.420  -11.134 0.6000000238
10801  18.751  -68.966  -9.450 0.6000000238
130790  18.293  -68.740  -8.450 0.6999999881
11408  18.895  -68.039  -11.116 0.6000000238
126327  18.538  -67.253  -8.759 0.6999999881
11348  17.445  -68.422  -5.759 0.6000000238
127980  18.093  -67.358  -7.565 0.6999999881
142719  17.780  -68.364  -4.261 0.6000000238
11998  17.748  -67.358  -6.218 0.6000000238
124628  18.186  -66.393  -7.700 0.6999999881
124562  18.001  -66.905  -4.774 0.6999999881
145722  15.140  -65.963  -8.777 0.6000000238
6632  15.680  -76.985  -13.571 0.5000000000
5511  16.562  -78.398  -13.610 0.6000000238
131375  16.180  -77.692  -13.638 0.5000000000
4122  18.809  -81.031  -13.356 0.6000000238
4563  18.382  -80.298  -12.882 0.6999999881
134241  16.854  -78.990  -13.549 0.6000000238
2873  18.527  -83.765  -14.388 0.4000000060
9116  18.462  -71.915  -12.387 0.5000000000
9694  17.711  -71.520  -12.299 0.5000000000
1461  19.328  -88.353  -10.135 0.5000000000
9682  18.529  -71.357  -11.940 0.5000000000
125962  18.646  -70.770  -9.298 0.6999999881
142852  18.712  -70.733  -11.554 0.6000000238
129506  18.333  -70.399  -8.544 0.6999999881
10222  18.749  -69.888  -9.452 0.6000000238
10237  19.124  -70.274  -10.548 0.6000000238
127527  19.118  -69.212  -10.521 0.6000000238
10784  18.238  -69.642  -8.349 0.6999999881
10757  17.358  -69.310  -5.415 0.6000000238
10203  17.723  -69.598  -7.348 0.6000000238
10751  17.501  -68.825  -4.810 0.6000000238
10785  17.797  -68.628  -7.506 0.6000000238
11335  18.074  -68.544  -3.552 0.6000000238
11982  18.368  -67.854  -3.104 0.6999999881
13342  16.390  -65.196  -8.336 0.6999999881
12685  14.260  -65.911  -8.495 0.5000000000
124089  17.933  -66.418  -6.152 0.6999999881
13340  17.690  -65.615  -7.757 0.6999999881
13357  16.159  -65.438  -8.810 0.6000000238
6035  17.848  -77.270  -12.043 0.5000000000
6630  17.383  -76.933  -12.971 0.5000000000
7339  17.284  -76.070  -13.200 0.5000000000
4997  18.064  -79.208  -11.887 0.6999999881
129259  17.373  -77.720  -12.792 0.6000000238
4121  19.176  -81.402  -13.117 0.5000000000
145107  18.843  -80.843  -12.638 0.6999999881
4553  18.406  -80.116  -12.011 0.6999999881
5005  18.013  -79.500  -12.533 0.6000000238
148487  17.493  -78.354  -12.701 0.6000000238
3267  19.937  -83.394  -14.452 0.4000000060
3672  19.384  -82.907  -14.468 0.4000000060
4134  19.069  -82.215  -14.260 0.5000000000
133664  18.788  -72.724  -11.985 0.5000000000
9091  18.536  -72.144  -9.696 0.5000000000
9106  18.720  -72.606  -11.173 0.5000000000
133942  18.881  -71.793  -10.844 0.5000000000
134148  18.014  -71.968  -7.991 0.6000000238
9659  18.855  -71.256  -10.076 0.5000000000
9629  17.796  -71.485  -7.245 0.6999999881
9600  17.962  -71.534  -5.459 0.6000000238
10184  17.643  -71.105  -6.431 0.6999999881
10202  17.869  -70.527  -7.517 0.6999999881
9591  18.500  -71.410  -4.640 0.6000000238
149033  17.585  -70.792  -5.760 0.6000000238
10185  17.502  -70.247  -6.508 0.6999999881
142392  20.366  -70.434  -2.633 0.6999999881
10167  18.285  -70.758  -4.246 0.6000000238
10175  17.408  -70.091  -5.587 0.6000000238
10715  21.016  -69.351  -1.749 0.6000000238
10732  19.998  -69.752  -2.252 0.6999999881
10745  18.333  -69.438  -3.305 0.6999999881
11948  21.257  -67.289  -0.624 0.6000000238
11311  20.065  -68.235  -1.332 0.6000000238
138355  19.259  -68.937  -2.200 0.6999999881
13345  13.421  -65.416  -8.037 0.6000000238
11972  18.809  -68.104  -2.334 0.6999999881
13324  17.334  -65.374  -7.154 0.6999999881
13344  14.360  -65.191  -8.161 0.6000000238
11949  20.690  -66.753  -0.631 0.6999999881
11312  19.662  -67.606  -1.419 0.6000000238
146456  19.087  -67.600  -1.925 0.8000000119
132940  18.432  -67.018  -3.498 0.6999999881
12638  18.015  -66.165  -5.146 0.6999999881
125147  17.919  -65.918  -5.968 0.6999999881
6617  18.033  -76.430  -12.470 0.6000000238
146089  18.212  -79.712  -11.272 0.6999999881
5489  17.939  -79.096  -10.998 0.6999999881
5497  17.817  -78.291  -11.701 0.6000000238
4113  19.278  -81.517  -12.301 0.5000000000
4552  18.862  -80.962  -11.596 0.6999999881
3668  20.354  -83.409  -14.033 0.4000000060
3669  19.728  -82.605  -14.051 0.5000000000
8508  18.609  -73.311  -11.492 0.5000000000
7977  18.287  -74.099  -12.744 0.5000000000
8509  18.421  -73.248  -10.461 0.5000000000
9069  18.100  -72.473  -8.710 0.6000000238
8471  17.700  -73.155  -7.049 0.6000000238
9059  17.763  -72.773  -7.812 0.6999999881
9646  18.379  -71.623  -8.986 0.6999999881
8459  17.915  -72.743  -6.320 0.6999999881
9049  17.744  -72.330  -7.085 0.6999999881
9590  19.287  -71.759  -4.304 0.6000000238
9032  18.722  -72.035  -4.905 0.6000000238
9612  17.840  -71.912  -6.307 0.6999999881
10149  21.678  -70.642  -2.472 0.6999999881
10150  20.411  -70.986  -3.065 0.6999999881
148052  20.522  -71.593  -3.392 0.6999999881
145825  13.795  -65.576  -6.371 0.6000000238
10731  21.772  -69.899  -2.074 0.6000000238
136475  20.920  -70.721  -2.659 0.6999999881
9583  19.729  -71.258  -3.685 0.6999999881
12580  23.265  -66.328  -0.488 0.6000000238
11946  22.923  -67.080  -0.720 0.6000000238
11959  22.585  -67.807  -1.039 0.6000000238
11309  22.313  -68.538  -1.365 0.6000000238
125611  20.949  -70.150  -2.279 0.6999999881
13303  15.043  -65.287  -6.605 0.6000000238
12581  22.394  -66.478  -0.388 0.6000000238
11960  21.575  -68.013  -0.973 0.6000000238
140494  17.543  -64.852  -4.924 0.6999999881
14037  16.692  -64.980  -6.318 0.6000000238
14050  16.678  -65.105  -7.376 0.6999999881
13325  15.047  -64.998  -7.765 0.6000000238
13221  23.603  -65.551  -0.333 0.5000000000
13223  21.830  -65.802  -0.211 0.6000000238
13224  20.937  -65.922  -0.396 0.8000000119
134018  19.462  -66.084  -1.573 0.8000000119
13250  18.818  -65.201  -2.987 0.8000000119
12613  18.592  -66.072  -3.438 0.8000000119
13285  17.886  -65.433  -5.019 0.6999999881
14036  17.445  -65.329  -6.159 0.6999999881
132824  19.906  -66.860  -1.128 0.8000000119
12600  18.960  -66.120  -2.410 0.8000000119
6027  17.815  -77.536  -11.126 0.6999999881
6604  18.012  -76.618  -11.469 0.6999999881
7331  18.175  -75.659  -12.828 0.6000000238
4545  18.519  -80.371  -10.925 0.6999999881
7322  18.230  -75.886  -12.121 0.6000000238
4101  19.342  -81.725  -11.186 0.6000000238
7965  18.390  -75.012  -12.286 0.5000000000
131755  18.227  -74.789  -11.056 0.5000000000
127578  9.520  -66.025  0.396 0.6000000238
7947  18.339  -73.996  -10.766 0.5000000000
12584  8.888  -65.811  -0.509 0.5000000000
138796  17.793  -73.749  -8.972 0.5000000000
13225  10.775  -65.076  -0.822 0.6000000238
8460  17.661  -74.046  -7.135 0.6999999881
8479  17.790  -73.271  -8.456 0.6000000238
8453  18.345  -73.182  -5.645 0.6999999881
8472  17.651  -73.471  -7.713 0.6999999881
12603  12.481  -66.426  -2.791 0.6000000238
9031  19.396  -72.442  -4.443 0.6999999881
8443  19.342  -73.225  -4.478 0.6000000238
9571  22.137  -71.367  -2.598 0.6999999881
127851  21.827  -72.096  -2.788 0.6999999881
9030  20.155  -72.093  -3.886 0.6999999881
12639  14.169  -66.249  -5.009 0.6000000238
12627  13.548  -66.469  -4.255 0.6000000238
10148  22.323  -70.294  -2.262 0.6000000238
9572  21.217  -71.371  -2.882 0.6999999881
13287  15.777  -65.654  -4.272 0.6000000238
12640  13.169  -66.156  -5.374 0.6000000238
11971  23.953  -67.995  -1.804 0.6000000238
11308  23.173  -68.301  -1.493 0.6000000238
13286  16.387  -65.075  -4.098 0.6999999881
13302  16.314  -65.049  -4.957 0.6000000238
132811  14.725  -65.792  -5.543 0.6000000238
12588  23.737  -66.861  -0.951 0.6000000238
13971  19.451  -63.629  -1.828 0.6000000238
132231  18.719  -63.647  -3.032 0.6000000238
14002  18.273  -64.350  -4.036 0.6999999881
14014  17.445  -64.560  -4.676 0.6000000238
13970  19.906  -64.345  -1.206 0.6000000238
137989  19.035  -64.572  -2.639 0.8000000119
129579  20.417  -65.147  -0.730 0.6000000238
130838  19.339  -64.492  -1.927 0.6999999881
13268  18.502  -65.004  -3.826 0.8000000119
5477  17.939  -79.117  -10.040 0.6999999881
127743  17.644  -77.668  -10.139 0.6999999881
144431  17.745  -77.030  -10.607 0.6999999881
143990  18.692  -80.354  -9.157 0.6999999881
4993  18.247  -79.745  -10.441 0.6999999881
146884  17.810  -76.447  -10.576 0.6000000238
139220  17.910  -75.302  -10.277 0.6000000238
142957  11.138  -65.888  1.251 0.6000000238
11933  11.136  -66.935  0.351 0.6000000238
12570  9.900  -65.892  0.854 0.6000000238
11934  10.028  -66.533  0.259 0.6000000238
125543  17.971  -74.633  -10.019 0.6000000238
13215  9.229  -65.057  0.625 0.5000000000
7888  17.618  -74.888  -6.842 0.6999999881
141946  17.567  -74.703  -7.568 0.6999999881
13961  11.276  -64.410  -0.559 0.4000000060
13226  9.639  -64.785  -0.241 0.5000000000
7852  18.554  -74.688  -4.793 0.6999999881
7870  17.969  -74.833  -5.603 0.8000000119
143956  11.830  -65.100  -0.991 0.5000000000
137357  19.242  -74.097  -4.278 0.6000000238
144876  17.913  -73.591  -6.328 0.6999999881
13253  13.433  -66.078  -1.885 0.6000000238
9018  20.649  -72.859  -3.404 0.6999999881
8437  19.721  -73.635  -3.966 0.6999999881
13251  15.516  -65.615  -2.551 0.6999999881
12601  13.988  -66.323  -2.494 0.6000000238
9569  23.816  -71.176  -2.357 0.6999999881
134022  22.646  -72.064  -2.483 0.6999999881
13987  16.503  -64.360  -2.417 0.5000000000
13270  15.243  -66.180  -3.450 0.6000000238
10727  25.392  -69.009  -2.638 0.6000000238
10729  23.509  -69.622  -2.123 0.6000000238
10147  23.114  -70.457  -2.280 0.6999999881
13269  16.008  -65.476  -3.355 0.6999999881
11323  24.594  -68.463  -2.280 0.6000000238
11324  23.775  -68.802  -1.946 0.6000000238
140053  18.233  -63.355  -3.043 0.5000000000
14693  17.294  -63.922  -3.018 0.6000000238
11957  24.163  -67.265  -1.591 0.6000000238
14658  19.488  -62.682  -1.704 0.6000000238
14677  19.028  -63.244  -2.479 0.5000000000
14701  17.519  -64.178  -3.965 0.6999999881
15387  20.837  -62.717  -0.832 0.6000000238
5462  17.851  -78.453  -8.705 0.6999999881
6014  17.550  -77.705  -9.197 0.6999999881
135099  17.539  -76.866  -9.762 0.6000000238
6590  17.712  -75.993  -10.016 0.6000000238
12555  12.020  -65.969  1.371 0.4000000060
11932  12.206  -67.177  0.414 0.5000000000
125067  17.447  -76.069  -8.262 0.6000000238
138275  10.236  -64.491  1.511 0.5000000000
11300  12.427  -68.261  -0.834 0.6000000238
6560  17.478  -76.380  -7.184 0.6999999881
7257  17.598  -75.707  -6.461 0.6999999881
7918  17.710  -74.455  -9.079 0.6000000238
13962  9.847  -63.931  0.342 0.5000000000
7240  18.129  -75.506  -5.165 0.6999999881
13975  12.259  -64.597  -0.881 0.4000000060
7819  23.013  -74.034  -2.706 0.6999999881
7834  21.397  -74.474  -2.912 0.6999999881
140434  20.131  -75.038  -3.409 0.6999999881
13974  13.168  -64.681  -1.181 0.6000000238
9004  24.764  -72.512  -2.840 0.6999999881
8425  23.520  -73.353  -2.635 0.6999999881
8435  21.017  -73.665  -2.980 0.6999999881
7836  19.839  -74.318  -3.661 0.6999999881
13973  14.067  -64.595  -1.412 0.5000000000
13989  14.773  -65.357  -1.808 0.5000000000
9568  24.751  -71.049  -2.479 0.6000000238
135258  24.343  -71.867  -2.501 0.6999999881
9006  23.113  -72.732  -2.422 0.6999999881
9007  22.307  -72.829  -2.537 0.6999999881
13972  14.997  -64.325  -1.537 0.5000000000
11322  25.300  -68.038  -2.728 0.5000000000
10145  25.252  -70.135  -2.573 0.6000000238
10146  24.161  -70.313  -2.328 0.6000000238
5446  18.109  -78.411  -7.773 0.6999999881
6001  17.636  -77.732  -8.291 0.6999999881
11916  13.767  -66.808  0.916 0.4000000060
5986  18.140  -78.011  -6.997 0.6999999881
6573  17.427  -76.954  -8.738 0.6999999881
131771  14.347  -67.628  0.515 0.4000000060
5977  17.724  -77.268  -6.972 0.6999999881
11299  13.412  -68.550  -0.656 0.6000000238
6551  18.185  -76.901  -5.488 0.8000000119
6552  17.737  -76.689  -6.273 0.6999999881
6520  20.192  -76.272  -3.753 0.6000000238
6541  18.337  -76.310  -4.969 0.6000000238
10123  14.508  -70.361  -0.624 0.6000000238
139447  21.654  -75.111  -3.130 0.6999999881
7203  20.591  -75.689  -3.453 0.6999999881
7204  19.875  -75.630  -3.633 0.6000000238
8434  23.917  -73.961  -3.144 0.6000000238
9581  25.793  -71.388  -3.261 0.6000000238
9532  13.319  -72.103  0.778 0.5000000000
10743  26.043  -69.567  -3.086 0.6000000238
148958  25.434  -70.978  -2.766 0.6999999881
10742  26.561  -68.524  -4.001 0.5000000000
5976  18.279  -77.603  -6.152 0.6999999881
11930  15.319  -68.043  0.773 0.4000000060
5969  18.792  -77.498  -5.325 0.8000000119
11298  14.318  -68.855  -0.405 0.5000000000
6532  20.657  -76.943  -4.052 0.8000000119
10689  14.955  -70.061  0.003 0.4000000060
11281  15.515  -68.902  0.635 0.4000000060
5958  19.273  -77.266  -4.707 0.6999999881
9531  14.359  -71.084  0.929 0.4000000060
10703  14.527  -69.617  -0.548 0.5000000000
8433  24.759  -73.683  -3.724 0.6000000238
7832  23.363  -74.667  -3.387 0.6000000238
7201  22.171  -75.471  -3.450 0.6999999881
10089  13.946  -70.514  2.331 0.4000000060
9029  25.958  -72.374  -4.334 0.6000000238
8432  25.028  -73.019  -3.338 0.6000000238
140729  12.913  -71.557  1.500 0.4000000060
9538  14.084  -71.664  0.265 0.6000000238
10156  26.460  -69.993  -3.656 0.6000000238
10749  26.620  -69.361  -4.241 0.5000000000
11342  26.187  -67.820  -4.400 0.5000000000
11270  15.940  -68.531  1.313 0.4000000060
5425  19.067  -78.151  -5.760 0.8000000119
130012  15.737  -69.308  1.323 0.4000000060
5968  19.533  -77.911  -5.106 0.6999999881
10668  14.872  -70.033  2.326 0.4000000060
6518  21.959  -76.167  -3.790 0.6000000238
6519  21.070  -76.317  -3.670 0.6999999881
7831  24.277  -74.456  -4.036 0.6000000238
7200  22.862  -75.231  -3.563 0.6000000238
10655  13.714  -69.646  3.455 0.4000000060
10090  12.871  -70.743  2.244 0.4000000060
9589  26.443  -70.992  -4.612 0.6000000238
10091  11.792  -70.655  2.417 0.4000000060
10756  26.369  -69.688  -5.131 0.4000000060
11258  16.329  -68.261  2.686 0.4000000060
5956  21.234  -77.521  -4.481 0.6999999881
10667  15.467  -69.410  2.713 0.4000000060
6530  22.582  -76.564  -4.578 0.6999999881
6531  21.619  -76.851  -4.144 0.6000000238
10654  14.648  -69.615  3.174 0.4000000060
8442  25.237  -73.693  -4.547 0.6000000238
7224  23.550  -75.260  -4.251 0.6000000238
10656  12.739  -69.684  3.578 0.4000000060
9598  26.256  -71.369  -5.328 0.6000000238
10658  10.818  -69.546  3.531 0.3000000119
10172  26.335  -70.563  -5.287 0.4000000060
11356  25.567  -68.557  -6.116 0.4000000060
10767  25.141  -69.442  -6.619 0.4000000060
11244  14.288  -69.115  3.906 0.4000000060
11232  12.699  -68.537  4.670 0.4000000060
8451  25.320  -73.780  -5.442 0.6000000238
9599  25.819  -71.780  -6.190 0.6000000238
138848  25.769  -72.526  -5.933 0.6000000238
10768  24.316  -69.736  -7.469 0.4000000060
10183  24.250  -70.530  -7.745 0.5000000000
125139  24.278  -68.333  -7.694 0.4000000060
12521  7.445  -66.339  4.454 0.3000000119
11374  24.028  -69.191  -7.861 0.4000000060
13150  15.378  -65.985  5.971 0.4000000060
13157  8.833  -65.156  5.259 0.3000000119
13933  5.144  -64.603  3.025 0.4000000060
13140  15.834  -65.286  6.325 0.4000000060
13894  13.131  -64.974  6.098 0.4000000060
13896  10.098  -64.767  5.549 0.3000000119
129376  10.872  -64.939  5.656 0.3000000119
13164  6.918  -64.896  4.362 0.3000000119
13162  8.162  -65.009  4.997 0.3000000119
13915  5.845  -64.579  3.629 0.3000000119
13884  14.532  -64.380  6.443 0.4000000060
13885  13.556  -64.173  6.354 0.4000000060
13895  12.277  -64.911  5.911 0.4000000060
13898  8.609  -64.352  5.205 0.3000000119
13906  7.869  -64.260  4.885 0.3000000119
16113  6.395  -61.439  -0.705 0.4000000060
17544  6.134  -60.165  -2.602 0.3000000119
18281  6.330  -58.605  -2.551 0.3000000119
14586  6.734  -63.479  4.298 0.3000000119
131221  6.248  -63.140  3.850 0.3000000119
15299  13.123  -62.561  6.445 0.4000000060
135866  12.223  -64.133  6.095 0.4000000060
146515  11.186  -63.583  5.888 0.3000000119
130323  10.058  -63.378  5.617 0.3000000119
15308  8.686  -62.689  5.277 0.3000000119
16107  5.925  -61.963  1.028 0.3000000119
15323  7.888  -62.742  4.979 0.3000000119
16818  6.785  -60.846  -1.468 0.3000000119
15325  6.625  -62.618  4.141 0.3000000119
17525  7.399  -60.117  -1.586 0.4000000060
17543  7.143  -59.799  -2.781 0.3000000119
18271  7.930  -59.447  -2.199 0.3000000119
18279  7.728  -59.071  -3.022 0.3000000119
15304  12.197  -62.677  6.224 0.4000000060
15305  11.256  -62.759  6.016 0.4000000060
15307  9.561  -62.629  5.505 0.3000000119
16106  6.408  -61.357  0.679 0.4000000060
16054  9.044  -61.710  5.384 0.3000000119
16099  6.186  -61.582  1.769 0.3000000119
16808  6.785  -60.829  -0.068 0.4000000060
16798  6.782  -60.696  0.939 0.4000000060
18278  8.367  -58.769  -2.677 0.3000000119
132729  11.692  -61.886  6.155 0.4000000060
141316  10.835  -61.828  5.909 0.4000000060
143674  9.605  -61.038  5.525 0.4000000060
16758  8.925  -60.736  5.309 0.4000000060
16073  7.667  -61.303  4.760 0.3000000119
16780  7.277  -60.291  3.608 0.3000000119
146428  6.822  -60.646  2.361 0.3000000119
17496  7.427  -59.534  2.225 0.3000000119
18247  8.114  -58.342  1.238 0.5000000000
17515  7.519  -59.810  -0.054 0.4000000060
18260  8.004  -59.357  -0.738 0.4000000060
19086  9.293  -57.535  -3.881 0.3000000119
16757  11.093  -60.397  5.810 0.4000000060
17471  9.662  -60.112  5.433 0.4000000060
16770  8.762  -59.898  5.074 0.3000000119
18230  8.702  -58.381  3.777 0.3000000119
18236  9.057  -57.730  3.120 0.3000000119
19033  9.531  -57.016  2.478 0.3000000119
16771  7.626  -60.451  4.343 0.3000000119
17485  8.048  -59.098  3.774 0.3000000119
145959  8.094  -58.382  2.160 0.3000000119
19034  8.572  -57.692  2.036 0.3000000119
19042  9.000  -56.980  1.329 0.3000000119
17486  7.561  -59.606  3.194 0.3000000119
19043  8.533  -57.704  0.725 0.3000000119
19056  8.791  -57.998  -0.561 0.3000000119
19877  9.124  -57.004  -3.800 0.3000000119
124777  14.532  -60.025  6.532 0.3000000119
17458  13.129  -59.867  6.260 0.3000000119
126870  12.283  -59.550  5.974 0.3000000119
146679  12.103  -58.374  5.300 0.3000000119
19024  10.777  -57.278  3.746 0.3000000119
19810  11.243  -56.325  2.700 0.3000000119
17469  11.373  -59.705  5.762 0.3000000119
18229  10.243  -57.870  4.320 0.3000000119
141985  9.443  -57.906  3.887 0.3000000119
19032  10.515  -56.848  3.029 0.3000000119
19826  10.158  -56.144  1.310 0.3000000119
19839  9.982  -56.040  0.268 0.3000000119
19055  9.002  -57.144  0.125 0.3000000119
19840  9.611  -56.735  -0.426 0.3000000119
19066  9.366  -57.556  -1.190 0.3000000119
19868  9.862  -57.099  -3.322 0.3000000119
17455  16.254  -59.368  6.764 0.3000000119
17467  13.827  -58.821  5.961 0.3000000119
18215  12.507  -58.672  5.561 0.3000000119
19016  11.963  -57.475  4.522 0.3000000119
19802  11.899  -56.510  3.357 0.3000000119
20657  10.651  -55.666  0.874 0.3000000119
20676  10.501  -55.616  -0.192 0.3000000119
20696  10.619  -55.745  -1.395 0.3000000119
20720  9.595  -56.155  -3.643 0.3000000119
128560  11.949  -56.016  2.814 0.3000000119
20637  11.695  -55.714  2.199 0.3000000119
134902  10.927  -55.229  -0.597 0.3000000119
20695  11.170  -55.103  -1.689 0.3000000119
19875  10.175  -56.394  -3.512 0.3000000119
20719  10.451  -55.659  -3.501 0.3000000119
20636  12.486  -55.537  2.582 0.3000000119
20655  12.117  -55.136  1.737 0.3000000119
20675  11.079  -55.187  0.373 0.3000000119
20622  13.641  -55.528  3.489 0.3000000119
21560  13.524  -54.408  2.172 0.3000000119
21580  12.511  -54.512  1.221 0.3000000119
21596  12.263  -54.207  0.088 0.3000000119
21617  11.839  -54.384  -1.185 0.3000000119
21630  11.590  -54.604  -2.450 0.3000000119
21641  11.293  -54.563  -3.516 0.3000000119
1454  18.674  -89.204  -9.375 0.5000000000
1807  18.978  -87.927  -10.529 0.5000000000
1815  19.405  -87.252  -11.575 0.4000000060
12019  18.418  -66.475  -8.626 0.6999999881
13356  17.086  -65.317  -9.001 0.6999999881
2872  18.881  -84.428  -14.413 0.4000000060
1471  19.931  -87.887  -11.040 0.5000000000
10750  17.632  -69.925  -4.622 0.6000000238
8494  18.172  -73.056  -9.450 0.5000000000
10158  18.906  -70.698  -3.655 0.6000000238
7241  17.802  -75.429  -5.794 0.8000000119
7265  17.500  -75.456  -7.425 0.6999999881
7851  19.285  -75.075  -3.896 0.6000000238
11334  26.080  -68.527  -3.296 0.5000000000
8427  22.017  -73.739  -2.616 0.6999999881
10101  13.765  -71.060  1.658 0.4000000060
11988  25.879  -67.186  -3.957 0.5000000000
8450  25.750  -73.024  -5.088 0.6000000238
149829  26.255  -68.671  -4.987 0.4000000060
6529  23.235  -75.957  -4.728 0.6000000238
11233  11.732  -68.524  4.647 0.3000000119
10173  25.860  -70.904  -6.238 0.4000000060
9611  25.030  -71.237  -7.130 0.4000000060
13141  14.919  -65.189  6.255 0.4000000060
16745  12.554  -60.437  6.275 0.3000000119
18207  14.642  -59.029  6.212 0.3000000119
144760  22.887  -77.508  -5.986 0.5000000000
5432  22.253  -78.245  -5.610 0.5000000000
5422  21.481  -78.589  -5.339 0.6999999881
4939  21.123  -79.227  -5.692 0.6999999881
5436  18.715  -78.373  -6.496 0.6000000238
6540  22.652  -77.084  -5.245 0.5000000000
5955  22.073  -77.295  -4.748 0.6000000238
145681  20.227  -78.211  -5.024 0.6000000238
4523  18.569  -79.798  -8.731 0.6000000238
4986  18.349  -79.757  -9.556 0.6000000238
4949  21.574  -79.689  -6.230 0.6999999881
4498  20.160  -80.066  -6.813 0.6000000238
4977  18.931  -79.795  -7.921 0.6000000238
4950  20.664  -79.669  -6.232 0.6999999881
132139  19.795  -79.388  -6.495 0.6000000238
133086  18.359  -79.121  -8.294 0.6000000238
7256  23.847  -76.216  -6.655 0.5000000000
4510  21.461  -80.755  -7.139 0.6999999881
4511  20.553  -80.682  -7.231 0.6999999881
4521  20.043  -81.106  -7.884 0.6000000238
4534  19.013  -81.033  -9.298 0.6000000238
4496  21.937  -80.223  -6.732 0.6000000238
4497  21.085  -80.256  -6.639 0.6999999881
4512  19.655  -80.363  -7.529 0.6000000238
138885  22.837  -79.280  -6.991 0.6000000238
7255  24.331  -75.313  -6.908 0.5000000000
6539  23.349  -76.476  -5.596 0.5000000000
4962  22.653  -80.058  -7.177 0.6999999881
4068  20.978  -81.318  -7.604 0.6000000238
4544  18.986  -81.203  -10.367 0.6000000238
7903  24.269  -74.885  -8.100 0.5000000000
7239  24.044  -75.807  -6.029 0.5000000000
8470  24.578  -73.067  -8.426 0.5000000000
7886  24.787  -74.552  -6.600 0.5000000000
9645  24.458  -71.064  -8.193 0.4000000060
12039  16.572  -67.278  -9.638 0.4000000060
12059  18.710  -67.447  -10.939 0.4000000060
11404  17.303  -68.065  -10.392 0.4000000060
12060  18.215  -67.513  -10.934 0.5000000000
11409  18.640  -68.124  -11.174 0.5000000000
127930  17.248  -68.977  -10.646 0.5000000000
8469  25.137  -73.245  -7.155 0.5000000000
10818  18.346  -68.984  -11.246 0.5000000000
9670  13.394  -70.655  -10.482 0.6000000238
9057  24.648  -72.601  -7.911 0.4000000060
10828  18.645  -69.797  -11.399 0.5000000000
10246  16.603  -70.199  -11.296 0.5000000000
10248  14.224  -70.482  -10.813 0.5000000000
11396  16.125  -68.330  -8.691 0.5000000000
11395  16.521  -68.455  -9.484 0.5000000000
10802  16.006  -69.223  -8.800 0.5000000000
147414  16.030  -69.635  -9.609 0.5000000000
10223  15.415  -69.956  -9.035 0.5000000000
10820  16.416  -69.709  -10.580 0.5000000000
10239  14.220  -70.305  -9.917 0.5000000000
9048  25.256  -72.327  -7.014 0.5000000000
10238  15.250  -70.110  -10.205 0.5000000000
10220  24.668  -70.336  -8.410 0.4000000060
9628  24.458  -71.426  -7.909 0.4000000060
12667  12.983  -65.795  -8.156 0.5000000000
129751  14.582  -70.243  -7.366 0.5000000000
8457  25.511  -73.165  -6.180 0.5000000000
13327  13.014  -65.390  -7.523 0.5000000000
13328  12.117  -65.542  -7.328 0.5000000000
13348  10.985  -65.992  -7.088 0.5000000000
13346  12.672  -65.652  -7.869 0.5000000000
10201  24.080  -70.554  -8.018 0.4000000060
13304  12.593  -65.631  -6.549 0.5000000000
13306  10.994  -65.788  -6.400 0.5000000000
12642  11.274  -65.971  -5.618 0.5000000000
129361  10.462  -65.870  -5.698 0.5000000000
13331  9.391  -65.970  -6.202 0.5000000000
12655  9.018  -66.384  -6.417 0.4000000060
13289  10.790  -66.132  -4.688 0.5000000000
13308  8.796  -65.785  -5.574 0.6000000238
13332  8.505  -66.018  -6.017 0.6000000238
12616  12.092  -66.451  -3.559 0.5000000000
13272  9.774  -65.718  -2.899 0.5000000000
13291  8.973  -65.653  -4.831 0.5000000000
13292  7.718  -65.647  -4.373 0.6000000238
13310  7.032  -65.838  -5.306 0.6000000238
12657  7.209  -66.424  -6.300 0.6000000238
127045  6.772  -67.983  -7.003 0.5000000000
139138  5.267  -68.420  -7.033 0.5000000000
10790  4.568  -69.036  -7.234 0.5000000000
13271  10.664  -66.070  -3.047 0.5000000000
144054  10.451  -65.817  -2.426 0.5000000000
13257  8.764  -65.591  -2.484 0.5000000000
13274  8.150  -65.714  -3.107 0.5000000000
12605  7.949  -66.320  -2.671 0.6000000238
13276  6.958  -66.094  -4.422 0.6000000238
12644  6.426  -66.273  -5.389 0.6000000238
12011  5.668  -67.183  -6.163 0.6000000238
11385  5.038  -67.872  -6.366 0.5000000000
8447  7.251  -73.521  -5.311 0.5000000000
9604  3.325  -70.163  -6.337 0.5000000000
13239  11.741  -65.692  -1.496 0.5000000000
13241  8.830  -65.529  -1.478 0.5000000000
12591  8.450  -66.007  -1.256 0.6000000238
12604  8.241  -66.199  -1.952 0.6000000238
11327  9.012  -67.987  -2.778 0.6000000238
11984  7.158  -66.994  -3.900 0.6000000238
130621  8.094  -67.974  -3.599 0.6000000238
11990  6.311  -67.124  -4.780 0.6000000238
11339  6.732  -68.157  -4.635 0.6000000238
11999  5.498  -67.388  -5.774 0.6000000238
11350  4.706  -68.446  -5.893 0.5000000000
11351  4.264  -68.904  -6.249 0.5000000000
125665  4.828  -69.904  -5.596 0.5000000000
10177  5.759  -70.383  -5.416 0.5000000000
9603  4.026  -70.776  -6.071 0.5000000000
9602  5.171  -71.691  -5.945 0.5000000000
12590  8.837  -66.325  -0.828 0.6000000238
11973  9.166  -67.495  -2.055 0.6000000238
11326  9.806  -68.384  -2.528 0.6000000238
10746  9.525  -69.619  -3.466 0.6000000238
11337  8.788  -68.615  -3.463 0.6000000238
124249  8.033  -68.735  -4.032 0.6000000238
10747  8.619  -69.597  -3.980 0.6000000238
124997  7.089  -69.485  -4.747 0.5000000000
145648  7.344  -70.227  -4.771 0.5000000000
10170  5.560  -69.660  -5.363 0.5000000000
10168  7.628  -70.958  -4.782 0.5000000000
9592  8.219  -71.468  -4.587 0.6000000238
9601  5.946  -71.231  -5.550 0.5000000000
9593  7.493  -71.661  -4.985 0.5000000000
139207  8.781  -72.933  -4.394 0.5000000000
139193  9.014  -74.317  -3.885 0.5000000000
10720  10.675  -68.795  -2.370 0.6000000238
10736  11.079  -69.769  -2.706 0.6000000238
146785  9.874  -70.496  -3.549 0.6000000238
10162  8.254  -70.519  -4.398 0.6000000238
9022  9.532  -72.637  -4.060 0.6000000238
8439  9.385  -73.570  -3.978 0.5000000000
10719  11.581  -69.195  -2.154 0.6000000238
9584  9.711  -71.205  -3.783 0.6000000238
8438  10.330  -73.356  -3.512 0.6000000238
7837  10.823  -74.400  -2.870 0.5000000000
10124  14.001  -70.535  -1.238 0.6000000238
10718  12.566  -69.682  -1.887 0.6000000238
9557  13.024  -71.370  -2.084 0.6000000238
9574  11.470  -71.191  -3.035 0.6000000238
9021  10.271  -72.104  -3.652 0.6000000238
8429  11.314  -73.569  -2.892 0.5000000000
9556  13.739  -71.444  -1.361 0.6000000238
9008  12.651  -72.237  -2.274 0.6000000238
8992  13.598  -72.347  -0.944 0.6000000238
9009  11.846  -72.768  -2.753 0.6000000238
8980  13.175  -73.060  -0.396 0.6000000238
8407  12.420  -73.661  0.180 0.5000000000
8954  12.521  -72.344  1.070 0.4000000060
4964  18.693  -79.105  -7.515 0.6000000238
5435  19.437  -78.743  -6.174 0.6999999881
7869  23.826  -75.593  -5.229 0.5000000000
7238  24.389  -75.113  -5.889 0.5000000000
137162  24.537  -73.919  -8.147 0.5000000000
138067  24.617  -74.530  -7.415 0.5000000000
10224  14.547  -70.302  -8.549 0.6000000238
12617  7.512  -66.438  -3.466 0.6000000238
11975  7.731  -67.074  -3.260 0.6000000238
11344  6.072  -68.286  -5.048 0.6000000238
10169  6.432  -69.813  -5.119 0.5000000000
10151  11.697  -70.545  -2.686 0.6000000238
125121  10.586  -71.072  -3.401 0.6000000238
8420  12.541  -73.293  -1.932 0.6000000238
8421  12.221  -74.147  -1.524 0.6000000238
1131  18.343  -89.515  -7.492 0.4000000060
2101  20.304  -86.885  -6.681 0.5000000000
1770  20.834  -87.432  -6.408 0.5000000000
139210  20.061  -87.718  -6.818 0.4000000060
1130  19.171  -89.166  -7.347 0.4000000060
1137  20.077  -89.077  -7.869 0.4000000060
135123  18.863  -89.688  -8.117 0.4000000060
2099  21.525  -87.060  -6.006 0.5000000000
2100  20.841  -86.389  -6.200 0.5000000000
1435  21.075  -88.306  -7.106 0.5000000000
1446  20.375  -88.798  -8.475 0.5000000000
1447  19.609  -89.299  -8.499 0.4000000060
1763  22.302  -87.185  -6.064 0.5000000000
128326  21.917  -87.853  -7.041 0.5000000000
1779  21.559  -88.124  -7.726 0.5000000000
1452  20.751  -88.231  -9.302 0.5000000000
131525  20.058  -88.358  -10.123 0.4000000060
1798  20.822  -87.744  -10.358 0.4000000060
1768  23.290  -87.045  -6.627 0.5000000000
148639  22.128  -87.728  -7.499 0.5000000000
1787  23.224  -86.854  -7.996 0.5000000000
1789  21.556  -87.811  -8.746 0.5000000000
1797  21.483  -87.521  -9.757 0.5000000000
1813  20.393  -87.476  -11.694 0.4000000060
3656  19.744  -82.285  -11.870 0.5000000000
3662  19.647  -82.141  -13.098 0.4000000060
3655  20.232  -82.879  -12.575 0.4000000060
3259  20.701  -83.549  -13.236 0.4000000060
3266  20.510  -84.067  -14.321 0.4000000060
2510  20.478  -84.631  -14.461 0.4000000060
1796  22.255  -87.168  -9.314 0.5000000000
2500  20.612  -85.626  -14.297 0.4000000060
2161  19.965  -86.251  -13.969 0.4000000060
2154  19.751  -86.770  -13.153 0.4000000060
2130  22.970  -86.623  -10.052 0.4000000060
1804  22.162  -86.974  -10.330 0.5000000000
1820  20.415  -87.159  -12.513 0.4000000060
1805  21.085  -87.361  -11.351 0.4000000060
133319  20.338  -82.980  -11.391 0.4000000060
3265  21.133  -84.273  -13.841 0.4000000060
2862  21.745  -84.941  -14.007 0.4000000060
2129  23.808  -86.325  -9.791 0.4000000060
2159  21.966  -85.947  -13.613 0.4000000060
1819  21.256  -86.671  -13.020 0.4000000060
2133  23.762  -86.281  -10.959 0.4000000060
2134  22.885  -86.558  -11.145 0.4000000060
133597  22.407  -86.284  -13.049 0.4000000060
2145  21.722  -86.792  -12.191 0.4000000060
129294  19.494  -81.918  -10.311 0.5000000000
3646  20.556  -82.918  -10.349 0.4000000060
3238  21.133  -83.569  -10.934 0.4000000060
3237  22.069  -83.885  -10.704 0.4000000060
2846  22.589  -84.623  -12.788 0.4000000060
2861  22.552  -85.196  -13.649 0.4000000060
2490  23.454  -85.447  -13.361 0.4000000060
2498  22.350  -85.399  -13.750 0.4000000060
2142  24.446  -85.764  -11.889 0.4000000060
2484  24.068  -85.404  -12.862 0.4000000060
2151  23.340  -85.954  -13.055 0.4000000060
4094  19.518  -81.734  -9.539 0.5000000000
3640  20.008  -82.362  -9.859 0.5000000000
4082  20.563  -81.740  -8.293 0.6000000238
3645  21.442  -83.293  -10.005 0.5000000000
3248  22.814  -84.365  -11.740 0.4000000060
2833  23.830  -84.436  -12.080 0.4000000060
2845  24.519  -85.011  -12.889 0.4000000060
2844  25.303  -84.625  -12.394 0.4000000060
3637  22.535  -82.852  -9.334 0.4000000060
4081  21.488  -81.841  -8.089 0.5000000000
3228  23.162  -83.410  -10.069 0.4000000060
3235  23.920  -83.873  -11.185 0.4000000060
4092  23.438  -81.821  -9.424 0.5000000000
4100  23.815  -82.286  -10.296 0.4000000060
3644  23.859  -83.118  -10.552 0.4000000060
3234  24.761  -83.418  -11.799 0.4000000060
4079  23.141  -81.360  -8.582 0.6000000238
138440  22.754  -80.875  -7.746 0.6000000238
128144  23.754  -81.445  -10.282 0.5000000000
4112  24.274  -81.629  -11.342 0.4000000060
5433  21.995  -79.047  -5.869 0.5000000000
11953  9.680  -66.857  -0.530 0.5000000000
11314  11.065  -68.350  -1.707 0.5000000000
10704  13.872  -69.292  -0.947 0.5000000000
11952  10.709  -67.280  -0.334 0.5000000000
11313  12.039  -68.722  -1.528 0.5000000000
11315  10.109  -67.954  -1.864 0.5000000000
1427  21.537  -87.713  -6.514 0.5000000000
1428  20.571  -88.183  -6.780 0.5000000000
3250  20.904  -83.632  -12.066 0.4000000060
3258  21.521  -84.251  -12.896 0.4000000060
2143  23.644  -86.123  -12.140 0.4000000060
3229  22.321  -83.438  -9.928 0.4000000060
3236  22.983  -83.924  -10.812 0.4000000060
2854  23.163  -85.141  -13.431 0.4000000060
3632  21.133  -82.317  -8.736 0.5000000000
3247  24.829  -84.365  -12.485 0.4000000060
3630  22.819  -82.190  -8.846 0.5000000000
4533  23.531  -80.778  -9.558 0.6000000238
4099  24.391  -82.675  -11.092 0.5000000000
131874  23.411  -79.916  -9.249 0.5000000000
9103  27.385  -72.636  -11.070 0.3000000119
9104  26.405  -72.941  -10.812 0.3000000119
9105  25.397  -73.233  -10.678 0.3000000119
9087  26.980  -72.704  -9.790 0.3000000119
9086  27.904  -72.285  -9.186 0.3000000119
9657  29.635  -71.561  -9.592 0.3000000119
9642  29.526  -71.192  -8.446 0.3000000119
8517  25.101  -73.410  -12.457 0.3000000119
8518  24.353  -73.705  -12.120 0.4000000060
150165  23.645  -74.492  -11.254 0.4000000060
9113  26.768  -72.508  -11.924 0.3000000119
7931  23.724  -74.587  -9.927 0.4000000060
8492  24.573  -73.502  -10.449 0.4000000060
7264  23.967  -75.880  -7.674 0.4000000060
6559  23.619  -76.682  -7.305 0.4000000060
9111  28.183  -72.136  -11.559 0.3000000119
9089  24.933  -73.236  -9.791 0.3000000119
7930  24.080  -74.004  -9.430 0.4000000060
9626  28.268  -71.035  -7.743 0.3000000119
144752  25.171  -72.716  -9.185 0.3000000119
7321  23.450  -75.838  -12.171 0.4000000060
139950  23.358  -77.152  -10.876 0.4000000060
143923  23.373  -78.247  -9.094 0.4000000060
124206  23.406  -77.919  -8.265 0.4000000060
8534  24.510  -73.734  -12.960 0.4000000060
7963  23.564  -74.938  -11.774 0.4000000060
137176  23.397  -76.479  -10.554 0.4000000060
6000  23.414  -77.559  -9.218 0.4000000060
5984  23.485  -77.243  -7.773 0.4000000060
9132  25.821  -72.968  -12.837 0.3000000119
7946  23.566  -74.904  -10.781 0.4000000060
135456  23.485  -76.804  -9.209 0.4000000060
149135  23.067  -77.854  -6.573 0.4000000060
139471  26.450  -72.653  -12.560 0.3000000119
7276  23.852  -75.551  -8.636 0.4000000060
5975  23.331  -77.358  -6.844 0.4000000060
140580  28.737  -71.661  -11.949 0.3000000119
9068  24.737  -72.964  -8.950 0.4000000060
134295  23.526  -78.035  -12.538 0.4000000060
4992  23.391  -78.984  -10.680 0.4000000060
6046  23.741  -77.369  -13.512 0.4000000060
6039  23.489  -77.314  -12.629 0.4000000060
5488  23.376  -78.312  -11.107 0.4000000060
4985  23.400  -79.034  -9.461 0.4000000060
7984  26.217  -74.325  -13.464 0.3000000119
7986  23.906  -75.072  -13.375 0.4000000060
9695  28.148  -71.988  -13.254 0.3000000119
9681  27.859  -71.879  -12.896 0.3000000119
5985  23.299  -77.945  -7.181 0.4000000060
135845  29.029  -71.490  -12.547 0.3000000119
124261  23.495  -79.833  -10.252 0.4000000060
126157  23.498  -78.946  -11.603 0.4000000060
9067  24.816  -72.063  -8.584 0.3000000119
9644  25.062  -71.289  -8.512 0.3000000119
9066  25.647  -72.155  -8.789 0.3000000119
4948  22.323  -79.513  -6.522 0.4000000060
5460  23.370  -78.785  -8.415 0.4000000060
4520  23.304  -80.464  -8.506 0.4000000060
124590  23.675  -79.748  -11.595 0.4000000060
8505  24.884  -73.453  -11.439 0.3000000119
9065  27.806  -71.673  -8.380 0.3000000119
9643  28.713  -71.346  -8.170 0.3000000119
134735  23.620  -75.215  -12.730 0.4000000060
9090  24.431  -73.559  -9.637 0.4000000060
135697  23.579  -76.028  -9.234 0.4000000060
7917  23.966  -74.728  -9.034 0.4000000060
6572  23.633  -76.478  -8.361 0.4000000060
7330  23.658  -75.971  -13.237 0.4000000060
5476  23.349  -78.122  -10.038 0.4000000060
6013  23.387  -77.176  -10.043 0.4000000060
8545  24.828  -74.115  -13.342 0.3000000119
6589  23.458  -76.427  -9.804 0.4000000060
8532  25.933  -73.170  -13.236 0.3000000119
7338  24.052  -75.888  -13.773 0.4000000060
7985  25.320  -74.631  -13.531 0.3000000119
9139  27.191  -72.793  -13.321 0.3000000119
3608  16.597  -81.744  -5.347 0.3000000119
3609  15.622  -82.065  -5.046 0.3000000119
3607  17.522  -81.678  -5.574 0.3000000119
3592  16.247  -81.548  -4.322 0.3000000119
3202  17.165  -82.514  -6.191 0.3000000119
3203  16.191  -82.645  -5.915 0.3000000119
4038  18.775  -81.418  -5.262 0.3000000119
4022  17.939  -81.070  -4.550 0.3000000119
4023  17.236  -81.244  -4.761 0.3000000119
139980  19.473  -82.176  -5.691 0.3000000119
3620  17.947  -82.276  -6.117 0.3000000119
2812  17.267  -84.279  -6.838 0.3000000119
143833  18.980  -87.689  -7.244 0.3000000119
130465  19.360  -80.634  -2.818 0.3000000119
3996  18.664  -80.972  -3.095 0.3000000119
4020  20.013  -81.119  -4.396 0.3000000119
137996  19.221  -80.862  -4.146 0.3000000119
4010  17.662  -81.247  -4.158 0.3000000119
2811  19.042  -84.260  -7.105 0.3000000119
2449  19.976  -85.830  -6.947 0.3000000119
2461  19.243  -85.911  -7.299 0.3000000119
3589  20.454  -81.854  -4.990 0.3000000119
3618  19.428  -83.081  -6.309 0.3000000119
3605  20.470  -82.753  -5.570 0.3000000119
3199  21.140  -83.465  -5.420 0.3000000119
2809  20.249  -84.188  -6.392 0.3000000119
2810  19.798  -84.707  -6.886 0.3000000119
2440  21.203  -85.554  -5.809 0.3000000119
2098  23.887  -86.852  -6.126 0.4000000060
2088  22.130  -86.679  -5.656 0.4000000060
2067  17.132  -85.853  -4.314 0.3000000119
1754  16.027  -87.610  -4.091 0.3000000119
3591  16.988  -81.451  -4.144 0.3000000119
3580  15.609  -81.841  -3.489 0.3000000119
3151  18.566  -83.000  -2.148 0.3000000119
137422  18.861  -83.918  -2.601 0.3000000119
139510  18.767  -84.955  -3.538 0.3000000119
134394  16.063  -86.631  -4.139 0.3000000119
142228  18.532  -81.506  -0.824 0.3000000119
3164  18.326  -82.969  -3.037 0.3000000119
2775  18.588  -84.141  -3.371 0.3000000119
143260  16.234  -84.061  -3.240 0.3000000119
2068  16.140  -85.782  -3.996 0.3000000119
3563  18.371  -81.848  -2.588 0.3000000119
3178  17.906  -82.581  -3.469 0.3000000119
2788  17.642  -83.358  -3.741 0.3000000119
2790  15.690  -82.976  -2.659 0.3000000119
3179  17.111  -82.411  -3.567 0.3000000119
3180  16.048  -82.214  -3.243 0.3000000119
3212  18.030  -83.004  -6.570 0.3000000119
2450  17.907  -84.961  -7.158 0.3000000119
130291  18.711  -81.031  -2.236 0.3000000119
3210  19.959  -83.517  -6.303 0.3000000119
2058  18.676  -86.497  -3.663 0.3000000119
3564  14.978  -82.189  -2.587 0.3000000119
3553  18.433  -81.939  -1.560 0.3000000119
139733  19.064  -84.555  -2.930 0.3000000119
2787  18.126  -83.547  -3.581 0.3000000119
149858  17.137  -83.961  -3.914 0.3000000119
2439  21.893  -85.867  -5.460 0.3000000119
4077  26.035  -81.930  -8.225 0.3000000119
3629  26.256  -82.410  -7.214 0.3000000119
3223  26.568  -84.107  -8.252 0.3000000119
2821  26.431  -84.763  -8.110 0.4000000060
2467  25.848  -85.311  -8.722 0.4000000060
2123  24.644  -86.008  -8.395 0.3000000119
2124  23.879  -86.366  -8.711 0.3000000119
4078  25.935  -81.431  -8.981 0.3000000119
3635  26.586  -83.338  -9.697 0.4000000060
2826  26.470  -84.645  -10.088 0.4000000060
2827  26.320  -84.784  -10.843 0.4000000060
2132  24.536  -85.911  -10.663 0.3000000119
2843  26.075  -84.295  -12.330 0.4000000060
2832  26.308  -84.610  -11.724 0.4000000060
2483  24.965  -85.181  -12.473 0.3000000119
3246  25.639  -83.993  -12.549 0.3000000119
4052  27.917  -81.584  -5.796 0.3000000119
4053  26.809  -81.845  -6.295 0.3000000119
3209  26.650  -83.857  -6.251 0.4000000060
2817  26.435  -84.950  -7.078 0.4000000060
2458  26.088  -85.261  -7.776 0.3000000119
2460  25.356  -85.700  -7.901 0.3000000119
2112  24.139  -86.560  -6.889 0.3000000119
4495  26.976  -80.945  -6.563 0.3000000119
4508  26.312  -80.448  -7.349 0.3000000119
4066  25.840  -80.947  -8.083 0.3000000119
4519  25.777  -80.683  -9.045 0.3000000119
4090  26.311  -82.347  -9.633 0.3000000119
132694  26.799  -83.069  -10.762 0.4000000060
150024  25.666  -80.030  -9.182 0.3000000119
4542  26.034  -80.455  -10.973 0.3000000119
4091  26.169  -81.288  -10.157 0.3000000119
131010  26.579  -82.138  -11.092 0.4000000060
3233  26.870  -83.589  -11.490 0.4000000060
147075  25.934  -80.617  -11.761 0.3000000119
4097  26.528  -82.073  -12.031 0.4000000060
3659  26.138  -82.830  -12.537 0.4000000060
5003  24.624  -79.458  -12.783 0.3000000119
4120  25.471  -81.358  -12.299 0.4000000060
3660  25.646  -82.256  -12.423 0.4000000060
3654  25.676  -83.128  -12.437 0.4000000060
5004  24.124  -79.162  -12.900 0.3000000119
4550  24.871  -81.302  -12.272 0.4000000060
4562  24.222  -79.863  -12.534 0.3000000119
4926  27.069  -79.512  -4.068 0.3000000119
4477  27.920  -80.359  -4.288 0.3000000119
4005  26.896  -81.363  -3.497 0.3000000119
3574  27.216  -82.963  -3.399 0.3000000119
148796  29.662  -81.359  -5.807 0.3000000119
4036  29.171  -81.885  -5.088 0.3000000119
3602  28.492  -82.417  -4.632 0.3000000119
3173  27.716  -83.680  -3.842 0.3000000119
4958  29.378  -80.009  -7.182 0.3000000119
4494  29.171  -81.297  -6.042 0.3000000119
4037  28.511  -82.215  -5.172 0.3000000119
146763  27.712  -83.304  -4.682 0.3000000119
3198  26.824  -84.239  -5.398 0.3000000119
2801  26.645  -84.807  -5.164 0.3000000119
2437  25.855  -85.719  -5.607 0.3000000119
2097  24.675  -86.389  -6.205 0.3000000119
2085  24.342  -86.502  -5.611 0.3000000119
2077  23.307  -86.500  -5.285 0.3000000119
132423  28.114  -79.970  -6.950 0.3000000119
4995  25.462  -79.458  -12.183 0.3000000119
4110  25.879  -81.216  -12.149 0.3000000119
5495  25.333  -78.663  -12.349 0.3000000119
5002  25.129  -79.400  -12.762 0.3000000119
5508  24.274  -77.888  -13.601 0.3000000119
5509  23.942  -77.986  -13.535 0.3000000119
4996  23.769  -79.177  -12.425 0.3000000119
5406  27.150  -78.615  -4.162 0.3000000119
4932  27.921  -79.325  -4.421 0.3000000119
4476  28.866  -81.326  -4.593 0.3000000119
4004  27.643  -82.217  -3.651 0.3000000119
4486  29.982  -81.054  -5.668 0.3000000119
4003  28.384  -82.172  -4.188 0.3000000119
2438  22.653  -86.243  -5.260 0.3000000119
5950  26.536  -77.037  -3.614 0.3000000119
5411  27.908  -78.340  -4.480 0.3000000119
136141  28.721  -79.082  -4.784 0.3000000119
4931  28.865  -80.162  -4.680 0.3000000119
4475  29.699  -80.865  -5.111 0.3000000119
4050  30.067  -81.076  -6.193 0.3000000119
5954  27.928  -77.383  -4.466 0.3000000119
5953  28.654  -78.049  -4.846 0.3000000119
5410  29.413  -78.859  -5.224 0.3000000119
134554  30.071  -79.603  -5.541 0.3000000119
1762  23.110  -87.067  -6.086 0.3000000119
142099  23.460  -86.856  -7.259 0.3000000119
129963  23.988  -86.443  -7.775 0.3000000119
2468  25.319  -85.604  -9.091 0.3000000119
2476  25.219  -85.455  -11.535 0.4000000060
4111  24.990  -82.440  -11.997 0.4000000060
6045  23.992  -77.327  -13.937 0.3000000119
4065  26.226  -81.364  -7.196 0.3000000119
128565  26.357  -83.104  -8.481 0.3000000119
3625  26.637  -82.841  -6.191 0.3000000119
137870  26.507  -84.449  -9.180 0.4000000060
2471  26.235  -84.943  -8.974 0.4000000060
2472  25.990  -85.173  -9.887 0.4000000060
3643  26.827  -82.814  -11.779 0.4000000060
4947  28.029  -80.769  -6.419 0.3000000119
3617  27.416  -82.443  -5.533 0.3000000119
143297  26.547  -84.554  -6.412 0.3000000119
3604  27.191  -83.321  -5.293 0.3000000119
2446  26.185  -85.313  -6.658 0.4000000060
2459  25.699  -85.663  -6.955 0.3000000119
5444  27.061  -79.144  -7.435 0.3000000119
4959  26.424  -79.694  -7.506 0.3000000119
4975  25.634  -79.333  -8.867 0.3000000119
4098  26.288  -81.214  -11.407 0.4000000060
5010  24.716  -78.870  -13.081 0.3000000119
3573  28.151  -82.972  -3.856 0.3000000119
3188  27.757  -83.763  -4.099 0.3000000119
2795  26.814  -84.672  -4.520 0.3000000119
130729  25.239  -78.057  -12.866 0.3000000119
1138  19.460  -89.339  -7.737 0.4000000060
1139  18.207  -89.867  -7.867 0.4000000060
1153  18.804  -89.588  -8.792 0.5000000000
1154  18.040  -89.814  -8.918 0.5000000000
1429  19.646  -88.520  -7.072 0.4000000060
1436  20.091  -88.792  -7.312 0.4000000060
1445  21.023  -88.406  -8.368 0.5000000000
1453  19.394  -88.991  -9.376 0.4000000060
1460  20.389  -87.787  -10.951 0.4000000060
1769  22.474  -87.380  -6.565 0.5000000000
1778  22.703  -87.359  -7.258 0.5000000000
1788  22.357  -87.420  -8.184 0.5000000000
1806  19.569  -87.737  -11.060 0.4000000060
1812  20.944  -87.164  -12.189 0.4000000060
1814  19.904  -87.435  -11.921 0.4000000060
2066  17.869  -86.472  -4.194 0.3000000119
2076  23.956  -86.390  -5.134 0.3000000119
2086  23.606  -86.763  -5.654 0.3000000119
2087  22.885  -86.844  -5.645 0.4000000060
2089  21.495  -86.350  -5.766 0.3000000119
2096  25.423  -85.948  -6.250 0.3000000119
2110  25.026  -86.079  -6.941 0.3000000119
2111  24.647  -86.152  -7.556 0.3000000119
2113  19.583  -86.758  -7.157 0.5000000000
2125  23.062  -86.757  -8.980 0.3000000119
2128  24.582  -85.936  -9.471 0.4000000060
2135  21.988  -86.875  -11.284 0.5000000000
2144  22.713  -86.455  -12.200 0.4000000060
2152  22.865  -85.692  -13.471 0.4000000060
2153  20.340  -86.765  -13.271 0.4000000060
2160  20.950  -86.199  -13.840 0.4000000060
2418  17.965  -84.515  -4.080 0.3000000119
2419  16.707  -84.891  -4.007 0.3000000119
2420  15.854  -85.173  -3.336 0.3000000119
2436  26.272  -85.311  -5.781 0.3000000119
2447  25.933  -85.611  -6.243 0.3000000119
2448  20.518  -85.172  -6.380 0.3000000119
2473  25.293  -85.553  -10.296 0.3000000119
2475  25.891  -85.129  -11.132 0.4000000060
2482  25.741  -84.942  -12.092 0.4000000060
2491  22.972  -85.377  -13.590 0.4000000060
2499  21.496  -85.501  -14.059 0.4000000060
2509  20.996  -85.038  -14.371 0.4000000060
2511  19.926  -84.831  -14.598 0.4000000060
2782  27.362  -84.265  -4.089 0.3000000119
2789  16.654  -83.090  -3.373 0.3000000119
2794  27.163  -84.270  -4.537 0.3000000119
2808  26.484  -84.926  -6.084 0.3000000119
2818  19.231  -85.134  -7.231 0.3000000119
2831  26.674  -84.299  -11.162 0.4000000060
2842  26.684  -84.000  -12.069 0.4000000060
2853  23.862  -85.207  -13.222 0.4000000060
2855  22.189  -84.787  -13.579 0.4000000060
2863  20.987  -84.599  -14.256 0.4000000060
2871  19.972  -84.171  -14.558 0.4000000060
3142  18.587  -83.093  -1.123 0.3000000119
3172  28.124  -83.313  -4.023 0.3000000119
3197  27.496  -83.731  -4.602 0.3000000119
3200  20.482  -83.551  -5.940 0.3000000119
3201  19.988  -82.991  -6.013 0.3000000119
3204  15.500  -82.952  -5.750 0.3000000119
3211  19.568  -83.846  -6.677 0.3000000119
3213  16.703  -83.469  -6.466 0.3000000119
3218  26.457  -83.466  -7.239 0.3000000119
3227  26.764  -83.959  -10.284 0.4000000060
3244  26.728  -83.267  -12.173 0.4000000060
3245  26.301  -83.535  -12.488 0.4000000060
3249  21.799  -84.181  -11.724 0.4000000060
3257  26.436  -82.927  -12.409 0.4000000060
3275  19.275  -83.696  -14.553 0.4000000060
3577  18.144  -81.603  -3.410 0.3000000119
3578  17.395  -81.765  -3.752 0.3000000119
3579  16.559  -81.761  -3.722 0.3000000119
3587  28.323  -82.705  -4.234 0.3000000119
3588  28.081  -83.192  -4.305 0.3000000119
3590  19.434  -81.319  -4.911 0.3000000119
3603  27.889  -82.865  -4.887 0.3000000119
3606  18.389  -81.816  -5.704 0.3000000119
3619  18.684  -82.603  -6.238 0.3000000119
3631  22.006  -82.383  -8.622 0.5000000000
3636  23.294  -82.670  -9.620 0.5000000000
3638  21.713  -82.851  -9.293 0.4000000060
3639  20.828  -82.679  -9.480 0.5000000000
3647  19.845  -82.406  -10.790 0.4000000060
3653  26.594  -82.699  -12.231 0.4000000060
3661  20.167  -82.825  -13.549 0.4000000060
4008  19.119  -80.746  -3.518 0.3000000119
4009  18.450  -80.951  -3.946 0.3000000119
4017  29.465  -81.516  -5.164 0.3000000119
4018  28.849  -82.051  -4.678 0.3000000119
4021  18.592  -81.050  -4.645 0.3000000119
4035  29.641  -81.401  -5.583 0.3000000119
4039  18.021  -81.187  -5.111 0.3000000119
4051  29.160  -81.626  -5.512 0.3000000119
4067  21.899  -81.276  -7.550 0.6000000238
4080  22.361  -81.703  -8.160 0.5000000000
4083  19.682  -81.467  -8.679 0.5000000000
4093  20.222  -82.140  -9.019 0.5000000000
4109  26.211  -82.226  -12.452 0.4000000060
4129  19.195  -81.787  -13.697 0.5000000000
4130  18.668  -81.452  -13.908 0.6000000238
4131  17.998  -81.188  -14.137 0.4000000060
4135  18.264  -81.992  -14.306 0.4000000060
4469  27.826  -81.354  -4.015 0.3000000119
4493  30.534  -80.543  -6.731 0.3000000119
4506  29.268  -80.665  -6.571 0.3000000119
4507  27.047  -80.093  -6.939 0.3000000119
4509  22.181  -80.674  -7.212 0.6999999881
4522  19.173  -80.601  -8.418 0.6000000238
4532  25.933  -80.491  -10.032 0.3000000119
4535  18.610  -80.426  -9.930 0.6999999881
4543  23.755  -80.675  -10.916 0.5000000000
4549  25.537  -80.185  -12.245 0.3000000119
4551  24.182  -80.603  -12.023 0.3000000119
4560  25.233  -80.322  -12.478 0.3000000119
4561  24.809  -80.433  -12.519 0.3000000119
4567  18.190  -80.635  -13.526 0.6999999881
4571  17.360  -81.133  -14.021 0.6000000238
4930  29.567  -79.864  -5.139 0.3000000119
4938  30.213  -80.423  -5.633 0.3000000119
4951  19.062  -78.992  -6.829 0.6000000238
4952  18.513  -78.594  -7.121 0.6000000238
4960  25.800  -79.994  -8.182 0.3000000119
4961  23.175  -79.436  -7.668 0.4000000060
4963  19.358  -79.638  -7.171 0.6000000238
4976  23.354  -79.612  -8.505 0.4000000060
4984  25.715  -79.732  -10.110 0.3000000119
5006  17.617  -79.000  -12.841 0.6000000238
5011  24.274  -78.616  -13.231 0.3000000119
5012  17.843  -79.803  -13.049 0.6000000238
5013  16.796  -79.720  -13.603 0.6000000238
5412  21.756  -77.950  -4.989 0.6000000238
5413  20.939  -78.171  -4.839 0.6999999881
5421  30.114  -78.799  -5.709 0.3000000119
5423  20.625  -78.674  -5.338 0.6000000238
5424  19.830  -78.497  -5.518 0.6000000238
5434  20.232  -79.076  -5.869 0.6999999881
5445  23.220  -78.661  -7.447 0.6000000238
5461  18.078  -79.134  -9.142 0.6000000238
5478  17.750  -78.430  -9.619 0.6999999881
5490  17.775  -78.369  -10.600 0.6999999881
5496  23.507  -78.479  -12.081 0.4000000060
5500  24.983  -78.603  -13.130 0.3000000119
5501  23.794  -78.564  -12.997 0.3000000119
5502  17.776  -78.693  -12.392 0.6000000238
5503  17.592  -77.882  -12.407 0.6000000238
5507  24.583  -78.375  -13.328 0.3000000119
5510  17.221  -78.485  -13.127 0.6000000238
5949  27.199  -77.697  -4.124 0.3000000119
5957  20.209  -77.610  -4.544 0.6999999881
5959  18.644  -76.945  -4.936 0.6999999881
5967  22.354  -77.629  -5.287 0.5000000000
5987  17.786  -77.702  -7.555 0.6999999881
6026  23.356  -77.687  -10.712 0.4000000060
6034  23.388  -77.679  -11.628 0.4000000060
6038  24.810  -77.842  -13.459 0.3000000119
6040  17.666  -77.022  -12.629 0.5000000000
6044  24.444  -77.216  -13.878 0.3000000119
6047  16.966  -77.702  -13.231 0.6000000238
6516  27.332  -76.808  -4.055 0.3000000119
6521  19.384  -76.024  -3.965 0.6000000238
6533  19.739  -76.816  -4.180 0.6000000238
6534  18.961  -76.541  -4.477 0.6000000238
6542  17.869  -76.103  -5.644 0.8000000119
6550  23.415  -76.864  -6.461 0.5000000000
6616  23.470  -76.523  -12.580 0.4000000060
6622  23.594  -76.779  -13.245 0.4000000060
6623  17.883  -76.257  -12.964 0.6000000238
6628  24.183  -76.597  -13.971 0.3000000119
6629  23.864  -76.679  -13.801 0.4000000060
6631  16.669  -76.927  -13.339 0.5000000000
7202  21.405  -75.667  -3.396 0.6999999881
7225  22.742  -75.799  -4.030 0.6000000238
7226  18.696  -75.700  -4.459 0.6000000238
7277  17.565  -75.026  -8.291 0.6000000238
7291  23.693  -75.292  -9.367 0.4000000060
7292  17.652  -75.383  -9.296 0.6000000238
7308  23.430  -75.747  -11.117 0.4000000060
7309  18.066  -75.718  -11.110 0.6000000238
7337  24.461  -75.043  -13.596 0.3000000119
7833  22.361  -74.731  -2.996 0.6999999881
7835  20.573  -74.380  -3.212 0.6999999881
7838  9.818  -74.456  -3.368 0.5000000000
7868  24.327  -74.888  -4.957 0.6000000238
7871  17.716  -75.041  -6.184 0.8000000119
7887  17.817  -74.397  -6.278 0.8000000119
7904  17.596  -74.099  -8.170 0.6999999881
7916  24.247  -74.183  -8.762 0.4000000060
7964  18.502  -74.062  -11.895 0.5000000000
7975  24.142  -74.283  -13.249 0.4000000060
7976  23.760  -74.483  -12.714 0.4000000060
8416  12.707  -73.670  -0.907 0.6000000238
8424  24.351  -73.242  -2.946 0.6000000238
8426  22.785  -73.355  -2.512 0.6999999881
8428  11.989  -73.679  -2.321 0.5000000000
8436  20.279  -73.634  -3.505 0.6999999881
8441  25.487  -73.087  -4.040 0.6000000238
8444  18.755  -73.650  -4.961 0.6999999881
8452  18.820  -72.785  -5.016 0.6000000238
8458  25.191  -73.875  -6.402 0.5000000000
8478  24.397  -73.565  -8.960 0.4000000060
8493  24.038  -73.847  -10.206 0.4000000060
8495  18.040  -73.862  -9.767 0.5000000000
8506  24.155  -73.737  -11.114 0.4000000060
8507  23.758  -74.193  -10.814 0.4000000060
8519  23.801  -74.104  -11.803 0.4000000060
8520  18.559  -73.284  -12.350 0.5000000000
8533  25.261  -73.467  -13.119 0.3000000119
8535  23.981  -73.926  -12.696 0.4000000060
8536  18.560  -72.538  -12.437 0.5000000000
8543  26.596  -73.427  -13.389 0.3000000119
8544  25.661  -73.809  -13.375 0.3000000119
8964  13.606  -72.396  -0.031 0.5000000000
8965  12.910  -72.823  0.465 0.6000000238
8993  13.117  -72.851  -1.402 0.6000000238
9003  25.166  -71.714  -2.783 0.6999999881
9005  23.940  -72.649  -2.543 0.6999999881
9010  11.023  -72.743  -3.288 0.6000000238
9015  26.079  -71.771  -3.822 0.6000000238
9016  25.529  -72.308  -3.443 0.6000000238
9017  21.451  -72.877  -2.836 0.6999999881
9019  19.939  -72.938  -3.971 0.6999999881
9020  11.216  -71.941  -3.253 0.6000000238
9023  8.848  -72.074  -4.366 0.6000000238
9028  26.289  -71.639  -4.487 0.6000000238
9033  8.147  -72.329  -4.724 0.5000000000
9034  7.437  -72.529  -5.159 0.5000000000
9040  26.105  -72.163  -5.223 0.6000000238
9041  18.262  -72.340  -5.599 0.6999999881
9058  24.668  -72.150  -8.332 0.4000000060
9102  28.069  -72.451  -10.324 0.3000000119
9112  27.591  -72.098  -12.220 0.3000000119
9114  25.852  -73.078  -11.844 0.3000000119
9115  18.836  -71.994  -11.864 0.5000000000
9130  27.465  -72.291  -13.140 0.3000000119
9131  26.635  -72.711  -13.082 0.3000000119
9138  27.815  -72.593  -13.370 0.3000000119
9548  14.616  -70.845  0.101 0.6000000238
9549  14.278  -71.164  -0.637 0.6000000238
9570  22.946  -71.309  -2.395 0.6999999881
9573  12.223  -71.283  -2.581 0.6000000238
9575  11.066  -70.529  -3.059 0.6000000238
9580  26.376  -70.983  -3.824 0.6000000238
9582  20.998  -72.118  -3.244 0.6999999881
9585  8.948  -71.262  -4.213 0.6000000238
9594  6.784  -70.875  -5.186 0.5000000000
9625  29.117  -70.848  -7.685 0.3000000119
9656  30.133  -71.078  -9.099 0.3000000119
9660  12.754  -70.936  -9.957 0.6000000238
9667  18.963  -71.190  -11.447 0.5000000000
9680  28.319  -71.716  -12.477 0.3000000119
9683  16.331  -71.503  -12.031 0.5000000000
9693  28.595  -71.672  -12.973 0.3000000119
10099  14.958  -70.422  0.769 0.4000000060
10100  14.588  -70.568  1.585 0.4000000060
10102  12.169  -71.163  1.917 0.4000000060
10134  13.272  -70.566  -1.782 0.6000000238
10135  12.468  -70.553  -2.284 0.6000000238
10157  25.969  -70.526  -3.133 0.6999999881
10159  18.200  -70.086  -3.787 0.6000000238
10160  10.414  -70.112  -3.242 0.6000000238
10161  9.164  -70.454  -3.917 0.6000000238
10163  7.785  -69.580  -4.406 0.5000000000
10165  26.553  -70.280  -4.383 0.4000000060
10166  18.954  -71.241  -4.086 0.6000000238
10174  17.785  -70.815  -4.984 0.6000000238
10178  4.031  -69.933  -5.983 0.5000000000
10182  24.935  -70.343  -6.921 0.4000000060
10192  2.929  -70.077  -6.767 0.5000000000
10221  24.127  -70.127  -8.170 0.4000000060
10245  19.067  -70.404  -11.251 0.6000000238
10247  15.359  -70.410  -10.999 0.5000000000
10258  18.129  -70.739  -11.789 0.6000000238
10260  15.735  -70.851  -11.529 0.5000000000
10657  11.761  -69.657  3.601 0.4000000060
10669  13.268  -70.146  2.927 0.4000000060
10670  12.276  -70.189  2.988 0.4000000060
10671  11.300  -70.119  2.997 0.4000000060
10680  15.307  -69.994  1.418 0.4000000060
10688  15.362  -69.689  0.651 0.4000000060
10705  13.012  -69.032  -1.283 0.5000000000
10713  22.915  -69.047  -1.747 0.6000000238
10714  22.035  -69.230  -1.703 0.6000000238
10716  20.061  -68.899  -1.665 0.6000000238
10717  13.526  -69.827  -1.420 0.6000000238
10728  24.472  -69.390  -2.300 0.6000000238
10730  22.615  -69.748  -2.034 0.6000000238
10733  19.002  -69.642  -2.718 0.6999999881
10734  18.541  -68.783  -2.800 0.6000000238
10735  11.882  -69.943  -2.364 0.6000000238
10737  10.199  -69.242  -2.942 0.6000000238
10744  18.761  -70.117  -3.249 0.6000000238
10752  7.288  -68.794  -4.481 0.6000000238
10753  6.556  -68.937  -4.863 0.5000000000
10754  5.817  -69.028  -5.221 0.5000000000
10758  5.037  -69.087  -5.541 0.5000000000
10759  4.332  -69.244  -5.925 0.5000000000
10760  3.713  -69.557  -6.424 0.5000000000
10769  17.398  -69.223  -6.411 0.6000000238
10783  23.926  -69.970  -8.014 0.5000000000
10803  15.324  -69.755  -7.956 0.5000000000
10812  19.089  -68.487  -11.051 0.6000000238
10813  16.574  -69.015  -9.908 0.5000000000
10817  18.854  -68.696  -11.208 0.5000000000
10819  17.467  -69.385  -11.130 0.5000000000
10829  17.766  -69.954  -11.510 0.5000000000
11231  13.814  -68.440  4.640 0.4000000060
11245  13.243  -69.145  4.126 0.4000000060
11246  12.229  -69.157  4.186 0.4000000060
11247  11.272  -69.077  4.130 0.3000000119
11259  16.049  -68.927  2.122 0.4000000060
11269  16.321  -68.104  1.936 0.4000000060
11282  14.813  -68.454  0.184 0.5000000000
11283  13.855  -68.096  -0.046 0.4000000060
11301  11.426  -67.927  -0.990 0.5000000000
11302  10.399  -67.596  -1.115 0.5000000000
11310  20.786  -68.514  -1.292 0.6000000238
11325  19.449  -68.255  -1.759 0.6999999881
11333  26.241  -67.903  -3.786 0.5000000000
11336  9.522  -68.755  -3.093 0.6000000238
11338  7.412  -67.850  -4.080 0.6000000238
11343  17.675  -67.715  -5.025 0.6000000238
11349  5.393  -68.357  -5.480 0.5000000000
11357  24.581  -68.712  -7.053 0.4000000060
11358  17.603  -68.201  -6.681 0.6000000238
11366  4.527  -68.373  -6.272 0.5000000000
11386  4.066  -69.038  -6.657 0.5000000000
11393  24.365  -68.389  -8.565 0.4000000060
11403  19.005  -67.580  -10.773 0.6000000238
11410  18.007  -68.475  -11.019 0.5000000000
11931  13.270  -67.366  0.447 0.5000000000
11947  22.046  -67.241  -0.623 0.6000000238
11950  12.828  -67.830  -0.164 0.6000000238
11951  11.783  -67.580  -0.246 0.6000000238
11958  23.430  -67.568  -1.242 0.6000000238
11961  20.531  -67.666  -0.935 0.6000000238
11962  9.385  -67.147  -1.287 0.6000000238
11963  8.567  -66.514  -1.578 0.6000000238
11974  8.301  -66.907  -2.417 0.6000000238
11983  8.401  -67.686  -3.111 0.6000000238
11989  18.095  -67.549  -4.065 0.6999999881
11991  5.803  -67.616  -5.310 0.6000000238
11997  17.869  -66.849  -5.462 0.6999999881
12000  4.936  -67.851  -5.993 0.5000000000
12010  6.706  -67.170  -6.612 0.5000000000
12029  5.937  -67.862  -6.735 0.5000000000
12040  15.939  -66.416  -9.050 0.6000000238
12042  13.312  -65.962  -8.330 0.5000000000
12050  18.680  -66.877  -10.621 0.6000000238
12051  18.296  -66.721  -10.686 0.4000000060
12508  14.821  -66.641  5.623 0.4000000060
12514  8.985  -65.950  5.244 0.3000000119
12522  7.104  -65.572  4.418 0.3000000119
12556  10.200  -65.404  1.313 0.6000000238
12568  12.658  -66.644  0.954 0.4000000060
12569  11.629  -66.497  0.897 0.6000000238
12571  9.206  -65.590  0.134 0.6000000238
12572  9.157  -65.373  -0.037 0.5000000000
12579  24.090  -66.149  -0.685 0.6000000238
12582  21.512  -66.605  -0.397 0.6999999881
12583  9.212  -66.165  -0.147 0.6000000238
12589  20.155  -66.020  -0.884 0.8000000119
12599  19.203  -66.899  -1.783 0.8000000119
12602  13.211  -66.422  -2.603 0.6000000238
12614  13.780  -66.508  -3.297 0.6000000238
12615  12.966  -66.525  -3.473 0.6000000238
12618  7.062  -66.467  -4.107 0.6000000238
12625  18.276  -66.521  -4.246 0.6999999881
12626  14.418  -66.461  -3.947 0.6000000238
12628  12.622  -66.416  -4.451 0.6000000238
12629  11.700  -66.319  -4.577 0.5000000000
12630  6.555  -66.479  -4.701 0.6000000238
12631  6.022  -66.900  -5.263 0.6000000238
12641  12.170  -66.107  -5.536 0.5000000000
12643  6.889  -66.101  -5.816 0.6000000238
12645  5.923  -66.799  -5.707 0.6000000238
12654  10.022  -66.246  -6.644 0.5000000000
12656  8.105  -66.423  -6.338 0.6000000238
12658  6.378  -66.521  -6.048 0.6000000238
12666  18.083  -65.885  -8.277 0.6999999881
12671  9.464  -66.759  -6.730 0.4000000060
12682  18.312  -66.225  -10.219 0.6999999881
12684  16.031  -65.845  -9.018 0.6000000238
13142  13.996  -65.057  6.188 0.4000000060
13151  14.407  -65.847  5.906 0.4000000060
13156  9.554  -65.374  5.415 0.3000000119
13163  7.497  -64.945  4.673 0.3000000119
13214  9.422  -65.186  1.040 0.6000000238
13222  22.736  -65.683  -0.217 0.5000000000
13227  9.253  -65.114  -0.130 0.5000000000
13235  19.690  -65.242  -1.349 0.8000000119
13236  19.174  -65.298  -2.127 0.8000000119
13237  13.755  -65.414  -1.568 0.5000000000
13238  12.731  -65.467  -1.376 0.5000000000
13240  10.653  -65.606  -1.693 0.6000000238
13242  8.824  -65.667  -0.857 0.5000000000
13252  14.749  -66.100  -2.476 0.6999999881
13254  12.547  -66.205  -2.000 0.6000000238
13255  11.515  -66.182  -2.526 0.5000000000
13256  9.586  -65.572  -1.978 0.5000000000
13258  7.789  -66.022  -3.106 0.6000000238
13273  9.123  -65.658  -3.697 0.5000000000
13275  7.370  -66.003  -3.913 0.6000000238
13288  15.024  -66.142  -4.574 0.6000000238
13290  9.856  -65.860  -4.754 0.5000000000
13293  7.196  -65.790  -4.653 0.6000000238
13294  6.763  -65.981  -4.883 0.6000000238
13301  17.693  -65.545  -5.792 0.6999999881
13305  11.678  -65.718  -6.529 0.5000000000
13307  9.618  -65.849  -5.679 0.5000000000
13309  8.160  -65.744  -5.539 0.6000000238
13323  17.661  -65.687  -6.687 0.6999999881
13326  14.043  -65.149  -7.649 0.6000000238
13329  11.308  -65.691  -7.013 0.5000000000
13330  10.413  -65.866  -6.485 0.5000000000
13333  7.630  -65.953  -5.825 0.6000000238
13341  17.222  -65.264  -8.144 0.6999999881
13343  15.401  -65.150  -8.324 0.6999999881
13355  17.750  -65.486  -8.794 0.6999999881
13358  14.964  -65.523  -8.519 0.6000000238
13359  13.764  -65.560  -8.238 0.5000000000
13367  17.709  -65.691  -9.626 0.6999999881
13882  16.243  -64.642  6.647 0.4000000060
13886  12.777  -64.355  6.176 0.4000000060
13897  9.355  -64.558  5.418 0.3000000119
13907  7.159  -64.243  4.539 0.3000000119
13908  6.512  -64.385  4.110 0.3000000119
13950  9.564  -63.766  0.782 0.5000000000
13957  23.942  -64.778  -0.267 0.5000000000
13960  20.748  -64.243  -0.666 0.6000000238
13963  9.395  -64.420  0.543 0.5000000000
13964  9.244  -64.905  0.469 0.5000000000
13985  19.037  -63.889  -2.631 0.6000000238
13986  18.702  -64.237  -3.337 0.8000000119
13988  16.150  -65.080  -2.677 0.6999999881
14003  16.723  -64.637  -3.415 0.6000000238
14013  17.885  -64.706  -4.600 0.6999999881
14015  16.924  -64.549  -4.501 0.6999999881
14020  17.602  -65.166  -5.263 0.6999999881
14021  17.218  -64.941  -5.549 0.6000000238
14022  16.858  -64.763  -5.357 0.6000000238
14023  16.128  -65.061  -5.976 0.6000000238
14038  15.920  -65.048  -7.027 0.6999999881
14051  15.855  -65.052  -7.838 0.6999999881
14566  15.074  -63.743  6.698 0.4000000060
14568  13.530  -63.318  6.468 0.4000000060
14569  12.745  -63.529  6.288 0.4000000060
14577  11.853  -63.494  6.073 0.4000000060
14578  10.701  -63.280  5.798 0.3000000119
14579  9.197  -63.601  5.406 0.3000000119
14584  8.287  -63.522  5.102 0.3000000119
14585  7.510  -63.492  4.755 0.3000000119
14603  6.066  -63.802  3.802 0.3000000119
14622  5.141  -63.770  2.849 0.4000000060
14644  20.234  -63.317  -1.116 0.6000000238
14678  18.584  -63.258  -2.848 0.5000000000
14691  18.374  -63.755  -3.498 0.6000000238
14692  17.948  -63.664  -3.513 0.6999999881
14700  17.978  -64.062  -4.161 0.6999999881
15306  10.398  -62.608  5.746 0.4000000060
15324  7.200  -62.722  4.608 0.3000000119
15366  5.461  -62.604  0.669 0.3000000119
15386  21.565  -62.637  -0.608 0.6000000238
16051  12.101  -61.134  6.232 0.3000000119
16052  11.313  -61.083  5.983 0.4000000060
16053  9.982  -61.779  5.623 0.3000000119
16055  8.172  -61.947  5.154 0.3000000119
16756  11.759  -60.375  6.061 0.3000000119
16788  7.154  -60.165  2.716 0.3000000119
16789  6.627  -60.942  1.680 0.3000000119
16797  7.029  -60.234  1.683 0.4000000060
16807  7.094  -60.229  0.559 0.4000000060
16817  7.130  -60.376  -0.521 0.4000000060
16840  6.383  -60.837  -2.324 0.3000000119
17456  15.392  -59.624  6.610 0.3000000119
17457  13.829  -59.489  6.232 0.3000000119
17468  13.139  -59.102  5.952 0.3000000119
17470  10.595  -59.894  5.608 0.4000000060
17478  8.138  -59.795  4.484 0.3000000119
17479  7.688  -59.809  3.932 0.3000000119
17495  7.873  -58.868  2.784 0.3000000119
17505  7.451  -59.622  1.153 0.3000000119
17526  6.805  -60.439  -2.326 0.3000000119
18216  11.673  -58.831  5.491 0.3000000119
18217  10.912  -59.164  5.493 0.3000000119
18223  11.708  -58.073  5.021 0.3000000119
18224  10.841  -58.375  5.065 0.3000000119
18237  8.402  -58.257  2.888 0.3000000119
18238  7.764  -58.940  1.718 0.3000000119
18248  7.905  -59.118  0.601 0.5000000000
18259  8.324  -58.542  0.041 0.4000000060
18270  8.493  -58.812  -1.347 0.3000000119
18280  7.023  -58.978  -3.031 0.3000000119
18300  7.537  -58.566  -3.228 0.3000000119
19015  12.596  -57.262  4.555 0.3000000119
19017  11.180  -57.666  4.441 0.3000000119
19023  11.557  -57.096  3.893 0.3000000119
19025  9.922  -57.409  3.455 0.3000000119
19031  11.218  -56.819  3.339 0.3000000119
19067  9.034  -58.369  -2.124 0.3000000119
19075  9.464  -57.740  -2.731 0.3000000119
19076  8.833  -58.237  -3.482 0.3000000119
19087  8.549  -57.759  -3.728 0.3000000119
19808  12.962  -55.772  3.259 0.3000000119
19809  12.383  -56.026  3.139 0.3000000119
19811  10.339  -56.422  2.216 0.3000000119
19812  9.680  -56.564  1.659 0.3000000119
19825  10.894  -55.883  1.837 0.3000000119
19827  9.513  -56.538  0.740 0.3000000119
19855  10.108  -56.239  -0.937 0.3000000119
19856  9.915  -57.076  -1.812 0.3000000119
19867  10.333  -56.486  -2.345 0.3000000119
19876  9.628  -56.784  -3.732 0.3000000119
20634  13.974  -55.035  3.218 0.3000000119
20654  12.842  -54.829  2.050 0.3000000119
20656  11.364  -55.374  1.353 0.3000000119
20674  11.759  -54.793  0.808 0.3000000119
20706  11.034  -55.203  -3.179 0.3000000119
20707  10.720  -55.865  -2.820 0.3000000119
20718  10.838  -54.914  -3.613 0.3000000119
21579  13.122  -54.303  1.555 0.3000000119
21618  11.479  -54.768  -0.320 0.3000000119
21651  11.135  -54.360  -3.816 0.3000000119
21652  10.863  -54.575  -3.738 0.3000000119
124174  8.218  -60.540  4.922 0.3000000119
124204  17.530  -76.256  -9.193 0.6000000238
124372  17.775  -69.225  -3.986 0.6000000238
124469  24.934  -73.943  -7.289 0.5000000000
124573  6.510  -59.414  -2.808 0.3000000119
124855  17.488  -77.030  -7.819 0.6999999881
125006  23.374  -76.690  -11.614 0.4000000060
125342  18.164  -71.130  -8.244 0.6999999881
125830  23.498  -75.628  -10.076 0.4000000060
126142  20.702  -88.651  -7.723 0.5000000000
126707  17.994  -66.666  -6.939 0.6999999881
126883  10.372  -64.317  -0.235 0.4000000060
126890  11.896  -71.867  -2.829 0.6000000238
127373  7.807  -65.668  4.766 0.3000000119
127663  8.264  -65.923  -2.065 0.6000000238
128197  18.272  -65.631  -4.380 0.6999999881
128842  24.864  -74.441  -5.671 0.5000000000
129025  8.296  -65.596  -4.085 0.6000000238
129373  18.159  -83.981  -7.020 0.3000000119
129382  10.628  -66.237  0.862 0.6000000238
130075  14.169  -65.932  -1.960 0.5000000000
130121  16.080  -80.134  -13.517 0.5000000000
130176  24.112  -68.679  -8.172 0.4000000060
130469  10.261  -65.994  -3.787 0.5000000000
130477  23.483  -77.184  -8.587 0.4000000060
130570  27.146  -72.303  -12.704 0.3000000119
131251  20.024  -88.807  -9.191 0.4000000060
131271  5.019  -70.710  -5.697 0.5000000000
131317  28.748  -71.765  -8.844 0.3000000119
131438  19.104  -68.383  -10.438 0.6000000238
131733  15.016  -66.620  -8.570 0.6000000238
132710  15.500  -65.500  -5.302 0.6000000238
133142  10.615  -64.053  5.701 0.3000000119
133257  25.937  -70.034  -6.124 0.4000000060
133310  26.734  -82.143  -3.222 0.3000000119
133502  4.615  -68.474  -6.695 0.5000000000
133750  26.532  -84.365  -7.240 0.4000000060
133820  7.569  -62.120  4.824 0.3000000119
134211  25.742  -67.759  -5.402 0.4000000060
134221  8.259  -65.580  -4.951 0.6000000238
134422  12.510  -61.866  6.351 0.4000000060
134822  15.021  -69.266  0.020 0.4000000060
134945  18.265  -67.994  -8.317 0.6999999881
135146  19.486  -84.438  -14.550 0.4000000060
135461  13.320  -72.082  -1.682 0.6000000238
135589  18.250  -74.042  -5.602 0.6999999881
135923  14.104  -70.028  2.872 0.4000000060
136297  18.184  -64.942  -4.407 0.8000000119
136306  11.512  -64.327  5.861 0.3000000119
136345  5.694  -63.236  3.311 0.3000000119
136469  23.665  -84.831  -12.992 0.4000000060
136576  22.442  -70.795  -2.426 0.6999999881
137023  12.257  -73.016  0.764 0.5000000000
137124  23.674  -77.912  -13.134 0.4000000060
137338  9.472  -71.847  -4.058 0.6000000238
137549  18.700  -67.101  -2.600 0.8000000119
137917  6.759  -71.806  -5.359 0.5000000000
138176  23.477  -71.987  -2.389 0.6999999881
138685  5.528  -63.991  3.372 0.4000000060
139013  20.936  -75.091  -3.149 0.6999999881
139392  5.200  -67.883  -5.734 0.6000000238
140145  7.639  -65.642  -5.132 0.6000000238
140397  10.006  -56.169  -3.647 0.3000000119
140552  17.461  -83.439  -6.646 0.3000000119
140642  9.662  -65.302  -1.108 0.5000000000
141307  9.272  -64.564  0.807 0.5000000000
141358  17.351  -79.318  -13.294 0.6000000238
141696  7.053  -61.947  4.412 0.3000000119
141848  27.223  -84.210  -3.809 0.3000000119
141958  9.136  -65.356  -0.718 0.5000000000
141962  9.164  -74.908  -3.436 0.5000000000
142002  26.457  -69.191  -3.632 0.6000000238
142147  19.570  -70.450  -3.010 0.6999999881
142266  13.763  -60.132  6.408 0.3000000119
142627  7.778  -65.763  -3.656 0.6000000238
142746  14.469  -66.423  -3.111 0.6000000238
142847  4.457  -70.322  -5.795 0.5000000000
142849  6.306  -67.697  -4.831 0.6000000238
143852  26.624  -83.891  -9.202 0.4000000060
143860  15.736  -64.856  -1.997 0.5000000000
144029  6.773  -67.430  -4.426 0.6000000238
144205  17.060  -65.104  -6.554 0.6999999881
144390  18.822  -83.446  -6.700 0.3000000119
144676  21.541  -68.740  -1.405 0.6000000238
144840  9.280  -59.281  5.110 0.3000000119
145017  21.497  -87.309  -10.610 0.5000000000
145025  18.575  -72.584  -10.296 0.5000000000
145327  20.387  -85.118  -14.516 0.4000000060
145466  18.809  -89.541  -7.678 0.4000000060
145481  17.960  -66.032  -7.092 0.6999999881
145721  24.861  -74.265  -4.800 0.6000000238
145855  9.446  -65.534  0.664 0.5000000000
145866  22.751  -78.546  -6.459 0.4000000060
146163  23.130  -80.122  -7.839 0.4000000060
146210  19.988  -87.137  -12.730 0.4000000060
146312  11.192  -66.284  -3.674 0.5000000000
146816  24.521  -80.474  -12.407 0.4000000060
146832  17.951  -69.184  -7.883 0.6999999881
146848  24.804  -74.049  -4.268 0.6000000238
146921  19.191  -70.966  -10.945 0.5000000000
147252  15.576  -69.587  1.977 0.4000000060
147256  8.242  -58.623  3.316 0.3000000119
147265  17.926  -75.592  -13.135 0.6000000238
147376  14.164  -69.907  -1.045 0.5000000000
147639  10.134  -58.371  4.894 0.3000000119
147720  13.729  -71.557  1.078 0.4000000060
148490  26.179  -80.836  -10.688 0.3000000119
148497  25.974  -69.244  -5.866 0.4000000060
148544  6.752  -66.884  -4.346 0.6000000238
148843  24.712  -73.359  -7.851 0.5000000000
149014  8.383  -61.221  5.167 0.4000000060
149131  5.184  -67.528  -6.034 0.5000000000
149225  12.848  -65.891  -8.210 0.5000000000
149280  10.438  -60.878  5.715 0.4000000060
149354  26.081  -72.599  -9.279 0.3000000119
149363  26.571  -84.912  -4.504 0.3000000119
149370  9.864  -64.074  5.552 0.3000000119
149478  13.945  -71.854  -0.562 0.6000000238
149572  16.668  -88.104  -4.141 0.3000000119
