#!ascii label  , from subject sub-v1s11x0050153_ses-1 vox2ras=TkReg
1046
47266  22.078  -21.356  37.982 0.0000000000
49122  36.401  -19.134  42.398 0.0000000000
111972  40.645  -2.376  22.165 0.0000000000
125038  30.775  -10.874  28.997 0.0000000000
53931  34.434  -14.448  36.999 0.0000000000
109400  46.977  5.585  14.432 0.0000000000
64199  38.948  -3.744  26.638 0.0000000000
59753  37.701  -8.141  24.586 0.0000000000
42415  21.196  -26.066  36.099 0.0000000000
47237  29.726  -20.509  41.076 0.0000000000
123943  32.059  -19.767  37.135 0.0000000000
50189  25.367  -18.367  35.316 0.0000000000
68838  46.624  1.636  17.811 0.0000000000
47180  26.163  -21.713  43.299 0.0000000000
45305  21.648  -24.059  43.000 0.0000000000
67921  45.734  0.060  22.124 0.0000000000
40365  19.474  -28.446  39.390 0.0000000000
39474  15.217  -28.719  38.129 0.0000000000
110967  35.513  -7.374  29.016 0.0000000000
55929  31.814  -12.525  33.278 0.0000000000
51212  33.129  -17.667  31.201 0.0000000000
49248  33.503  -19.277  33.580 0.0000000000
63260  40.612  -5.327  28.494 0.0000000000
61618  38.594  -6.355  25.302 0.0000000000
59731  39.480  -8.079  27.147 0.0000000000
65079  40.992  -2.099  29.066 0.0000000000
121192  22.281  -22.898  35.377 0.0000000000
43440  21.755  -25.713  34.722 0.0000000000
44372  21.728  -23.931  37.260 0.0000000000
48209  26.132  -19.777  40.238 0.0000000000
49192  27.217  -18.736  38.102 0.0000000000
113091  23.586  -19.092  36.975 0.0000000000
47292  22.925  -21.268  34.149 0.0000000000
121262  41.279  -2.226  20.114 0.0000000000
65143  42.704  -1.839  24.869 0.0000000000
66091  43.362  -1.537  22.754 0.0000000000
67028  43.768  -0.568  20.567 0.0000000000
42318  21.754  -26.581  44.084 0.0000000000
42363  21.800  -26.744  40.420 0.0000000000
110005  21.624  -28.377  42.029 0.0000000000
38506  16.052  -30.147  43.515 0.0000000000
39442  16.839  -28.758  41.209 0.0000000000
112253  13.885  -28.982  40.966 0.0000000000
38560  12.233  -30.301  40.493 0.0000000000
118238  11.311  -31.044  43.228 0.0000000000
57703  34.345  -10.230  36.176 0.0000000000
54918  33.294  -13.617  35.569 0.0000000000
53027  32.280  -15.191  32.605 0.0000000000
53021  33.977  -16.037  33.895 0.0000000000
49218  29.689  -19.119  35.108 0.0000000000
48282  32.530  -19.648  35.669 0.0000000000
49250  30.317  -19.624  32.799 0.0000000000
48347  31.648  -19.968  31.566 0.0000000000
59693  32.771  -8.641  29.211 0.0000000000
122673  33.218  -8.438  26.008 0.0000000000
57863  31.074  -10.419  25.761 0.0000000000
76818  47.337  10.344  11.930 0.0000000000
73293  46.714  5.978  12.254 0.0000000000
65146  39.536  -2.567  24.350 0.0000000000
63295  37.377  -4.840  24.439 0.0000000000
65117  41.466  -1.889  26.415 0.0000000000
47213  33.162  -20.729  41.867 0.0000000000
48178  33.950  -20.238  40.382 0.0000000000
48228  30.077  -19.812  38.907 0.0000000000
49205  28.893  -18.837  36.533 0.0000000000
50210  26.417  -18.437  33.279 0.0000000000
68820  48.144  2.239  19.538 0.0000000000
69743  49.126  2.308  17.469 0.0000000000
69759  50.251  2.379  15.167 0.0000000000
70625  49.346  2.727  13.670 0.0000000000
118854  24.245  -20.855  41.531 0.0000000000
47240  21.605  -22.299  40.420 0.0000000000
46256  23.478  -22.361  43.821 0.0000000000
47218  27.671  -21.038  42.164 0.0000000000
67929  46.115  0.996  20.315 0.0000000000
106939  21.690  -25.004  38.702 0.0000000000
41332  20.338  -27.266  37.851 0.0000000000
40393  18.088  -28.093  36.999 0.0000000000
126585  19.087  -29.268  41.166 0.0000000000
40367  17.935  -28.107  39.388 0.0000000000
35082  9.585  -34.182  43.538 0.0000000000
105426  38.225  -7.331  30.032 0.0000000000
58710  32.920  -8.998  31.812 0.0000000000
58685  33.451  -9.700  34.179 0.0000000000
56897  31.283  -11.650  31.406 0.0000000000
53995  30.827  -14.203  31.213 0.0000000000
52108  31.233  -16.457  29.916 0.0000000000
50257  32.309  -18.949  29.140 0.0000000000
49173  34.743  -19.484  38.574 0.0000000000
50173  35.548  -18.262  36.719 0.0000000000
124786  35.089  -17.320  34.586 0.0000000000
50223  33.862  -18.383  32.244 0.0000000000
49302  32.738  -19.348  30.486 0.0000000000
105253  36.197  -7.950  26.861 0.0000000000
59768  34.934  -8.884  23.638 0.0000000000
122895  41.059  -6.531  29.353 0.0000000000
61605  40.295  -7.168  27.558 0.0000000000
60653  40.636  -7.489  28.989 0.0000000000
64141  40.705  -4.090  29.753 0.0000000000
126361  22.053  -21.946  36.930 0.0000000000
45372  21.858  -23.329  36.646 0.0000000000
112935  21.831  -22.003  38.291 0.0000000000
48210  23.815  -19.708  39.714 0.0000000000
49178  24.177  -19.124  38.331 0.0000000000
48247  22.833  -19.910  37.749 0.0000000000
48266  22.533  -20.637  36.321 0.0000000000
65182  41.175  -2.296  21.566 0.0000000000
65156  41.836  -2.121  23.321 0.0000000000
117496  43.150  -1.710  23.424 0.0000000000
65167  41.562  -2.200  22.474 0.0000000000
65181  42.330  -1.745  21.135 0.0000000000
38532  14.372  -29.821  43.087 0.0000000000
39404  14.544  -29.447  42.317 0.0000000000
39405  13.602  -29.587  42.366 0.0000000000
39445  12.664  -29.682  40.923 0.0000000000
39425  12.730  -29.762  41.889 0.0000000000
38549  11.570  -30.690  41.829 0.0000000000
55851  33.825  -12.537  36.754 0.0000000000
54917  33.898  -14.300  36.218 0.0000000000
53967  33.492  -14.906  34.550 0.0000000000
116187  34.494  -15.578  35.360 0.0000000000
49137  36.371  -18.964  41.455 0.0000000000
49252  28.897  -18.770  33.697 0.0000000000
49231  30.368  -19.542  33.720 0.0000000000
49268  29.554  -19.325  32.264 0.0000000000
49286  29.821  -19.629  31.532 0.0000000000
58773  31.595  -9.671  28.302 0.0000000000
58772  32.123  -9.078  27.838 0.0000000000
107470  48.524  5.892  15.798 0.0000000000
74190  48.783  7.560  15.553 0.0000000000
75108  47.829  8.293  14.430 0.0000000000
75112  46.874  8.476  13.081 0.0000000000
73289  46.607  6.273  13.871 0.0000000000
64210  38.874  -3.307  25.766 0.0000000000
64219  38.110  -3.442  24.477 0.0000000000
64200  38.493  -3.934  25.950 0.0000000000
60710  38.333  -7.754  25.131 0.0000000000
105827  37.551  -6.708  24.076 0.0000000000
60731  37.269  -7.894  23.424 0.0000000000
64183  39.931  -3.291  28.047 0.0000000000
65118  40.418  -2.359  26.607 0.0000000000
65136  40.366  -2.345  25.619 0.0000000000
120154  21.281  -26.189  35.150 0.0000000000
41346  20.052  -27.058  36.092 0.0000000000
116099  31.709  -20.728  41.392 0.0000000000
47248  32.194  -20.535  40.568 0.0000000000
48205  29.642  -19.953  39.660 0.0000000000
50176  26.045  -18.467  36.983 0.0000000000
49191  27.945  -18.716  37.817 0.0000000000
105445  26.746  -18.407  36.364 0.0000000000
50186  27.915  -18.501  35.382 0.0000000000
50201  25.565  -18.404  34.330 0.0000000000
50212  24.777  -18.812  33.873 0.0000000000
54008  29.737  -14.897  28.666 0.0000000000
68830  47.323  1.815  18.392 0.0000000000
69736  48.770  2.448  18.546 0.0000000000
68837  47.495  1.781  17.481 0.0000000000
68859  48.984  1.782  15.167 0.0000000000
68866  49.054  1.844  14.275 0.0000000000
120986  50.162  2.475  14.730 0.0000000000
47200  25.421  -21.485  42.760 0.0000000000
47202  23.693  -21.531  42.503 0.0000000000
47181  24.842  -21.832  43.400 0.0000000000
47199  26.872  -21.305  42.658 0.0000000000
123934  25.533  -20.725  41.511 0.0000000000
68812  46.742  1.139  21.008 0.0000000000
111537  46.032  0.510  21.332 0.0000000000
67035  44.025  0.122  19.123 0.0000000000
45330  21.466  -23.545  41.381 0.0000000000
106342  21.536  -23.739  39.772 0.0000000000
124373  21.651  -25.055  40.107 0.0000000000
41320  21.276  -28.232  39.991 0.0000000000
41326  21.457  -27.054  38.957 0.0000000000
41333  20.160  -28.108  38.957 0.0000000000
41337  19.422  -27.556  37.537 0.0000000000
40379  19.200  -27.992  38.451 0.0000000000
38528  18.710  -29.898  42.435 0.0000000000
40369  15.518  -28.190  39.586 0.0000000000
109853  17.251  -28.445  40.577 0.0000000000
40383  15.738  -28.189  38.700 0.0000000000
40395  16.830  -28.250  37.742 0.0000000000
59660  33.778  -7.812  31.851 0.0000000000
56828  33.027  -11.312  34.774 0.0000000000
57738  33.366  -10.395  34.614 0.0000000000
56854  32.746  -11.008  34.003 0.0000000000
57773  32.272  -10.523  32.310 0.0000000000
56881  31.545  -11.840  32.201 0.0000000000
55957  30.737  -12.447  31.020 0.0000000000
54948  31.284  -13.329  32.259 0.0000000000
52096  32.394  -16.363  31.455 0.0000000000
53043  31.621  -15.756  31.207 0.0000000000
51213  32.569  -17.246  30.779 0.0000000000
51231  31.970  -18.462  28.799 0.0000000000
51221  32.379  -18.257  29.775 0.0000000000
48224  33.353  -20.121  38.847 0.0000000000
48199  34.677  -19.650  39.423 0.0000000000
120692  33.547  -19.831  37.977 0.0000000000
48301  33.040  -19.507  35.022 0.0000000000
110289  34.242  -19.032  35.718 0.0000000000
107203  34.294  -18.699  34.927 0.0000000000
110940  35.322  -17.799  35.402 0.0000000000
111042  34.427  -18.408  34.308 0.0000000000
117927  34.504  -17.989  33.809 0.0000000000
49265  33.656  -19.110  32.657 0.0000000000
48363  31.445  -19.934  30.569 0.0000000000
48362  32.354  -19.803  30.943 0.0000000000
125542  36.853  -7.159  29.720 0.0000000000
59706  37.274  -7.827  27.952 0.0000000000
59721  35.742  -7.698  27.520 0.0000000000
58802  32.911  -9.014  24.749 0.0000000000
59757  33.722  -8.718  24.531 0.0000000000
76823  47.388  10.267  10.169 0.0000000000
63261  40.123  -4.927  27.908 0.0000000000
62462  39.140  -5.658  26.260 0.0000000000
62461  39.643  -5.989  26.866 0.0000000000
60708  39.424  -7.221  26.289 0.0000000000
59743  38.648  -8.099  25.883 0.0000000000
65063  41.154  -2.375  30.136 0.0000000000
64161  40.277  -3.545  28.877 0.0000000000
44405  22.114  -24.243  35.440 0.0000000000
43413  21.825  -24.860  36.012 0.0000000000
43414  21.551  -25.460  36.525 0.0000000000
48208  27.010  -19.737  40.147 0.0000000000
48206  28.775  -19.808  39.802 0.0000000000
105915  26.022  -19.112  39.022 0.0000000000
50165  25.592  -18.703  37.908 0.0000000000
49207  24.236  -18.687  36.539 0.0000000000
123416  23.644  -19.388  34.763 0.0000000000
48285  22.871  -19.997  35.748 0.0000000000
47293  22.560  -21.687  34.840 0.0000000000
67957  45.187  0.932  16.378 0.0000000000
126116  26.144  -22.596  44.556 0.0000000000
66075  44.323  -1.438  24.355 0.0000000000
66082  44.419  -1.272  23.518 0.0000000000
66089  44.396  -0.794  22.225 0.0000000000
67027  44.554  -0.210  21.014 0.0000000000
66107  43.183  -1.197  21.105 0.0000000000
66118  42.408  -1.520  20.301 0.0000000000
43332  21.606  -25.472  42.795 0.0000000000
110331  21.591  -25.361  41.869 0.0000000000
114109  21.649  -26.191  42.287 0.0000000000
41311  21.655  -27.835  41.438 0.0000000000
40349  20.668  -28.779  40.392 0.0000000000
39401  17.224  -29.604  42.316 0.0000000000
39402  16.406  -29.467  42.328 0.0000000000
39422  15.363  -28.804  41.290 0.0000000000
40370  14.653  -28.479  39.775 0.0000000000
39461  13.411  -29.312  39.620 0.0000000000
56804  33.269  -11.759  35.529 0.0000000000
55889  32.538  -12.734  34.478 0.0000000000
54947  31.684  -13.434  33.019 0.0000000000
53973  32.872  -14.520  34.066 0.0000000000
106002  32.916  -15.660  32.976 0.0000000000
52089  33.651  -16.766  32.539 0.0000000000
123861  30.740  -19.472  36.415 0.0000000000
48263  32.671  -19.730  36.692 0.0000000000
48284  31.120  -19.627  35.040 0.0000000000
48303  31.736  -19.824  34.503 0.0000000000
119181  32.006  -20.036  33.264 0.0000000000
48328  32.573  -19.952  32.676 0.0000000000
48330  30.971  -19.908  32.238 0.0000000000
48348  30.634  -19.864  31.268 0.0000000000
105758  34.079  -7.706  29.258 0.0000000000
59722  34.764  -7.703  27.560 0.0000000000
59724  32.775  -8.575  27.320 0.0000000000
58793  32.071  -9.209  25.987 0.0000000000
76815  47.770  10.377  12.777 0.0000000000
75115  46.772  8.885  12.353 0.0000000000
65157  40.415  -2.331  23.774 0.0000000000
65169  38.669  -2.825  22.072 0.0000000000
65159  38.645  -2.757  23.043 0.0000000000
62470  38.245  -5.464  25.240 0.0000000000
61634  36.876  -6.353  23.310 0.0000000000
66003  42.417  -1.185  28.776 0.0000000000
66022  42.691  -1.450  27.246 0.0000000000
66043  43.418  -1.450  26.697 0.0000000000
65135  42.039  -1.881  25.524 0.0000000000
65145  41.095  -2.172  24.297 0.0000000000
48160  34.310  -20.483  42.131 0.0000000000
48159  34.954  -19.987  41.571 0.0000000000
47233  33.607  -20.493  41.135 0.0000000000
107510  32.357  -20.356  39.606 0.0000000000
48226  31.868  -20.156  38.773 0.0000000000
48229  29.201  -19.595  38.881 0.0000000000
49174  29.323  -19.297  37.982 0.0000000000
48245  30.513  -19.504  37.214 0.0000000000
49219  28.861  -18.759  35.484 0.0000000000
50198  28.386  -18.563  34.554 0.0000000000
50209  27.321  -18.469  32.805 0.0000000000
70607  50.656  3.385  16.742 0.0000000000
68846  48.704  1.834  16.051 0.0000000000
69750  50.249  2.465  15.950 0.0000000000
70614  50.603  3.200  16.143 0.0000000000
71466  50.005  3.628  15.496 0.0000000000
71467  48.970  3.847  14.951 0.0000000000
71472  47.914  4.256  14.465 0.0000000000
71479  47.723  4.083  13.554 0.0000000000
114630  23.313  -20.228  40.176 0.0000000000
47249  21.754  -21.902  39.651 0.0000000000
47238  22.745  -21.102  40.942 0.0000000000
46284  22.004  -22.073  41.887 0.0000000000
45319  21.910  -23.216  43.114 0.0000000000
46234  24.790  -22.763  44.692 0.0000000000
45304  21.931  -23.909  43.714 0.0000000000
44290  22.283  -24.712  45.025 0.0000000000
48137  34.960  -20.401  43.466 0.0000000000
118900  33.827  -20.871  43.009 0.0000000000
47214  32.382  -20.865  42.128 0.0000000000
47216  30.153  -20.833  41.841 0.0000000000
47196  29.429  -21.140  42.397 0.0000000000
48162  28.021  -20.570  41.356 0.0000000000
48185  26.629  -20.188  40.871 0.0000000000
48186  24.264  -19.957  40.349 0.0000000000
68810  48.057  2.067  20.477 0.0000000000
68821  47.263  1.773  19.361 0.0000000000
68832  45.673  1.288  18.763 0.0000000000
114494  44.334  -0.052  20.073 0.0000000000
67946  44.557  0.592  18.675 0.0000000000
67945  45.109  1.056  18.298 0.0000000000
46313  21.586  -23.079  38.732 0.0000000000
44361  21.669  -24.302  38.645 0.0000000000
43384  21.665  -25.381  38.126 0.0000000000
120973  21.727  -25.824  40.292 0.0000000000
42385  21.554  -26.434  38.544 0.0000000000
42395  20.804  -26.651  37.443 0.0000000000
41347  19.390  -27.469  36.527 0.0000000000
40392  18.742  -27.829  36.810 0.0000000000
111755  20.517  -29.628  41.691 0.0000000000
39439  19.321  -29.084  40.762 0.0000000000
40352  18.001  -28.478  40.321 0.0000000000
40366  18.576  -28.175  38.964 0.0000000000
40381  17.622  -27.968  38.265 0.0000000000
36709  10.354  -32.928  43.697 0.0000000000
60634  39.947  -7.470  30.250 0.0000000000
60638  35.265  -6.900  30.322 0.0000000000
59691  33.929  -7.685  30.121 0.0000000000
58750  32.774  -8.777  30.124 0.0000000000
57820  31.768  -9.958  30.069 0.0000000000
114888  33.073  -9.204  32.637 0.0000000000
57809  32.039  -10.250  31.324 0.0000000000
56907  31.052  -11.201  30.276 0.0000000000
55973  30.601  -11.924  30.222 0.0000000000
54966  30.127  -13.702  29.995 0.0000000000
53052  30.235  -15.463  29.404 0.0000000000
53035  31.337  -14.948  31.489 0.0000000000
53044  31.141  -15.735  30.548 0.0000000000
52117  30.539  -16.628  28.588 0.0000000000
51232  31.344  -17.827  28.355 0.0000000000
50269  32.132  -19.006  28.027 0.0000000000
52992  35.552  -15.327  37.481 0.0000000000
49158  35.767  -19.179  40.328 0.0000000000
107013  35.901  -18.915  39.646 0.0000000000
50153  36.757  -18.045  39.109 0.0000000000
48261  34.032  -19.584  37.286 0.0000000000
49186  35.167  -18.785  37.250 0.0000000000
50162  36.509  -17.700  37.958 0.0000000000
51173  36.069  -17.267  36.686 0.0000000000
52063  35.812  -16.755  36.461 0.0000000000
53014  34.919  -16.097  35.443 0.0000000000
52085  34.456  -16.674  33.909 0.0000000000
51197  34.003  -17.482  32.681 0.0000000000
50235  33.434  -18.361  31.391 0.0000000000
49266  33.158  -19.610  32.148 0.0000000000
49284  33.505  -19.062  31.699 0.0000000000
50245  32.742  -18.880  30.122 0.0000000000
49315  32.321  -19.292  29.541 0.0000000000
59704  38.841  -8.198  28.248 0.0000000000
123524  38.318  -8.361  27.051 0.0000000000
59745  37.018  -8.394  25.066 0.0000000000
105672  35.068  -8.084  25.809 0.0000000000
106070  35.251  -8.397  24.864 0.0000000000
119952  36.566  -8.505  23.849 0.0000000000
71487  47.419  4.552  12.753 0.0000000000
61563  41.138  -6.390  30.024 0.0000000000
61597  40.905  -6.900  28.715 0.0000000000
61583  40.946  -6.973  29.502 0.0000000000
62425  41.205  -5.922  29.731 0.0000000000
122793  22.123  -21.525  37.291 0.0000000000
46322  21.873  -22.184  37.575 0.0000000000
48211  23.154  -19.887  39.257 0.0000000000
49179  23.278  -19.612  38.428 0.0000000000
48230  22.544  -20.440  38.458 0.0000000000
48248  22.417  -20.705  37.321 0.0000000000
65183  40.309  -2.508  21.237 0.0000000000
107577  40.993  -2.255  23.054 0.0000000000
38533  13.591  -29.904  43.218 0.0000000000
38534  12.822  -29.919  42.864 0.0000000000
113305  12.103  -30.196  42.344 0.0000000000
54877  34.418  -13.745  37.578 0.0000000000
54895  33.958  -13.590  36.923 0.0000000000
53960  34.236  -15.054  35.717 0.0000000000
53950  34.567  -14.986  36.411 0.0000000000
49121  37.099  -18.578  42.927 0.0000000000
50208  28.296  -18.656  32.837 0.0000000000
112010  29.021  -18.971  32.832 0.0000000000
49269  28.678  -18.933  32.095 0.0000000000
49287  29.046  -19.350  31.303 0.0000000000
57830  31.146  -10.303  28.722 0.0000000000
57841  31.030  -10.207  27.818 0.0000000000
72381  47.674  5.781  15.155 0.0000000000
73282  48.154  6.730  15.424 0.0000000000
74192  47.972  7.548  14.940 0.0000000000
73285  47.234  6.684  14.662 0.0000000000
105125  46.766  7.185  13.880 0.0000000000
114232  37.701  -7.654  24.250 0.0000000000
59765  37.279  -8.090  23.777 0.0000000000
59766  36.737  -8.503  23.315 0.0000000000
65098  39.582  -3.054  27.203 0.0000000000
65097  40.318  -2.536  27.625 0.0000000000
65119  39.516  -2.851  26.244 0.0000000000
42416  20.696  -26.631  35.584 0.0000000000
41360  20.226  -27.298  35.139 0.0000000000
42404  20.656  -26.544  36.572 0.0000000000
47236  30.694  -20.584  41.029 0.0000000000
48181  30.091  -20.275  40.338 0.0000000000
48182  29.245  -20.182  40.439 0.0000000000
50177  25.217  -18.418  36.268 0.0000000000
50188  26.072  -18.333  35.906 0.0000000000
110153  26.100  -18.294  35.044 0.0000000000
50202  24.698  -18.590  34.726 0.0000000000
53059  29.756  -15.611  27.711 0.0000000000
68873  48.432  1.613  13.203 0.0000000000
123255  25.470  -21.884  43.518 0.0000000000
47179  27.010  -21.786  43.489 0.0000000000
119279  26.150  -21.329  42.528 0.0000000000
66999  45.559  -0.376  22.901 0.0000000000
125847  46.290  0.434  22.063 0.0000000000
45320  21.522  -23.803  42.306 0.0000000000
44327  21.504  -24.481  41.567 0.0000000000
40364  20.417  -28.485  39.664 0.0000000000
41327  21.070  -27.961  39.234 0.0000000000
112535  18.742  -30.322  43.064 0.0000000000
121114  16.310  -28.013  39.432 0.0000000000
40396  16.045  -28.439  37.878 0.0000000000
56829  32.505  -11.845  34.273 0.0000000000
56855  32.180  -11.667  33.430 0.0000000000
56880  31.989  -11.299  32.622 0.0000000000
111250  31.735  -11.965  32.842 0.0000000000
55930  31.477  -12.600  32.598 0.0000000000
51204  32.992  -17.029  31.420 0.0000000000
124052  32.501  -17.764  30.287 0.0000000000
50244  32.935  -18.226  30.626 0.0000000000
48244  32.373  -19.939  37.935 0.0000000000
48243  32.999  -20.074  38.191 0.0000000000
124115  32.531  -19.813  37.315 0.0000000000
49230  33.440  -19.263  34.463 0.0000000000
108962  33.841  -19.019  34.915 0.0000000000
49229  33.868  -18.888  34.228 0.0000000000
50207  33.996  -18.667  33.445 0.0000000000
60657  36.447  -7.288  29.262 0.0000000000
60679  36.276  -7.549  28.291 0.0000000000
59707  35.215  -7.562  28.288 0.0000000000
63272  39.879  -5.359  27.431 0.0000000000
62438  40.396  -5.718  27.901 0.0000000000
60690  40.052  -7.754  27.709 0.0000000000
110581  39.731  -7.485  27.006 0.0000000000
60698  39.223  -7.837  26.412 0.0000000000
59732  38.827  -8.257  26.664 0.0000000000
65051  41.486  -2.336  30.993 0.0000000000
63250  41.009  -5.218  29.333 0.0000000000
123575  40.515  -4.458  28.955 0.0000000000
64162  40.099  -4.217  28.313 0.0000000000
45367  21.722  -23.078  37.451 0.0000000000
44389  21.884  -24.107  36.351 0.0000000000
44390  21.698  -24.733  36.928 0.0000000000
49162  25.622  -19.446  39.552 0.0000000000
49195  23.468  -19.355  37.648 0.0000000000
49193  24.827  -18.801  37.958 0.0000000000
49194  24.196  -18.856  37.476 0.0000000000
50166  25.010  -18.579  37.219 0.0000000000
49208  23.440  -19.253  36.218 0.0000000000
49221  23.474  -19.363  35.400 0.0000000000
46337  22.335  -22.211  35.502 0.0000000000
47285  22.429  -21.341  35.741 0.0000000000
46345  22.481  -22.541  34.735 0.0000000000
65154  42.946  -1.821  24.118 0.0000000000
114895  43.763  -1.495  23.291 0.0000000000
108813  44.095  -1.241  22.798 0.0000000000
66090  43.677  -1.187  22.089 0.0000000000
66106  44.034  -0.685  21.498 0.0000000000
126941  41.868  -1.887  20.457 0.0000000000
43321  21.665  -25.563  43.709 0.0000000000
42319  21.643  -26.310  43.188 0.0000000000
41299  21.705  -27.725  42.364 0.0000000000
40348  21.368  -28.444  40.771 0.0000000000
40339  21.453  -28.740  41.464 0.0000000000
126143  16.729  -30.340  43.591 0.0000000000
38530  16.804  -30.002  43.009 0.0000000000
39423  14.617  -29.037  41.548 0.0000000000
40354  14.586  -28.691  40.671 0.0000000000
39443  13.896  -28.807  40.077 0.0000000000
39460  14.060  -28.853  39.207 0.0000000000
39462  12.777  -29.758  40.048 0.0000000000
37632  11.133  -31.193  42.342 0.0000000000
37633  10.852  -31.758  42.930 0.0000000000
55867  33.392  -12.638  35.968 0.0000000000
56788  33.643  -11.861  36.246 0.0000000000
55888  32.994  -12.702  35.249 0.0000000000
123712  32.870  -13.383  34.894 0.0000000000
54939  32.576  -13.665  34.290 0.0000000000
109569  33.094  -14.133  34.801 0.0000000000
53015  33.854  -15.527  34.376 0.0000000000
53022  33.338  -15.393  33.767 0.0000000000
53026  33.619  -16.191  33.199 0.0000000000
114071  33.188  -16.235  32.590 0.0000000000
49203  30.423  -19.395  35.668 0.0000000000
48264  31.249  -19.560  35.917 0.0000000000
49217  30.389  -19.446  34.647 0.0000000000
48304  31.062  -19.761  34.167 0.0000000000
48317  31.646  -19.947  33.826 0.0000000000
48318  31.157  -19.870  33.221 0.0000000000
49303  29.708  -19.819  30.805 0.0000000000
59709  33.457  -8.094  28.754 0.0000000000
59710  32.797  -8.553  28.268 0.0000000000
58794  31.516  -9.687  26.411 0.0000000000
58784  32.077  -9.098  26.910 0.0000000000
58804  31.637  -9.785  25.605 0.0000000000
74199  46.475  7.222  12.478 0.0000000000
75113  46.553  8.038  12.398 0.0000000000
73299  46.573  6.739  11.895 0.0000000000
74203  46.519  7.541  11.718 0.0000000000
65158  39.436  -2.533  23.431 0.0000000000
65147  38.717  -2.832  23.965 0.0000000000
64220  37.484  -3.974  24.069 0.0000000000
64226  38.014  -3.265  23.553 0.0000000000
63300  36.986  -4.645  23.597 0.0000000000
121331  39.011  -6.244  25.834 0.0000000000
62469  38.674  -5.509  25.709 0.0000000000
61633  37.234  -7.350  23.417 0.0000000000
61646  36.746  -6.905  22.568 0.0000000000
62488  36.486  -5.998  22.482 0.0000000000
65993  41.663  -1.554  29.478 0.0000000000
65992  42.416  -1.025  29.760 0.0000000000
123470  41.592  -1.578  28.649 0.0000000000
66023  41.775  -1.670  27.152 0.0000000000
66004  42.031  -1.435  27.943 0.0000000000
65116  42.543  -1.661  26.318 0.0000000000
65134  42.836  -1.738  25.520 0.0000000000
108487  41.320  -2.114  25.012 0.0000000000
116803  40.382  -2.332  24.722 0.0000000000
47212  33.815  -20.640  41.937 0.0000000000
47234  32.977  -20.570  40.950 0.0000000000
48203  31.432  -20.324  39.733 0.0000000000
124737  32.822  -20.444  40.226 0.0000000000
48227  30.946  -19.962  38.835 0.0000000000
49176  27.707  -18.955  38.649 0.0000000000
49159  28.262  -19.399  39.199 0.0000000000
49206  28.109  -18.642  36.916 0.0000000000
49190  28.760  -18.915  37.470 0.0000000000
125835  29.930  -19.456  37.746 0.0000000000
49189  29.606  -19.213  37.072 0.0000000000
49204  29.616  -19.111  36.064 0.0000000000
50199  27.475  -18.372  34.487 0.0000000000
110512  27.134  -18.356  33.686 0.0000000000
110176  27.940  -18.451  33.659 0.0000000000
106405  23.263  -20.506  34.228 0.0000000000
48320  23.730  -20.312  33.672 0.0000000000
47299  23.515  -20.990  33.529 0.0000000000
69721  49.412  2.946  19.692 0.0000000000
69735  49.719  2.758  17.868 0.0000000000
69734  50.474  3.159  17.307 0.0000000000
69742  50.051  2.583  16.887 0.0000000000
113260  46.751  1.575  15.634 0.0000000000
68847  47.505  1.730  16.468 0.0000000000
68858  49.792  1.933  14.894 0.0000000000
68845  49.720  2.024  15.578 0.0000000000
69749  50.502  2.782  15.725 0.0000000000
71465  50.517  3.638  16.152 0.0000000000
70620  50.470  2.927  15.360 0.0000000000
69765  49.741  2.353  14.160 0.0000000000
70621  49.928  2.997  14.502 0.0000000000
70626  48.666  3.462  14.069 0.0000000000
48166  23.859  -20.505  40.954 0.0000000000
48187  22.660  -20.851  40.300 0.0000000000
47222  23.390  -21.131  41.561 0.0000000000
47182  24.030  -21.842  43.287 0.0000000000
47203  22.788  -21.684  42.256 0.0000000000
46268  23.118  -21.984  43.091 0.0000000000
46269  22.293  -22.353  42.735 0.0000000000
46257  22.628  -22.613  43.557 0.0000000000
46233  25.568  -22.672  44.636 0.0000000000
115609  24.166  -23.103  45.047 0.0000000000
122438  22.363  -23.246  43.878 0.0000000000
45293  22.426  -23.730  44.574 0.0000000000
44303  21.870  -24.669  44.202 0.0000000000
48150  34.263  -20.701  43.031 0.0000000000
47194  31.592  -20.962  42.250 0.0000000000
47197  28.474  -21.303  42.699 0.0000000000
47217  28.623  -20.870  41.910 0.0000000000
48163  27.091  -20.696  41.530 0.0000000000
48165  24.831  -20.438  41.092 0.0000000000
109079  46.925  1.483  20.216 0.0000000000
68822  46.515  1.440  19.655 0.0000000000
67935  45.884  1.233  19.459 0.0000000000
67045  43.912  0.128  18.170 0.0000000000
67952  44.489  0.591  17.744 0.0000000000
46312  21.696  -22.337  38.862 0.0000000000
116906  21.525  -22.895  39.538 0.0000000000
44348  21.637  -24.518  39.442 0.0000000000
43339  21.735  -26.153  41.247 0.0000000000
108554  20.727  -27.595  38.574 0.0000000000
42386  21.076  -26.877  38.208 0.0000000000
41336  20.043  -27.032  37.026 0.0000000000
118415  18.668  -27.817  37.540 0.0000000000
40405  18.385  -28.464  36.341 0.0000000000
39418  19.602  -29.528  41.467 0.0000000000
39417  20.120  -29.216  40.900 0.0000000000
123863  16.816  -29.201  41.873 0.0000000000
40368  17.167  -28.056  39.834 0.0000000000
40351  18.826  -28.628  40.005 0.0000000000
37621  10.634  -32.232  43.478 0.0000000000
35844  10.023  -33.458  42.980 0.0000000000
61567  36.678  -6.642  30.784 0.0000000000
60621  34.919  -6.796  31.119 0.0000000000
60639  34.453  -7.213  30.607 0.0000000000
60622  34.258  -7.237  31.440 0.0000000000
59661  33.358  -8.380  31.418 0.0000000000
59674  33.346  -8.281  30.556 0.0000000000
58730  32.842  -8.896  30.986 0.0000000000
58761  32.253  -9.324  29.664 0.0000000000
58751  32.299  -9.538  30.595 0.0000000000
111623  33.276  -9.445  33.473 0.0000000000
57795  31.750  -11.068  31.851 0.0000000000
57796  31.570  -10.945  31.201 0.0000000000
57810  31.541  -10.595  30.574 0.0000000000
116730  31.299  -11.200  30.847 0.0000000000
115838  30.964  -11.652  30.781 0.0000000000
54965  30.502  -13.462  30.777 0.0000000000
53996  30.468  -14.359  30.463 0.0000000000
54001  30.079  -14.600  29.670 0.0000000000
53045  30.543  -15.179  30.169 0.0000000000
53981  31.951  -14.392  32.898 0.0000000000
53982  31.523  -13.991  32.476 0.0000000000
53989  31.684  -14.696  32.227 0.0000000000
52101  31.811  -16.485  30.659 0.0000000000
52109  30.636  -16.246  29.262 0.0000000000
52116  31.096  -17.118  29.117 0.0000000000
106132  32.330  -19.601  27.605 0.0000000000
120275  35.067  -19.708  40.708 0.0000000000
48177  34.541  -19.870  40.238 0.0000000000
49172  35.400  -19.245  39.094 0.0000000000
49171  36.124  -18.577  38.841 0.0000000000
48262  33.376  -19.713  36.961 0.0000000000
48281  33.187  -19.576  36.013 0.0000000000
49201  34.895  -18.684  36.296 0.0000000000
49202  34.482  -19.184  36.753 0.0000000000
50163  35.996  -18.332  37.770 0.0000000000
50172  36.092  -17.751  37.123 0.0000000000
51167  36.446  -17.237  37.467 0.0000000000
51181  35.326  -17.284  35.080 0.0000000000
51174  35.636  -17.281  35.892 0.0000000000
52071  35.404  -16.712  35.602 0.0000000000
52064  35.285  -16.035  36.339 0.0000000000
51189  35.028  -16.760  34.719 0.0000000000
50222  34.170  -18.121  33.030 0.0000000000
51196  34.409  -17.397  33.422 0.0000000000
48346  32.508  -19.928  31.822 0.0000000000
48378  32.084  -19.715  29.987 0.0000000000
49285  33.050  -19.517  31.272 0.0000000000
50236  33.189  -18.968  30.887 0.0000000000
108444  39.204  -7.593  29.932 0.0000000000
60654  39.965  -7.890  29.372 0.0000000000
60655  38.768  -7.846  29.182 0.0000000000
59720  36.666  -7.889  27.394 0.0000000000
59719  37.561  -8.248  27.180 0.0000000000
59734  36.996  -8.249  26.608 0.0000000000
109616  37.297  -8.350  25.863 0.0000000000
106957  36.282  -8.238  26.031 0.0000000000
59736  33.432  -8.254  26.701 0.0000000000
59735  34.358  -7.895  26.730 0.0000000000
106557  33.957  -8.177  25.953 0.0000000000
59756  34.583  -8.593  24.341 0.0000000000
125424  35.382  -8.581  24.166 0.0000000000
59755  36.222  -8.467  24.410 0.0000000000
77714  47.838  10.835  9.794 0.0000000000
77713  48.402  11.310  9.395 0.0000000000
71480  47.071  4.738  13.404 0.0000000000
71486  48.099  3.883  12.681 0.0000000000
62426  41.043  -6.133  28.950 0.0000000000
62437  40.742  -6.333  28.249 0.0000000000
60676  40.549  -7.387  28.222 0.0000000000
115668  22.185  -22.039  36.278 0.0000000000
114041  22.109  -22.757  36.069 0.0000000000
46330  21.924  -22.558  36.829 0.0000000000
49163  24.638  -19.501  39.526 0.0000000000
49164  23.889  -19.431  39.052 0.0000000000
48265  22.915  -19.774  36.865 0.0000000000
47276  22.270  -21.375  36.637 0.0000000000
65192  40.821  -2.428  20.661 0.0000000000
65144  41.996  -2.019  24.233 0.0000000000
65155  42.497  -1.933  23.590 0.0000000000
65166  42.485  -1.910  22.793 0.0000000000
66108  42.874  -1.619  21.978 0.0000000000
108250  42.029  -2.041  21.847 0.0000000000
111393  41.587  -2.119  20.980 0.0000000000
125636  21.716  -27.064  43.483 0.0000000000
41298  21.753  -27.732  43.229 0.0000000000
121902  13.974  -29.270  41.715 0.0000000000
39444  13.269  -29.258  40.464 0.0000000000
39424  13.308  -29.362  41.372 0.0000000000
38548  12.107  -30.197  41.396 0.0000000000
38535  11.593  -30.651  42.629 0.0000000000
55842  34.194  -12.921  37.339 0.0000000000
54896  33.611  -13.359  36.315 0.0000000000
53961  33.664  -14.575  35.319 0.0000000000
53966  34.031  -15.278  35.001 0.0000000000
49232  29.700  -19.136  34.176 0.0000000000
49251  29.645  -19.243  33.258 0.0000000000
49267  30.253  -19.701  32.029 0.0000000000
109251  32.207  -9.175  28.762 0.0000000000
58785  31.526  -9.629  27.371 0.0000000000
115517  49.171  5.995  16.324 0.0000000000
73281  49.045  6.783  16.117 0.0000000000
75110  47.573  8.970  13.743 0.0000000000
74195  47.108  8.037  13.794 0.0000000000
74196  46.504  6.818  13.183 0.0000000000
73290  46.519  6.016  13.060 0.0000000000
65137  39.538  -2.664  25.285 0.0000000000
64218  38.784  -3.013  24.901 0.0000000000
64211  38.260  -3.694  25.315 0.0000000000
64212  37.731  -4.181  24.886 0.0000000000
61625  38.705  -7.168  25.305 0.0000000000
61626  38.257  -7.016  24.746 0.0000000000
65080  40.434  -2.674  28.545 0.0000000000
65096  41.086  -1.942  28.019 0.0000000000
105429  40.958  -2.022  27.160 0.0000000000
40415  19.873  -28.023  34.720 0.0000000000
41361  19.550  -27.693  35.602 0.0000000000
47235  32.523  -20.689  41.405 0.0000000000
48180  31.371  -20.515  40.589 0.0000000000
126939  30.803  -20.376  40.244 0.0000000000
48204  30.487  -20.125  39.608 0.0000000000
50164  26.469  -18.685  37.935 0.0000000000
50175  27.159  -18.529  37.233 0.0000000000
50174  27.524  -18.492  36.248 0.0000000000
113553  28.271  -18.635  36.125 0.0000000000
50187  26.916  -18.327  35.388 0.0000000000
50200  26.522  -18.308  34.277 0.0000000000
50226  25.902  -18.719  32.742 0.0000000000
50211  25.523  -18.639  33.387 0.0000000000
123554  24.851  -19.180  33.214 0.0000000000
112266  29.581  -13.915  28.218 0.0000000000
121591  47.923  2.088  18.778 0.0000000000
68829  48.193  2.021  17.971 0.0000000000
68836  48.435  1.931  17.016 0.0000000000
68860  47.844  1.713  15.471 0.0000000000
117673  48.105  1.717  14.681 0.0000000000
68865  49.933  2.095  14.478 0.0000000000
68872  49.377  2.009  13.746 0.0000000000
47221  24.962  -21.102  41.919 0.0000000000
121578  24.198  -21.245  42.028 0.0000000000
47201  24.548  -21.499  42.652 0.0000000000
125922  27.031  -21.062  42.052 0.0000000000
47219  26.531  -21.081  42.005 0.0000000000
47220  25.813  -21.125  42.001 0.0000000000
67036  43.535  -0.455  19.557 0.0000000000
46285  21.570  -22.615  41.261 0.0000000000
45339  21.467  -23.221  40.463 0.0000000000
44337  21.531  -24.258  40.508 0.0000000000
41319  21.690  -27.646  40.549 0.0000000000
111741  21.647  -27.425  39.749 0.0000000000
125414  19.960  -27.731  38.323 0.0000000000
40380  18.203  -27.925  37.909 0.0000000000
111777  19.322  -29.793  42.108 0.0000000000
39419  18.798  -29.459  41.643 0.0000000000
121713  16.018  -28.638  41.018 0.0000000000
40353  16.362  -28.291  40.334 0.0000000000
40382  16.796  -27.951  38.691 0.0000000000
119162  34.133  -7.319  32.133 0.0000000000
59649  33.436  -8.496  32.283 0.0000000000
57720  33.473  -10.917  35.293 0.0000000000
57719  33.877  -10.234  35.462 0.0000000000
57751  32.987  -10.174  33.744 0.0000000000
57772  32.744  -9.947  32.917 0.0000000000
57752  32.492  -10.756  33.161 0.0000000000
55945  31.182  -12.529  31.855 0.0000000000
54957  30.885  -13.333  31.556 0.0000000000
53033  32.649  -15.931  32.250 0.0000000000
53034  31.987  -15.498  31.889 0.0000000000
113209  31.935  -17.315  29.974 0.0000000000
108715  31.751  -17.833  29.239 0.0000000000
48201  33.666  -20.174  39.636 0.0000000000
48200  34.160  -19.974  39.726 0.0000000000
48223  34.046  -19.871  38.903 0.0000000000
122002  34.191  -19.623  38.097 0.0000000000
49216  33.600  -19.301  35.399 0.0000000000
49215  34.698  -18.583  35.537 0.0000000000
50185  35.220  -18.240  35.816 0.0000000000
50197  34.865  -18.273  35.034 0.0000000000
51182  34.952  -17.795  34.597 0.0000000000
51190  34.794  -17.340  34.145 0.0000000000
124758  33.966  -18.625  32.782 0.0000000000
48379  31.164  -20.201  29.354 0.0000000000
109309  31.871  -19.855  28.826 0.0000000000
48394  31.458  -20.657  28.328 0.0000000000
60656  37.507  -7.412  29.361 0.0000000000
60678  37.932  -7.829  28.524 0.0000000000
105930  37.086  -7.534  28.669 0.0000000000
59748  33.439  -8.527  25.317 0.0000000000
75971  46.830  9.431  11.543 0.0000000000
76820  47.155  10.319  11.018 0.0000000000
64184  39.559  -4.125  27.525 0.0000000000
63281  39.293  -4.909  26.814 0.0000000000
61610  39.408  -6.541  26.268 0.0000000000
62451  40.298  -6.422  27.552 0.0000000000
61609  39.854  -6.854  26.899 0.0000000000
61617  39.106  -6.900  25.720 0.0000000000
60709  38.925  -7.525  25.773 0.0000000000
65980  41.800  -1.577  30.455 0.0000000000
118410  40.853  -3.339  30.287 0.0000000000
65064  40.569  -2.940  29.495 0.0000000000
43426  21.990  -25.012  35.102 0.0000000000
45381  22.107  -23.479  35.786 0.0000000000
43427  21.611  -25.551  35.622 0.0000000000
48183  28.388  -20.149  40.596 0.0000000000
48207  27.889  -19.768  39.984 0.0000000000
49160  27.363  -19.337  39.395 0.0000000000
49177  26.763  -18.939  38.766 0.0000000000
107971  25.182  -19.071  38.723 0.0000000000
50154  26.011  -18.859  38.491 0.0000000000
50190  24.556  -18.560  35.605 0.0000000000
49220  23.980  -18.854  35.074 0.0000000000
113141  23.211  -19.940  34.873 0.0000000000
48286  22.748  -20.746  35.012 0.0000000000
124403  22.612  -20.680  35.694 0.0000000000
68849  45.933  1.461  16.982 0.0000000000
115499  46.809  1.652  17.045 0.0000000000
46254  25.819  -22.246  44.017 0.0000000000
46232  26.783  -22.733  44.749 0.0000000000
106482  43.699  -1.597  23.894 0.0000000000
67000  44.785  -0.842  22.852 0.0000000000
107023  45.081  -0.414  22.229 0.0000000000
67016  45.226  -0.011  21.514 0.0000000000
67017  44.675  -0.423  21.717 0.0000000000
66117  43.025  -1.044  19.983 0.0000000000
66127  42.337  -1.466  19.377 0.0000000000
44318  21.564  -24.663  42.464 0.0000000000
114781  21.791  -27.037  41.096 0.0000000000
42330  21.695  -26.988  42.749 0.0000000000
42346  21.730  -26.954  41.868 0.0000000000
39421  16.150  -28.998  41.688 0.0000000000
109810  15.397  -28.451  40.457 0.0000000000
40384  14.849  -28.472  38.882 0.0000000000
39476  13.651  -29.491  38.881 0.0000000000
56803  33.865  -11.008  36.028 0.0000000000
113987  32.809  -12.055  34.899 0.0000000000
55913  32.192  -12.380  33.848 0.0000000000
54940  32.143  -13.128  33.754 0.0000000000
53974  32.242  -14.020  33.586 0.0000000000
53980  32.579  -14.883  33.330 0.0000000000
52095  33.106  -16.599  31.989 0.0000000000
109433  31.332  -19.616  36.796 0.0000000000
109478  31.966  -19.692  36.253 0.0000000000
48283  31.850  -19.700  35.343 0.0000000000
48302  32.411  -19.723  34.723 0.0000000000
48316  32.255  -19.962  33.939 0.0000000000
126886  32.609  -19.913  33.368 0.0000000000
49249  33.125  -19.659  33.032 0.0000000000
48329  31.807  -20.037  32.470 0.0000000000
48364  30.416  -20.113  30.193 0.0000000000
121829  34.764  -7.513  28.929 0.0000000000
59708  34.299  -7.700  28.409 0.0000000000
59723  33.657  -8.027  27.679 0.0000000000
59737  32.691  -8.688  26.435 0.0000000000
59749  32.694  -8.838  25.576 0.0000000000
121912  47.178  9.157  12.981 0.0000000000
75969  47.204  9.673  12.477 0.0000000000
74202  46.738  7.022  11.108 0.0000000000
111960  40.074  -2.411  22.815 0.0000000000
65168  39.638  -2.571  21.850 0.0000000000
119041  39.273  -2.564  22.641 0.0000000000
63282  38.775  -4.682  26.147 0.0000000000
63288  38.228  -4.596  25.498 0.0000000000
62474  37.848  -5.870  24.694 0.0000000000
62478  37.100  -5.618  23.936 0.0000000000
62479  36.594  -5.360  23.084 0.0000000000
109916  42.805  -1.248  27.972 0.0000000000
111260  43.426  -1.593  25.866 0.0000000000
109169  41.126  -2.068  25.841 0.0000000000
125593  41.289  -2.173  23.739 0.0000000000
48149  34.918  -20.213  42.492 0.0000000000
48148  35.656  -19.592  41.951 0.0000000000
121273  34.309  -20.255  41.163 0.0000000000
48202  33.077  -20.328  39.578 0.0000000000
48225  32.689  -20.220  38.803 0.0000000000
111610  31.377  -19.790  37.834 0.0000000000
49175  28.554  -19.102  38.358 0.0000000000
123709  29.794  -19.555  38.332 0.0000000000
48246  30.438  -19.666  38.146 0.0000000000
49188  30.175  -19.351  36.485 0.0000000000
49233  29.125  -18.822  34.605 0.0000000000
50224  27.857  -18.682  32.031 0.0000000000
49234  24.099  -19.107  34.326 0.0000000000
49254  24.231  -19.650  33.542 0.0000000000
56921  30.394  -11.494  28.724 0.0000000000
107472  50.740  3.886  16.834 0.0000000000
69751  49.456  2.158  16.486 0.0000000000
69741  50.559  2.925  16.374 0.0000000000
124789  50.030  4.518  16.282 0.0000000000
105196  49.296  4.385  15.635 0.0000000000
72380  48.338  4.862  15.323 0.0000000000
72385  47.491  4.995  14.728 0.0000000000
71473  47.140  4.730  14.079 0.0000000000
48212  22.578  -20.600  39.493 0.0000000000
47257  22.030  -21.379  38.919 0.0000000000
122990  22.201  -21.229  39.763 0.0000000000
47239  22.118  -21.498  40.517 0.0000000000
46296  21.826  -21.911  41.130 0.0000000000
47223  22.436  -21.501  41.415 0.0000000000
46270  21.650  -22.881  42.173 0.0000000000
114861  25.149  -22.270  44.058 0.0000000000
46255  24.384  -22.275  43.983 0.0000000000
46235  23.850  -22.742  44.503 0.0000000000
46236  22.935  -22.904  44.303 0.0000000000
44304  21.657  -24.720  43.324 0.0000000000
43320  21.899  -25.622  44.577 0.0000000000
49106  36.454  -19.260  43.445 0.0000000000
48136  35.647  -19.782  42.935 0.0000000000
47191  33.924  -20.747  42.557 0.0000000000
47192  33.557  -20.811  42.591 0.0000000000
47193  32.976  -20.942  42.768 0.0000000000
47215  31.000  -20.828  41.789 0.0000000000
124311  30.130  -21.135  42.423 0.0000000000
118538  29.348  -20.755  41.678 0.0000000000
48161  28.881  -20.500  41.170 0.0000000000
48184  27.514  -20.160  40.775 0.0000000000
48164  26.235  -20.686  41.489 0.0000000000
114589  25.768  -20.256  40.934 0.0000000000
49150  25.214  -19.848  40.311 0.0000000000
119821  39.620  -2.772  20.958 0.0000000000
69722  48.711  2.529  20.121 0.0000000000
68811  47.425  1.605  20.779 0.0000000000
117744  47.564  1.829  20.079 0.0000000000
68831  46.433  1.541  18.802 0.0000000000
68839  45.780  1.426  18.017 0.0000000000
67026  45.217  0.378  20.554 0.0000000000
110403  45.459  0.805  19.837 0.0000000000
67937  44.792  0.481  19.582 0.0000000000
67936  45.228  0.955  19.136 0.0000000000
67951  45.126  1.053  17.360 0.0000000000
45357  21.686  -22.738  38.171 0.0000000000
45358  21.671  -23.655  38.168 0.0000000000
45348  21.614  -23.720  39.030 0.0000000000
44373  21.686  -24.627  37.904 0.0000000000
43402  21.574  -25.414  37.409 0.0000000000
42403  21.246  -26.058  37.014 0.0000000000
43350  21.598  -25.183  40.924 0.0000000000
43367  21.719  -25.533  39.410 0.0000000000
42377  21.757  -26.464  39.639 0.0000000000
111477  21.723  -26.259  39.038 0.0000000000
114596  21.721  -25.777  38.624 0.0000000000
42394  21.450  -26.119  37.910 0.0000000000
40404  18.952  -28.089  36.036 0.0000000000
123673  21.160  -29.286  41.675 0.0000000000
40340  20.956  -29.152  41.053 0.0000000000
40350  19.753  -28.823  40.178 0.0000000000
38547  18.036  -29.554  42.084 0.0000000000
119871  18.144  -29.175  41.474 0.0000000000
39440  18.595  -28.968  40.912 0.0000000000
40394  17.392  -28.371  37.245 0.0000000000
40406  17.787  -28.820  36.589 0.0000000000
37620  10.989  -31.635  43.795 0.0000000000
36720  10.449  -32.561  42.718 0.0000000000
124272  10.213  -33.052  42.293 0.0000000000
60633  40.603  -7.364  29.819 0.0000000000
60637  36.250  -6.903  30.095 0.0000000000
60658  35.638  -7.113  29.665 0.0000000000
60659  34.776  -7.298  29.685 0.0000000000
59692  33.383  -8.190  29.677 0.0000000000
59673  33.803  -7.721  31.003 0.0000000000
58762  31.676  -9.807  29.212 0.0000000000
57821  31.234  -10.577  29.636 0.0000000000
58711  32.589  -9.731  32.063 0.0000000000
58731  32.531  -9.483  31.357 0.0000000000
125024  31.874  -10.073  30.647 0.0000000000
56915  30.683  -11.361  29.547 0.0000000000
55974  30.182  -12.253  29.347 0.0000000000
55958  30.289  -12.795  30.184 0.0000000000
116890  29.940  -13.118  29.526 0.0000000000
54979  29.810  -13.887  29.159 0.0000000000
110322  30.122  -15.931  28.582 0.0000000000
53990  31.207  -14.090  31.907 0.0000000000
125931  31.261  -15.357  31.016 0.0000000000
113876  30.923  -14.966  30.827 0.0000000000
53051  30.718  -15.836  29.895 0.0000000000
51233  30.742  -17.168  28.261 0.0000000000
51242  31.433  -18.018  27.416 0.0000000000
50270  31.763  -18.452  27.983 0.0000000000
50281  32.441  -19.182  27.113 0.0000000000
53949  35.015  -15.066  37.001 0.0000000000
49149  35.695  -19.397  41.076 0.0000000000
49148  36.343  -18.803  40.662 0.0000000000
110369  35.240  -19.453  39.909 0.0000000000
112277  36.301  -18.706  40.076 0.0000000000
49147  36.879  -18.277  40.221 0.0000000000
50161  36.853  -17.561  38.719 0.0000000000
118658  32.937  -19.884  37.501 0.0000000000
49187  34.676  -19.312  37.698 0.0000000000
48280  33.840  -19.449  36.335 0.0000000000
108255  35.402  -19.003  38.196 0.0000000000
117467  36.531  -18.057  38.471 0.0000000000
51161  36.757  -17.208  38.219 0.0000000000
124956  36.277  -16.836  37.099 0.0000000000
52999  35.855  -16.144  37.292 0.0000000000
53000  35.343  -15.571  36.939 0.0000000000
53001  35.005  -15.414  36.533 0.0000000000
52078  34.426  -15.988  34.656 0.0000000000
125783  34.056  -16.432  33.535 0.0000000000
51203  33.531  -17.464  31.871 0.0000000000
49326  32.111  -19.495  28.408 0.0000000000
59690  39.545  -8.121  28.648 0.0000000000
59718  38.913  -8.307  27.440 0.0000000000
59705  38.144  -8.212  27.731 0.0000000000
59733  37.995  -8.357  26.340 0.0000000000
59744  37.944  -8.248  25.417 0.0000000000
105601  35.390  -7.843  26.748 0.0000000000
59747  34.325  -8.356  25.140 0.0000000000
59746  35.981  -8.358  25.248 0.0000000000
59754  37.053  -8.351  24.132 0.0000000000
72395  46.833  5.242  12.820 0.0000000000
71495  47.986  4.431  12.037 0.0000000000
39441  17.752  -28.793  41.051 0.0000000000
48167  23.191  -20.732  40.804 0.0000000000
48179  33.367  -20.387  40.339 0.0000000000
48315  32.957  -19.682  33.964 0.0000000000
49161  26.493  -19.389  39.518 0.0000000000
49235  23.645  -19.797  34.211 0.0000000000
50184  35.649  -17.760  36.258 0.0000000000
50191  23.886  -18.839  35.785 0.0000000000
52088  34.111  -16.801  33.163 0.0000000000
53008  34.764  -15.512  35.968 0.0000000000
59717  39.585  -8.169  27.927 0.0000000000
60677  40.187  -7.940  28.466 0.0000000000
61604  40.677  -6.917  28.036 0.0000000000
63289  37.858  -4.971  24.971 0.0000000000
64252  38.416  -3.260  21.400 0.0000000000
72390  46.708  5.362  13.642 0.0000000000
73294  46.512  6.556  12.570 0.0000000000
74193  47.328  7.565  14.365 0.0000000000
74198  46.616  7.636  13.144 0.0000000000
75967  47.686  9.722  13.250 0.0000000000
76826  47.625  10.185  9.451 0.0000000000
123916  36.983  -17.208  38.669 0.0000000000
124394  42.065  -1.978  24.903 0.0000000000
125188  24.485  -19.267  38.906 0.0000000000
125289  26.008  -18.371  33.800 0.0000000000
