#!ascii label  , from subject sub-v1s11x0050142_ses-1 vox2ras=TkReg
1871
28871  -26.705  -47.915  -36.024 0.5000000000
145106  -25.854  -47.856  -35.704 0.4000000060
29881  -25.435  -47.402  -35.390 0.6000000238
29891  -26.212  -47.161  -35.778 0.6000000238
31851  -27.688  -45.261  -36.318 0.6000000238
29892  -26.908  -46.722  -36.037 0.5000000000
31852  -28.623  -45.251  -36.586 0.6000000238
29890  -25.662  -46.753  -35.421 0.6999999881
29869  -25.002  -47.673  -35.036 0.6999999881
30883  -26.232  -46.215  -35.700 0.6999999881
30884  -27.262  -46.062  -36.144 0.6999999881
33709  -29.177  -43.195  -36.503 0.5000000000
33708  -28.557  -43.606  -36.529 0.6999999881
32781  -28.948  -44.501  -36.642 0.5000000000
23945  -24.568  -53.176  -26.030 0.5000000000
30859  -25.073  -47.146  -34.974 0.6999999881
31841  -25.891  -45.394  -35.407 0.6999999881
32779  -27.099  -44.494  -36.094 0.6999999881
32758  -25.706  -44.697  -35.120 0.6999999881
33706  -26.631  -43.844  -35.918 0.6999999881
32770  -26.161  -44.420  -35.598 0.6999999881
33698  -26.149  -43.596  -35.620 0.6999999881
133573  -28.896  -41.870  -36.532 0.6000000238
28819  -28.508  -48.024  -32.393 0.6999999881
30860  -25.210  -46.676  -34.972 0.6999999881
30861  -25.773  -46.213  -34.554 0.6999999881
24862  -23.777  -52.957  -26.434 0.6000000238
23055  -22.335  -53.888  -26.222 0.4000000060
31840  -25.563  -45.591  -35.076 0.6999999881
33707  -27.479  -43.720  -36.261 0.6999999881
136159  -28.036  -42.017  -36.516 0.6999999881
36697  -26.846  -40.757  -36.245 0.6999999881
35706  -29.051  -41.062  -36.444 0.6000000238
28807  -29.453  -48.045  -31.092 0.6999999881
28806  -29.022  -48.427  -31.746 0.6999999881
29837  -27.831  -47.649  -32.945 0.6999999881
29838  -28.572  -47.127  -32.470 0.6999999881
29819  -29.139  -47.624  -31.802 0.6999999881
128352  -25.998  -51.313  -26.559 0.6000000238
147767  -27.877  -46.946  -33.029 0.6999999881
31829  -25.876  -45.285  -34.630 0.6999999881
29855  -27.146  -47.214  -33.431 0.6999999881
30838  -28.270  -46.363  -32.811 0.6999999881
30839  -28.859  -46.402  -32.329 0.6999999881
23956  -22.420  -53.197  -27.258 0.5000000000
23943  -22.678  -53.502  -26.553 0.5000000000
33697  -25.816  -43.789  -35.253 0.6999999881
137575  -25.566  -45.182  -34.965 0.6999999881
31817  -28.215  -44.857  -33.062 0.6999999881
23068  -22.021  -53.690  -26.828 0.4000000060
129155  -27.032  -42.182  -36.195 0.6999999881
32759  -25.692  -44.559  -34.928 0.6999999881
31816  -27.401  -45.371  -33.572 0.6999999881
31801  -28.047  -45.715  -33.097 0.6999999881
23054  -20.820  -54.427  -26.661 0.4000000060
33686  -25.713  -43.207  -35.069 0.6999999881
33677  -27.431  -43.592  -33.791 0.6999999881
33678  -28.111  -43.864  -33.304 0.6999999881
35704  -27.353  -41.386  -36.378 0.6999999881
131133  -26.298  -42.307  -35.788 0.6999999881
34708  -26.501  -42.324  -34.467 0.6999999881
138580  -27.020  -42.990  -34.125 0.6999999881
36698  -27.649  -40.732  -36.499 0.6999999881
35673  -26.057  -41.652  -34.760 0.6999999881
37657  -28.822  -39.467  -36.283 0.6000000238
37655  -27.261  -39.511  -36.381 0.6999999881
138685  -26.499  -40.107  -36.203 0.6999999881
40316  -28.908  -37.119  -35.098 0.5000000000
39414  -29.171  -37.849  -35.282 0.5000000000
38510  -31.185  -38.633  -33.946 0.4000000060
38509  -30.432  -38.911  -34.606 0.5000000000
144745  -29.700  -45.655  -31.495 0.6999999881
26771  -25.656  -50.752  -26.649 0.6000000238
145486  -26.589  -45.821  -34.029 0.6999999881
24886  -23.552  -52.323  -27.085 0.5000000000
132302  -28.946  -44.843  -32.467 0.6999999881
149109  -25.831  -42.410  -35.164 0.6999999881
33687  -25.853  -43.833  -34.814 0.6999999881
35703  -26.370  -41.478  -35.930 0.6999999881
36670  -25.757  -40.948  -34.942 0.6999999881
40314  -27.317  -36.676  -35.633 0.6999999881
36699  -28.299  -40.188  -36.499 0.6999999881
39428  -28.046  -38.146  -35.995 0.6999999881
38533  -27.657  -38.727  -36.294 0.6999999881
40315  -28.153  -36.883  -35.405 0.6999999881
141984  -28.796  -47.991  -27.218 0.6999999881
29776  -29.148  -47.486  -27.502 0.6999999881
30780  -29.907  -46.736  -28.711 0.8000000119
27762  -28.072  -49.050  -26.734 0.6000000238
28750  -28.324  -48.159  -26.765 0.6000000238
30792  -30.119  -46.581  -29.494 0.8000000119
27761  -27.210  -49.147  -26.360 0.6000000238
28749  -27.545  -48.279  -26.303 0.6000000238
31779  -30.134  -45.618  -30.850 0.6999999881
135169  -26.902  -49.908  -26.441 0.6000000238
26799  -24.976  -50.837  -26.843 0.6000000238
27782  -25.093  -50.185  -26.714 0.6000000238
31791  -29.378  -45.258  -32.008 0.6999999881
144010  -23.755  -51.570  -27.392 0.6000000238
132111  -29.863  -45.001  -31.431 0.6999999881
32737  -28.787  -44.108  -32.651 0.6999999881
35702  -25.890  -41.111  -35.511 0.6999999881
35672  -25.762  -41.604  -35.165 0.6999999881
34696  -27.965  -42.919  -33.533 0.6999999881
39426  -26.111  -38.023  -35.995 0.8000000119
38532  -26.659  -38.726  -36.196 0.6999999881
36669  -25.708  -40.684  -35.288 0.6999999881
34695  -27.411  -42.243  -33.955 0.6999999881
39411  -26.714  -37.319  -35.872 0.8000000119
139958  -25.772  -39.998  -35.799 0.6999999881
133555  -25.483  -39.817  -35.334 0.6999999881
39399  -29.656  -37.361  -34.708 0.5000000000
39400  -30.446  -37.556  -34.258 0.5000000000
40296  -30.240  -36.765  -34.149 0.5000000000
39401  -31.249  -37.796  -33.798 0.4000000060
29775  -28.667  -47.471  -26.868 0.6000000238
30769  -29.541  -46.806  -27.822 0.6999999881
130548  -30.038  -46.065  -28.079 0.8000000119
29762  -28.065  -47.509  -26.371 0.6000000238
31748  -30.335  -46.010  -29.005 0.8000000119
31766  -30.541  -45.256  -29.385 0.8000000119
31780  -30.458  -45.110  -30.230 0.8000000119
28748  -26.620  -48.637  -26.060 0.6000000238
27759  -25.557  -49.576  -26.436 0.6000000238
32714  -30.254  -44.870  -30.872 0.8000000119
24908  -23.078  -51.852  -27.833 0.6000000238
26798  -24.411  -50.618  -27.100 0.6000000238
27758  -24.822  -49.410  -26.523 0.6000000238
32727  -30.103  -44.244  -31.241 0.6999999881
24885  -22.765  -52.555  -27.562 0.5000000000
34686  -29.377  -42.618  -32.374 0.6999999881
33658  -29.871  -43.355  -31.650 0.6999999881
23081  -21.080  -53.694  -28.048 0.5000000000
24907  -22.398  -52.170  -28.309 0.5000000000
33668  -28.693  -43.234  -32.851 0.6999999881
134216  -28.114  -42.133  -33.534 0.6999999881
40313  -26.257  -36.576  -35.678 0.8000000119
37654  -26.106  -39.425  -36.094 0.8000000119
36685  -25.754  -40.449  -35.563 0.6999999881
129591  -25.527  -40.135  -35.053 0.6999999881
35674  -26.941  -41.578  -34.276 0.6999999881
37653  -25.389  -39.328  -35.585 0.6999999881
30754  -28.505  -46.821  -26.453 0.6999999881
125291  -28.989  -46.142  -26.512 0.6999999881
31730  -30.046  -45.351  -27.378 0.8000000119
29761  -27.376  -47.480  -25.952 0.6999999881
31717  -29.471  -45.404  -26.605 0.8000000119
32688  -30.827  -44.337  -28.324 0.8000000119
126119  -26.877  -47.990  -25.916 0.6000000238
135604  -30.691  -44.515  -29.700 0.8000000119
28747  -25.561  -48.820  -26.119 0.6000000238
33638  -30.797  -43.756  -30.009 0.6999999881
25868  -23.257  -51.053  -27.883 0.6000000238
26797  -23.710  -50.462  -27.409 0.6000000238
130239  -30.401  -42.840  -31.115 0.8000000119
25867  -22.523  -51.473  -28.305 0.6000000238
35643  -30.193  -41.606  -31.607 0.8000000119
23970  -21.504  -53.148  -28.503 0.4000000060
35660  -28.520  -41.596  -33.299 0.6999999881
35653  -29.700  -41.707  -32.142 0.6999999881
23079  -19.716  -54.210  -28.880 0.4000000060
36657  -28.207  -40.862  -33.541 0.6999999881
35652  -29.144  -41.723  -32.756 0.6999999881
124993  -25.559  -37.334  -35.671 0.8000000119
37625  -25.022  -39.088  -35.174 0.8000000119
36656  -27.385  -40.839  -34.078 0.6999999881
37627  -25.823  -39.664  -34.633 0.6999999881
41232  -26.952  -35.886  -35.494 0.8000000119
41233  -27.835  -36.107  -35.206 0.6999999881
40294  -28.611  -36.371  -34.878 0.5000000000
40282  -30.874  -36.131  -33.589 0.5000000000
41214  -29.970  -35.974  -33.965 0.5000000000
40283  -31.811  -36.339  -33.356 0.4000000060
31716  -28.792  -45.440  -25.975 0.6000000238
32672  -30.463  -44.549  -27.515 0.8000000119
30736  -27.133  -46.799  -25.589 0.6999999881
29738  -26.605  -47.413  -25.656 0.6999999881
33622  -31.055  -43.961  -29.110 0.8000000119
29759  -25.066  -47.905  -25.725 0.6000000238
134554  -31.122  -43.722  -28.360 0.8000000119
28746  -24.513  -48.618  -26.199 0.6000000238
33639  -31.138  -43.267  -29.543 0.8000000119
34665  -30.869  -42.858  -30.320 0.8000000119
26796  -22.948  -50.282  -27.715 0.6000000238
27780  -23.440  -49.750  -27.199 0.6000000238
34676  -30.037  -42.360  -31.654 0.8999999762
129802  -30.624  -42.019  -30.970 0.8000000119
146817  -29.435  -41.085  -32.495 0.8000000119
143431  -29.957  -40.839  -31.935 0.8000000119
25866  -21.891  -51.826  -28.730 0.5000000000
38476  -28.428  -38.684  -33.132 0.8000000119
136238  -28.613  -40.171  -33.237 0.6999999881
23989  -21.130  -52.881  -29.144 0.4000000060
144439  -25.563  -35.116  -35.354 0.8000000119
132740  -24.522  -37.406  -35.137 0.8000000119
39409  -24.396  -38.103  -35.025 0.8000000119
38508  -25.550  -38.822  -34.425 0.8000000119
149153  -27.431  -39.502  -33.869 0.6999999881
41231  -25.836  -35.804  -35.524 0.8000000119
37626  -25.023  -39.239  -34.955 0.8000000119
37610  -26.645  -39.161  -34.161 0.6999999881
39398  -24.429  -37.642  -34.481 0.8000000119
126420  -26.534  -35.126  -35.355 0.8000000119
40293  -23.986  -36.343  -34.323 0.8000000119
131603  -28.949  -34.976  -34.291 0.6000000238
143198  -28.258  -34.859  -34.599 0.6000000238
31696  -28.052  -45.510  -25.459 0.6000000238
32671  -29.967  -44.637  -26.704 0.6999999881
32657  -30.410  -43.862  -26.867 0.6999999881
33602  -31.260  -43.160  -27.937 0.6999999881
29737  -25.750  -47.328  -25.513 0.6000000238
31694  -26.853  -46.106  -25.229 0.6000000238
32636  -27.502  -44.849  -24.905 0.6000000238
30734  -25.416  -46.613  -25.289 0.6000000238
33623  -31.326  -43.199  -28.797 0.8000000119
28745  -23.589  -48.412  -26.327 0.6000000238
34639  -31.535  -42.452  -28.377 0.6999999881
27779  -22.539  -49.524  -27.314 0.5000000000
34666  -31.196  -42.055  -30.239 0.8000000119
26814  -21.546  -50.613  -28.292 0.3000000119
37590  -30.369  -39.510  -31.567 0.8000000119
35644  -30.565  -41.075  -31.233 0.8000000119
137159  -29.355  -40.251  -32.585 0.8000000119
36637  -29.928  -39.890  -31.982 0.8000000119
39388  -27.819  -37.866  -33.320 0.8000000119
40311  -24.228  -36.572  -34.669 0.8000000119
38492  -27.549  -38.789  -33.656 0.8000000119
37612  -28.177  -39.431  -33.464 0.6999999881
38490  -25.180  -38.025  -34.176 0.8000000119
39385  -24.162  -36.816  -34.257 0.8000000119
42310  -27.542  -35.201  -35.020 0.6999999881
42292  -29.523  -34.304  -33.818 0.6000000238
42276  -32.293  -34.750  -33.612 0.3000000119
32637  -28.478  -44.728  -25.377 0.6000000238
33588  -29.830  -43.876  -26.101 0.6999999881
33589  -30.297  -43.106  -26.329 0.6999999881
142970  -21.750  -46.176  -26.886 0.5000000000
30735  -26.283  -46.707  -25.358 0.6000000238
134203  -26.673  -45.342  -24.914 0.6000000238
34625  -31.313  -42.411  -27.428 0.6999999881
28744  -22.674  -48.159  -26.479 0.5000000000
29736  -24.480  -47.284  -25.589 0.5000000000
136892  -25.895  -45.886  -25.051 0.6000000238
35599  -31.729  -41.720  -27.855 0.6999999881
27778  -21.565  -49.281  -27.402 0.3000000119
28768  -23.060  -48.981  -26.787 0.5000000000
35614  -31.774  -41.664  -28.828 0.8000000119
126557  -31.838  -40.105  -29.772 0.8000000119
36630  -31.538  -40.675  -30.116 0.8000000119
38477  -29.236  -38.652  -32.507 0.8999999762
38466  -30.600  -38.740  -31.367 0.8999999762
37580  -30.911  -39.619  -31.053 0.8000000119
37581  -31.481  -39.864  -30.407 0.8000000119
142727  -21.963  -51.210  -28.544 0.4000000060
39377  -28.480  -37.321  -32.704 0.8999999762
138246  -28.633  -38.051  -32.772 0.8999999762
37589  -29.925  -39.070  -31.962 0.8999999762
42307  -24.783  -34.601  -35.034 0.8000000119
133458  -24.639  -35.667  -35.050 0.8000000119
129461  -25.914  -37.493  -33.810 0.8000000119
38491  -26.534  -38.204  -33.874 0.8000000119
42308  -25.989  -34.425  -35.238 0.8000000119
42309  -26.979  -34.407  -35.039 0.6999999881
131208  -28.672  -34.111  -34.213 0.6000000238
43351  -30.184  -33.568  -33.657 0.6000000238
41199  -30.639  -35.285  -33.566 0.6000000238
33574  -28.039  -44.036  -24.798 0.6000000238
33575  -29.006  -43.787  -25.321 0.6000000238
33576  -29.706  -43.090  -25.629 0.6999999881
34592  -30.185  -42.433  -25.789 0.6999999881
136612  -25.896  -45.058  -24.856 0.6000000238
34608  -30.818  -42.279  -26.499 0.8000000119
136675  -22.866  -46.733  -26.085 0.6000000238
29735  -23.734  -46.911  -25.687 0.5000000000
31693  -25.131  -45.256  -25.049 0.6000000238
35586  -31.408  -41.630  -26.950 0.6999999881
36599  -32.099  -41.017  -28.251 0.8000000119
28743  -21.791  -47.894  -26.679 0.4000000060
36617  -31.969  -40.739  -29.214 0.6999999881
26795  -22.018  -50.065  -27.808 0.4000000060
38465  -29.896  -38.201  -31.927 0.8000000119
38457  -31.438  -38.890  -30.608 0.8000000119
40270  -27.573  -36.158  -32.846 0.8999999762
39378  -29.212  -37.729  -32.356 0.8000000119
40271  -28.341  -36.479  -32.563 0.8000000119
41211  -23.903  -35.603  -34.293 0.8000000119
145996  -24.611  -35.661  -33.657 0.8000000119
39387  -26.896  -37.284  -33.494 0.6999999881
42306  -24.015  -34.427  -34.506 0.8000000119
40280  -26.013  -36.669  -33.584 0.8000000119
40279  -24.702  -36.399  -33.771 0.8000000119
43364  -26.451  -33.640  -34.957 0.8000000119
143157  -23.832  -34.323  -34.217 0.8000000119
144002  -28.115  -33.612  -34.416 0.6999999881
43350  -28.829  -33.039  -34.107 0.6999999881
44281  -30.342  -32.227  -34.320 0.6000000238
44282  -31.222  -32.222  -34.687 0.6000000238
32635  -26.457  -44.440  -24.706 0.6000000238
35570  -29.940  -41.869  -25.280 0.8000000119
137829  -22.988  -44.417  -27.128 0.5000000000
32633  -24.451  -44.642  -25.418 0.5000000000
31715  -23.165  -45.342  -26.150 0.5000000000
31692  -24.311  -45.596  -25.384 0.5000000000
36573  -31.491  -40.793  -26.420 0.8000000119
37542  -32.064  -40.267  -27.017 0.8000000119
30751  -22.514  -45.861  -26.429 0.5000000000
36585  -32.226  -40.471  -27.747 0.8000000119
36600  -32.298  -40.223  -28.450 0.8000000119
37556  -32.464  -39.413  -28.530 0.8000000119
36618  -32.233  -39.843  -29.213 0.8000000119
37572  -31.952  -39.388  -29.891 0.8000000119
38449  -32.371  -39.029  -29.251 0.8000000119
39363  -30.491  -37.756  -31.407 0.8000000119
40272  -29.089  -36.856  -32.239 0.8000000119
38456  -31.068  -38.128  -30.953 0.8000000119
41196  -23.821  -34.721  -34.160 0.8000000119
40269  -26.704  -35.940  -33.182 0.8000000119
41198  -25.625  -35.810  -33.431 0.8999999762
43363  -25.359  -33.697  -35.065 0.8000000119
43348  -23.860  -33.636  -34.345 0.8000000119
43365  -27.380  -33.639  -34.715 0.6999999881
44289  -27.013  -32.819  -34.795 0.6999999881
44280  -29.442  -32.252  -34.263 0.6999999881
43349  -27.920  -32.883  -34.457 0.6999999881
45226  -28.376  -31.297  -34.780 0.6999999881
45227  -29.154  -31.650  -34.544 0.6999999881
35547  -27.974  -41.364  -24.497 0.8000000119
33562  -28.297  -43.167  -24.718 0.6000000238
34575  -28.409  -42.208  -24.597 0.6000000238
135872  -29.569  -41.308  -24.826 0.8000000119
35613  -24.254  -41.611  -28.374 0.6000000238
34623  -24.645  -41.824  -27.330 0.5000000000
133477  -25.924  -43.746  -24.787 0.6000000238
34573  -26.729  -42.812  -24.616 0.6000000238
36572  -30.870  -40.986  -25.688 0.8000000119
37570  -23.616  -39.621  -29.303 0.6000000238
137761  -24.254  -40.814  -28.642 0.6000000238
35597  -24.636  -41.141  -27.850 0.6000000238
34607  -24.949  -41.950  -26.516 0.5000000000
33571  -24.615  -43.725  -25.619 0.5000000000
38419  -22.560  -38.012  -27.590 0.5000000000
38446  -23.295  -39.021  -29.067 0.5000000000
38435  -24.411  -38.543  -28.650 0.6000000238
36597  -24.640  -40.383  -28.252 0.6000000238
32654  -23.305  -44.601  -26.457 0.5000000000
33587  -24.868  -42.780  -25.930 0.5000000000
134109  -31.799  -39.876  -26.229 0.8000000119
37543  -32.402  -39.707  -27.639 0.8000000119
39329  -23.453  -37.980  -28.085 0.5000000000
38418  -21.571  -38.154  -27.560 0.4000000060
31691  -23.643  -45.625  -25.723 0.5000000000
131516  -32.607  -38.843  -27.898 0.6999999881
39351  -31.679  -37.907  -30.443 0.8000000119
38448  -32.134  -38.530  -29.920 0.8000000119
39341  -32.556  -38.214  -29.184 0.6999999881
41192  -28.144  -35.616  -32.426 0.8000000119
39362  -29.798  -37.295  -31.850 0.8000000119
39340  -32.307  -37.644  -29.792 0.8000000119
39350  -31.084  -37.317  -30.894 0.8000000119
41179  -30.238  -35.901  -31.317 0.8000000119
44286  -24.087  -32.684  -34.663 0.8999999762
43347  -23.750  -33.671  -34.114 0.8999999762
41189  -25.214  -35.067  -33.351 0.8000000119
41191  -27.287  -35.334  -32.705 0.8000000119
41197  -24.190  -35.024  -33.741 1.0000000000
42260  -25.824  -34.408  -32.954 0.8000000119
44288  -25.842  -32.709  -34.994 0.8000000119
125945  -26.729  -31.912  -34.964 0.6999999881
35546  -27.150  -41.332  -24.657 0.8000000119
35548  -28.801  -41.401  -24.589 0.8000000119
36543  -29.877  -40.601  -24.739 0.8000000119
37541  -25.318  -39.386  -27.630 0.6000000238
35569  -26.440  -41.444  -24.984 0.6000000238
136778  -26.887  -42.049  -24.653 0.6000000238
35549  -30.264  -41.180  -25.189 0.8000000119
37507  -30.799  -39.549  -24.829 0.8000000119
38434  -23.728  -38.448  -28.728 0.5000000000
36598  -24.839  -39.678  -28.274 0.6000000238
128479  -25.485  -39.878  -26.966 0.6000000238
36560  -31.219  -40.197  -25.551 0.8000000119
38410  -32.151  -38.984  -26.161 0.6999999881
36556  -25.812  -40.761  -25.915 0.6000000238
34589  -26.059  -42.204  -25.026 0.6000000238
137784  -23.898  -37.550  -27.799 0.4000000060
39330  -24.190  -37.941  -28.285 0.4000000060
38420  -24.897  -38.105  -28.133 0.4000000060
37534  -32.476  -38.964  -27.045 0.6999999881
39316  -23.197  -37.520  -27.408 0.4000000060
40211  -23.842  -37.101  -27.131 0.4000000060
37533  -25.744  -39.076  -26.771 0.4000000060
130570  -32.766  -37.993  -28.264 0.6999999881
40196  -24.350  -36.555  -26.608 0.4000000060
129176  -25.269  -36.352  -26.359 0.5000000000
139506  -32.435  -36.940  -29.631 0.6999999881
40195  -23.312  -36.531  -26.469 0.3000000119
40197  -25.799  -36.909  -26.532 0.5000000000
40255  -28.924  -35.964  -32.123 0.8000000119
40256  -29.657  -36.386  -31.764 0.8000000119
40248  -30.990  -36.345  -30.849 0.8000000119
40249  -31.833  -36.874  -30.295 0.8000000119
44277  -23.727  -32.758  -34.210 0.8000000119
43332  -23.731  -33.685  -33.939 1.0000000000
43317  -25.286  -33.757  -32.928 0.8000000119
43318  -26.298  -33.777  -32.592 0.8000000119
42261  -26.911  -34.409  -32.545 0.8000000119
41177  -28.702  -35.060  -31.958 0.8000000119
41178  -29.464  -35.464  -31.642 0.8000000119
130770  -23.611  -32.818  -34.047 1.0000000000
42250  -28.453  -34.164  -31.774 0.8000000119
133725  -24.792  -33.012  -34.966 0.8000000119
44248  -25.002  -32.561  -32.909 0.8000000119
147306  -26.946  -33.783  -32.368 0.8000000119
45235  -25.643  -31.608  -35.191 0.8999999762
45225  -27.429  -31.371  -34.949 0.6999999881
44278  -27.670  -32.048  -34.646 0.6999999881
46149  -28.744  -30.456  -35.430 0.6999999881
45236  -29.414  -31.064  -34.960 0.6999999881
45237  -30.258  -31.273  -35.228 0.6999999881
45242  -31.217  -31.553  -36.317 0.6000000238
45241  -30.726  -30.878  -36.543 0.6999999881
46156  -29.321  -29.997  -36.144 0.6999999881
45248  -31.472  -31.293  -36.971 0.6000000238
139032  -28.330  -40.751  -24.509 0.8000000119
37506  -29.402  -39.919  -24.520 0.8000000119
36583  -25.068  -40.329  -27.521 0.5000000000
36558  -26.887  -39.840  -24.973 0.8000000119
146389  -27.515  -39.844  -24.664 0.8000000119
36541  -28.302  -39.859  -24.499 0.8000000119
136653  -30.159  -39.982  -24.674 0.8000000119
38436  -24.998  -38.882  -28.293 0.5000000000
38409  -26.192  -38.407  -26.211 0.5000000000
132938  -27.514  -40.522  -24.623 0.8000000119
37521  -31.538  -39.351  -25.442 0.6999999881
39317  -24.572  -37.475  -27.644 0.4000000060
38408  -25.798  -38.101  -27.002 0.5000000000
37520  -26.837  -39.077  -25.192 0.6999999881
36557  -26.270  -40.265  -25.515 0.6999999881
38397  -31.791  -38.522  -25.339 0.6999999881
38398  -32.316  -38.090  -25.836 0.6999999881
38411  -32.481  -38.364  -26.559 0.6999999881
39307  -32.676  -37.537  -26.530 0.6999999881
39319  -32.864  -37.406  -27.504 0.6999999881
41097  -25.402  -35.722  -25.714 0.5000000000
40225  -32.965  -36.552  -28.561 0.6999999881
41111  -23.687  -35.997  -25.975 0.4000000060
41112  -24.604  -35.904  -25.947 0.4000000060
41163  -30.727  -35.393  -30.835 0.8000000119
40238  -32.718  -36.578  -29.210 0.6999999881
42251  -30.007  -34.979  -31.205 0.8000000119
133455  -29.258  -34.543  -31.499 0.8000000119
42237  -30.698  -34.074  -30.575 0.6999999881
127246  -25.755  -33.142  -32.654 0.8000000119
45233  -23.910  -31.059  -34.866 0.8999999762
45234  -24.557  -31.252  -35.195 0.8999999762
45224  -23.742  -31.141  -34.477 0.8999999762
45216  -23.890  -31.286  -33.750 0.8000000119
138717  -24.631  -31.337  -33.339 0.8000000119
44249  -26.235  -32.403  -32.540 0.8000000119
131836  -25.252  -30.630  -35.392 0.8999999762
46145  -24.281  -30.340  -35.176 0.8000000119
133955  -26.533  -30.913  -35.257 0.8999999762
46147  -26.855  -30.035  -35.588 0.8000000119
43366  -32.061  -32.657  -35.088 0.4000000060
126971  -27.654  -30.687  -35.237 0.8000000119
46155  -28.571  -29.805  -35.886 0.6999999881
46150  -29.908  -30.671  -35.788 0.6999999881
47099  -33.050  -29.913  -37.902 0.5000000000
37505  -28.231  -38.923  -24.474 0.6999999881
128041  -29.013  -39.121  -24.371 0.8000000119
38380  -27.752  -38.290  -24.623 0.6999999881
38382  -29.555  -38.554  -24.317 0.6999999881
148881  -24.504  -37.045  -27.130 0.4000000060
124788  -26.806  -36.901  -25.477 0.6000000238
38381  -28.687  -38.178  -24.301 0.6999999881
38384  -31.248  -38.824  -24.837 0.6999999881
39293  -31.965  -37.809  -25.195 0.6999999881
39294  -32.399  -37.158  -25.461 0.6999999881
40179  -26.173  -36.234  -25.840 0.5000000000
137204  -32.936  -36.854  -26.984 0.6999999881
40213  -33.072  -36.641  -27.730 0.6999999881
42163  -24.450  -34.793  -24.826 0.3000000119
130295  -24.789  -35.387  -25.399 0.3000000119
130507  -26.005  -35.487  -25.402 0.5000000000
143096  -30.469  -34.647  -30.823 0.6999999881
41164  -31.597  -35.701  -30.321 0.6999999881
40226  -33.208  -35.742  -28.015 0.6999999881
42164  -25.435  -35.034  -25.036 0.4000000060
130443  -31.112  -34.823  -30.477 0.6999999881
40237  -32.336  -36.210  -29.749 0.6999999881
134839  -31.709  -34.898  -30.072 0.6999999881
42236  -29.891  -34.035  -31.038 0.6999999881
45200  -25.298  -31.824  -32.933 0.8000000119
140692  -26.853  -33.221  -32.325 0.8000000119
43303  -27.621  -33.123  -31.977 0.8000000119
43304  -28.280  -33.314  -31.679 0.8000000119
44250  -27.315  -32.594  -32.195 0.8000000119
46140  -23.836  -30.531  -34.396 0.8000000119
138231  -24.919  -29.647  -35.440 0.8000000119
47078  -24.299  -29.484  -35.163 0.8000000119
46144  -23.976  -30.353  -34.819 0.8999999762
46146  -25.864  -30.072  -35.566 0.8999999762
47081  -27.176  -29.263  -35.875 0.8000000119
47090  -28.765  -29.105  -36.308 0.8000000119
45247  -31.156  -30.689  -37.013 0.6999999881
46164  -31.790  -30.695  -37.322 0.6000000238
46157  -30.099  -30.244  -36.409 0.6999999881
48029  -29.299  -28.275  -36.790 0.6999999881
123980  -27.997  -35.979  -24.220 0.6000000238
40168  -28.166  -36.757  -24.249 0.6000000238
39278  -28.747  -37.229  -24.062 0.6999999881
123963  -30.088  -37.037  -23.822 0.6999999881
39280  -30.605  -37.569  -24.130 0.6999999881
39281  -31.354  -37.993  -24.641 0.6999999881
39292  -27.250  -37.586  -24.976 0.6000000238
40170  -30.734  -36.825  -23.833 0.6999999881
135402  -31.205  -37.273  -24.217 0.6999999881
39282  -31.798  -37.250  -24.686 0.6999999881
40180  -27.452  -36.673  -24.742 0.6000000238
41096  -24.011  -35.439  -25.399 0.3000000119
41098  -26.594  -35.631  -25.142 0.5000000000
143518  -26.848  -36.233  -25.221 0.5000000000
41088  -28.726  -35.713  -23.740 0.6000000238
40199  -32.838  -36.603  -26.213 0.6999999881
42165  -26.285  -34.991  -24.863 0.4000000060
41086  -27.011  -35.095  -24.620 0.5000000000
149879  -27.595  -35.312  -24.336 0.6000000238
41113  -33.046  -35.763  -26.059 0.6999999881
41140  -33.054  -34.964  -28.556 0.6999999881
41127  -33.310  -35.331  -27.244 0.6999999881
139704  -32.664  -34.957  -29.215 0.6999999881
43200  -25.405  -33.728  -24.158 0.3000000119
43272  -31.773  -33.610  -29.849 0.6999999881
44233  -28.031  -32.747  -31.841 0.8000000119
44234  -28.614  -32.446  -31.743 0.8000000119
43291  -29.551  -33.187  -31.121 0.6999999881
43292  -30.347  -33.316  -30.743 0.6999999881
125276  -31.662  -32.884  -30.076 0.6999999881
45201  -26.225  -31.647  -32.719 0.8000000119
45186  -28.575  -31.635  -32.234 0.8000000119
47072  -24.130  -29.573  -34.730 0.8000000119
46132  -24.353  -30.578  -33.682 0.8000000119
45217  -25.534  -30.971  -33.168 0.8000000119
46118  -26.900  -31.093  -32.827 0.8000000119
47079  -24.864  -28.735  -35.504 0.8000000119
48000  -26.192  -28.394  -34.071 0.8000000119
47064  -26.787  -29.404  -33.555 0.8000000119
47065  -27.867  -29.484  -33.505 0.8000000119
48002  -28.140  -28.614  -33.708 0.8000000119
47098  -32.145  -29.748  -37.542 0.6000000238
46163  -31.337  -29.998  -37.190 0.6999999881
47091  -29.891  -29.365  -36.647 0.6000000238
49077  -30.184  -26.765  -37.299 0.6999999881
48037  -30.564  -27.643  -37.475 0.6000000238
48038  -31.138  -28.466  -37.469 0.6000000238
41089  -29.254  -36.158  -23.653 0.6000000238
40171  -31.460  -36.653  -24.107 0.6999999881
40172  -32.141  -36.489  -24.635 0.6999999881
41080  -29.432  -35.548  -23.551 0.6000000238
41090  -31.776  -35.906  -23.999 0.6999999881
40181  -32.652  -36.179  -25.355 0.6999999881
42153  -26.719  -34.392  -24.298 0.4000000060
42154  -27.561  -34.556  -24.076 0.4000000060
41079  -28.867  -34.977  -23.594 0.5000000000
41082  -31.271  -35.260  -23.597 0.6999999881
42155  -28.337  -34.377  -23.711 0.5000000000
41100  -33.297  -34.980  -25.971 0.6999999881
41114  -33.271  -35.366  -26.610 0.6999999881
43201  -26.346  -33.535  -23.975 0.3000000119
127661  -27.227  -33.743  -23.871 0.4000000060
42238  -31.418  -34.214  -30.161 0.6999999881
42179  -33.455  -34.657  -26.807 0.6999999881
125012  -27.034  -33.026  -23.723 0.3000000119
42206  -32.758  -34.269  -28.967 0.6999999881
42207  -33.193  -34.140  -28.239 0.6999999881
131540  -32.118  -33.111  -29.638 0.6999999881
43254  -32.953  -33.500  -28.750 0.6999999881
134257  -27.709  -31.579  -32.458 0.8000000119
140814  -31.002  -32.551  -30.679 0.6999999881
43293  -31.126  -33.444  -30.332 0.6999999881
44192  -33.216  -32.730  -28.671 0.6999999881
44224  -31.941  -32.151  -30.404 0.6999999881
45160  -32.706  -31.838  -29.985 0.6999999881
132219  -25.034  -30.027  -33.656 0.8000000119
46134  -27.410  -30.267  -33.227 0.8000000119
44223  -30.082  -32.634  -31.101 0.6999999881
45172  -33.166  -31.104  -30.248 0.6999999881
47062  -24.466  -29.381  -34.274 0.8000000119
46133  -26.230  -30.189  -33.342 0.8000000119
46119  -28.009  -30.940  -32.731 0.8000000119
46120  -28.973  -30.804  -32.686 0.8000000119
45203  -29.545  -31.362  -32.227 0.8000000119
130469  -31.795  -30.792  -31.797 0.8000000119
45189  -32.841  -30.692  -30.929 0.6999999881
47073  -24.375  -28.751  -34.805 0.8000000119
47052  -29.405  -30.064  -33.123 0.8000000119
46122  -31.202  -30.430  -32.351 0.8000000119
48010  -24.469  -28.702  -35.136 0.8000000119
49047  -25.344  -27.454  -35.353 0.8000000119
144364  -27.287  -28.788  -33.706 0.8000000119
47066  -28.834  -29.368  -33.469 0.8000000119
47054  -31.353  -29.468  -32.642 0.8000000119
48020  -25.558  -28.059  -35.894 0.8000000119
49049  -27.213  -27.093  -34.466 0.8000000119
48003  -29.080  -28.396  -33.613 0.8000000119
47067  -29.770  -29.185  -33.352 0.8000000119
47993  -31.451  -28.369  -32.715 0.8000000119
49063  -27.142  -26.814  -36.342 0.8000000119
49038  -29.319  -27.414  -33.748 0.8000000119
48028  -27.320  -27.725  -36.359 0.8000000119
47106  -32.750  -29.089  -37.813 0.5000000000
48039  -31.950  -28.523  -37.686 0.6000000238
49064  -28.176  -26.742  -36.474 0.8000000119
49065  -28.865  -27.231  -36.798 0.8000000119
48050  -32.876  -28.065  -38.063 0.6000000238
49093  -33.347  -27.306  -38.286 0.6000000238
49079  -31.824  -27.266  -37.977 0.6000000238
49092  -32.461  -26.781  -38.220 0.6000000238
40162  -30.022  -36.256  -23.622 0.6999999881
41083  -32.102  -35.117  -23.935 0.6999999881
125323  -32.423  -35.664  -24.571 0.6999999881
42140  -29.930  -34.385  -23.408 0.5000000000
42142  -31.621  -34.501  -23.586 0.6999999881
43202  -27.801  -33.051  -23.617 0.4000000060
44126  -28.610  -32.773  -23.483 0.4000000060
43188  -28.476  -33.595  -23.574 0.5000000000
41099  -32.913  -35.329  -25.278 0.6999999881
44140  -27.282  -32.257  -23.653 0.3000000119
45086  -28.096  -32.074  -23.533 0.3000000119
43189  -29.156  -33.348  -23.449 0.5000000000
42156  -33.392  -33.507  -25.184 0.6999999881
132837  -33.601  -33.870  -26.666 0.6999999881
44139  -26.449  -32.499  -23.777 0.3000000119
131638  -28.543  -31.058  -23.640 0.3000000119
43236  -33.713  -33.169  -27.009 0.6999999881
46014  -27.806  -30.541  -24.103 0.3000000119
45150  -34.274  -31.250  -28.224 0.6999999881
45188  -30.163  -31.589  -31.876 0.8000000119
44237  -31.568  -31.588  -31.154 0.6999999881
44208  -32.984  -32.247  -29.299 0.6999999881
44236  -30.603  -31.961  -31.355 0.6999999881
132808  -32.243  -30.982  -31.260 0.6999999881
46093  -33.481  -30.325  -30.506 0.6999999881
46135  -28.445  -30.202  -33.183 0.8000000119
46105  -30.973  -31.244  -31.853 0.6999999881
46106  -32.484  -30.340  -31.573 0.8000000119
47999  -24.964  -28.505  -34.508 0.8000000119
47041  -32.680  -29.529  -31.799 0.8000000119
48012  -25.398  -27.680  -34.783 0.8000000119
47992  -30.658  -28.843  -33.109 0.8000000119
47994  -32.192  -28.020  -32.318 0.8000000119
50074  -26.256  -26.621  -35.290 0.8000000119
50088  -26.512  -26.424  -35.742 0.8000000119
48001  -27.260  -27.960  -33.989 0.8000000119
48004  -29.961  -28.115  -33.428 0.8000000119
49040  -30.863  -26.847  -33.311 0.8000000119
49033  -32.292  -27.157  -32.307 0.8000000119
50104  -27.591  -26.371  -36.169 0.8000000119
50089  -27.215  -26.132  -35.808 0.8000000119
49037  -28.272  -27.523  -33.984 0.8000000119
50065  -29.597  -26.838  -33.888 0.8000000119
50059  -32.139  -26.375  -32.629 0.8000000119
49076  -29.545  -26.807  -37.009 0.8000000119
132478  -29.508  -34.880  -23.481 0.6000000238
41081  -30.260  -35.287  -23.474 0.6000000238
42141  -30.767  -34.517  -23.418 0.6000000238
147447  -29.766  -33.200  -23.411 0.5000000000
43192  -31.870  -33.742  -23.577 0.6999999881
42143  -32.354  -34.315  -23.941 0.6999999881
131052  -32.928  -34.008  -24.524 0.6999999881
44128  -30.333  -32.650  -23.382 0.6000000238
44130  -32.066  -32.976  -23.580 0.6999999881
43204  -32.542  -33.525  -23.953 0.6999999881
45102  -27.575  -31.356  -23.767 0.3000000119
45087  -28.825  -31.999  -23.440 0.3000000119
44141  -32.715  -32.757  -24.009 0.6999999881
46013  -27.029  -30.742  -24.190 0.3000000119
46016  -29.964  -30.049  -23.795 0.3000000119
44149  -33.669  -32.511  -25.541 0.6999999881
43222  -33.664  -33.323  -26.104 0.6999999881
47882  -28.051  -28.607  -25.656 0.3000000119
46963  -28.451  -29.091  -24.964 0.3000000119
46964  -29.223  -28.969  -24.803 0.3000000119
47873  -30.006  -28.846  -24.645 0.3000000119
124000  -28.037  -28.094  -26.279 0.3000000119
45149  -33.648  -31.917  -28.645 0.6999999881
46073  -33.989  -31.192  -28.993 0.6999999881
46107  -33.133  -29.948  -31.195 0.8000000119
47982  -32.782  -28.631  -31.886 0.8000000119
49021  -32.808  -27.693  -31.899 0.8000000119
50076  -27.713  -26.218  -35.314 0.8000000119
49050  -27.924  -26.601  -34.590 0.8000000119
142638  -29.116  -26.484  -35.064 0.8000000119
50077  -29.453  -26.668  -34.436 0.8000000119
50067  -31.079  -26.558  -33.586 0.8000000119
51006  -31.807  -26.236  -33.133 0.8000000119
50058  -31.447  -26.501  -33.047 0.8000000119
50106  -29.339  -26.520  -36.548 0.8000000119
50079  -31.086  -26.545  -34.252 0.8000000119
50121  -29.836  -26.514  -36.964 0.8000000119
50122  -30.549  -26.412  -37.304 0.6999999881
50123  -31.315  -26.120  -37.696 0.6000000238
44129  -31.242  -33.105  -23.415 0.6000000238
45091  -32.096  -32.103  -23.591 0.6000000238
43205  -33.038  -33.303  -24.446 0.6999999881
45104  -30.250  -30.878  -23.506 0.4000000060
132462  -32.427  -31.131  -23.816 0.6000000238
45106  -32.943  -31.936  -24.187 0.6999999881
45107  -33.523  -31.844  -24.880 0.6999999881
46017  -31.922  -30.254  -23.665 0.4000000060
45117  -33.831  -31.684  -25.496 0.6999999881
132590  -33.984  -32.359  -26.938 0.6999999881
47884  -30.377  -28.172  -24.993 0.3000000119
46953  -32.359  -29.525  -24.122 0.4000000060
133846  -33.741  -31.087  -25.107 0.6000000238
45124  -34.383  -31.133  -26.496 0.6999999881
45139  -34.466  -31.210  -27.320 0.6999999881
46062  -34.724  -30.571  -27.790 0.6999999881
46074  -34.518  -30.487  -28.771 0.6999999881
46084  -34.472  -29.890  -29.523 0.6999999881
46123  -32.020  -29.982  -32.192 0.8000000119
47055  -32.148  -29.042  -32.344 0.8000000119
47042  -33.288  -29.115  -31.337 0.8000000119
49032  -31.541  -27.154  -32.731 0.8000000119
50045  -33.326  -26.322  -31.587 0.8000000119
134445  -30.110  -27.134  -33.518 0.8000000119
51007  -32.481  -25.885  -32.805 0.8000000119
50092  -29.774  -26.527  -36.098 0.8000000119
145280  -30.292  -26.597  -34.257 0.8000000119
50080  -32.015  -26.578  -34.372 0.8000000119
51015  -32.263  -26.107  -33.405 0.8000000119
50081  -32.849  -26.745  -35.012 0.8000000119
50135  -32.212  -25.920  -38.258 0.6000000238
139067  -30.725  -26.293  -37.301 0.8000000119
50134  -31.945  -25.668  -38.029 0.6000000238
51039  -31.908  -25.723  -37.753 0.6999999881
51054  -33.034  -24.868  -38.030 0.6999999881
45090  -31.183  -32.224  -23.372 0.6000000238
46952  -31.411  -29.452  -23.958 0.3000000119
47874  -30.871  -28.759  -24.418 0.3000000119
46018  -32.799  -30.311  -24.149 0.5000000000
47876  -32.724  -28.823  -24.472 0.3000000119
46034  -34.457  -30.380  -26.064 0.6999999881
48953  -30.085  -26.991  -26.006 0.3000000119
48935  -30.786  -27.413  -25.360 0.3000000119
47888  -34.402  -28.304  -25.681 0.4000000060
46047  -34.710  -30.486  -26.884 0.6999999881
49970  -29.481  -26.572  -26.519 0.3000000119
47000  -35.024  -29.848  -27.353 0.6000000238
47943  -35.238  -28.905  -28.912 0.6000000238
47944  -35.423  -28.373  -28.324 0.6000000238
47030  -34.340  -29.183  -30.092 0.8000000119
47951  -34.899  -28.600  -29.609 0.6999999881
47952  -35.316  -28.123  -29.063 0.6000000238
47970  -33.837  -28.693  -30.785 0.8000000119
47971  -34.439  -28.246  -30.282 0.6999999881
49022  -33.338  -27.277  -31.451 0.8000000119
49008  -33.877  -27.782  -30.871 0.8000000119
50027  -33.864  -26.836  -30.969 0.6999999881
49009  -34.455  -27.337  -30.396 0.6999999881
50012  -34.984  -26.861  -29.907 0.6999999881
50044  -32.764  -26.739  -31.991 0.8000000119
50046  -33.912  -25.913  -31.164 0.6999999881
50028  -34.450  -26.424  -30.530 0.6999999881
50060  -32.823  -25.952  -32.207 0.8000000119
50995  -33.453  -25.579  -31.830 0.8000000119
50996  -34.099  -25.189  -31.483 0.6999999881
50981  -34.596  -25.500  -30.679 0.6999999881
50091  -28.926  -26.386  -35.783 0.8000000119
50078  -30.454  -26.749  -35.219 0.8000000119
51009  -33.807  -25.074  -32.191 0.8000000119
50094  -32.239  -26.839  -35.662 0.8000000119
51022  -32.971  -26.287  -34.090 0.8000000119
51016  -33.034  -25.728  -33.213 0.8000000119
148818  -31.534  -26.590  -36.351 0.8000000119
50082  -33.635  -26.511  -35.006 0.8000000119
129907  -34.769  -25.607  -34.329 0.8000000119
50093  -30.665  -26.499  -36.458 0.8000000119
50108  -32.194  -26.128  -36.878 0.8000000119
51041  -33.343  -25.241  -37.449 0.6999999881
51064  -32.499  -25.465  -38.225 0.6000000238
51998  -34.124  -24.513  -38.465 0.6000000238
126793  -31.321  -26.128  -37.232 0.8000000119
51040  -32.564  -25.418  -37.655 0.6999999881
51988  -33.667  -24.383  -38.111 0.6999999881
46965  -33.749  -29.722  -25.006 0.5000000000
46033  -34.017  -30.359  -25.372 0.5000000000
47885  -31.259  -28.076  -24.698 0.3000000119
47887  -33.612  -28.841  -24.958 0.4000000060
46966  -34.323  -29.466  -25.635 0.5000000000
46981  -34.801  -29.698  -26.481 0.6000000238
48936  -31.603  -26.945  -25.343 0.3000000119
126559  -34.812  -28.935  -26.222 0.5000000000
47930  -35.224  -29.053  -26.953 0.6000000238
49949  -31.589  -26.240  -25.635 0.3000000119
139693  -33.278  -26.974  -25.268 0.3000000119
47906  -35.097  -28.144  -26.550 0.6000000238
47907  -35.407  -28.349  -27.467 0.6000000238
50919  -29.622  -25.757  -26.705 0.3000000119
149595  -31.571  -25.776  -25.756 0.3000000119
49951  -33.848  -26.484  -25.568 0.3000000119
125762  -30.883  -25.169  -26.234 0.3000000119
51859  -29.762  -24.941  -26.858 0.3000000119
48993  -35.402  -27.222  -29.069 0.6999999881
50029  -34.947  -26.103  -30.117 0.6999999881
51017  -34.632  -25.237  -33.547 0.8000000119
51942  -35.150  -24.425  -32.395 0.6999999881
51932  -35.183  -24.345  -31.608 0.6999999881
51948  -34.489  -24.840  -32.694 0.6999999881
51018  -35.348  -25.126  -34.197 0.8000000119
51957  -35.980  -24.568  -34.175 0.6999999881
50096  -33.965  -26.400  -35.972 0.8000000119
51030  -34.749  -25.739  -36.084 0.6999999881
51023  -34.506  -26.125  -35.053 0.8000000119
127257  -35.742  -24.851  -34.943 0.6000000238
53052  -34.937  -23.428  -39.225 0.6000000238
50109  -33.181  -25.972  -36.806 0.6999999881
51042  -34.271  -25.220  -37.044 0.6999999881
136360  -34.078  -23.752  -38.283 0.6999999881
51997  -33.652  -24.527  -38.210 0.6999999881
51055  -33.677  -24.612  -37.728 0.6999999881
130244  -33.365  -19.122  -37.801 0.5000000000
57941  -32.932  -18.974  -38.461 0.5000000000
48973  -35.398  -27.440  -27.247 0.6000000238
50003  -35.497  -26.456  -28.464 0.6000000238
50013  -35.347  -26.199  -29.381 0.6999999881
50966  -35.450  -25.448  -29.297 0.6999999881
51916  -35.164  -24.879  -30.386 0.6999999881
52924  -27.748  -23.459  -28.388 0.3000000119
51931  -34.733  -24.766  -31.133 0.6999999881
50982  -35.207  -25.503  -29.942 0.6999999881
144957  -35.389  -24.354  -30.819 0.6999999881
51024  -35.219  -25.534  -35.054 0.6999999881
51943  -35.797  -24.178  -32.771 0.6999999881
52986  -35.740  -23.962  -32.067 0.6000000238
51949  -35.380  -24.643  -33.313 0.6999999881
50095  -33.124  -26.725  -35.925 0.6999999881
51043  -34.990  -25.029  -36.596 0.6999999881
51031  -35.439  -25.023  -35.822 0.6999999881
142946  -36.056  -23.760  -36.155 0.6000000238
53031  -34.832  -23.774  -37.329 0.6999999881
53051  -34.310  -23.302  -38.882 0.6000000238
129138  -34.415  -22.795  -39.232 0.5000000000
53029  -34.034  -22.826  -38.372 0.6999999881
53976  -33.760  -21.985  -38.283 0.6999999881
54889  -33.442  -21.430  -38.696 0.6999999881
49975  -35.256  -26.631  -26.809 0.5000000000
130772  -34.999  -25.895  -26.450 0.4000000060
126475  -35.357  -25.820  -27.104 0.5000000000
49989  -35.449  -26.562  -27.575 0.6000000238
136445  -35.421  -24.934  -27.419 0.5000000000
126983  -35.501  -25.768  -27.872 0.6000000238
50955  -35.568  -24.951  -28.806 0.6000000238
53882  -28.010  -22.632  -28.579 0.3000000119
52925  -28.552  -23.224  -28.139 0.3000000119
52957  -35.670  -24.320  -29.963 0.6999999881
52976  -35.794  -23.899  -31.270 0.6000000238
147602  -35.962  -23.821  -30.442 0.6000000238
142072  -36.199  -24.306  -34.881 0.6000000238
52987  -36.459  -23.617  -32.648 0.6000000238
51976  -35.432  -24.304  -36.548 0.6999999881
53009  -36.488  -23.621  -35.340 0.6000000238
51958  -36.495  -23.920  -34.334 0.6000000238
53008  -35.567  -23.431  -36.740 0.6999999881
53965  -35.884  -21.999  -36.604 0.6000000238
53977  -34.262  -22.494  -37.800 0.6999999881
54000  -33.853  -22.259  -38.819 0.6999999881
53050  -34.075  -22.745  -38.993 0.6000000238
54909  -34.859  -21.513  -39.659 0.5000000000
54907  -33.617  -21.569  -39.072 0.6000000238
54908  -34.035  -21.600  -39.393 0.6000000238
55884  -34.259  -20.905  -39.601 0.5000000000
54877  -33.478  -21.176  -38.057 0.6000000238
55882  -33.113  -20.263  -39.224 0.5000000000
126865  -33.099  -20.716  -38.552 0.5000000000
56877  -32.840  -19.604  -39.113 0.5000000000
56892  -33.235  -19.591  -39.407 0.5000000000
57940  -32.758  -18.776  -39.048 0.5000000000
128684  -32.859  -18.092  -38.741 0.5000000000
50925  -35.162  -25.116  -26.714 0.4000000060
51865  -35.243  -24.447  -26.887 0.4000000060
52899  -32.558  -23.238  -25.981 0.4000000060
149254  -35.538  -25.128  -28.154 0.6000000238
53883  -28.745  -22.373  -28.376 0.3000000119
54768  -29.515  -22.032  -28.155 0.3000000119
53874  -31.279  -22.203  -27.115 0.3000000119
55739  -29.919  -20.725  -28.870 0.3000000119
136835  -36.317  -23.484  -30.941 0.6000000238
52988  -37.213  -22.924  -32.902 0.5000000000
52977  -36.367  -23.496  -31.680 0.6000000238
53002  -36.940  -23.161  -34.545 0.6000000238
52995  -37.308  -22.752  -33.851 0.6000000238
53950  -36.916  -22.692  -35.393 0.6000000238
53017  -36.300  -22.932  -36.237 0.6000000238
53951  -37.253  -21.891  -35.324 0.6000000238
54873  -36.387  -21.280  -36.178 0.6000000238
54878  -34.304  -21.596  -37.538 0.6999999881
55853  -33.211  -20.389  -37.944 0.5000000000
149369  -32.843  -20.148  -38.468 0.5000000000
51863  -33.863  -24.399  -25.794 0.4000000060
51885  -35.433  -23.976  -27.323 0.4000000060
52901  -35.079  -23.788  -26.704 0.4000000060
148139  -34.775  -23.157  -26.533 0.4000000060
51895  -35.659  -24.319  -28.122 0.4000000060
132970  -35.938  -23.679  -28.571 0.4000000060
51902  -35.756  -24.280  -29.053 0.5000000000
54769  -30.253  -21.355  -28.278 0.3000000119
54770  -31.130  -21.040  -28.117 0.3000000119
52937  -36.179  -23.595  -29.419 0.4000000060
55741  -31.576  -20.270  -28.610 0.3000000119
54760  -32.323  -21.302  -27.181 0.4000000060
53912  -36.907  -22.937  -31.076 0.5000000000
52958  -36.543  -23.214  -30.228 0.6000000238
53920  -37.002  -23.056  -32.050 0.5000000000
143408  -37.592  -22.358  -33.324 0.5000000000
53944  -37.344  -22.384  -34.654 0.6000000238
54838  -38.324  -21.059  -33.047 0.5000000000
53966  -36.704  -22.047  -35.973 0.6000000238
55827  -36.809  -20.672  -35.690 0.6000000238
54871  -34.834  -20.913  -36.969 0.6000000238
55842  -36.062  -20.464  -36.211 0.6000000238
55854  -34.012  -20.661  -37.447 0.5000000000
56867  -33.813  -19.726  -37.404 0.5000000000
58967  -33.531  -17.453  -38.181 0.5000000000
58977  -33.042  -17.040  -38.951 0.5000000000
132319  -34.390  -23.677  -26.218 0.4000000060
52918  -35.347  -23.035  -27.076 0.4000000060
52927  -35.782  -23.371  -27.866 0.4000000060
52928  -36.293  -22.903  -28.537 0.4000000060
130456  -35.191  -22.115  -27.120 0.4000000060
52938  -36.642  -22.762  -29.409 0.4000000060
55740  -30.698  -20.576  -28.717 0.3000000119
53913  -37.476  -22.243  -30.789 0.4000000060
131195  -37.063  -22.537  -30.136 0.5000000000
56757  -30.032  -19.679  -29.844 0.3000000119
134491  -37.959  -21.906  -31.923 0.4000000060
55805  -38.149  -20.936  -33.743 0.5000000000
55794  -38.472  -20.646  -32.309 0.4000000060
54856  -37.400  -21.111  -35.207 0.6000000238
55817  -37.779  -20.881  -34.487 0.5000000000
55806  -38.385  -20.360  -33.243 0.5000000000
55828  -37.364  -20.128  -34.999 0.5000000000
55840  -34.686  -20.103  -36.879 0.5000000000
55841  -35.344  -20.442  -36.580 0.6000000238
56831  -35.958  -19.041  -35.840 0.6000000238
56832  -36.457  -19.706  -35.649 0.6000000238
56852  -35.530  -19.663  -36.322 0.6000000238
57930  -34.052  -18.788  -37.308 0.5000000000
58968  -34.176  -17.889  -37.384 0.5000000000
59968  -33.327  -16.135  -39.149 0.5000000000
129571  -34.700  -19.230  -36.773 0.5000000000
58880  -29.798  -17.380  -31.728 0.3000000119
148136  -30.913  -17.495  -31.051 0.4000000060
59870  -31.675  -16.713  -30.708 0.4000000060
141341  -29.596  -16.334  -32.173 0.4000000060
57920  -35.398  -18.723  -36.238 0.5000000000
131295  -37.045  -17.839  -34.526 0.5000000000
128772  -37.460  -17.800  -34.013 0.5000000000
58961  -35.361  -17.837  -36.189 0.5000000000
58943  -36.434  -17.445  -34.979 0.5000000000
57919  -34.759  -18.328  -36.732 0.5000000000
58960  -34.803  -17.422  -36.751 0.6000000238
60912  -33.455  -15.459  -38.797 0.5000000000
130155  -34.271  -16.943  -37.456 0.6000000238
59960  -34.278  -16.012  -37.396 0.5000000000
144896  -33.797  -15.507  -37.946 0.6000000238
61937  -33.536  -14.632  -38.247 0.4000000060
59878  -31.179  -16.148  -31.073 0.4000000060
58863  -32.776  -17.811  -29.836 0.4000000060
57898  -36.006  -18.230  -35.609 0.5000000000
59928  -35.563  -16.438  -35.716 0.5000000000
148710  -35.230  -16.441  -36.192 0.5000000000
60897  -35.140  -15.828  -36.163 0.5000000000
127346  -35.512  -15.699  -35.542 0.5000000000
59948  -34.822  -16.480  -36.685 0.5000000000
131364  -33.456  -13.747  -38.153 0.4000000060
60913  -34.213  -15.053  -37.249 0.5000000000
60813  -31.749  -15.860  -30.657 0.4000000060
60832  -29.950  -14.885  -31.956 0.4000000060
58942  -35.786  -17.290  -35.648 0.5000000000
58919  -37.032  -17.110  -34.159 0.4000000060
60896  -34.726  -15.056  -36.413 0.4000000060
61920  -34.357  -14.321  -36.685 0.4000000060
61938  -33.824  -14.125  -37.404 0.5000000000
62881  -33.597  -13.214  -37.571 0.3000000119
60866  -36.298  -15.693  -34.453 0.4000000060
61898  -34.776  -14.392  -35.990 0.4000000060
136052  -34.045  -13.673  -36.903 0.5000000000
64719  -33.877  -11.733  -36.974 0.4000000060
63732  -34.138  -12.392  -36.505 0.4000000060
144317  -34.865  -13.873  -35.673 0.4000000060
65738  -34.193  -9.666  -38.599 0.4000000060
62855  -34.445  -13.651  -36.237 0.4000000060
64706  -34.405  -11.653  -36.185 0.4000000060
126804  -35.168  -12.887  -35.177 0.4000000060
65709  -34.558  -10.709  -36.364 0.4000000060
65722  -34.326  -10.261  -37.134 0.4000000060
66705  -34.714  -8.957  -37.386 0.4000000060
66720  -34.511  -8.928  -38.468 0.4000000060
63718  -35.050  -12.052  -35.331 0.4000000060
64695  -35.556  -11.582  -34.772 0.4000000060
63706  -35.613  -12.421  -34.584 0.4000000060
127248  -35.164  -10.334  -35.789 0.3000000119
65723  -34.684  -9.864  -36.690 0.4000000060
67669  -34.901  -8.046  -38.317 0.4000000060
64707  -35.039  -11.199  -35.543 0.3000000119
66690  -35.843  -9.293  -35.307 0.4000000060
66689  -35.291  -9.349  -36.105 0.5000000000
65698  -35.591  -10.779  -34.975 0.4000000060
66676  -35.726  -9.968  -35.185 0.4000000060
31828  -25.457  -45.832  -34.972 0.6999999881
30808  -29.961  -46.778  -30.309 0.6999999881
24887  -24.195  -51.915  -26.949 0.6000000238
30768  -29.093  -46.825  -27.036 0.6999999881
33650  -30.438  -43.562  -30.828 0.8000000119
32700  -30.756  -44.666  -28.981 0.8000000119
137295  -27.626  -46.179  -25.546 0.6000000238
32656  -29.286  -44.655  -25.999 0.6000000238
35638  -31.104  -41.312  -30.545 0.8000000119
29774  -21.098  -47.561  -27.191 0.4000000060
41230  -23.968  -35.747  -34.414 0.8000000119
34576  -29.285  -42.032  -24.882 0.6000000238
33599  -23.539  -43.852  -27.016 0.5000000000
36540  -26.698  -40.718  -24.951 0.6000000238
38421  -25.398  -38.517  -27.629 0.5000000000
38395  -26.589  -38.610  -25.568 0.6000000238
38383  -30.487  -38.511  -24.436 0.6999999881
43305  -29.040  -33.675  -31.399 0.6999999881
49039  -30.762  -27.693  -33.143 0.8000000119
46083  -33.887  -30.651  -29.687 0.6999999881
47014  -34.004  -29.933  -30.128 0.6999999881
46019  -33.483  -30.358  -24.729 0.6000000238
129125  -35.002  -29.993  -28.161 0.6999999881
47008  -34.961  -29.654  -28.823 0.6000000238
45105  -31.326  -31.195  -23.446 0.6000000238
59959  -33.664  -16.361  -38.284 0.5000000000
53884  -36.377  -22.123  -28.336 0.4000000060
60880  -35.191  -15.074  -35.748 0.4000000060
129659  -27.831  -46.866  -36.357 0.5000000000
30885  -28.255  -46.028  -36.472 0.5000000000
27849  -24.946  -49.614  -34.018 0.6999999881
34733  -29.338  -42.554  -36.382 0.5000000000
24865  -26.179  -52.855  -26.157 0.5000000000
35705  -28.282  -41.186  -36.548 0.6999999881
29820  -29.598  -47.226  -31.104 0.6999999881
31790  -29.318  -46.028  -31.928 0.6999999881
32749  -26.268  -44.481  -34.438 0.6999999881
32750  -27.276  -44.429  -33.781 0.6999999881
134534  -25.982  -40.369  -34.700 0.6999999881
33676  -26.636  -43.740  -34.284 0.6999999881
38534  -28.455  -38.800  -36.167 0.6999999881
38524  -29.891  -38.221  -34.851 0.5000000000
38523  -28.763  -38.308  -35.757 0.6000000238
40295  -29.411  -36.579  -34.544 0.5000000000
27760  -26.313  -49.362  -26.300 0.6000000238
33669  -29.274  -43.533  -32.325 0.6999999881
39427  -27.168  -38.043  -36.086 0.6999999881
144761  -27.622  -49.683  -26.578 0.6000000238
31765  -30.323  -45.971  -29.993 0.8000000119
32738  -29.481  -44.336  -31.985 0.6999999881
40297  -31.101  -36.959  -33.697 0.4000000060
31749  -30.478  -45.197  -28.372 0.8000000119
27757  -23.956  -49.213  -26.665 0.6000000238
40312  -25.029  -36.582  -35.357 0.8000000119
30753  -27.868  -46.835  -25.955 0.6999999881
26815  -22.448  -50.793  -28.201 0.5000000000
42293  -29.737  -35.145  -33.863 0.5000000000
29758  -24.082  -47.822  -25.857 0.6000000238
35628  -31.529  -41.492  -29.745 0.8000000119
37599  -28.908  -39.430  -32.894 0.8000000119
42291  -27.810  -34.333  -34.663 0.6999999881
34624  -30.854  -43.115  -27.094 0.6999999881
30733  -24.542  -46.543  -25.398 0.6000000238
40281  -27.041  -36.590  -33.254 0.8999999762
40278  -23.952  -35.984  -33.984 0.8000000119
148398  -29.396  -33.557  -33.861 0.6000000238
42294  -32.021  -33.862  -33.789 0.4000000060
30766  -21.113  -46.615  -27.485 0.3000000119
29757  -23.226  -47.578  -26.104 0.5000000000
28767  -22.110  -48.738  -26.891 0.5000000000
28766  -21.244  -48.449  -27.192 0.4000000060
43362  -24.338  -33.700  -34.761 0.8000000119
32620  -27.236  -44.087  -24.614 0.6000000238
34591  -29.657  -42.455  -25.319 0.6000000238
35585  -31.036  -41.490  -26.252 0.8000000119
32634  -25.349  -44.305  -24.972 0.5000000000
29756  -22.385  -47.327  -26.383 0.4000000060
147141  -22.206  -46.603  -26.471 0.5000000000
30752  -23.258  -46.099  -25.857 0.5000000000
40257  -30.402  -36.837  -31.376 0.8000000119
137625  -30.598  -31.208  -35.949 0.6000000238
44290  -31.587  -32.122  -35.730 0.4000000060
33561  -27.436  -43.402  -24.554 0.6000000238
32670  -23.082  -44.068  -27.966 0.5000000000
31714  -22.678  -44.992  -26.754 0.5000000000
32632  -23.727  -44.962  -25.790 0.5000000000
145610  -32.230  -39.585  -26.806 0.6999999881
34574  -27.563  -42.603  -24.534 0.6000000238
147409  -24.471  -41.740  -27.855 0.5000000000
34606  -24.485  -42.552  -26.907 0.5000000000
35598  -25.017  -41.198  -27.011 0.6000000238
33600  -24.020  -43.108  -27.402 0.5000000000
33573  -25.992  -43.056  -24.856 0.5000000000
38447  -23.954  -38.933  -29.157 0.6000000238
37571  -24.280  -39.907  -28.909 0.6000000238
33586  -24.213  -43.348  -26.474 0.5000000000
34588  -25.399  -42.051  -25.734 0.6000000238
35584  -25.394  -41.332  -26.220 0.6000000238
32655  -23.888  -44.140  -26.051 0.5000000000
135421  -25.503  -42.680  -25.332 0.5000000000
39315  -22.495  -37.389  -27.146 0.4000000060
38422  -32.666  -38.191  -27.293 0.6999999881
131583  -32.773  -37.320  -29.021 0.6999999881
42262  -27.887  -34.705  -32.274 0.8000000119
43333  -24.331  -33.685  -33.413 0.8999999762
36571  -25.820  -39.984  -26.247 0.6000000238
36570  -25.434  -40.588  -26.648 0.6000000238
35568  -25.861  -41.453  -25.528 0.6000000238
37519  -26.288  -39.320  -25.740 0.6000000238
40212  -25.094  -37.027  -27.041 0.4000000060
39318  -25.301  -37.717  -27.512 0.4000000060
39306  -26.094  -37.598  -26.457 0.5000000000
39331  -32.944  -37.192  -28.235 0.6999999881
40198  -26.331  -37.055  -26.065 0.5000000000
43316  -24.039  -32.842  -33.528 0.8000000119
46162  -30.689  -30.111  -36.782 0.6999999881
126364  -29.927  -39.282  -24.494 0.6999999881
37504  -27.474  -39.176  -24.733 0.6999999881
38396  -27.054  -38.421  -25.093 0.6000000238
40214  -33.142  -36.054  -26.978 0.6999999881
41139  -32.848  -35.771  -29.051 0.6999999881
46148  -27.863  -29.961  -35.640 0.8000000119
39277  -27.989  -37.454  -24.452 0.6000000238
39279  -29.650  -37.698  -24.087 0.6999999881
39291  -26.599  -37.787  -25.680 0.6000000238
42151  -25.156  -34.395  -24.535 0.3000000119
41150  -32.248  -35.329  -29.708 0.6999999881
42192  -33.326  -34.815  -27.732 0.6999999881
42152  -25.898  -34.361  -24.471 0.3000000119
47080  -25.890  -29.120  -35.773 0.8999999762
47089  -27.727  -28.650  -36.164 0.8000000119
47088  -26.601  -28.328  -36.079 0.8000000119
48030  -30.165  -28.406  -37.105 0.6000000238
47096  -30.816  -29.164  -37.059 0.6000000238
48036  -29.745  -27.442  -37.141 0.8000000119
41087  -27.246  -35.815  -24.727 0.6000000238
125690  -29.406  -36.807  -23.785 0.6999999881
40163  -30.948  -36.067  -23.644 0.6999999881
43273  -32.394  -33.636  -29.359 0.6999999881
45187  -29.247  -31.992  -31.786 0.8000000119
44207  -32.330  -32.536  -29.774 0.6999999881
48026  -25.583  -27.313  -35.869 0.8000000119
126189  -28.326  -28.049  -36.548 0.8000000119
42139  -29.115  -34.190  -23.486 0.5000000000
42167  -33.496  -34.155  -25.971 0.6999999881
137881  -33.493  -33.990  -27.421 0.6999999881
45101  -26.690  -31.553  -23.879 0.3000000119
44191  -32.633  -32.948  -29.225 0.6999999881
43255  -33.455  -33.253  -27.986 0.6999999881
126015  -33.631  -32.510  -28.118 0.6999999881
45161  -33.403  -31.504  -29.485 0.6999999881
134140  -29.754  -30.625  -32.663 0.8000000119
46121  -30.362  -30.894  -32.344 0.8000000119
47053  -30.400  -29.972  -32.884 0.8000000119
132220  -32.700  -34.834  -24.558 0.6999999881
42166  -33.180  -34.484  -25.225 0.6999999881
147954  -29.934  -32.118  -23.394 0.5000000000
44127  -29.426  -32.534  -23.414 0.4000000060
44159  -33.824  -32.654  -26.349 0.6999999881
44173  -33.747  -32.651  -27.547 0.6999999881
146512  -31.655  -32.597  -23.471 0.6000000238
139910  -30.898  -30.158  -23.619 0.3000000119
46951  -30.456  -29.437  -24.132 0.3000000119
45123  -34.029  -31.880  -26.199 0.6999999881
51053  -32.432  -25.331  -38.047 0.6999999881
137651  -33.209  -31.117  -24.444 0.6000000238
45118  -34.125  -31.094  -25.768 0.6999999881
137567  -34.250  -31.728  -26.907 0.6999999881
47001  -35.310  -29.200  -27.997 0.6000000238
129477  -33.785  -25.291  -32.980 0.8000000119
125089  -33.938  -25.874  -33.976 0.8000000119
130416  -32.944  -25.059  -38.193 0.6000000238
47875  -31.804  -28.762  -24.318 0.3000000119
46954  -33.163  -29.589  -24.512 0.5000000000
49971  -30.234  -26.216  -26.295 0.3000000119
48954  -34.723  -27.567  -26.086 0.5000000000
149751  -35.456  -27.763  -28.517 0.6000000238
51941  -34.480  -24.687  -31.901 0.6999999881
48937  -32.527  -27.392  -24.971 0.3000000119
49972  -30.989  -25.833  -26.040 0.3000000119
50920  -30.319  -25.443  -26.460 0.3000000119
50921  -31.538  -25.268  -25.840 0.3000000119
48984  -35.502  -27.222  -28.131 0.6000000238
53030  -34.232  -23.298  -37.866 0.6999999881
51975  -34.571  -24.509  -37.247 0.6999999881
126633  -35.520  -25.671  -28.674 0.6000000238
140056  -35.475  -24.878  -29.583 0.6999999881
52994  -36.800  -23.447  -33.622 0.6000000238
131572  -34.944  -23.008  -37.343 0.6999999881
132312  -35.583  -22.733  -36.828 0.6000000238
125817  -35.621  -21.107  -36.590 0.6000000238
55883  -33.706  -20.245  -39.505 0.6000000238
131299  -32.974  -19.000  -39.305 0.4000000060
51864  -34.775  -24.431  -26.400 0.4000000060
53853  -31.997  -22.612  -26.469 0.4000000060
53873  -30.562  -22.525  -27.398 0.3000000119
137695  -29.559  -21.311  -28.587 0.3000000119
54824  -37.703  -22.250  -32.556 0.5000000000
53936  -37.675  -22.074  -33.988 0.5000000000
53978  -35.034  -22.247  -37.191 0.5000000000
140047  -31.541  -21.479  -27.473 0.4000000060
55731  -31.926  -20.795  -27.821 0.4000000060
53921  -37.497  -22.445  -31.703 0.5000000000
130859  -36.651  -22.275  -28.852 0.4000000060
54815  -37.868  -21.812  -31.251 0.4000000060
56806  -38.023  -20.062  -34.088 0.5000000000
58881  -30.444  -17.311  -31.397 0.3000000119
58875  -32.256  -17.283  -30.331 0.4000000060
59871  -32.346  -16.367  -30.284 0.4000000060
63717  -34.597  -12.547  -35.790 0.4000000060
67652  -35.235  -8.311  -36.920 0.4000000060
68554  -35.432  -7.341  -37.651 0.3000000119
24014  -28.030  -54.167  -32.007 0.5000000000
23136  -27.202  -54.282  -32.477 0.5000000000
22204  -28.701  -55.608  -28.959 0.4000000060
23112  -28.997  -54.704  -30.133 0.5000000000
144685  -28.535  -55.173  -30.674 0.5000000000
132936  -28.603  -54.088  -31.522 0.5000000000
24026  -28.065  -52.674  -32.414 0.6000000238
142577  -27.637  -52.127  -32.659 0.6000000238
23100  -29.019  -54.878  -29.281 0.5000000000
23083  -29.179  -54.225  -28.771 0.5000000000
23113  -29.295  -53.967  -30.421 0.5000000000
24016  -29.189  -52.833  -31.413 0.5000000000
23972  -28.893  -54.090  -27.899 0.5000000000
24951  -28.704  -52.515  -31.956 0.6000000238
26858  -28.200  -50.962  -32.420 0.6000000238
25914  -28.349  -51.826  -32.287 0.6000000238
25913  -27.565  -51.468  -32.721 0.6000000238
27837  -26.427  -49.749  -33.348 0.6000000238
27838  -27.379  -49.845  -32.964 0.6000000238
26856  -26.599  -50.448  -33.229 0.6000000238
28831  -25.117  -48.781  -34.190 0.6000000238
28832  -25.976  -48.425  -33.724 0.6000000238
133153  -29.532  -52.911  -29.047 0.5000000000
24940  -29.533  -52.318  -30.780 0.5000000000
25903  -29.126  -51.856  -31.531 0.6000000238
149224  -28.639  -53.674  -27.453 0.5000000000
127695  -29.306  -52.822  -28.262 0.5000000000
25902  -28.764  -51.153  -31.908 0.6000000238
23949  -27.700  -53.295  -26.595 0.5000000000
23959  -28.360  -53.296  -27.048 0.5000000000
129925  -28.056  -50.277  -32.557 0.6000000238
27851  -26.857  -48.992  -33.249 0.6000000238
29870  -25.023  -47.429  -34.928 0.6000000238
24926  -29.613  -52.637  -29.972 0.5000000000
25891  -29.502  -51.462  -30.691 0.5000000000
24890  -29.117  -52.299  -27.787 0.5000000000
24909  -29.444  -52.169  -28.508 0.5000000000
133785  -29.611  -52.041  -29.356 0.5000000000
138388  -29.648  -51.928  -30.125 0.5000000000
26845  -29.224  -50.887  -31.316 0.6000000238
24867  -27.961  -52.564  -26.731 0.5000000000
24889  -28.602  -52.468  -27.208 0.5000000000
26844  -28.756  -50.305  -31.953 0.6000000238
23948  -26.993  -53.447  -26.200 0.5000000000
25830  -27.569  -51.885  -26.628 0.5000000000
28818  -27.761  -48.452  -32.883 0.6000000238
149890  -27.773  -49.140  -32.806 0.6000000238
29853  -25.391  -47.929  -34.359 0.6000000238
29854  -26.198  -47.559  -33.840 0.6000000238
25854  -29.292  -51.511  -27.976 0.5000000000
26828  -29.489  -50.339  -29.592 0.5000000000
137270  -29.450  -49.835  -30.239 0.6000000238
145676  -29.468  -49.219  -30.023 0.6000000238
138217  -28.990  -50.829  -27.554 0.5000000000
127770  -29.307  -50.025  -31.113 0.6000000238
27817  -29.395  -49.274  -30.769 0.6000000238
24864  -25.200  -52.644  -26.257 0.5000000000
28833  -26.972  -48.057  -33.352 0.6000000238
30849  -26.407  -46.689  -33.927 0.6000000238
135378  -29.138  -49.954  -27.892 0.5000000000
137657  -29.368  -50.750  -28.286 0.5000000000
26816  -29.421  -50.101  -28.770 0.5000000000
28795  -29.496  -48.547  -30.307 0.6000000238
145385  -27.919  -51.456  -26.721 0.5000000000
25829  -26.701  -51.714  -26.509 0.5000000000
136006  -27.449  -51.188  -26.636 0.6000000238
27784  -29.104  -49.012  -27.851 0.6000000238
27795  -29.343  -49.327  -28.607 0.5000000000
28787  -29.449  -48.864  -29.371 0.5000000000
29807  -29.665  -47.660  -30.283 0.6000000238
26774  -28.195  -49.960  -26.839 0.6000000238
27783  -28.684  -49.470  -27.258 0.6000000238
26772  -26.604  -50.766  -26.551 0.5000000000
26773  -27.549  -50.408  -26.623 0.6000000238
24888  -24.871  -51.937  -26.636 0.4000000060
28770  -29.109  -48.193  -27.788 0.6000000238
29787  -29.507  -47.579  -28.443 0.6000000238
28778  -29.355  -48.494  -28.547 0.5000000000
29797  -29.811  -47.254  -29.436 0.6000000238
30823  -29.762  -46.348  -31.179 0.6000000238
43190  -30.387  -33.660  -23.385 0.5000000000
47029  -33.689  -29.541  -30.685 0.6000000238
49078  -30.995  -26.696  -37.708 0.5000000000
126581  -33.087  -25.457  -38.399 0.5000000000
53037  -34.183  -23.117  -38.665 0.5000000000
67653  -35.802  -7.725  -36.350 0.4000000060
69434  -36.438  -6.248  -36.372 0.3000000119
70395  -36.974  -4.823  -36.121 0.3000000119
21256  -28.327  -56.377  -28.630 0.4000000060
21275  -28.169  -55.951  -30.403 0.5000000000
23126  -28.298  -54.754  -31.407 0.5000000000
24969  -26.312  -52.534  -33.214 0.5000000000
23082  -28.878  -54.918  -28.424 0.4000000060
24959  -27.214  -52.706  -32.808 0.6000000238
25912  -26.768  -51.214  -33.104 0.6000000238
127889  -25.909  -50.980  -33.401 0.5000000000
26865  -25.584  -50.182  -33.566 0.5000000000
22192  -28.296  -55.523  -27.388 0.4000000060
133935  -28.365  -54.113  -27.160 0.5000000000
128555  -26.908  -54.239  -25.989 0.5000000000
23958  -27.687  -54.109  -26.535 0.5000000000
23947  -26.318  -53.643  -25.907 0.3000000119
149891  -24.901  -53.581  -25.674 0.4000000060
23056  -22.917  -53.823  -25.933 0.4000000060
43334  -31.107  -33.659  -33.620 0.4000000060
43353  -31.681  -33.026  -34.185 0.4000000060
43352  -30.775  -32.842  -33.915 0.4000000060
45089  -30.425  -31.763  -23.390 0.5000000000
126363  -33.042  -26.236  -38.395 0.5000000000
147890  -34.301  -24.985  -38.568 0.5000000000
52009  -34.591  -23.980  -38.759 0.5000000000
148148  -35.101  -27.310  -26.546 0.4000000060
68542  -36.379  -7.198  -35.821 0.3000000119
70376  -37.405  -4.727  -35.049 0.3000000119
21245  -28.146  -56.367  -27.589 0.4000000060
27828  -29.001  -49.307  -31.664 0.6000000238
25852  -25.284  -51.351  -26.687 0.5000000000
25828  -25.803  -52.020  -26.465 0.5000000000
50136  -33.907  -26.019  -38.549 0.5000000000
23946  -25.481  -53.439  -25.819 0.4000000060
24025  -27.640  -53.452  -32.469 0.6000000238
22218  -28.678  -55.442  -29.832 0.4000000060
24004  -29.106  -53.673  -31.215 0.5000000000
23990  -29.488  -53.437  -29.804 0.5000000000
23070  -28.559  -54.887  -27.627 0.5000000000
25881  -29.548  -51.203  -29.717 0.5000000000
137686  -29.520  -50.746  -29.005 0.5000000000
130828  -28.234  -51.823  -26.867 0.5000000000
26800  -28.685  -50.223  -27.254 0.5000000000
23069  -28.113  -54.901  -26.918 0.4000000060
25922  -25.302  -51.467  -33.596 0.4000000060
27848  -24.880  -50.425  -33.939 0.4000000060
23058  -27.498  -54.961  -26.292 0.4000000060
32686  -22.485  -44.512  -28.583 0.4000000060
32669  -22.511  -44.717  -27.598 0.3000000119
30767  -22.072  -45.382  -27.184 0.4000000060
29755  -21.653  -47.019  -26.725 0.4000000060
144034  -23.522  -42.895  -28.878 0.4000000060
138083  -23.577  -43.498  -27.835 0.4000000060
36626  -22.114  -41.004  -30.106 0.4000000060
36628  -23.306  -40.999  -29.669 0.4000000060
34651  -23.280  -42.525  -29.412 0.4000000060
34638  -23.833  -42.222  -28.814 0.4000000060
36612  -21.164  -41.052  -29.286 0.3000000119
36613  -21.861  -40.615  -29.644 0.3000000119
36596  -21.468  -40.335  -28.776 0.4000000060
36616  -23.755  -40.479  -29.268 0.4000000060
36614  -22.485  -40.432  -29.710 0.5000000000
140215  -21.752  -39.756  -28.440 0.4000000060
37554  -22.465  -39.291  -28.596 0.4000000060
37569  -22.875  -39.750  -29.343 0.5000000000
127456  -22.240  -38.678  -27.893 0.4000000060
45088  -29.548  -31.556  -23.458 0.3000000119
48938  -33.561  -27.822  -25.130 0.3000000119
49952  -34.158  -27.312  -25.582 0.3000000119
57899  -36.425  -18.896  -35.415 0.4000000060
50923  -33.822  -25.228  -25.713 0.3000000119
52900  -33.480  -23.437  -25.886 0.3000000119
56818  -37.020  -19.161  -35.010 0.4000000060
57873  -36.723  -18.350  -34.991 0.4000000060
53854  -33.067  -22.632  -26.174 0.3000000119
149652  -31.913  -21.836  -26.870 0.3000000119
141933  -37.994  -19.134  -33.842 0.4000000060
57874  -37.450  -18.539  -34.379 0.4000000060
59913  -35.930  -16.037  -35.106 0.4000000060
60865  -35.699  -15.138  -35.018 0.3000000119
53855  -34.055  -22.869  -26.242 0.3000000119
53877  -34.631  -22.401  -26.642 0.3000000119
53875  -32.681  -21.894  -26.588 0.3000000119
53876  -33.690  -22.014  -26.475 0.3000000119
54762  -34.369  -21.348  -27.021 0.3000000119
53878  -35.843  -22.376  -27.737 0.3000000119
140417  -33.562  -20.729  -27.322 0.3000000119
55734  -34.925  -20.794  -27.463 0.3000000119
53879  -36.109  -21.512  -28.032 0.3000000119
54786  -36.755  -21.545  -28.735 0.3000000119
53894  -37.055  -22.066  -29.392 0.3000000119
55732  -32.767  -20.696  -27.506 0.3000000119
53895  -37.452  -21.853  -30.058 0.3000000119
55742  -32.414  -20.222  -28.158 0.3000000119
56740  -32.294  -19.703  -28.728 0.3000000119
144946  -37.745  -21.664  -30.612 0.3000000119
56758  -31.593  -19.528  -29.382 0.3000000119
57810  -31.877  -18.830  -29.908 0.3000000119
54816  -38.246  -21.305  -31.663 0.3000000119
56779  -38.520  -19.796  -31.741 0.3000000119
131210  -38.447  -19.044  -32.139 0.3000000119
58882  -31.058  -16.964  -31.098 0.3000000119
56790  -38.509  -19.743  -32.669 0.3000000119
57859  -38.349  -18.982  -33.032 0.3000000119
127470  -30.694  -15.420  -31.439 0.3000000119
60831  -29.472  -15.630  -32.329 0.3000000119
59914  -36.433  -16.537  -34.659 0.3000000119
61899  -35.248  -14.392  -35.392 0.3000000119
55745  -35.620  -20.760  -27.817 0.3000000119
55733  -34.191  -20.407  -27.516 0.3000000119
55746  -36.361  -20.770  -28.384 0.3000000119
54787  -37.320  -21.324  -29.455 0.3000000119
54806  -37.734  -21.193  -30.159 0.3000000119
140179  -33.247  -20.062  -27.841 0.3000000119
55743  -34.025  -19.597  -27.993 0.3000000119
56762  -36.514  -20.006  -28.750 0.3000000119
55765  -37.023  -20.691  -28.994 0.3000000119
55766  -37.535  -20.571  -29.696 0.3000000119
55777  -38.012  -20.505  -30.435 0.3000000119
149857  -32.750  -19.821  -28.319 0.3000000119
57797  -33.900  -18.962  -28.626 0.3000000119
56742  -34.871  -19.275  -28.341 0.3000000119
54807  -38.116  -21.207  -30.858 0.3000000119
56770  -31.146  -19.124  -30.083 0.3000000119
56759  -32.437  -19.134  -29.293 0.3000000119
56741  -33.113  -19.414  -28.575 0.3000000119
135972  -38.385  -19.144  -31.375 0.3000000119
57824  -32.084  -18.118  -30.244 0.3000000119
146816  -37.920  -17.780  -32.919 0.3000000119
146665  -31.293  -15.438  -30.981 0.3000000119
61823  -31.726  -15.021  -30.645 0.3000000119
57858  -37.892  -18.248  -33.448 0.3000000119
61834  -31.183  -14.719  -31.109 0.3000000119
59899  -37.261  -16.646  -33.511 0.3000000119
61882  -36.145  -14.864  -34.202 0.3000000119
128337  -35.251  -13.670  -35.190 0.3000000119
61881  -35.665  -14.260  -34.707 0.3000000119
56743  -35.736  -20.010  -28.229 0.3000000119
144691  -36.574  -19.293  -29.120 0.3000000119
131199  -37.154  -19.913  -29.348 0.3000000119
57799  -35.264  -18.720  -28.782 0.3000000119
56761  -35.847  -19.321  -28.631 0.3000000119
149808  -35.991  -18.798  -28.926 0.3000000119
56771  -37.722  -19.815  -30.014 0.3000000119
57811  -32.571  -18.501  -29.673 0.3000000119
131254  -33.185  -18.246  -29.467 0.3000000119
57812  -33.885  -18.338  -29.117 0.3000000119
57826  -38.133  -18.802  -30.808 0.3000000119
58883  -37.754  -17.203  -31.394 0.3000000119
57833  -38.252  -18.475  -31.541 0.3000000119
60814  -32.335  -15.432  -30.232 0.3000000119
58893  -37.855  -17.345  -32.378 0.3000000119
61824  -32.270  -14.530  -30.261 0.3000000119
59886  -37.528  -16.610  -32.815 0.3000000119
132896  -31.655  -14.177  -30.732 0.3000000119
60851  -37.160  -15.993  -33.228 0.3000000119
60850  -36.647  -15.434  -33.668 0.3000000119
62841  -35.746  -13.385  -34.438 0.3000000119
57815  -36.540  -18.590  -29.336 0.3000000119
58865  -34.535  -17.394  -29.295 0.3000000119
58866  -35.489  -17.582  -29.250 0.3000000119
58867  -36.500  -17.787  -29.494 0.3000000119
56763  -37.274  -19.088  -29.696 0.3000000119
149841  -37.847  -19.172  -30.293 0.3000000119
59858  -33.043  -16.904  -29.773 0.3000000119
130654  -36.139  -16.969  -29.453 0.3000000119
57816  -37.104  -18.345  -29.727 0.3000000119
57832  -37.873  -17.941  -30.858 0.3000000119
131039  -33.893  -16.944  -29.449 0.3000000119
59860  -34.678  -16.460  -29.320 0.3000000119
60799  -32.946  -15.874  -29.740 0.3000000119
135713  -32.788  -13.991  -29.786 0.3000000119
62772  -33.351  -13.490  -29.574 0.3000000119
60833  -37.124  -15.232  -31.970 0.3000000119
60834  -37.342  -15.903  -32.394 0.3000000119
62786  -32.192  -13.652  -30.372 0.3000000119
62771  -32.738  -13.149  -29.938 0.3000000119
139386  -36.982  -15.289  -32.852 0.3000000119
61865  -36.563  -14.557  -33.313 0.3000000119
62842  -36.075  -14.130  -34.041 0.3000000119
129254  -35.308  -16.951  -29.325 0.3000000119
58876  -36.938  -17.028  -29.816 0.3000000119
58877  -37.464  -17.127  -30.511 0.3000000119
59859  -33.732  -16.211  -29.471 0.3000000119
60801  -35.254  -15.745  -29.318 0.3000000119
59861  -35.715  -16.300  -29.410 0.3000000119
147884  -33.583  -14.854  -29.459 0.3000000119
136640  -34.687  -14.146  -29.286 0.3000000119
60822  -37.349  -15.859  -31.492 0.3000000119
64632  -32.201  -11.957  -30.699 0.3000000119
61807  -33.649  -14.239  -29.432 0.3000000119
62773  -34.165  -13.427  -29.331 0.3000000119
63649  -32.167  -12.797  -30.532 0.3000000119
63650  -32.740  -12.332  -30.140 0.3000000119
63639  -33.541  -12.675  -29.572 0.3000000119
63640  -34.621  -12.663  -29.327 0.3000000119
61850  -36.854  -14.709  -32.442 0.3000000119
62832  -36.359  -13.613  -33.495 0.3000000119
62831  -36.191  -12.749  -33.776 0.3000000119
64684  -36.094  -11.897  -33.989 0.3000000119
59872  -37.111  -16.398  -30.272 0.3000000119
60802  -36.097  -15.447  -29.600 0.3000000119
60815  -36.814  -15.645  -30.188 0.3000000119
61808  -35.616  -14.059  -29.476 0.3000000119
138953  -36.038  -14.619  -29.629 0.3000000119
60821  -37.020  -15.185  -30.972 0.3000000119
147445  -32.710  -11.664  -30.333 0.3000000119
133956  -35.156  -13.379  -29.337 0.3000000119
138862  -36.753  -13.861  -31.287 0.3000000119
63651  -33.278  -11.814  -29.831 0.3000000119
126798  -34.122  -11.915  -29.417 0.3000000119
129902  -36.705  -13.913  -32.388 0.3000000119
125176  -36.603  -12.999  -32.784 0.3000000119
65699  -36.143  -10.400  -34.463 0.3000000119
137589  -36.476  -10.735  -33.847 0.3000000119
137348  -36.580  -14.741  -30.166 0.3000000119
64634  -33.059  -11.134  -30.170 0.3000000119
61809  -36.251  -13.989  -29.888 0.3000000119
61825  -36.575  -13.922  -30.481 0.3000000119
146154  -36.794  -14.458  -30.862 0.3000000119
64617  -33.738  -11.218  -29.644 0.3000000119
133822  -35.120  -11.938  -29.360 0.3000000119
63642  -36.121  -12.758  -29.870 0.3000000119
62787  -36.342  -13.283  -30.159 0.3000000119
130484  -36.748  -13.122  -31.745 0.3000000119
63666  -36.806  -12.414  -31.184 0.3000000119
135087  -36.958  -11.723  -32.573 0.3000000119
63683  -36.886  -12.348  -32.166 0.3000000119
65687  -36.977  -10.627  -33.238 0.3000000119
64685  -36.645  -11.350  -33.389 0.3000000119
129274  -36.678  -10.125  -33.865 0.3000000119
65603  -32.876  -10.458  -30.480 0.3000000119
65583  -33.501  -10.561  -29.904 0.3000000119
65584  -34.126  -10.716  -29.567 0.3000000119
135302  -35.549  -11.193  -29.473 0.3000000119
64635  -36.384  -11.054  -29.906 0.3000000119
63652  -36.470  -12.544  -30.352 0.3000000119
64636  -36.683  -11.729  -30.537 0.3000000119
65626  -37.417  -9.933  -31.559 0.3000000119
64652  -37.297  -10.719  -31.645 0.3000000119
64651  -37.079  -11.569  -31.615 0.3000000119
65661  -37.348  -10.362  -32.444 0.3000000119
64671  -37.161  -11.089  -32.505 0.3000000119
65688  -37.236  -9.933  -33.172 0.3000000119
133773  -36.193  -8.906  -35.046 0.3000000119
66677  -36.331  -9.574  -34.600 0.3000000119
67642  -35.751  -8.626  -35.760 0.3000000119
66583  -33.396  -9.871  -30.182 0.3000000119
66569  -34.132  -10.086  -29.657 0.3000000119
65585  -34.873  -10.550  -29.430 0.3000000119
66570  -35.055  -9.770  -29.492 0.3000000119
66585  -36.057  -9.589  -29.630 0.3000000119
65605  -36.626  -10.210  -30.012 0.3000000119
65606  -37.154  -9.999  -30.658 0.3000000119
65625  -36.965  -10.822  -30.736 0.3000000119
66665  -36.977  -9.402  -33.820 0.3000000119
67611  -36.706  -8.805  -34.452 0.3000000119
68529  -36.396  -8.139  -35.218 0.3000000119
28859  -24.822  -48.648  -35.061 0.4000000060
34652  -23.825  -41.318  -29.089 0.4000000060
33621  -23.821  -42.942  -28.253 0.4000000060
36615  -23.121  -40.325  -29.623 0.4000000060
38433  -22.983  -38.524  -28.433 0.4000000060
54761  -33.226  -21.255  -26.910 0.3000000119
54763  -35.382  -21.468  -27.467 0.3000000119
56819  -37.594  -19.395  -34.486 0.4000000060
57823  -31.325  -18.441  -30.443 0.3000000119
58874  -31.439  -17.596  -30.714 0.3000000119
59877  -30.580  -16.426  -31.469 0.3000000119
60820  -30.050  -15.911  -31.873 0.3000000119
61833  -30.613  -14.410  -31.553 0.3000000119
35626  -21.665  -41.195  -30.005 0.4000000060
35635  -21.669  -41.603  -30.385 0.4000000060
34664  -22.819  -42.075  -29.933 0.4000000060
35627  -23.357  -41.756  -29.524 0.4000000060
36595  -20.709  -40.519  -28.488 0.3000000119
37568  -22.181  -40.017  -29.172 0.4000000060
55744  -34.923  -20.064  -27.759 0.3000000119
58884  -38.060  -17.814  -31.718 0.3000000119
56772  -38.241  -19.673  -30.803 0.3000000119
56760  -33.164  -18.766  -29.153 0.3000000119
57798  -34.518  -18.663  -28.767 0.3000000119
62800  -31.137  -13.864  -31.249 0.3000000119
146541  -34.178  -17.903  -29.249 0.3000000119
57813  -34.774  -18.120  -29.071 0.3000000119
57814  -35.742  -18.247  -29.099 0.3000000119
58864  -33.620  -17.672  -29.466 0.3000000119
59879  -37.603  -16.551  -31.919 0.3000000119
59873  -37.476  -16.489  -31.015 0.3000000119
61806  -32.955  -14.906  -29.677 0.3000000119
58868  -37.340  -17.772  -30.024 0.3000000119
59862  -36.522  -16.282  -29.755 0.3000000119
135655  -34.438  -15.607  -29.311 0.3000000119
61835  -36.876  -14.563  -31.645 0.3000000119
63665  -31.643  -12.440  -31.120 0.3000000119
137439  -34.194  -14.866  -29.312 0.3000000119
137775  -35.229  -14.921  -29.323 0.3000000119
60816  -37.203  -15.901  -30.743 0.3000000119
62801  -36.635  -13.183  -30.822 0.3000000119
63641  -35.566  -12.673  -29.501 0.3000000119
63697  -36.626  -12.189  -33.134 0.3000000119
139381  -34.575  -11.246  -29.423 0.3000000119
64618  -36.083  -11.980  -29.748 0.3000000119
65604  -35.851  -10.395  -29.557 0.3000000119
67612  -37.260  -8.646  -33.679 0.3000000119
66586  -36.777  -9.374  -30.113 0.3000000119
143283  -21.164  -41.682  -30.230 0.4000000060
42275  -31.358  -34.555  -33.493 0.4000000060
135948  -20.391  -53.935  -28.449 0.3000000119
142445  -20.582  -54.186  -27.538 0.3000000119
23080  -20.865  -53.431  -28.922 0.3000000119
23067  -21.761  -53.437  -27.645 0.3000000119
37553  -21.042  -39.846  -28.150 0.3000000119
38432  -21.483  -39.089  -27.914 0.3000000119
33637  -22.617  -43.578  -29.764 0.3000000119
129580  -22.245  -42.383  -30.393 0.3000000119
33649  -22.750  -42.836  -29.892 0.3000000119
35636  -22.263  -41.581  -30.233 0.3000000119
32687  -22.908  -43.898  -28.978 0.3000000119
34637  -23.125  -43.232  -29.271 0.3000000119
34663  -21.606  -42.137  -30.677 0.3000000119
33648  -22.178  -43.120  -30.416 0.3000000119
41200  -31.597  -35.452  -33.405 0.3000000119
21265  -28.346  -56.161  -29.524 0.4000000060
22182  -27.885  -55.687  -26.798 0.4000000060
22193  -28.550  -55.651  -28.093 0.4000000060
23043  -21.662  -54.236  -26.228 0.4000000060
23101  -29.280  -54.170  -29.589 0.5000000000
23935  -24.389  -53.781  -25.571 0.4000000060
23944  -23.320  -53.420  -26.248 0.4000000060
23957  -23.078  -53.002  -26.856 0.5000000000
23960  -28.922  -53.172  -27.697 0.5000000000
23971  -22.139  -52.859  -28.055 0.5000000000
23973  -29.252  -53.495  -28.439 0.5000000000
24005  -29.472  -53.166  -30.654 0.5000000000
24015  -28.546  -53.359  -31.921 0.6000000238
24863  -24.338  -52.468  -26.533 0.4000000060
24866  -27.080  -52.583  -26.422 0.5000000000
24906  -21.714  -52.507  -28.686 0.4000000060
24925  -21.216  -52.208  -29.104 0.4000000060
25831  -28.290  -50.935  -26.920 0.5000000000
25851  -24.492  -51.307  -27.039 0.6000000238
25853  -28.786  -51.642  -27.354 0.5000000000
25869  -29.507  -51.398  -28.783 0.5000000000
25923  -26.096  -51.731  -33.311 0.5000000000
26838  -29.457  -50.608  -30.471 0.5000000000
26857  -27.436  -50.700  -32.835 0.6000000238
27781  -24.253  -49.956  -26.973 0.6000000238
27808  -29.455  -49.602  -29.422 0.5000000000
27839  -28.298  -49.609  -32.439 0.6000000238
27850  -25.713  -49.277  -33.645 0.6000000238
27861  -24.712  -49.126  -34.625 0.4000000060
28769  -28.713  -48.645  -27.233 0.6999999881
28846  -24.903  -48.278  -34.770 0.6999999881
28860  -25.261  -48.203  -35.384 0.6000000238
29760  -26.086  -48.051  -25.770 0.6999999881
30732  -23.879  -46.162  -25.569 0.5000000000
30737  -28.340  -46.168  -25.955 0.6999999881
30755  -29.549  -46.111  -27.217 0.8000000119
30822  -29.264  -46.807  -31.836 0.6999999881
30848  -25.541  -47.065  -34.479 0.6999999881
30850  -27.423  -46.311  -33.422 0.6999999881
30874  -25.238  -46.853  -35.077 0.6999999881
30875  -25.588  -46.167  -35.252 0.6999999881
31695  -27.362  -45.607  -25.185 0.6000000238
31802  -28.733  -45.641  -32.528 0.6999999881
31815  -26.667  -45.070  -34.086 0.6999999881
31850  -26.656  -45.294  -35.872 0.6999999881
32713  -22.020  -43.887  -30.325 0.3000000119
32715  -30.471  -44.336  -30.490 0.8000000119
32780  -28.116  -44.470  -36.448 0.6999999881
33560  -26.620  -43.594  -24.617 0.6000000238
33572  -25.329  -43.361  -25.195 0.5000000000
33601  -30.852  -43.808  -27.665 0.6999999881
33620  -23.365  -43.442  -28.546 0.4000000060
34590  -29.080  -42.800  -25.056 0.6000000238
34622  -24.277  -42.316  -27.867 0.4000000060
34653  -31.410  -42.454  -29.433 0.8000000119
34675  -21.099  -42.633  -31.412 0.3000000119
34685  -28.669  -42.373  -33.068 0.6999999881
34694  -26.126  -43.089  -34.668 0.6999999881
34707  -25.818  -42.387  -34.938 0.6999999881
34719  -25.971  -42.896  -35.425 0.6999999881
34730  -26.677  -43.055  -35.970 0.6999999881
34731  -27.761  -42.869  -36.389 0.6999999881
34732  -28.696  -42.672  -36.539 0.6000000238
35571  -30.537  -41.718  -25.770 0.8000000119
35637  -22.889  -41.422  -29.905 0.4000000060
35659  -27.791  -41.534  -33.779 0.6999999881
35686  -25.961  -41.966  -35.445 0.6999999881
35707  -29.453  -41.838  -36.254 0.5000000000
36542  -29.066  -40.646  -24.540 0.8000000119
36559  -30.570  -40.443  -25.061 0.8000000119
36584  -31.902  -41.011  -27.359 0.8000000119
36627  -22.693  -40.923  -29.928 0.3000000119
36629  -31.013  -40.463  -30.812 0.8000000119
36638  -30.462  -40.232  -31.440 0.8000000119
36647  -28.922  -40.947  -33.011 0.6999999881
36671  -26.444  -40.920  -34.513 0.6999999881
36696  -26.072  -40.653  -35.878 0.6999999881
37555  -24.466  -39.190  -28.820 0.6000000238
37600  -29.490  -39.451  -32.398 0.8000000119
37611  -27.803  -40.136  -33.748 0.6999999881
37628  -26.807  -40.078  -34.271 0.6999999881
37656  -28.149  -39.310  -36.404 0.6999999881
38437  -32.581  -38.707  -28.635 0.8000000119
38506  -24.593  -38.603  -34.987 0.8000000119
38507  -24.677  -38.416  -34.708 0.8000000119
38522  -24.893  -38.702  -35.307 0.8000000119
38531  -25.625  -38.738  -35.853 0.6999999881
39305  -25.635  -37.446  -26.954 0.5000000000
39376  -27.742  -36.938  -33.061 0.8999999762
39386  -24.879  -37.251  -33.923 0.8000000119
39389  -31.996  -37.219  -33.418 0.4000000060
39397  -24.213  -37.297  -34.619 0.8000000119
39410  -25.061  -38.099  -35.527 0.8000000119
39412  -27.667  -37.438  -35.785 0.6999999881
39413  -28.459  -37.626  -35.576 0.6000000238
40169  -28.706  -36.444  -23.880 0.6000000238
41190  -26.312  -35.148  -33.040 0.8000000119
41212  -28.371  -35.578  -34.725 0.6000000238
41213  -29.160  -35.789  -34.385 0.5000000000
42219  -32.138  -34.415  -29.632 0.6999999881
42249  -27.580  -33.796  -32.097 0.8000000119
42272  -23.997  -34.301  -33.770 1.0000000000
42273  -24.727  -34.365  -33.341 0.8000000119
42274  -30.415  -34.415  -33.559 0.6000000238
42290  -23.924  -35.023  -34.278 0.8000000119
43191  -31.181  -33.919  -23.417 0.6000000238
43203  -27.881  -33.861  -23.756 0.4000000060
44142  -33.294  -32.656  -24.675 0.6999999881
44235  -29.343  -32.589  -31.427 0.6999999881
44251  -27.903  -32.176  -32.134 0.8000000119
44264  -23.628  -31.923  -34.183 0.8999999762
44265  -23.629  -31.992  -33.874 0.8000000119
44266  -24.283  -31.979  -33.355 0.8000000119
44279  -28.565  -32.173  -34.409 0.6999999881
44287  -24.762  -32.182  -35.097 0.8999999762
45138  -34.045  -31.966  -27.680 0.6999999881
45171  -32.417  -31.408  -30.676 0.6999999881
45202  -27.064  -31.915  -32.417 0.8000000119
45215  -23.620  -31.244  -34.158 0.8000000119
45228  -29.915  -31.655  -34.635 0.6000000238
45232  -23.802  -31.827  -34.515 0.8999999762
45238  -30.954  -31.630  -35.420 0.6000000238
46131  -23.764  -30.701  -34.049 0.8000000119
47061  -24.014  -30.077  -34.207 0.8000000119
47063  -25.539  -29.258  -33.830 0.8000000119
47082  -28.058  -29.365  -35.922 0.8000000119
47097  -31.509  -29.204  -37.345 0.6000000238
47983  -33.353  -28.224  -31.402 0.8000000119
48011  -24.774  -28.112  -35.069 0.8000000119
48013  -26.355  -27.438  -34.494 0.8000000119
48019  -25.017  -28.015  -35.491 0.8000000119
48027  -26.301  -27.395  -36.161 0.8000000119
48992  -34.978  -27.754  -29.751 0.6999999881
49048  -25.795  -26.981  -35.056 0.8000000119
49051  -28.863  -26.826  -34.246 0.8000000119
49057  -25.887  -26.854  -35.608 0.8000000119
49062  -26.256  -26.720  -36.090 0.8000000119
49075  -29.091  -26.699  -36.646 0.8000000119
49091  -31.686  -26.221  -38.074 0.5000000000
50066  -30.235  -26.688  -33.787 0.8000000119
50068  -31.626  -26.355  -33.641 0.8000000119
50075  -26.981  -26.408  -35.137 0.8000000119
50090  -28.023  -26.157  -35.823 0.8000000119
50103  -26.861  -26.349  -36.131 0.8000000119
50105  -28.486  -26.498  -36.271 0.8000000119
50107  -30.074  -26.360  -36.921 0.8000000119
50110  -33.969  -25.819  -36.701 0.6999999881
51008  -33.197  -25.547  -32.511 0.8000000119
51065  -33.687  -25.097  -38.446 0.5000000000
51862  -32.723  -24.013  -25.665 0.4000000060
51883  -29.269  -24.408  -27.362 0.3000000119
51950  -36.217  -24.131  -33.463 0.6000000238
51966  -35.954  -24.336  -35.627 0.6999999881
53038  -34.176  -23.866  -38.445 0.6000000238
54001  -34.004  -22.226  -39.162 0.6000000238
54002  -34.573  -22.192  -39.482 0.5000000000
54758  -30.171  -22.063  -27.801 0.3000000119
54825  -38.158  -21.503  -32.474 0.4000000060
54837  -37.950  -21.680  -33.315 0.5000000000
54846  -37.587  -21.635  -34.638 0.6000000238
54855  -36.965  -21.405  -35.712 0.6000000238
54872  -35.146  -21.577  -36.972 0.6000000238
54888  -33.218  -20.853  -39.006 0.6000000238
55763  -30.339  -20.157  -29.316 0.3000000119
55778  -38.383  -20.543  -31.268 0.3000000119
55868  -32.835  -20.214  -38.933 0.5000000000
55888  -34.692  -20.111  -39.706 0.5000000000
56866  -32.995  -19.690  -38.097 0.5000000000
56878  -32.726  -19.604  -38.751 0.5000000000
57825  -37.634  -18.516  -30.225 0.3000000119
57843  -38.180  -18.223  -32.464 0.3000000119
57929  -33.436  -18.386  -37.974 0.5000000000
57955  -33.056  -18.162  -39.472 0.4000000060
58904  -37.606  -17.348  -33.339 0.3000000119
59898  -36.825  -16.227  -33.957 0.4000000060
59929  -36.045  -16.746  -35.235 0.4000000060
60800  -33.613  -15.392  -29.471 0.3000000119
62774  -35.921  -13.349  -29.680 0.3000000119
62867  -34.009  -13.051  -36.748 0.5000000000
64696  -36.053  -11.128  -34.239 0.3000000119
66704  -34.368  -9.622  -37.706 0.4000000060
68543  -36.874  -6.644  -35.331 0.3000000119
123996  -29.840  -32.119  -31.553 0.6999999881
125388  -29.644  -26.615  -35.108 0.8000000119
125779  -24.121  -31.773  -34.882 0.8999999762
125816  -26.018  -50.093  -26.497 0.6000000238
125997  -35.494  -27.834  -27.923 0.6000000238
126240  -34.644  -15.687  -36.757 0.4000000060
126289  -26.945  -51.960  -33.012 0.6000000238
126410  -28.557  -26.373  -35.048 0.8000000119
126531  -29.555  -48.064  -29.392 0.5000000000
126650  -28.838  -32.990  -31.402 0.8000000119
127037  -29.338  -48.722  -31.137 0.6999999881
128182  -28.182  -35.142  -23.951 0.5000000000
128494  -31.348  -26.839  -35.370 0.8000000119
129192  -28.448  -48.826  -32.355 0.6999999881
129627  -24.372  -38.019  -34.828 0.8000000119
130677  -34.745  -13.272  -35.671 0.4000000060
130932  -31.272  -27.687  -37.716 0.6000000238
131207  -25.419  -46.233  -35.059 0.6999999881
133167  -37.443  -9.708  -32.442 0.3000000119
133299  -29.686  -31.783  -31.846 0.8000000119
134077  -25.660  -43.984  -35.060 0.6999999881
134278  -26.445  -26.796  -34.860 0.8000000119
135289  -29.844  -32.862  -33.895 0.6999999881
135408  -24.204  -34.979  -34.661 0.8000000119
135505  -33.582  -20.926  -39.304 0.6000000238
135831  -26.212  -40.935  -25.380 0.6000000238
138908  -21.318  -53.961  -27.162 0.3000000119
139366  -25.035  -45.995  -25.145 0.6000000238
139868  -34.049  -24.013  -37.850 0.6999999881
140063  -27.582  -41.916  -24.532 0.6000000238
140076  -37.874  -21.450  -34.048 0.5000000000
140152  -25.042  -47.158  -25.453 0.6000000238
141428  -35.304  -16.989  -36.211 0.5000000000
141820  -34.818  -29.264  -29.415 0.6999999881
142428  -34.372  -12.987  -36.159 0.4000000060
142844  -30.602  -31.737  -34.800 0.6000000238
142945  -28.873  -54.427  -30.932 0.5000000000
143170  -25.217  -50.837  -33.671 0.4000000060
143988  -24.329  -29.947  -33.942 0.8000000119
144413  -27.954  -27.241  -36.550 0.8000000119
144426  -23.920  -53.416  -25.988 0.5000000000
144897  -29.651  -33.759  -23.423 0.5000000000
145491  -23.927  -50.986  -27.412 0.6000000238
145564  -28.052  -53.715  -26.807 0.5000000000
145764  -24.804  -33.193  -33.001 0.8000000119
146145  -27.094  -47.303  -36.129 0.5000000000
146411  -38.305  -19.650  -33.403 0.4000000060
146536  -27.328  -40.244  -36.434 0.6999999881
146625  -37.253  -10.380  -31.104 0.3000000119
146676  -30.679  -28.442  -37.316 0.6000000238
146879  -29.018  -23.374  -27.844 0.3000000119
147363  -28.431  -32.866  -31.620 0.8000000119
147675  -30.088  -46.201  -30.592 0.6999999881
148578  -29.335  -38.479  -35.460 0.5000000000
149466  -37.354  -22.684  -32.300 0.5000000000
149485  -26.431  -52.297  -26.388 0.5000000000
149589  -24.083  -39.341  -29.147 0.6000000238
149776  -29.390  -53.662  -29.116 0.5000000000
149895  -30.625  -38.222  -34.293 0.5000000000
