#!ascii label  , from subject sub-v1s11x0050142_ses-1 vox2ras=TkReg
1266
5156  21.833  -74.118  -33.057 0.5000000000
12800  19.571  -65.065  -30.085 0.6000000238
140895  19.061  -64.850  -29.373 0.6000000238
11863  18.839  -65.508  -28.720 0.6000000238
12801  18.402  -64.678  -28.725 0.6999999881
11851  18.054  -65.339  -27.980 0.6000000238
128727  18.395  -64.210  -29.554 0.6999999881
12783  17.599  -64.444  -28.299 0.6000000238
6908  21.163  -71.991  -36.096 0.5000000000
138716  24.302  -74.449  -37.939 0.6000000238
5767  24.365  -73.755  -37.054 0.6000000238
6329  21.815  -72.377  -36.478 0.5000000000
4119  25.929  -75.768  -38.256 0.5000000000
133156  25.228  -75.138  -38.431 0.4000000060
5777  23.538  -74.081  -37.946 0.5000000000
5768  23.392  -73.438  -37.065 0.6000000238
8318  19.533  -69.602  -31.042 0.5000000000
4618  25.572  -75.605  -34.995 0.4000000060
8319  18.574  -69.369  -30.896 0.5000000000
8295  19.481  -68.711  -30.411 0.6000000238
10077  20.150  -67.198  -30.158 0.6000000238
11880  19.927  -65.489  -30.775 0.6000000238
11891  19.658  -65.279  -31.833 0.6999999881
11868  19.882  -65.749  -30.069 0.6000000238
12836  19.393  -64.755  -30.962 0.6999999881
12845  18.340  -64.433  -32.597 0.6000000238
12837  18.671  -64.216  -31.115 0.6999999881
131178  17.584  -64.205  -33.226 0.6000000238
12838  17.918  -63.816  -31.373 0.6000000238
12824  18.180  -63.885  -30.451 0.6999999881
12847  16.971  -63.719  -32.783 0.6999999881
11830  17.239  -65.657  -27.467 0.6000000238
6907  21.996  -72.106  -35.188 0.5000000000
6328  22.663  -72.572  -35.815 0.6000000238
5217  25.615  -74.719  -38.297 0.6000000238
5776  25.070  -74.264  -37.679 0.6999999881
137957  23.188  -72.968  -36.267 0.6000000238
4651  26.702  -75.992  -37.966 0.4000000060
136431  20.877  -68.978  -31.587 0.5000000000
8317  20.305  -69.755  -31.401 0.5000000000
128026  23.079  -74.611  -34.104 0.5000000000
9177  20.278  -68.927  -30.958 0.5000000000
10109  20.841  -67.437  -31.955 0.6999999881
9176  20.719  -68.121  -31.328 0.6000000238
10977  20.470  -66.640  -32.061 0.6999999881
10076  20.539  -67.111  -31.083 0.6000000238
10978  20.279  -66.085  -31.392 0.6999999881
10970  20.202  -66.324  -30.492 0.6000000238
10988  20.003  -65.981  -32.235 0.6999999881
11892  19.008  -64.932  -32.712 0.6000000238
11903  19.519  -65.587  -32.833 0.6000000238
12851  18.298  -64.774  -33.593 0.6000000238
12844  18.969  -64.565  -31.854 0.6000000238
12852  17.372  -64.452  -34.198 0.6000000238
12853  16.749  -63.946  -33.766 0.6999999881
13668  15.920  -63.808  -28.727 0.6999999881
11831  16.396  -65.974  -27.159 0.5000000000
13707  17.235  -63.470  -30.742 0.6999999881
13687  17.607  -63.720  -29.748 0.6999999881
12765  17.310  -64.950  -27.713 0.6000000238
139731  23.905  -71.784  -35.034 0.5000000000
6906  23.000  -72.112  -34.920 0.5000000000
6894  21.667  -71.624  -34.304 0.5000000000
6335  25.373  -72.710  -36.474 0.6999999881
6327  23.491  -72.537  -35.575 0.6000000238
5227  27.019  -74.679  -38.667 0.5000000000
5790  26.469  -74.283  -38.424 0.6999999881
5775  25.897  -73.944  -37.727 0.6999999881
5766  25.266  -73.543  -36.914 0.6000000238
6337  23.914  -73.074  -36.224 0.6000000238
4650  27.528  -75.914  -37.406 0.4000000060
128198  26.091  -74.994  -38.510 0.5000000000
8329  21.662  -69.567  -32.449 0.5000000000
10108  21.500  -68.148  -32.774 0.5000000000
9198  21.437  -68.931  -32.231 0.5000000000
9199  21.147  -68.194  -32.037 0.5000000000
10133  21.072  -67.326  -33.450 0.6000000238
11008  20.461  -66.717  -33.508 0.6999999881
11036  19.903  -66.140  -34.824 0.6000000238
11022  19.920  -66.252  -33.979 0.6999999881
11009  20.055  -66.294  -33.019 0.6999999881
11931  19.182  -65.693  -35.376 0.6000000238
11919  19.277  -65.762  -34.517 0.6000000238
140689  19.411  -65.762  -33.679 0.6999999881
11942  18.331  -65.287  -37.054 0.6999999881
11920  18.542  -65.361  -35.052 0.6000000238
149245  18.997  -65.278  -33.429 0.6000000238
12891  17.071  -64.491  -36.994 0.6000000238
148101  17.761  -64.988  -35.608 0.6999999881
11905  17.978  -64.898  -34.654 0.6999999881
12904  16.272  -63.660  -36.748 0.6000000238
12878  16.224  -64.216  -35.789 0.6000000238
12865  17.108  -64.625  -35.193 0.6999999881
11853  14.922  -65.328  -27.763 0.6000000238
12866  16.486  -64.234  -34.737 0.6999999881
145862  16.823  -63.440  -29.906 0.6999999881
12767  15.937  -65.167  -27.455 0.6000000238
12879  15.466  -63.690  -35.756 0.6999999881
135255  15.827  -63.969  -35.178 0.6000000238
12854  15.805  -63.762  -34.322 0.8000000119
13742  16.121  -63.560  -33.231 0.6999999881
13721  16.546  -63.273  -31.389 0.6999999881
13708  16.189  -63.138  -30.586 0.6999999881
6345  25.975  -73.078  -37.179 0.6999999881
6921  25.910  -72.158  -36.968 0.6999999881
135078  24.871  -72.386  -35.976 0.6000000238
5788  27.419  -73.992  -38.824 0.5000000000
5789  27.125  -73.731  -38.714 0.6999999881
4649  28.389  -75.317  -37.586 0.4000000060
4655  27.519  -75.239  -38.302 0.5000000000
8343  22.127  -69.923  -32.830 0.5000000000
7548  21.431  -70.295  -32.515 0.5000000000
142142  22.061  -68.922  -32.921 0.5000000000
10145  21.817  -67.960  -33.635 0.6000000238
128582  21.883  -67.293  -35.088 0.6000000238
10146  21.343  -67.219  -34.486 0.6999999881
148974  21.091  -67.613  -32.591 0.6999999881
10155  21.369  -66.899  -35.284 0.6999999881
11021  20.543  -66.703  -34.250 0.6999999881
11047  19.886  -65.831  -36.533 0.6000000238
141567  20.447  -66.159  -36.014 0.6000000238
11035  20.648  -66.509  -35.193 0.6999999881
11075  19.262  -65.086  -38.521 0.6999999881
133640  19.221  -65.572  -37.211 0.6999999881
12786  13.730  -64.659  -28.690 0.6000000238
12915  18.744  -64.484  -38.392 0.6000000238
11953  18.735  -65.203  -37.909 0.6999999881
11941  19.136  -65.621  -36.293 0.6999999881
14622  17.665  -63.002  -36.524 0.6000000238
13795  16.753  -63.676  -37.191 0.6000000238
13794  17.791  -63.705  -37.851 0.6000000238
12902  17.427  -64.342  -37.627 0.6000000238
11943  17.661  -64.795  -37.240 0.6999999881
12785  14.622  -64.513  -28.377 0.6000000238
13783  16.087  -63.322  -36.684 0.6000000238
12903  16.777  -64.046  -37.314 0.6000000238
13723  14.838  -62.774  -31.236 0.6999999881
143442  14.564  -63.305  -29.681 0.6000000238
13689  15.213  -63.502  -29.294 0.6999999881
11852  15.510  -64.466  -28.107 0.6000000238
14610  16.183  -62.526  -36.181 0.5000000000
14625  15.435  -62.882  -36.446 0.6000000238
13768  14.763  -63.421  -35.576 0.8000000119
13754  14.880  -63.521  -34.660 0.8000000119
13735  14.646  -63.008  -33.030 0.8000000119
13734  15.532  -63.181  -32.649 0.8000000119
13722  15.737  -62.997  -31.590 0.6999999881
13709  15.252  -63.045  -30.209 0.6999999881
140550  15.316  -63.711  -35.116 0.8000000119
13743  15.218  -63.402  -33.645 0.8000000119
6922  25.281  -71.842  -36.301 0.6999999881
6892  23.281  -71.353  -34.441 0.6999999881
6893  22.522  -71.593  -34.335 0.6000000238
6356  27.239  -72.727  -38.844 0.6999999881
7570  22.913  -70.921  -33.866 0.6000000238
6355  27.615  -73.281  -39.036 0.6000000238
7557  22.494  -70.419  -33.386 0.5000000000
8342  22.577  -69.503  -33.435 0.5000000000
11797  13.015  -65.472  -26.213 0.6000000238
127968  11.843  -65.467  -26.731 0.5000000000
9226  22.452  -68.609  -33.845 0.5000000000
11833  10.570  -66.106  -27.648 0.6000000238
10153  22.573  -67.644  -35.459 0.6999999881
10144  22.204  -67.819  -34.506 0.6000000238
10154  21.846  -67.002  -35.806 0.6999999881
12788  11.244  -65.616  -28.895 0.6000000238
11046  20.646  -66.151  -36.850 0.6999999881
10170  21.556  -66.642  -36.674 0.6000000238
11961  20.102  -65.245  -38.944 0.6999999881
11074  20.738  -65.644  -38.844 0.6999999881
11061  20.329  -65.888  -37.853 0.6999999881
12806  13.260  -64.124  -29.235 0.6000000238
12787  12.636  -64.996  -28.880 0.6000000238
12914  19.611  -64.738  -38.754 0.6000000238
11062  19.535  -65.531  -38.004 0.6999999881
13691  12.716  -63.670  -29.822 0.6000000238
11854  13.160  -65.717  -28.456 0.6000000238
136220  19.555  -63.649  -38.070 0.6000000238
13805  18.234  -64.022  -38.255 0.6000000238
13711  13.293  -63.129  -30.463 0.6999999881
13690  13.748  -63.436  -29.698 0.6000000238
12805  14.320  -63.844  -29.027 0.6000000238
13781  18.144  -63.329  -37.284 0.6000000238
14582  12.605  -62.853  -34.123 0.6000000238
14569  13.054  -62.809  -32.850 0.6000000238
14557  14.085  -62.765  -32.244 0.6999999881
13710  14.269  -62.964  -30.378 0.6000000238
13745  13.332  -62.896  -34.756 0.6000000238
13755  14.071  -63.125  -35.234 0.6000000238
13744  14.285  -63.201  -34.120 0.6999999881
133637  14.996  -62.820  -32.144 0.8000000119
7599  24.993  -70.909  -36.264 0.6999999881
7582  24.392  -70.809  -35.453 0.6999999881
139039  26.376  -72.536  -37.620 0.6999999881
7583  23.840  -70.732  -34.741 0.6000000238
8355  23.137  -69.976  -33.869 0.6000000238
13635  13.470  -63.562  -25.641 0.6000000238
142515  14.588  -64.496  -24.564 0.6000000238
12739  13.205  -64.396  -25.869 0.6000000238
138243  13.844  -65.098  -25.677 0.6000000238
9224  23.265  -69.309  -34.410 0.6000000238
12750  12.339  -64.566  -26.378 0.5000000000
9256  23.659  -68.185  -36.501 0.6999999881
9225  22.949  -68.501  -34.674 0.6999999881
138644  10.055  -64.394  -27.479 0.4000000060
12768  10.992  -65.399  -27.212 0.5000000000
10169  22.433  -67.187  -36.552 0.6999999881
9257  23.086  -67.733  -36.194 0.8000000119
12790  9.374  -64.800  -28.581 0.5000000000
10188  21.968  -66.769  -37.331 0.6000000238
12789  10.022  -65.414  -28.633 0.6000000238
11073  21.335  -66.142  -38.639 0.6999999881
11060  21.204  -66.321  -37.730 0.6999999881
13692  11.487  -63.969  -29.915 0.6999999881
12808  10.635  -64.795  -29.342 0.6000000238
140188  21.384  -64.836  -39.185 0.6999999881
11967  21.873  -65.306  -39.315 0.6999999881
13712  12.082  -63.358  -30.651 0.5000000000
12807  12.070  -64.485  -29.393 0.6000000238
13801  22.572  -63.642  -38.398 0.6000000238
12913  20.749  -64.382  -38.888 0.6000000238
12923  20.484  -64.945  -39.112 0.6999999881
13802  21.067  -63.834  -38.474 0.6000000238
13804  19.203  -64.160  -38.488 0.6000000238
14559  12.465  -62.839  -32.242 0.5000000000
13725  12.874  -62.916  -31.320 0.6000000238
13780  19.096  -63.423  -37.270 0.6000000238
14596  12.487  -62.451  -35.125 0.6000000238
14570  11.971  -62.859  -33.389 0.5000000000
14612  12.544  -62.051  -35.586 0.6000000238
7598  25.635  -71.191  -37.061 0.6999999881
8383  24.566  -69.789  -36.355 0.6000000238
8369  24.052  -69.843  -35.293 0.6000000238
12726  14.321  -63.760  -25.049 0.4000000060
9239  23.563  -69.093  -35.058 0.6000000238
132931  12.725  -63.114  -26.140 0.5000000000
134265  14.674  -65.199  -24.154 0.6000000238
9255  24.298  -68.736  -36.945 0.6999999881
12752  11.034  -63.907  -26.887 0.5000000000
10186  23.314  -67.506  -38.027 0.6999999881
13669  8.927  -64.146  -28.627 0.4000000060
11971  24.267  -66.027  -39.669 0.6999999881
11082  23.329  -66.666  -39.446 0.6999999881
10207  22.950  -66.840  -39.177 0.6999999881
12809  9.441  -64.609  -29.153 0.6000000238
12920  24.457  -64.328  -39.455 0.6999999881
11965  24.111  -65.177  -39.536 0.6999999881
10208  22.105  -66.474  -38.958 0.6999999881
10196  21.977  -66.627  -38.193 0.6999999881
13694  8.976  -63.831  -29.896 0.5000000000
13693  10.106  -64.142  -29.936 0.5000000000
13812  22.902  -63.982  -38.890 0.6000000238
12922  22.423  -64.767  -39.238 0.6999999881
138760  22.530  -65.575  -39.425 0.6999999881
11083  21.480  -65.897  -39.119 0.6999999881
13714  9.798  -63.549  -30.635 0.5000000000
13790  22.384  -63.421  -37.795 0.5000000000
13800  23.394  -63.399  -38.542 0.6000000238
13813  21.810  -64.176  -38.795 0.6000000238
7614  25.876  -70.612  -38.029 0.6999999881
7615  25.292  -70.204  -37.209 0.6999999881
13615  14.929  -63.966  -24.370 0.4000000060
8396  25.519  -69.790  -38.218 0.6999999881
12711  15.124  -64.758  -23.724 0.4000000060
8397  24.895  -69.313  -37.558 0.6999999881
9271  24.499  -68.560  -38.013 0.8000000119
10205  24.607  -67.708  -39.514 0.6000000238
9279  23.996  -67.972  -38.491 0.6000000238
10839  15.353  -66.336  -20.575 0.6000000238
11090  24.133  -66.651  -39.660 0.6999999881
10213  24.276  -67.217  -39.587 0.6999999881
10194  23.471  -67.426  -38.911 0.6000000238
139029  24.968  -65.582  -39.727 0.6000000238
13818  25.171  -63.912  -39.624 0.6000000238
130134  13.569  -67.252  -19.358 0.5000000000
13811  23.668  -63.637  -38.985 0.6000000238
13810  24.440  -63.559  -39.272 0.6999999881
14652  24.122  -63.068  -38.819 0.5000000000
8405  25.099  -69.089  -38.611 0.6999999881
12700  15.862  -64.748  -22.945 0.4000000060
8417  25.359  -68.883  -39.360 0.8000000119
11770  15.391  -65.415  -22.844 0.5000000000
9294  25.627  -68.234  -39.878 0.8000000119
11745  15.992  -65.777  -21.180 0.4000000060
11757  16.064  -65.317  -22.115 0.4000000060
9287  24.978  -68.244  -39.477 0.6999999881
10808  15.163  -66.293  -19.835 0.4000000060
143280  15.547  -65.810  -22.043 0.5000000000
12926  27.067  -64.233  -40.275 0.6000000238
11089  24.932  -66.407  -39.799 0.6000000238
11088  25.642  -66.846  -40.004 0.6999999881
11724  15.343  -65.649  -19.664 0.4000000060
13816  26.631  -63.492  -40.141 0.6000000238
12928  25.062  -64.733  -39.662 0.6000000238
133479  13.514  -66.643  -19.063 0.4000000060
10823  14.733  -66.886  -20.137 0.6000000238
13809  25.342  -63.144  -39.564 0.6000000238
14650  25.701  -62.448  -39.500 0.5000000000
14641  25.317  -62.106  -38.961 0.5000000000
12710  16.379  -64.251  -22.940 0.4000000060
8416  25.949  -69.393  -39.667 0.8000000119
11744  16.566  -65.081  -21.410 0.4000000060
9286  25.658  -68.693  -39.734 0.6999999881
11735  16.392  -65.259  -20.686 0.4000000060
127798  26.378  -67.248  -40.226 0.6000000238
10211  25.599  -67.615  -39.971 0.6999999881
11970  26.544  -65.069  -40.144 0.6000000238
150681  26.396  -66.523  -40.186 0.6000000238
13573  14.570  -64.257  -19.562 0.4000000060
12663  14.195  -65.031  -19.327 0.4000000060
14655  27.119  -62.740  -40.206 0.6000000238
12664  13.241  -65.038  -19.339 0.4000000060
14649  26.595  -62.188  -39.945 0.4000000060
13602  17.008  -64.044  -22.450 0.4000000060
132960  26.390  -68.145  -40.195 0.6999999881
12672  16.771  -64.636  -20.817 0.4000000060
11086  28.111  -66.936  -40.378 0.6999999881
12673  16.261  -64.779  -20.092 0.4000000060
12925  27.855  -64.185  -40.162 0.6000000238
140032  27.524  -65.033  -40.246 0.6000000238
12674  13.654  -64.154  -19.639 0.4000000060
14654  28.027  -62.611  -40.286 0.6000000238
12675  12.580  -64.144  -19.902 0.3000000119
142251  28.495  -61.998  -40.237 0.4000000060
15467  28.629  -61.463  -40.213 0.4000000060
15466  28.972  -61.628  -40.139 0.4000000060
13582  16.122  -63.809  -19.937 0.4000000060
151757  14.889  -63.800  -19.648 0.4000000060
12924  28.122  -64.165  -39.926 0.6000000238
13808  28.381  -63.161  -39.856 0.6000000238
13799  28.297  -63.285  -39.259 0.6000000238
14630  28.717  -61.993  -38.671 0.4000000060
15446  28.146  -61.714  -37.623 0.5000000000
15456  29.421  -61.283  -39.599 0.4000000060
15264  10.530  -61.617  -22.514 0.3000000119
16287  28.527  -60.843  -37.254 0.4000000060
15250  17.019  -61.210  -20.849 0.4000000060
15262  12.125  -60.863  -21.875 0.3000000119
16110  9.303  -60.716  -23.443 0.4000000060
16079  18.124  -60.379  -21.663 0.4000000060
16081  16.390  -60.479  -21.062 0.4000000060
16095  13.304  -60.060  -21.774 0.3000000119
16094  14.235  -59.826  -21.665 0.3000000119
16098  10.735  -60.773  -22.658 0.3000000119
15263  11.292  -61.259  -22.198 0.3000000119
16109  10.165  -60.286  -23.121 0.3000000119
16970  16.616  -59.764  -21.551 0.4000000060
16981  15.972  -59.192  -21.926 0.4000000060
16972  15.045  -60.005  -21.368 0.4000000060
131266  12.169  -60.162  -22.237 0.3000000119
16108  10.981  -59.938  -22.867 0.3000000119
18854  7.579  -56.707  -26.937 0.4000000060
19808  7.759  -55.868  -28.287 0.3000000119
20746  8.175  -55.216  -28.683 0.3000000119
17003  10.466  -59.471  -23.392 0.3000000119
17004  9.635  -59.759  -23.615 0.3000000119
17863  16.217  -58.615  -22.548 0.4000000060
16982  15.108  -59.422  -21.871 0.4000000060
16983  13.574  -59.485  -22.199 0.3000000119
16984  12.753  -59.647  -22.333 0.3000000119
17001  12.484  -59.078  -22.797 0.3000000119
17907  7.985  -58.192  -25.246 0.3000000119
17002  11.284  -59.191  -23.219 0.3000000119
19794  8.009  -56.061  -27.288 0.3000000119
17020  10.777  -58.702  -23.665 0.3000000119
19793  8.823  -55.787  -26.853 0.4000000060
20724  8.427  -55.440  -27.670 0.3000000119
20745  8.738  -54.741  -28.050 0.3000000119
21723  8.556  -54.623  -29.193 0.3000000119
17864  15.343  -58.771  -22.502 0.4000000060
17886  13.991  -58.479  -23.068 0.4000000060
147000  13.433  -58.308  -23.309 0.3000000119
18832  8.310  -57.481  -25.532 0.4000000060
17887  12.607  -58.451  -23.301 0.3000000119
18831  9.105  -57.403  -25.256 0.3000000119
19781  8.407  -56.409  -26.498 0.4000000060
19780  9.295  -56.230  -26.186 0.4000000060
21722  9.066  -54.000  -28.622 0.3000000119
17885  14.808  -58.283  -23.148 0.4000000060
18808  14.069  -57.883  -23.628 0.4000000060
17895  13.160  -57.800  -23.751 0.4000000060
17896  12.290  -57.760  -23.859 0.4000000060
17897  11.031  -58.096  -23.948 0.3000000119
18830  10.539  -57.017  -25.028 0.3000000119
19769  9.800  -56.779  -25.493 0.3000000119
19779  10.218  -56.065  -26.025 0.3000000119
144085  9.867  -55.024  -26.881 0.5000000000
20708  9.659  -55.598  -26.566 0.4000000060
20723  9.182  -55.175  -27.208 0.4000000060
22770  9.425  -53.448  -29.509 0.3000000119
18820  14.410  -57.337  -24.252 0.4000000060
18821  12.900  -57.209  -24.444 0.4000000060
18828  12.217  -56.689  -24.921 0.3000000119
19767  11.969  -55.745  -25.687 0.3000000119
136418  11.816  -54.660  -26.204 0.3000000119
21684  11.720  -54.019  -26.455 0.3000000119
18822  11.876  -57.284  -24.441 0.3000000119
137442  11.645  -56.315  -25.395 0.3000000119
20707  10.576  -55.319  -26.444 0.3000000119
21685  11.150  -54.618  -26.511 0.3000000119
21703  10.819  -53.744  -26.841 0.3000000119
19768  10.776  -56.477  -25.471 0.3000000119
128431  10.339  -54.535  -26.874 0.3000000119
20722  9.526  -54.432  -27.473 0.3000000119
23710  10.313  -52.335  -29.915 0.3000000119
19747  16.998  -56.712  -23.787 0.3000000119
18818  16.096  -56.877  -24.180 0.3000000119
19759  15.327  -56.482  -24.545 0.3000000119
143852  13.706  -55.860  -25.274 0.3000000119
21670  13.780  -54.350  -25.541 0.3000000119
22718  12.358  -53.458  -26.303 0.3000000119
135467  13.998  -56.397  -24.962 0.3000000119
149197  13.428  -55.394  -25.439 0.3000000119
20705  12.276  -55.074  -25.851 0.3000000119
21683  12.416  -54.295  -26.045 0.3000000119
22719  11.601  -53.198  -26.661 0.3000000119
22736  10.959  -52.821  -27.081 0.3000000119
22737  10.203  -53.136  -27.635 0.3000000119
23677  10.660  -52.414  -27.715 0.3000000119
22750  9.707  -53.144  -28.595 0.3000000119
23689  10.289  -52.427  -28.650 0.3000000119
20680  17.695  -55.412  -23.669 0.3000000119
20682  16.086  -55.443  -24.409 0.3000000119
19765  14.642  -55.868  -24.941 0.3000000119
21669  14.424  -54.385  -25.275 0.3000000119
22717  13.221  -53.751  -25.873 0.3000000119
23675  11.898  -51.859  -26.924 0.3000000119
23676  11.234  -52.094  -27.358 0.3000000119
23688  10.929  -51.789  -28.202 0.3000000119
24633  10.850  -51.785  -30.593 0.3000000119
139393  13.542  -52.248  -26.269 0.3000000119
24576  12.828  -51.837  -26.602 0.3000000119
24610  12.244  -50.683  -28.291 0.3000000119
24611  11.456  -51.163  -28.784 0.3000000119
23709  10.820  -51.702  -29.334 0.3000000119
24632  11.397  -51.014  -30.032 0.3000000119
24575  13.783  -51.536  -26.525 0.3000000119
24590  13.227  -50.961  -26.955 0.3000000119
24591  12.403  -51.141  -27.277 0.3000000119
23662  14.279  -52.132  -26.087 0.3000000119
24589  14.081  -50.769  -26.851 0.3000000119
134432  13.663  -50.403  -27.532 0.3000000119
24631  11.920  -50.657  -29.263 0.3000000119
25617  12.136  -50.415  -30.088 0.3000000119
25630  11.853  -50.660  -30.996 0.3000000119
5175  22.418  -74.310  -33.500 0.5000000000
5191  23.775  -75.087  -34.636 0.5000000000
4619  24.490  -75.714  -35.144 0.4000000060
12823  18.948  -64.434  -30.228 0.6999999881
12803  16.952  -63.770  -28.978 0.6999999881
4112  26.740  -76.467  -37.072 0.4000000060
5174  24.019  -74.348  -33.983 0.5000000000
11904  18.737  -65.329  -34.173 0.6000000238
9272  23.850  -68.062  -37.490 0.8000000119
9240  23.340  -68.297  -35.607 0.6999999881
10187  22.601  -67.118  -37.614 0.6000000238
14643  23.896  -62.830  -38.211 0.5000000000
150252  22.664  -66.130  -39.435 0.6999999881
10809  14.328  -66.689  -19.448 0.4000000060
14642  24.609  -62.473  -38.571 0.5000000000
13814  28.183  -63.294  -40.093 0.6000000238
15464  27.022  -61.494  -39.874 0.4000000060
138975  27.973  -65.952  -40.268 0.6000000238
11964  28.196  -64.973  -39.866 0.6000000238
13584  13.200  -63.381  -20.123 0.3000000119
14648  28.968  -61.923  -39.986 0.4000000060
14639  28.837  -62.259  -39.599 0.4000000060
16080  17.261  -60.430  -21.318 0.4000000060
18819  15.224  -57.179  -24.291 0.3000000119
20681  16.910  -55.415  -23.996 0.3000000119
11071  28.717  -66.882  -39.241 0.5000000000
10203  28.878  -67.932  -40.058 0.5000000000
9291  27.835  -68.784  -40.447 0.6999999881
8422  28.349  -69.384  -40.374 0.6999999881
7623  26.334  -70.158  -39.422 0.6000000238
127292  28.601  -67.255  -40.171 0.5000000000
10209  28.210  -67.884  -40.409 0.6000000238
9292  26.880  -68.892  -40.305 0.6000000238
6955  27.341  -71.814  -39.299 0.6000000238
6930  26.314  -71.626  -37.945 0.6000000238
8421  29.059  -69.292  -40.207 0.6999999881
7637  28.176  -70.696  -39.984 0.6000000238
7622  26.836  -70.998  -39.409 0.6000000238
7646  27.963  -69.984  -40.271 0.6999999881
7638  26.806  -70.418  -39.706 0.6000000238
6941  26.387  -70.868  -38.853 0.6000000238
11959  28.472  -66.138  -39.253 0.5000000000
7620  29.595  -70.416  -39.174 0.6999999881
7635  29.504  -70.824  -39.444 0.6999999881
6953  29.039  -71.284  -39.616 0.6000000238
6954  28.122  -71.815  -39.528 0.6000000238
8402  29.400  -69.633  -39.433 0.6000000238
139351  29.299  -69.956  -39.779 0.6999999881
9269  28.813  -68.945  -38.481 0.6000000238
137344  27.685  -65.887  -38.048 0.5000000000
11085  28.483  -66.569  -40.084 0.5000000000
8394  28.916  -69.874  -38.230 0.6999999881
133088  29.792  -71.188  -39.044 0.6000000238
6364  28.261  -72.842  -39.265 0.6000000238
130566  26.982  -64.758  -37.295 0.5000000000
11960  28.151  -65.504  -38.845 0.5000000000
12875  26.075  -63.847  -35.917 0.5000000000
11952  27.524  -65.139  -38.032 0.5000000000
127043  26.331  -62.912  -36.055 0.4000000060
10946  18.402  -66.205  -28.322 0.4000000060
11862  19.483  -65.638  -29.422 0.4000000060
10962  19.150  -66.480  -28.972 0.4000000060
10058  19.524  -67.277  -29.551 0.5000000000
12901  27.443  -64.272  -38.062 0.5000000000
147903  19.792  -67.935  -29.969 0.5000000000
129348  16.791  -68.353  -30.750 0.6000000238
12889  26.987  -63.855  -37.343 0.4000000060
9153  20.280  -68.033  -30.568 0.5000000000
9178  17.632  -68.849  -30.805 0.5000000000
10038  18.484  -66.903  -28.647 0.5000000000
10059  18.740  -67.409  -29.179 0.5000000000
10060  17.898  -67.520  -28.896 0.5000000000
151892  17.462  -68.003  -29.489 0.5000000000
9133  19.074  -68.084  -29.723 0.5000000000
9134  18.203  -68.025  -29.568 0.5000000000
9154  17.512  -68.342  -30.111 0.5000000000
13789  27.656  -63.371  -38.183 0.5000000000
8296  18.432  -68.617  -30.210 0.5000000000
14590  25.702  -62.278  -34.728 0.4000000060
13775  27.148  -63.044  -37.265 0.4000000060
14619  26.788  -62.187  -36.235 0.4000000060
11832  15.556  -65.924  -27.327 0.5000000000
10061  17.080  -67.853  -29.119 0.5000000000
12911  28.104  -64.034  -39.438 0.5000000000
14631  27.828  -62.518  -37.903 0.4000000060
139530  14.026  -65.859  -28.001 0.5000000000
10930  14.615  -66.563  -27.630 0.5000000000
10931  13.623  -67.672  -27.701 0.5000000000
14618  27.317  -62.290  -37.028 0.4000000060
10949  13.242  -66.817  -28.114 0.5000000000
130179  12.148  -66.817  -28.384 0.5000000000
10042  12.332  -67.626  -27.890 0.5000000000
10023  12.969  -68.305  -27.392 0.5000000000
9114  13.501  -69.154  -27.034 0.4000000060
10950  11.431  -67.201  -28.077 0.5000000000
9103  12.787  -68.503  -26.938 0.6000000238
142298  12.082  -65.995  -28.704 0.5000000000
10932  11.032  -66.928  -27.717 0.5000000000
10004  11.758  -67.498  -27.562 0.5000000000
10003  12.365  -68.076  -26.908 0.6000000238
9102  13.025  -69.147  -26.297 0.6000000238
8231  12.980  -69.917  -26.071 0.6000000238
7505  13.205  -70.304  -26.897 0.5000000000
7490  11.975  -70.651  -26.390 0.5000000000
7491  10.997  -70.689  -26.349 0.5000000000
10951  10.872  -66.829  -28.122 0.5000000000
10916  11.741  -67.165  -27.164 0.5000000000
10915  12.678  -67.362  -26.560 0.6000000238
9090  13.017  -69.309  -25.324 0.6000000238
7489  12.615  -70.311  -26.166 0.6000000238
7478  11.398  -70.488  -25.580 0.5000000000
127708  10.131  -66.862  -23.817 0.5000000000
8235  9.967  -69.729  -25.162 0.5000000000
11856  10.541  -66.237  -28.308 0.5000000000
11811  11.245  -66.348  -27.169 0.5000000000
11810  12.188  -66.426  -26.691 0.6000000238
10914  13.779  -67.192  -25.590 0.6000000238
9985  13.823  -68.053  -25.131 0.6000000238
135606  13.307  -68.768  -25.478 0.6000000238
9072  13.434  -68.574  -24.836 0.6000000238
8218  12.954  -69.130  -24.702 0.6000000238
7477  12.141  -70.377  -25.608 0.6000000238
8233  11.872  -70.189  -24.921 0.5000000000
7479  10.387  -70.437  -25.638 0.5000000000
8234  10.932  -70.115  -24.879 0.5000000000
9074  10.623  -68.892  -24.544 0.5000000000
9091  9.574  -68.458  -24.973 0.5000000000
11809  13.208  -66.499  -26.208 0.6000000238
146385  14.191  -67.289  -24.896 0.6000000238
9949  13.482  -67.444  -23.759 0.6000000238
9970  13.823  -67.616  -24.456 0.6000000238
142256  12.608  -68.791  -24.251 0.6000000238
9971  13.186  -68.197  -24.187 0.6000000238
8219  12.296  -69.510  -24.571 0.5000000000
9972  12.280  -67.948  -23.758 0.5000000000
8220  11.509  -69.614  -24.548 0.5000000000
141828  11.466  -67.580  -23.686 0.5000000000
9951  11.783  -67.292  -23.177 0.6000000238
9973  10.816  -67.598  -24.037 0.5000000000
9952  10.882  -67.036  -23.293 0.5000000000
9912  10.389  -67.753  -22.045 0.5000000000
9969  14.241  -66.767  -24.339 0.6000000238
10880  13.350  -67.157  -23.184 0.6000000238
9950  12.765  -67.408  -23.332 0.6000000238
9932  11.387  -67.289  -22.587 0.6000000238
9933  10.621  -67.195  -22.645 0.5000000000
10878  14.425  -66.290  -23.456 0.6000000238
131498  11.907  -67.556  -21.818 0.6000000238
129184  11.153  -67.664  -21.858 0.5000000000
135981  14.627  -66.563  -21.856 0.6000000238
10857  14.237  -66.585  -22.588 0.6000000238
10841  14.065  -67.074  -21.641 0.6000000238
10842  13.345  -67.257  -21.945 0.6000000238
9931  12.209  -67.318  -22.557 0.6000000238
9911  11.713  -68.254  -21.009 0.5000000000
10824  14.167  -67.292  -20.530 0.6000000238
9909  13.335  -67.566  -20.986 0.6000000238
9889  13.574  -67.675  -19.958 0.6000000238
9891  12.455  -67.892  -21.003 0.6000000238
9877  12.853  -67.745  -19.450 0.6000000238
9878  12.094  -67.881  -19.013 0.5000000000
10810  12.732  -67.074  -18.861 0.4000000060
131220  25.955  -70.198  -38.816 0.6000000238
7639  26.479  -69.812  -39.823 0.6999999881
139508  28.311  -65.776  -39.971 0.5000000000
12912  27.913  -64.625  -38.793 0.5000000000
12890  26.535  -64.303  -36.632 0.5000000000
10078  16.799  -68.100  -29.995 0.6000000238
10002  13.138  -68.258  -26.075 0.6000000238
9073  11.675  -68.616  -24.123 0.5000000000
10858  13.641  -66.992  -22.613 0.6000000238
10859  12.982  -67.248  -22.597 0.6000000238
9890  12.845  -68.082  -20.139 0.6000000238
9004  12.199  -68.272  -19.669 0.6000000238
5723  21.470  -73.352  -31.746 0.4000000060
6259  22.007  -71.920  -29.996 0.5000000000
6258  22.889  -71.911  -30.012 0.5000000000
6274  22.479  -72.282  -30.663 0.4000000060
6287  22.104  -72.762  -31.380 0.4000000060
151914  23.178  -73.068  -32.317 0.4000000060
129671  22.617  -73.514  -32.712 0.4000000060
6849  23.334  -71.550  -29.394 0.5000000000
6850  22.438  -71.497  -29.402 0.5000000000
5721  23.580  -72.786  -31.840 0.5000000000
5735  23.760  -73.242  -32.637 0.5000000000
5749  23.357  -73.889  -33.415 0.4000000060
129376  23.767  -71.992  -29.980 0.5000000000
145534  24.149  -72.358  -30.610 0.5000000000
128868  24.354  -72.914  -32.028 0.5000000000
5734  24.912  -73.261  -32.575 0.5000000000
5748  24.337  -73.710  -33.314 0.4000000060
5173  24.918  -74.205  -33.812 0.4000000060
134100  24.662  -72.195  -29.903 0.5000000000
144902  25.137  -72.884  -31.655 0.5000000000
5720  26.099  -72.916  -31.188 0.5000000000
5733  25.766  -73.608  -32.865 0.5000000000
5190  24.729  -74.887  -34.500 0.4000000060
5787  28.875  -73.983  -38.695 0.5000000000
5226  27.892  -74.367  -38.726 0.4000000060
145412  29.109  -74.775  -37.638 0.4000000060
5216  29.147  -75.175  -36.842 0.4000000060
129513  28.276  -75.739  -36.670 0.4000000060
4643  27.997  -75.984  -35.948 0.4000000060
141963  25.903  -73.231  -32.088 0.5000000000
4629  27.634  -75.991  -35.524 0.4000000060
4630  26.755  -76.316  -35.680 0.4000000060
4617  26.615  -75.888  -35.133 0.4000000060
148539  26.622  -73.655  -32.503 0.4000000060
5155  26.395  -73.954  -33.170 0.5000000000
150660  26.395  -75.183  -34.581 0.4000000060
5172  25.736  -74.076  -33.546 0.4000000060
5215  29.441  -74.191  -38.080 0.4000000060
4642  29.077  -75.498  -35.773 0.4000000060
4628  28.606  -75.639  -35.220 0.4000000060
5718  27.890  -73.486  -31.459 0.4000000060
4616  28.197  -75.594  -34.848 0.4000000060
4608  27.456  -75.293  -34.515 0.4000000060
5732  27.611  -73.803  -32.214 0.4000000060
5154  27.262  -74.141  -33.001 0.4000000060
5170  27.947  -74.685  -33.584 0.4000000060
5171  26.684  -74.523  -33.846 0.4000000060
5800  29.052  -73.215  -38.975 0.5000000000
5786  29.598  -73.476  -38.438 0.4000000060
5773  29.895  -73.678  -37.717 0.4000000060
5765  29.995  -74.135  -36.568 0.4000000060
5200  30.053  -74.578  -35.408 0.4000000060
151342  29.378  -75.411  -34.905 0.4000000060
4614  29.533  -75.049  -33.759 0.4000000060
4615  29.137  -75.387  -34.478 0.4000000060
5152  29.123  -74.328  -32.568 0.4000000060
5169  29.024  -74.761  -33.248 0.4000000060
4607  28.679  -75.183  -34.061 0.4000000060
6363  29.214  -72.262  -39.231 0.5000000000
6354  29.679  -72.754  -38.686 0.5000000000
6939  29.819  -71.789  -38.768 0.6000000238
5772  29.952  -73.042  -37.906 0.5000000000
131722  30.061  -74.115  -35.754 0.4000000060
5761  30.127  -74.263  -34.812 0.4000000060
6306  29.900  -73.650  -33.298 0.4000000060
6295  29.592  -73.436  -32.492 0.4000000060
6918  29.739  -72.409  -37.612 0.4000000060
7611  29.719  -71.186  -38.642 0.5000000000
6325  28.877  -72.710  -35.798 0.4000000060
6316  29.075  -72.886  -34.743 0.4000000060
6920  28.193  -71.528  -36.424 0.5000000000
6904  27.719  -71.570  -35.658 0.4000000060
6890  28.238  -72.194  -35.135 0.4000000060
6874  28.458  -72.225  -34.153 0.4000000060
7613  28.318  -70.243  -37.410 0.6000000238
7621  29.491  -70.368  -38.666 0.6000000238
7580  27.070  -70.918  -35.381 0.5000000000
9289  29.099  -68.689  -40.076 0.5000000000
11796  13.973  -66.036  -25.687 0.5000000000
11785  14.570  -65.984  -24.261 0.5000000000
11758  14.907  -66.090  -22.543 0.5000000000
11795  14.452  -65.399  -25.029 0.5000000000
11771  14.824  -65.607  -23.465 0.5000000000
10904  14.409  -66.496  -25.024 0.5000000000
6273  23.318  -72.251  -30.619 0.5000000000
6286  22.977  -72.523  -31.302 0.5000000000
135159  29.675  -74.434  -37.173 0.4000000060
4641  29.758  -74.840  -36.104 0.4000000060
6334  29.544  -73.005  -36.675 0.4000000060
6324  29.664  -73.546  -35.493 0.4000000060
5188  30.099  -74.803  -34.434 0.4000000060
5746  29.976  -74.269  -33.076 0.4000000060
6927  29.862  -72.023  -38.305 0.5000000000
6307  29.392  -72.892  -33.708 0.4000000060
7596  28.606  -71.142  -37.186 0.5000000000
7597  27.683  -70.751  -36.459 0.6000000238
6891  27.564  -71.573  -34.587 0.5000000000
8381  27.512  -69.712  -36.857 0.5000000000
14550  23.546  -62.729  -30.305 0.3000000119
13719  23.639  -63.303  -31.435 0.3000000119
13732  24.076  -63.383  -32.456 0.3000000119
15360  23.766  -61.935  -29.594 0.3000000119
15333  25.216  -61.330  -27.890 0.3000000119
15359  24.160  -61.449  -28.960 0.3000000119
11890  23.918  -64.972  -32.134 0.3000000119
11902  24.507  -65.342  -33.326 0.4000000060
11918  24.763  -65.158  -33.909 0.4000000060
13706  23.436  -63.738  -30.498 0.3000000119
11917  25.089  -65.270  -34.436 0.4000000060
12850  24.600  -64.620  -33.555 0.4000000060
11939  27.059  -65.751  -37.263 0.4000000060
11072  28.206  -66.365  -38.559 0.4000000060
14541  23.600  -62.731  -29.194 0.3000000119
13751  24.766  -64.069  -33.845 0.3000000119
12876  25.708  -64.642  -35.499 0.4000000060
15376  24.164  -61.638  -31.431 0.3000000119
143506  24.823  -63.279  -33.843 0.3000000119
11007  24.684  -66.909  -33.656 0.4000000060
9238  25.673  -67.982  -35.223 0.4000000060
9253  27.377  -68.725  -37.067 0.4000000060
9270  28.113  -68.547  -37.798 0.4000000060
11879  23.630  -64.855  -31.443 0.4000000060
11020  24.801  -65.939  -33.983 0.4000000060
11019  25.179  -66.748  -34.594 0.4000000060
132522  26.958  -67.987  -36.816 0.4000000060
10185  27.654  -67.769  -37.555 0.4000000060
139618  23.443  -64.647  -30.527 0.3000000119
141719  25.221  -65.897  -34.684 0.4000000060
11045  26.411  -66.820  -36.299 0.4000000060
10192  28.798  -67.576  -38.931 0.4000000060
13686  23.449  -63.493  -29.607 0.3000000119
137947  26.469  -66.021  -36.459 0.4000000060
10193  28.294  -67.193  -38.364 0.4000000060
14524  23.922  -62.766  -28.448 0.3000000119
11940  26.519  -65.181  -36.588 0.4000000060
13763  25.499  -63.867  -35.128 0.4000000060
9223  25.394  -68.277  -34.455 0.4000000060
8368  26.338  -69.260  -35.633 0.4000000060
10132  24.737  -67.766  -33.212 0.4000000060
10131  25.018  -67.630  -34.081 0.4000000060
9222  25.749  -68.812  -34.993 0.4000000060
8382  26.892  -69.246  -36.417 0.4000000060
144079  23.454  -65.313  -30.106 0.3000000119
129871  24.085  -66.376  -32.196 0.4000000060
13665  24.935  -63.678  -27.674 0.3000000119
13666  24.074  -63.577  -28.128 0.3000000119
10184  28.492  -68.029  -38.365 0.4000000060
130311  25.258  -62.949  -27.668 0.3000000119
8367  26.912  -70.032  -36.025 0.4000000060
13762  25.811  -63.041  -35.345 0.3000000119
146159  25.184  -62.567  -34.119 0.3000000119
128415  25.345  -63.159  -34.599 0.3000000119
133054  29.031  -68.243  -39.076 0.4000000060
8395  28.176  -69.325  -37.627 0.4000000060
7581  26.433  -70.246  -35.117 0.4000000060
12842  24.250  -64.650  -32.784 0.3000000119
14556  23.815  -62.348  -31.314 0.3000000119
14549  23.885  -61.772  -30.577 0.3000000119
140521  24.447  -66.188  -33.080 0.4000000060
12863  25.294  -64.614  -34.791 0.4000000060
11032  26.047  -66.325  -35.887 0.4000000060
11929  25.986  -65.488  -35.853 0.4000000060
11059  27.526  -66.675  -37.634 0.4000000060
13750  25.095  -63.936  -34.408 0.4000000060
10986  24.410  -67.079  -32.741 0.4000000060
9237  26.104  -68.331  -35.684 0.4000000060
10167  26.395  -67.681  -36.170 0.4000000060
10976  23.580  -65.510  -30.852 0.3000000119
10152  25.777  -67.133  -35.528 0.4000000060
12799  23.475  -64.168  -29.175 0.3000000119
10975  23.823  -66.481  -31.117 0.3000000119
12782  23.748  -64.292  -28.511 0.3000000119
6227  20.577  -72.447  -25.558 0.3000000119
5667  19.144  -73.028  -26.148 0.3000000119
136910  21.084  -71.981  -25.294 0.3000000119
5655  21.044  -73.290  -25.374 0.3000000119
142933  20.257  -71.882  -26.023 0.3000000119
6231  19.193  -72.304  -26.737 0.3000000119
142242  22.411  -71.215  -24.348 0.3000000119
6816  22.198  -71.871  -24.442 0.3000000119
6226  21.332  -72.606  -25.073 0.3000000119
6822  21.908  -71.202  -24.808 0.3000000119
6824  20.780  -71.683  -25.781 0.3000000119
6836  19.658  -71.748  -27.310 0.3000000119
6260  21.163  -72.097  -29.920 0.3000000119
6808  24.013  -71.515  -23.127 0.3000000119
6219  23.349  -72.397  -23.760 0.3000000119
7470  22.898  -70.757  -23.924 0.3000000119
6809  23.431  -71.577  -23.545 0.3000000119
6220  22.674  -72.539  -24.190 0.3000000119
6835  20.408  -71.329  -27.408 0.3000000119
6843  21.549  -71.094  -28.544 0.3000000119
6851  21.519  -71.505  -29.250 0.3000000119
7471  22.357  -70.530  -24.660 0.3000000119
6827  21.058  -71.146  -26.183 0.3000000119
7476  21.937  -70.533  -25.395 0.3000000119
7487  22.329  -69.986  -26.133 0.3000000119
135903  21.830  -70.503  -27.309 0.3000000119
127582  21.258  -70.898  -27.839 0.3000000119
7504  22.207  -70.725  -28.204 0.3000000119
134227  25.109  -71.978  -29.199 0.4000000060
6841  23.793  -71.217  -28.754 0.4000000060
4522  23.626  -75.174  -25.948 0.3000000119
4551  22.859  -75.920  -27.286 0.3000000119
5644  21.832  -73.283  -24.982 0.3000000119
5080  20.936  -73.989  -25.737 0.3000000119
5628  25.177  -73.406  -23.405 0.3000000119
5040  24.043  -73.733  -24.083 0.3000000119
5076  23.959  -74.393  -24.749 0.3000000119
4523  22.777  -74.986  -26.115 0.3000000119
4537  23.249  -75.507  -26.651 0.3000000119
6189  25.742  -72.024  -22.589 0.3000000119
5629  23.934  -73.005  -23.597 0.3000000119
5090  21.955  -74.853  -26.257 0.3000000119
4538  22.398  -75.361  -26.792 0.3000000119
5643  22.533  -73.278  -24.502 0.3000000119
5078  22.246  -74.455  -25.643 0.3000000119
5091  21.168  -74.627  -26.275 0.3000000119
5654  21.654  -73.888  -25.398 0.3000000119
6828  20.563  -71.420  -26.478 0.3000000119
6844  19.808  -71.627  -28.080 0.3000000119
137219  24.752  -71.932  -22.879 0.3000000119
7488  21.637  -70.581  -26.309 0.3000000119
4521  24.469  -75.348  -25.771 0.3000000119
5092  20.282  -74.283  -26.137 0.3000000119
6204  24.622  -72.814  -23.254 0.3000000119
5063  24.602  -74.283  -24.379 0.3000000119
5064  23.190  -73.889  -24.539 0.3000000119
5077  23.160  -74.561  -25.311 0.3000000119
4540  20.689  -74.991  -26.701 0.3000000119
7515  23.244  -70.638  -28.230 0.3000000119
9111  27.119  -68.533  -28.209 0.3000000119
8266  27.134  -69.500  -28.465 0.3000000119
7514  27.093  -70.471  -28.530 0.3000000119
6847  27.504  -71.703  -29.329 0.4000000060
6271  26.965  -72.645  -30.021 0.4000000060
5707  27.167  -73.013  -30.761 0.3000000119
5719  26.892  -73.368  -31.660 0.3000000119
7524  27.934  -70.415  -29.942 0.3000000119
6855  28.483  -71.778  -30.465 0.4000000060
128164  28.915  -72.255  -31.004 0.4000000060
5139  28.534  -73.932  -32.049 0.3000000119
6296  29.257  -72.463  -32.289 0.4000000060
6284  29.209  -72.784  -31.681 0.4000000060
5731  29.530  -74.091  -32.486 0.3000000119
134768  29.569  -72.884  -32.911 0.3000000119
9999  29.360  -67.708  -25.815 0.3000000119
10001  27.767  -67.786  -26.468 0.3000000119
7498  26.748  -70.017  -27.866 0.4000000060
143836  26.571  -70.997  -28.215 0.4000000060
6242  26.597  -72.151  -29.045 0.3000000119
6255  26.432  -72.416  -29.541 0.3000000119
6256  25.592  -72.354  -29.727 0.3000000119
10912  29.074  -66.862  -26.332 0.3000000119
10018  27.576  -67.362  -27.251 0.3000000119
9130  27.265  -69.003  -29.210 0.3000000119
8276  27.609  -69.630  -29.955 0.3000000119
7533  27.930  -70.096  -30.554 0.3000000119
133579  28.692  -71.562  -30.975 0.4000000060
9131  26.972  -68.499  -29.524 0.3000000119
8294  27.361  -69.430  -30.595 0.3000000119
7536  28.498  -71.051  -31.266 0.4000000060
6860  28.913  -71.859  -31.582 0.4000000060
8315  26.913  -69.589  -31.354 0.3000000119
7546  27.664  -70.745  -32.352 0.4000000060
6867  28.193  -71.357  -32.747 0.4000000060
8340  25.966  -69.940  -33.221 0.3000000119
7555  27.275  -70.992  -33.306 0.4000000060
6875  27.920  -71.591  -33.637 0.4000000060
8341  25.385  -69.283  -32.962 0.3000000119
151772  27.337  -71.298  -33.945 0.4000000060
7568  26.248  -70.303  -34.353 0.3000000119
9981  31.961  -68.317  -25.635 0.3000000119
9983  30.800  -68.287  -25.572 0.3000000119
9964  29.169  -67.619  -24.829 0.3000000119
9068  27.864  -67.733  -24.975 0.3000000119
9998  30.346  -68.143  -25.867 0.3000000119
9083  29.560  -67.853  -25.576 0.3000000119
9084  28.910  -67.812  -25.488 0.3000000119
130298  27.289  -68.034  -25.422 0.3000000119
10923  31.461  -67.008  -27.155 0.3000000119
10910  30.890  -67.754  -26.411 0.3000000119
9100  28.561  -67.778  -25.719 0.3000000119
137248  27.699  -68.070  -26.018 0.3000000119
8242  26.624  -68.890  -26.578 0.3000000119
7483  25.948  -70.004  -27.030 0.3000000119
6831  25.995  -71.160  -27.959 0.3000000119
150096  25.397  -71.806  -28.798 0.3000000119
6244  24.824  -71.463  -28.651 0.3000000119
6833  24.263  -70.777  -28.157 0.3000000119
8316  26.001  -69.227  -31.397 0.3000000119
7538  27.230  -70.147  -31.896 0.3000000119
9175  25.167  -68.633  -31.285 0.3000000119
8328  26.177  -69.724  -32.219 0.3000000119
150469  24.778  -68.487  -32.022 0.3000000119
9211  25.110  -68.477  -33.593 0.3000000119
8353  25.540  -69.268  -33.995 0.3000000119
131249  32.824  -68.008  -26.013 0.3000000119
9996  32.356  -69.157  -26.177 0.3000000119
9081  31.639  -68.931  -25.947 0.3000000119
9984  29.891  -67.918  -25.322 0.3000000119
9099  31.858  -69.171  -26.336 0.3000000119
9082  30.372  -68.105  -25.719 0.3000000119
7502  23.688  -70.152  -27.629 0.3000000119
10909  33.708  -67.001  -26.310 0.3000000119
147681  33.434  -68.189  -26.501 0.3000000119
9995  32.999  -69.224  -26.454 0.3000000119
9098  32.275  -69.455  -26.501 0.3000000119
132248  31.072  -68.641  -25.951 0.3000000119
10017  31.587  -68.394  -26.733 0.3000000119
9994  34.069  -67.590  -26.909 0.3000000119
10014  34.305  -68.433  -27.516 0.3000000119
8252  33.035  -70.208  -27.034 0.3000000119
9110  32.567  -69.819  -26.853 0.3000000119
6257  24.247  -71.722  -29.321 0.3000000119
6272  25.175  -72.577  -30.666 0.3000000119
5708  26.253  -72.637  -30.303 0.3000000119
5706  28.186  -73.126  -30.862 0.3000000119
5717  29.247  -73.528  -31.855 0.4000000060
10107  24.548  -67.874  -32.367 0.3000000119
144133  27.271  -68.116  -27.269 0.3000000119
126382  27.494  -69.940  -29.285 0.3000000119
8254  26.884  -69.025  -27.448 0.3000000119
6846  28.087  -71.287  -29.877 0.4000000060
6253  27.959  -72.100  -29.935 0.4000000060
7545  28.396  -71.175  -31.963 0.4000000060
10911  30.040  -66.993  -26.313 0.3000000119
9101  27.222  -68.427  -26.598 0.3000000119
8255  26.379  -69.710  -27.185 0.3000000119
7499  26.264  -70.500  -27.632 0.4000000060
6243  25.899  -72.120  -28.947 0.3000000119
10913  28.184  -66.908  -26.755 0.3000000119
10035  27.235  -67.722  -27.906 0.3000000119
9122  27.103  -68.106  -28.717 0.3000000119
8314  27.663  -69.995  -31.184 0.4000000060
9196  25.321  -69.075  -32.086 0.3000000119
9085  28.078  -67.869  -25.594 0.3000000119
134963  27.271  -68.342  -26.007 0.3000000119
8243  26.149  -69.448  -26.714 0.3000000119
9152  24.694  -68.078  -30.888 0.3000000119
4003  23.703  -76.020  -27.160 0.3000000119
4627  29.831  -75.120  -35.080 0.4000000060
4656  25.220  -75.463  -38.329 0.5000000000
5039  24.891  -73.884  -23.896 0.3000000119
5065  22.396  -73.930  -24.989 0.3000000119
5079  21.583  -74.374  -25.857 0.3000000119
5153  28.319  -74.325  -32.718 0.4000000060
5168  29.634  -74.556  -33.152 0.4000000060
5189  25.659  -74.680  -34.266 0.4000000060
5225  28.575  -74.680  -38.273 0.4000000060
5630  23.253  -73.185  -24.037 0.3000000119
5705  28.887  -73.002  -31.179 0.4000000060
5722  22.110  -73.239  -32.061 0.4000000060
5736  21.653  -73.758  -32.444 0.4000000060
5747  25.119  -73.729  -33.236 0.5000000000
5755  30.150  -74.348  -33.835 0.4000000060
5764  29.917  -73.545  -37.294 0.4000000060
5774  26.628  -73.313  -38.098 0.6999999881
5785  29.850  -73.058  -38.254 0.4000000060
5801  28.149  -73.650  -39.027 0.5000000000
6205  24.005  -72.234  -23.317 0.3000000119
6221  22.022  -72.607  -24.661 0.3000000119
6230  19.791  -72.409  -26.033 0.3000000119
6254  27.192  -72.316  -29.501 0.4000000060
6269  28.409  -72.520  -30.588 0.4000000060
6270  27.672  -72.650  -30.247 0.4000000060
6275  21.632  -72.436  -30.618 0.3000000119
6285  24.348  -72.633  -31.340 0.5000000000
6315  29.854  -73.673  -34.244 0.4000000060
6326  24.261  -72.511  -35.654 0.6000000238
6333  29.883  -73.076  -37.442 0.4000000060
6336  24.677  -73.074  -36.266 0.6000000238
6343  29.835  -72.454  -38.413 0.5000000000
6344  29.937  -72.597  -38.009 0.5000000000
6365  27.678  -72.538  -39.256 0.6000000238
6815  22.813  -71.731  -24.011 0.3000000119
6817  21.607  -71.922  -24.904 0.3000000119
6823  21.386  -71.283  -25.475 0.3000000119
6829  19.930  -71.773  -26.629 0.3000000119
6834  21.073  -70.888  -26.939 0.3000000119
6838  27.056  -71.361  -28.730 0.4000000060
6839  26.398  -71.700  -28.552 0.3000000119
6840  25.662  -71.584  -28.453 0.3000000119
6842  22.847  -71.099  -28.820 0.3000000119
6848  26.981  -71.955  -28.940 0.3000000119
6866  28.889  -72.111  -33.075 0.4000000060
6903  28.282  -72.076  -35.976 0.4000000060
6905  24.648  -71.725  -35.680 0.6999999881
6919  28.981  -72.071  -36.816 0.5000000000
6928  29.481  -71.566  -37.805 0.5000000000
6929  26.756  -72.416  -38.309 0.6999999881
6940  26.856  -71.735  -38.885 0.6000000238
6952  29.692  -71.578  -39.145 0.6000000238
7532  28.337  -70.917  -30.586 0.4000000060
7537  27.974  -70.564  -31.604 0.4000000060
7547  26.758  -70.376  -32.746 0.4000000060
7556  26.447  -70.469  -33.631 0.3000000119
7567  26.815  -70.904  -34.317 0.4000000060
7569  23.379  -70.593  -34.253 0.6000000238
7612  29.167  -70.711  -38.030 0.5000000000
7636  29.018  -70.542  -39.889 0.6999999881
7645  28.728  -69.989  -40.207 0.6999999881
7647  27.185  -70.167  -40.028 0.6000000238
8232  12.612  -69.900  -25.264 0.6000000238
8241  32.756  -69.883  -26.806 0.3000000119
8253  32.930  -70.158  -27.025 0.3000000119
8354  23.574  -69.915  -34.570 0.6000000238
8384  23.971  -68.932  -35.922 0.6999999881
8403  29.426  -69.671  -38.919 0.6999999881
8404  25.692  -69.586  -39.100 0.6999999881
8415  29.279  -69.157  -39.824 0.6999999881
8423  27.430  -69.491  -40.307 0.6999999881
8424  26.622  -69.462  -40.086 0.6000000238
9066  29.282  -67.851  -25.370 0.3000000119
9067  28.682  -67.802  -25.228 0.3000000119
9086  26.649  -68.414  -25.805 0.3000000119
9109  33.129  -69.887  -26.890 0.3000000119
9149  27.325  -69.029  -29.921 0.3000000119
9150  26.863  -68.848  -30.251 0.3000000119
9197  24.895  -68.562  -32.720 0.3000000119
9254  26.635  -68.532  -36.318 0.4000000060
9277  29.310  -68.989  -39.292 0.6000000238
9278  24.660  -68.449  -38.965 0.8000000119
9285  29.168  -68.435  -39.703 0.5000000000
9288  24.183  -67.901  -39.080 0.6000000238
9290  28.703  -68.654  -40.329 0.5000000000
9293  26.137  -68.844  -40.057 0.6999999881
9876  14.152  -67.271  -19.835 0.6000000238
9910  12.677  -67.441  -21.833 0.6000000238
9982  31.318  -68.291  -25.548 0.3000000119
9997  31.143  -68.650  -26.121 0.3000000119
10000  28.546  -67.528  -26.143 0.3000000119
10015  33.576  -68.991  -26.896 0.3000000119
10024  12.282  -68.064  -27.382 0.5000000000
10143  25.391  -67.548  -34.787 0.4000000060
10166  26.949  -67.242  -36.889 0.4000000060
10168  23.199  -67.588  -37.024 0.8000000119
10195  22.698  -67.015  -38.592 0.6000000238
10204  28.964  -67.675  -39.520 0.4000000060
10206  23.794  -67.287  -39.393 0.6999999881
10210  27.280  -67.529  -40.387 0.6000000238
10212  25.023  -67.704  -39.723 0.6999999881
10840  14.750  -66.805  -21.002 0.6000000238
10879  13.891  -66.887  -23.539 0.6000000238
10933  10.555  -66.438  -27.969 0.5000000000
10961  19.826  -66.433  -29.721 0.6000000238
10987  20.688  -67.007  -32.766 0.6999999881
11033  25.581  -66.156  -35.299 0.4000000060
11034  21.115  -66.521  -35.942 0.6000000238
11044  26.853  -66.511  -36.907 0.4000000060
11081  28.575  -66.360  -39.751 0.5000000000
11084  21.289  -65.396  -39.200 0.6999999881
11087  27.231  -66.660  -40.356 0.6000000238
11091  23.389  -65.992  -39.583 0.6999999881
11725  14.715  -65.832  -19.414 0.4000000060
11726  13.863  -65.897  -19.131 0.4000000060
11727  12.970  -66.028  -18.970 0.4000000060
11736  15.859  -65.696  -20.174 0.4000000060
11746  15.244  -66.273  -21.513 0.5000000000
11756  16.571  -64.696  -22.227 0.4000000060
11834  10.010  -65.637  -28.118 0.5000000000
11850  23.554  -64.802  -28.966 0.3000000119
11855  11.269  -66.628  -28.432 0.5000000000
11878  23.806  -65.635  -31.738 0.4000000060
11889  24.184  -65.524  -32.551 0.4000000060
11930  25.461  -65.345  -35.108 0.4000000060
11932  18.405  -65.362  -35.989 0.6999999881
11933  17.661  -64.949  -36.546 0.6999999881
11954  18.047  -64.764  -37.777 0.6999999881
11962  18.501  -64.742  -38.202 0.6000000238
11966  23.173  -65.184  -39.432 0.6999999881
11968  28.086  -65.016  -40.071 0.6000000238
11969  26.969  -65.849  -40.250 0.6000000238
12661  15.663  -65.148  -19.735 0.4000000060
12662  15.028  -65.066  -19.486 0.4000000060
12686  16.998  -64.379  -21.581 0.4000000060
12738  14.034  -64.368  -25.315 0.6000000238
12751  11.468  -64.618  -26.803 0.5000000000
12766  16.712  -65.192  -27.452 0.5000000000
12769  10.165  -65.256  -27.624 0.6000000238
12770  9.397  -64.838  -28.038 0.4000000060
12784  16.586  -64.419  -27.989 0.6000000238
12802  17.849  -64.067  -29.002 0.6999999881
12804  15.120  -63.979  -28.689 0.6000000238
12810  8.971  -64.247  -29.123 0.6000000238
12822  23.389  -64.162  -29.877 0.3000000119
12835  23.545  -64.144  -31.212 0.3000000119
12843  23.807  -64.187  -32.050 0.3000000119
12846  17.722  -63.978  -32.284 0.6000000238
12864  24.921  -64.616  -34.169 0.4000000060
12877  16.988  -64.606  -36.180 0.6000000238
12892  16.423  -64.123  -36.693 0.6000000238
12893  15.816  -63.660  -36.310 0.6000000238
12916  17.922  -64.277  -38.102 0.6000000238
12917  17.271  -64.010  -37.761 0.6000000238
12919  28.166  -64.265  -39.783 0.6000000238
12921  23.577  -64.347  -39.266 0.6999999881
12927  26.009  -64.284  -39.949 0.6000000238
13572  15.452  -64.337  -19.680 0.4000000060
13583  15.314  -63.430  -19.753 0.4000000060
13627  14.781  -63.375  -24.909 0.4000000060
13641  12.572  -63.781  -26.150 0.6000000238
13667  23.633  -63.494  -28.768 0.3000000119
13688  16.072  -63.369  -29.585 0.6999999881
13713  10.919  -63.672  -30.480 0.5000000000
13720  17.142  -63.573  -31.803 0.6999999881
13724  13.820  -62.752  -31.241 0.6999999881
13733  16.355  -63.369  -32.246 0.6999999881
13736  13.664  -62.913  -33.488 0.8000000119
13741  24.441  -63.873  -33.192 0.3000000119
13776  26.614  -63.457  -36.629 0.4000000060
13782  17.311  -63.819  -37.681 0.6000000238
13784  15.538  -63.259  -36.453 0.6999999881
13785  14.734  -62.854  -36.234 0.6000000238
13792  20.551  -63.599  -37.914 0.6000000238
13793  18.598  -63.664  -38.028 0.6000000238
13803  20.137  -63.993  -38.562 0.6000000238
13806  17.656  -63.966  -38.020 0.6000000238
13815  27.544  -63.412  -40.247 0.6000000238
13817  25.851  -63.523  -39.843 0.6000000238
14523  26.020  -62.600  -27.611 0.3000000119
14558  13.323  -62.750  -31.942 0.6000000238
14603  26.246  -62.254  -35.505 0.4000000060
14609  17.145  -62.617  -35.888 0.5000000000
14623  16.859  -62.872  -36.607 0.5000000000
14624  16.290  -63.066  -36.727 0.6000000238
14640  28.343  -62.735  -38.735 0.4000000060
14644  23.167  -63.203  -37.953 0.5000000000
14651  24.879  -62.748  -39.156 0.5000000000
14653  28.578  -62.356  -40.105 0.4000000060
14656  26.180  -62.894  -39.906 0.6000000238
15248  17.835  -61.150  -21.323 0.4000000060
15432  13.194  -62.010  -35.963 0.6000000238
15445  29.199  -61.094  -38.450 0.4000000060
15462  29.445  -61.079  -39.973 0.4000000060
15463  27.965  -61.299  -40.172 0.4000000060
15465  26.097  -61.770  -39.407 0.5000000000
15468  27.711  -61.953  -40.264 0.4000000060
16082  15.520  -60.520  -20.962 0.4000000060
16083  14.648  -60.545  -21.077 0.4000000060
16084  13.785  -60.606  -21.289 0.3000000119
16093  18.784  -60.329  -22.282 0.4000000060
16096  12.646  -60.274  -21.918 0.3000000119
16097  11.523  -60.435  -22.418 0.3000000119
16123  8.857  -60.041  -23.937 0.4000000060
16175  24.663  -61.187  -28.438 0.3000000119
16969  17.496  -59.695  -21.735 0.4000000060
16971  15.767  -59.864  -21.420 0.4000000060
16985  11.864  -59.614  -22.684 0.3000000119
17000  13.297  -58.893  -22.748 0.3000000119
17865  14.331  -59.015  -22.458 0.4000000060
17888  11.640  -58.401  -23.561 0.3000000119
18823  10.927  -57.518  -24.466 0.3000000119
18829  11.324  -56.846  -24.931 0.3000000119
18840  8.803  -56.842  -25.811 0.4000000060
18841  7.906  -57.012  -26.126 0.4000000060
19757  17.308  -56.048  -23.792 0.3000000119
19758  16.551  -56.137  -24.131 0.3000000119
19760  14.585  -56.733  -24.650 0.3000000119
19761  13.806  -56.946  -24.630 0.4000000060
19778  11.133  -55.896  -25.896 0.3000000119
20689  15.302  -55.203  -24.756 0.3000000119
20691  13.972  -55.117  -25.314 0.3000000119
20704  13.139  -54.816  -25.653 0.3000000119
20706  11.503  -55.250  -26.132 0.3000000119
21704  10.094  -53.942  -27.328 0.3000000119
21721  9.595  -53.686  -27.977 0.3000000119
23663  12.975  -52.792  -26.204 0.3000000119
23664  12.199  -52.612  -26.569 0.3000000119
24592  11.640  -51.391  -27.746 0.3000000119
25583  12.915  -50.613  -27.645 0.3000000119
126883  14.293  -63.288  -19.802 0.4000000060
126950  24.461  -63.076  -33.127 0.3000000119
126970  8.627  -57.888  -25.086 0.3000000119
127261  24.204  -67.236  -31.846 0.3000000119
128019  19.924  -65.776  -37.292 0.6999999881
128134  9.836  -52.804  -29.407 0.3000000119
128193  22.098  -71.140  -28.866 0.5000000000
128693  27.304  -68.271  -40.388 0.6999999881
129002  11.958  -58.924  -23.079 0.3000000119
129105  22.387  -66.314  -39.289 0.6999999881
129738  28.791  -67.091  -39.880 0.5000000000
129921  24.273  -61.155  -30.908 0.3000000119
130685  29.964  -74.781  -33.690 0.4000000060
130893  8.190  -55.139  -29.647 0.3000000119
130985  18.339  -64.187  -31.845 0.6000000238
131273  26.163  -64.700  -36.094 0.4000000060
131500  25.953  -69.687  -34.699 0.3000000119
131591  24.530  -62.836  -27.921 0.3000000119
131854  19.876  -65.944  -35.677 0.6000000238
132122  29.882  -73.667  -36.563 0.4000000060
133795  24.236  -61.038  -29.959 0.3000000119
133837  26.878  -74.359  -38.647 0.5000000000
134155  15.909  -56.182  -24.404 0.3000000119
134985  28.176  -64.848  -39.463 0.5000000000
135251  14.942  -57.696  -23.758 0.3000000119
135551  27.345  -71.002  -39.711 0.6000000238
137015  13.688  -57.428  -24.169 0.4000000060
138326  20.706  -65.917  -38.407 0.6999999881
138448  26.784  -62.773  -36.643 0.4000000060
138505  21.993  -65.818  -39.312 0.6999999881
138513  11.555  -57.775  -24.023 0.3000000119
139050  21.845  -63.686  -38.292 0.6000000238
139290  25.866  -65.935  -39.959 0.6000000238
139911  25.030  -67.006  -39.835 0.6999999881
140431  23.431  -64.771  -29.651 0.3000000119
140754  22.906  -69.164  -34.024 0.5000000000
140887  26.598  -75.316  -38.422 0.5000000000
141099  12.653  -70.558  -26.883 0.5000000000
141163  29.789  -72.136  -38.840 0.6000000238
141322  15.031  -63.297  -36.133 0.6999999881
141377  27.479  -76.203  -36.613 0.4000000060
141690  15.459  -55.853  -24.624 0.3000000119
141887  25.940  -76.398  -35.662 0.4000000060
141966  28.688  -73.534  -31.543 0.3000000119
142138  19.996  -64.457  -38.815 0.6000000238
142334  24.528  -73.379  -23.622 0.3000000119
142388  22.757  -72.937  -31.956 0.4000000060
142456  27.595  -70.860  -29.252 0.3000000119
143604  29.783  -75.157  -34.306 0.4000000060
144034  20.784  -65.432  -39.068 0.6999999881
144506  25.689  -65.121  -39.866 0.6000000238
144736  20.076  -65.543  -38.548 0.6999999881
144800  28.179  -70.457  -31.041 0.4000000060
145439  17.215  -63.350  -37.218 0.6000000238
145549  12.173  -68.334  -20.320 0.6000000238
145581  28.803  -71.748  -32.305 0.4000000060
145829  10.741  -64.672  -27.211 0.4000000060
146120  25.204  -68.106  -39.673 0.8000000119
146209  28.356  -65.613  -39.606 0.5000000000
147495  29.096  -73.980  -32.024 0.4000000060
147521  11.565  -52.512  -26.869 0.3000000119
148332  26.140  -69.257  -39.904 0.8000000119
148577  15.297  -57.941  -23.432 0.4000000060
148789  29.234  -61.585  -39.876 0.4000000060
148971  25.920  -70.011  -33.984 0.3000000119
149504  27.365  -75.897  -35.190 0.4000000060
150167  26.661  -70.530  -28.046 0.4000000060
150336  27.877  -63.920  -38.777 0.5000000000
151031  23.670  -72.479  -31.158 0.5000000000
151167  14.126  -65.167  -28.253 0.6000000238
151292  25.970  -67.778  -35.670 0.4000000060
151320  17.975  -55.995  -23.595 0.3000000119
151441  15.519  -62.919  -30.885 0.6999999881
151484  24.150  -64.025  -32.628 0.3000000119
152013  9.416  -53.568  -28.655 0.3000000119
152173  15.786  -62.705  -36.427 0.6000000238
