#!ascii label  , from subject sub-v1s11x0050162_ses-1 vox2ras=TkReg
1988
3226  -20.403  -82.019  -18.014 0.1000000015
3233  -20.178  -81.826  -18.925 0.1000000015
115987  -17.925  -80.857  -19.220 0.1000000015
113665  -18.720  -81.456  -19.920 0.1000000015
4461  -18.535  -81.198  -21.050 0.1000000015
127568  -19.454  -81.160  -20.715 0.1000000015
122554  -18.167  -80.552  -22.195 0.1000000015
5097  -18.692  -79.889  -21.276 0.1000000015
120513  -18.487  -79.308  -20.090 0.1000000015
5111  -18.578  -79.977  -22.165 0.1000000015
5812  -17.982  -78.914  -21.416 0.1000000015
5795  -17.789  -78.530  -20.333 0.1000000015
5825  -18.103  -79.093  -22.326 0.1000000015
5811  -17.171  -77.742  -20.657 0.1000000015
6548  -16.219  -76.405  -19.562 0.1000000015
5840  -17.404  -78.149  -22.540 0.1000000015
6577  -16.631  -77.194  -21.753 0.1000000015
4404  -21.821  -81.301  -15.967 0.1000000015
3234  -20.608  -81.816  -18.548 0.1000000015
3228  -21.491  -81.988  -17.139 0.1000000015
3243  -20.115  -81.529  -19.612 0.1000000015
4418  -21.197  -80.781  -17.242 0.1000000015
4434  -21.082  -81.039  -17.993 0.1000000015
4451  -20.253  -81.158  -19.615 0.1000000015
127523  -20.211  -80.091  -17.478 0.1000000015
4462  -19.779  -80.742  -20.123 0.1000000015
5082  -19.172  -79.607  -18.794 0.1000000015
5081  -18.406  -78.822  -18.957 0.1000000015
5778  -17.655  -78.142  -19.198 0.1000000015
9340  -16.968  -72.122  -15.199 0.1000000015
8678  -15.972  -73.582  -15.923 0.1000000015
7944  -16.321  -74.484  -16.232 0.1000000015
7256  -15.960  -75.493  -18.137 0.1000000015
6532  -16.535  -76.243  -18.032 0.1000000015
125072  -16.504  -76.620  -18.883 0.1000000015
6533  -17.015  -77.189  -18.496 0.1000000015
6565  -16.456  -76.852  -20.323 0.1000000015
122868  -16.682  -77.223  -21.024 0.1000000015
3726  -22.679  -81.468  -13.882 0.1000000015
124916  -21.887  -80.113  -14.112 0.2000000030
4374  -22.318  -80.646  -14.098 0.2000000030
113549  -22.179  -81.901  -15.487 0.1000000015
4356  -21.983  -79.565  -13.339 0.1000000015
5028  -21.414  -79.458  -14.175 0.1000000015
4390  -22.007  -80.792  -14.912 0.1000000015
4389  -21.309  -80.063  -15.274 0.1000000015
7964  -22.841  -75.712  -18.696 0.1000000015
7963  -22.036  -75.239  -18.776 0.1000000015
5027  -20.684  -78.952  -14.675 0.1000000015
4402  -20.400  -79.726  -16.451 0.1000000015
4432  -19.731  -80.004  -18.247 0.1000000015
124853  -21.391  -74.552  -18.686 0.1000000015
8680  -21.423  -74.269  -17.568 0.1000000015
8665  -20.981  -73.262  -16.279 0.1000000015
8651  -20.963  -73.125  -15.223 0.1000000015
9330  -20.215  -72.706  -14.533 0.1000000015
5040  -19.701  -78.626  -15.769 0.1000000015
5055  -19.067  -78.345  -16.419 0.1000000015
9343  -20.360  -72.601  -15.561 0.1000000015
9329  -19.246  -72.494  -14.385 0.1000000015
8632  -18.956  -73.092  -13.887 0.1000000015
7915  -18.374  -74.465  -14.126 0.1000000015
7182  -17.894  -75.011  -14.757 0.1000000015
5759  -18.353  -78.074  -17.217 0.1000000015
5758  -17.768  -77.860  -17.992 0.1000000015
127943  -19.067  -71.769  -15.711 0.1000000015
9327  -17.580  -72.496  -14.774 0.1000000015
8649  -17.684  -73.183  -14.491 0.1000000015
7931  -17.335  -74.555  -15.135 0.1000000015
6495  -17.469  -76.526  -16.602 0.1000000015
7930  -16.712  -73.896  -15.411 0.1000000015
7207  -16.928  -74.948  -15.857 0.1000000015
6517  -16.863  -76.046  -17.061 0.1000000015
6518  -17.213  -76.861  -17.494 0.1000000015
5777  -16.883  -77.355  -19.587 0.1000000015
4357  -22.675  -79.492  -12.492 0.1000000015
4358  -23.328  -79.896  -12.179 0.2000000030
113317  -23.660  -81.576  -12.408 0.1000000015
3159  -24.187  -82.012  -11.757 0.2000000030
4978  -22.772  -78.418  -11.902 0.1000000015
4997  -22.088  -78.457  -12.442 0.1000000015
8698  -23.051  -73.770  -18.194 0.1000000015
8697  -22.579  -74.763  -18.896 0.1000000015
5012  -20.793  -78.360  -13.810 0.1000000015
5026  -20.113  -78.506  -15.032 0.1000000015
5715  -20.203  -78.043  -14.319 0.1000000015
119323  -22.761  -75.909  -18.446 0.1000000015
8666  -21.666  -74.064  -16.121 0.1000000015
121069  -21.396  -73.591  -14.857 0.1000000015
125625  -20.862  -73.237  -14.403 0.1000000015
130014  -19.488  -73.498  -13.635 0.1000000015
7160  -18.992  -74.845  -13.686 0.1000000015
6452  -18.738  -76.309  -14.606 0.1000000015
6496  -18.057  -76.929  -16.142 0.1000000015
130872  -18.700  -78.230  -16.813 0.1000000015
119553  -26.238  -77.998  -11.361 0.1000000015
4982  -26.009  -78.886  -11.299 0.1000000015
4981  -25.337  -78.117  -11.423 0.1000000015
4980  -24.425  -78.488  -11.460 0.1000000015
118685  -25.226  -78.942  -11.348 0.1000000015
4342  -24.804  -79.607  -11.462 0.2000000030
3701  -25.190  -80.662  -11.397 0.2000000030
4341  -23.888  -79.491  -11.694 0.2000000030
3700  -24.444  -81.236  -11.815 0.2000000030
3160  -24.989  -81.485  -11.248 0.2000000030
5648  -23.812  -77.599  -11.605 0.1000000015
5672  -22.445  -77.454  -11.936 0.1000000015
5671  -21.607  -77.461  -12.431 0.1000000015
113315  -23.225  -75.212  -18.571 0.1000000015
7965  -23.788  -76.299  -18.436 0.1000000015
7233  -23.565  -76.515  -18.323 0.1000000015
7246  -24.354  -77.049  -18.314 0.1000000015
5013  -21.404  -78.485  -13.149 0.1000000015
126288  -20.421  -77.629  -13.631 0.1000000015
8681  -23.461  -74.044  -17.583 0.1000000015
7932  -22.417  -75.162  -16.479 0.1000000015
127997  -22.602  -75.104  -15.470 0.1000000015
130223  -21.874  -74.208  -13.996 0.1000000015
7875  -21.050  -74.838  -12.751 0.1000000015
7142  -20.545  -75.472  -12.786 0.1000000015
6437  -20.080  -76.269  -13.206 0.1000000015
5693  -19.822  -77.166  -13.876 0.1000000015
118734  -23.325  -72.592  -17.747 0.1000000015
8633  -20.314  -73.387  -13.698 0.1000000015
7892  -20.731  -74.154  -13.176 0.1000000015
116437  -19.019  -75.678  -13.936 0.1000000015
6436  -19.388  -76.310  -13.878 0.1000000015
5713  -18.866  -77.106  -15.138 0.1000000015
9389  -23.328  -72.292  -18.349 0.1000000015
10015  -23.727  -71.871  -17.528 0.1000000015
115305  -23.938  -71.692  -18.744 0.1000000015
10035  -23.971  -71.681  -18.057 0.1000000015
5673  -27.392  -77.508  -12.131 0.1000000015
125593  -26.735  -77.072  -12.522 0.1000000015
6399  -25.946  -76.861  -12.327 0.1000000015
118765  -27.006  -78.936  -11.229 0.1000000015
4343  -25.684  -79.792  -11.285 0.1000000015
3702  -26.019  -80.591  -11.027 0.2000000030
6422  -26.541  -76.907  -13.660 0.1000000015
6398  -25.054  -76.707  -12.038 0.1000000015
5649  -24.704  -77.439  -11.602 0.1000000015
9344  -23.385  -72.331  -15.103 0.1000000015
113760  -23.540  -73.061  -16.216 0.1000000015
7933  -23.885  -74.139  -16.597 0.1000000015
7947  -23.996  -75.426  -18.087 0.1000000015
7948  -24.609  -76.576  -18.244 0.1000000015
6439  -25.874  -76.901  -14.663 0.1000000015
6438  -24.920  -76.489  -13.904 0.1000000015
6397  -24.121  -76.814  -11.864 0.1000000015
130762  -22.041  -76.912  -12.122 0.1000000015
6497  -24.552  -77.248  -18.230 0.1000000015
7211  -23.972  -76.891  -17.352 0.1000000015
114325  -23.655  -76.125  -15.789 0.1000000015
115932  -23.040  -75.675  -12.727 0.1000000015
6418  -22.581  -76.435  -12.178 0.1000000015
5670  -21.036  -76.957  -12.615 0.1000000015
9982  -23.308  -71.533  -15.132 0.1000000015
112163  -23.533  -76.703  -17.879 0.1000000015
7210  -23.134  -76.006  -16.642 0.1000000015
7894  -22.505  -75.088  -13.183 0.1000000015
7143  -21.338  -75.568  -12.604 0.1000000015
6417  -21.643  -76.433  -12.387 0.1000000015
118945  -23.507  -72.164  -15.966 0.1000000015
9995  -23.621  -72.002  -16.800 0.1000000015
9996  -24.230  -71.381  -16.863 0.1000000015
10036  -24.671  -71.445  -18.318 0.1000000015
120142  -24.705  -71.512  -19.026 0.1000000015
109228  -27.182  -78.115  -11.514 0.1000000015
6423  -27.577  -77.358  -13.442 0.1000000015
120668  -28.468  -77.720  -13.859 0.1000000015
5652  -28.241  -78.174  -11.709 0.1000000015
4345  -27.587  -79.743  -10.559 0.1000000015
5696  -27.433  -77.611  -15.096 0.1000000015
5718  -28.549  -77.711  -15.709 0.1000000015
4983  -28.054  -78.954  -10.891 0.1000000015
4344  -26.664  -79.916  -11.010 0.1000000015
6455  -26.883  -77.579  -16.460 0.1000000015
112875  -26.773  -77.522  -15.612 0.1000000015
3703  -26.586  -80.664  -10.513 0.2000000030
7918  -24.162  -74.057  -15.384 0.1000000015
7934  -24.726  -75.310  -17.050 0.1000000015
121451  -26.218  -77.501  -16.332 0.1000000015
4327  -27.866  -80.089  -9.546 0.1000000015
3669  -27.304  -80.478  -9.056 0.2000000030
8667  -23.667  -73.202  -15.234 0.1000000015
6498  -25.531  -77.134  -17.699 0.1000000015
6453  -24.596  -76.875  -16.360 0.1000000015
7163  -23.277  -75.557  -13.474 0.1000000015
10686  -23.835  -71.253  -15.961 0.1000000015
10687  -24.666  -70.582  -16.503 0.1000000015
10016  -24.482  -71.418  -17.607 0.1000000015
10706  -24.997  -70.979  -17.242 0.1000000015
10017  -25.306  -71.169  -17.939 0.1000000015
5719  -29.040  -77.370  -15.729 0.1000000015
122372  -29.181  -77.567  -15.344 0.1000000015
5699  -29.534  -77.505  -14.542 0.1000000015
6456  -28.493  -77.174  -16.138 0.1000000015
5697  -28.166  -77.837  -14.913 0.1000000015
5675  -29.146  -77.764  -13.597 0.1000000015
5727  -28.004  -77.587  -16.206 0.1000000015
5653  -29.256  -77.933  -12.214 0.1000000015
6474  -26.503  -77.342  -17.066 0.1000000015
7215  -27.782  -77.216  -16.412 0.1000000015
4984  -28.955  -78.534  -11.005 0.1000000015
9331  -23.419  -72.535  -14.114 0.1000000015
8635  -23.802  -73.135  -13.617 0.1000000015
7919  -24.831  -74.676  -15.254 0.1000000015
7935  -25.587  -75.754  -16.542 0.1000000015
7213  -26.227  -76.908  -17.428 0.1000000015
115012  -26.758  -76.967  -16.957 0.1000000015
6475  -27.223  -77.435  -16.505 0.1000000015
4968  -28.819  -79.156  -10.002 0.1000000015
127854  -28.258  -79.629  -10.062 0.1000000015
9971  -23.134  -71.691  -14.312 0.1000000015
7212  -25.406  -76.721  -17.858 0.1000000015
6473  -25.541  -77.447  -17.115 0.1000000015
4289  -28.077  -79.652  -8.407 0.1000000015
121519  -23.118  -71.035  -14.564 0.1000000015
10662  -23.420  -70.685  -15.190 0.1000000015
10670  -24.084  -70.272  -15.768 0.1000000015
11459  -25.416  -69.829  -16.600 0.1000000015
10688  -25.406  -70.493  -17.021 0.1000000015
11460  -26.263  -69.433  -16.856 0.1000000015
7190  -30.099  -76.246  -15.056 0.1000000015
6457  -29.742  -77.068  -15.251 0.1000000015
6440  -30.151  -77.063  -14.405 0.1000000015
7189  -29.616  -76.100  -15.236 0.1000000015
5676  -29.903  -77.420  -13.295 0.1000000015
7188  -28.118  -76.502  -15.792 0.1000000015
7166  -28.540  -75.660  -14.771 0.1000000015
7187  -26.930  -76.285  -16.013 0.1000000015
7165  -27.345  -75.687  -14.906 0.1000000015
114711  -29.926  -77.620  -12.049 0.1000000015
9960  -23.131  -71.690  -13.425 0.1000000015
8653  -24.261  -73.854  -14.249 0.1000000015
7186  -26.308  -76.033  -16.201 0.1000000015
4985  -29.663  -78.017  -11.123 0.1000000015
9959  -22.917  -70.990  -13.808 0.1000000015
9314  -23.502  -72.384  -13.131 0.1000000015
7895  -24.916  -74.317  -14.017 0.1000000015
7920  -25.556  -75.066  -14.980 0.1000000015
4969  -29.491  -78.495  -10.003 0.1000000015
10661  -22.999  -70.249  -14.412 0.1000000015
11423  -23.136  -69.375  -14.550 0.1000000015
12255  -23.725  -68.981  -15.152 0.1000000015
11438  -24.278  -69.458  -15.650 0.1000000015
11439  -24.990  -69.184  -16.065 0.1000000015
12283  -25.717  -68.940  -16.379 0.1000000015
12257  -25.308  -68.422  -15.871 0.1000000015
7898  -27.675  -74.822  -13.753 0.1000000015
116616  -28.644  -74.706  -13.879 0.1000000015
7899  -29.648  -75.108  -14.590 0.1000000015
6441  -30.499  -76.394  -14.641 0.1000000015
8638  -27.018  -74.228  -13.080 0.1000000015
6424  -30.663  -76.668  -13.600 0.1000000015
8637  -25.187  -73.972  -13.125 0.1000000015
7877  -26.116  -74.206  -13.084 0.1000000015
7897  -26.726  -74.798  -13.748 0.1000000015
113879  -30.839  -76.526  -12.591 0.1000000015
9942  -22.906  -70.873  -12.953 0.1000000015
9943  -23.431  -71.524  -12.599 0.1000000015
9315  -23.996  -72.930  -12.841 0.1000000015
7896  -25.663  -74.571  -13.841 0.1000000015
5654  -30.287  -77.451  -11.216 0.1000000015
10652  -22.727  -70.204  -13.437 0.1000000015
4953  -29.148  -78.912  -8.852 0.1000000015
11422  -22.739  -69.637  -13.919 0.1000000015
11408  -22.770  -69.042  -13.948 0.1000000015
12233  -23.225  -68.573  -14.456 0.1000000015
12234  -23.957  -68.162  -14.992 0.1000000015
12256  -24.530  -68.656  -15.534 0.1000000015
125467  -24.185  -67.473  -14.798 0.1000000015
13025  -24.802  -66.932  -14.890 0.1000000015
127355  -25.953  -68.280  -16.159 0.1000000015
7921  -30.516  -75.363  -14.839 0.1000000015
7191  -31.020  -75.452  -14.682 0.1000000015
127214  -31.407  -74.669  -14.446 0.1000000015
7168  -31.461  -75.142  -14.036 0.1000000015
10637  -23.851  -70.987  -11.929 0.1000000015
128481  -25.308  -72.661  -12.212 0.1000000015
8618  -25.671  -73.401  -12.551 0.1000000015
113427  -26.723  -73.365  -12.534 0.1000000015
11395  -22.831  -69.293  -12.417 0.1000000015
11396  -23.155  -69.660  -12.056 0.1000000015
10636  -23.277  -70.537  -12.304 0.1000000015
9297  -23.842  -72.238  -12.587 0.1000000015
9298  -24.475  -72.476  -12.358 0.1000000015
8636  -24.427  -73.600  -13.348 0.1000000015
5677  -30.446  -77.155  -12.386 0.1000000015
12201  -22.753  -68.618  -12.542 0.1000000015
12214  -22.772  -68.360  -13.485 0.1000000015
130446  -22.888  -67.422  -12.449 0.1000000015
13024  -23.372  -67.658  -14.246 0.1000000015
13759  -23.165  -66.705  -12.807 0.1000000015
129689  -23.354  -66.973  -13.722 0.1000000015
13777  -23.700  -66.287  -13.662 0.1000000015
13776  -23.937  -66.887  -14.356 0.1000000015
13778  -24.509  -66.172  -14.405 0.1000000015
8619  -28.092  -73.740  -13.075 0.1000000015
111937  -29.414  -74.118  -13.860 0.1000000015
7900  -30.602  -74.420  -14.605 0.1000000015
7192  -31.198  -74.626  -14.639 0.1000000015
8640  -31.391  -73.812  -14.510 0.1000000015
12202  -22.974  -68.796  -11.980 0.1000000015
11378  -23.687  -69.125  -11.604 0.1000000015
12991  -22.883  -67.927  -12.015 0.1000000015
14556  -23.285  -66.136  -12.072 0.1000000015
14593  -24.168  -65.468  -13.655 0.1000000015
118491  -29.206  -73.315  -13.374 0.1000000015
8639  -30.399  -73.372  -14.057 0.1000000015
11397  -23.710  -70.117  -11.767 0.1000000015
10617  -24.479  -70.473  -11.640 0.1000000015
9927  -24.675  -71.260  -11.746 0.1000000015
9945  -24.970  -71.993  -11.873 0.1000000015
9299  -26.631  -72.504  -12.124 0.1000000015
12970  -23.418  -67.497  -11.607 0.1000000015
13741  -23.018  -67.013  -11.998 0.1000000015
13760  -23.568  -65.779  -12.755 0.1000000015
15449  -24.555  -64.563  -13.805 0.1000000015
8620  -28.690  -72.719  -12.833 0.1000000015
9288  -26.875  -71.804  -11.882 0.1000000015
9300  -27.591  -72.498  -12.367 0.1000000015
11379  -24.822  -68.997  -11.326 0.1000000015
9928  -25.447  -71.447  -11.692 0.1000000015
9929  -26.263  -71.113  -11.627 0.1000000015
12184  -24.046  -68.181  -11.334 0.1000000015
124990  -23.593  -65.385  -12.146 0.1000000015
14576  -24.046  -64.853  -12.711 0.1000000015
15405  -24.327  -64.088  -12.273 0.1000000015
15427  -24.489  -64.116  -13.009 0.1000000015
124074  -27.112  -71.091  -11.734 0.1000000015
117357  -25.158  -69.911  -11.466 0.1000000015
114085  -26.076  -70.169  -11.484 0.1000000015
12971  -24.264  -67.147  -11.160 0.1000000015
13717  -23.529  -66.567  -11.621 0.1000000015
14536  -23.789  -65.596  -11.658 0.1000000015
125261  -24.322  -64.170  -11.818 0.1000000015
16292  -25.363  -63.273  -11.578 0.1000000015
112603  -25.027  -68.023  -10.988 0.1000000015
129316  -24.093  -66.253  -11.260 0.1000000015
14537  -24.581  -65.612  -11.041 0.1000000015
15385  -24.321  -64.780  -11.468 0.1000000015
122619  -24.828  -64.000  -11.348 0.1000000015
16277  -25.771  -63.872  -10.979 0.1000000015
13699  -24.679  -66.457  -10.940 0.1000000015
14516  -25.519  -65.452  -10.671 0.1000000015
15386  -24.954  -64.741  -10.941 0.1000000015
15368  -25.746  -64.645  -10.703 0.1000000015
3795  -18.504  -81.248  -18.828 0.1000000015
4449  -18.133  -81.097  -20.187 0.1000000015
3814  -19.465  -81.423  -20.265 0.1000000015
3830  -19.104  -81.149  -21.051 0.1000000015
4450  -19.961  -80.530  -19.164 0.1000000015
5098  -19.300  -80.665  -20.888 0.1000000015
4485  -18.381  -80.351  -22.461 0.1000000015
123701  -19.066  -79.835  -19.831 0.1000000015
126592  -21.319  -81.565  -17.668 0.1000000015
3778  -20.903  -81.538  -18.310 0.1000000015
5068  -19.109  -78.951  -17.401 0.1000000015
5067  -18.497  -78.611  -18.022 0.1000000015
8664  -17.066  -72.980  -14.918 0.1000000015
7961  -15.510  -74.488  -17.344 0.1000000015
7232  -16.608  -75.290  -16.643 0.1000000015
7244  -15.862  -75.050  -17.598 0.1000000015
3714  -23.141  -80.848  -12.837 0.2000000030
5041  -20.535  -79.372  -15.544 0.1000000015
7945  -22.167  -75.319  -17.727 0.1000000015
9313  -19.643  -72.946  -13.899 0.1000000015
9341  -18.717  -71.983  -14.959 0.1000000015
7890  -18.940  -73.897  -13.669 0.1000000015
7914  -17.777  -74.077  -14.509 0.1000000015
7891  -19.733  -74.243  -13.304 0.1000000015
7183  -18.493  -75.401  -14.361 0.1000000015
6494  -17.177  -75.767  -16.245 0.1000000015
7209  -18.106  -75.865  -15.083 0.1000000015
6471  -18.344  -76.608  -15.435 0.1000000015
5742  -17.831  -77.334  -16.931 0.1000000015
4340  -23.172  -79.109  -11.892 0.1000000015
117928  -23.869  -80.663  -12.149 0.2000000030
4979  -23.487  -78.437  -11.645 0.1000000015
5039  -19.013  -77.756  -15.717 0.1000000015
7946  -22.844  -76.168  -17.801 0.1000000015
7916  -21.994  -74.279  -14.935 0.1000000015
7162  -20.330  -74.773  -12.946 0.1000000015
5743  -18.495  -77.665  -16.408 0.1000000015
6396  -23.240  -76.997  -11.767 0.1000000015
5694  -20.462  -77.000  -13.108 0.1000000015
9356  -23.415  -72.852  -17.071 0.1000000015
113486  -22.989  -75.472  -15.249 0.1000000015
7917  -22.468  -74.702  -14.215 0.1000000015
7893  -21.685  -74.450  -13.320 0.1000000015
7876  -21.756  -75.026  -12.756 0.1000000015
121248  -19.245  -76.936  -14.485 0.1000000015
5674  -28.386  -77.697  -12.720 0.1000000015
5651  -26.456  -77.400  -11.821 0.1000000015
6421  -25.459  -76.557  -13.049 0.1000000015
3685  -26.658  -80.953  -9.640 0.2000000030
6419  -23.567  -76.279  -12.297 0.1000000015
7145  -23.982  -75.943  -13.334 0.1000000015
7185  -23.909  -75.995  -14.597 0.1000000015
6454  -24.579  -76.425  -14.737 0.1000000015
4307  -28.444  -79.611  -8.979 0.1000000015
11458  -24.681  -69.854  -16.139 0.1000000015
10707  -25.759  -70.759  -17.590 0.1000000015
119770  -27.527  -76.608  -16.165 0.1000000015
11437  -23.540  -69.814  -15.198 0.1000000015
10689  -26.047  -70.191  -17.224 0.1000000015
7164  -26.346  -75.254  -14.684 0.1000000015
13036  -24.861  -67.758  -15.375 0.1000000015
13037  -25.609  -67.070  -15.386 0.1000000015
9287  -25.940  -72.074  -11.835 0.1000000015
112106  -25.493  -71.428  -3.476 0.5000000000
4853  -25.120  -79.901  -2.648 0.5000000000
110922  -25.689  -78.709  -2.454 0.5000000000
114312  -25.085  -69.980  -3.514 0.5000000000
125632  -25.313  -72.122  -3.463 0.5000000000
113340  -26.390  -72.965  -3.339 0.5000000000
5508  -25.060  -78.166  -2.878 0.5000000000
119131  -23.787  -68.407  -3.554 0.5000000000
11296  -24.423  -69.531  -3.526 0.5000000000
10534  -24.718  -70.824  -3.515 0.5000000000
6257  -25.147  -76.742  -3.077 0.5000000000
130467  -24.318  -70.154  -3.539 0.5000000000
121612  -23.693  -69.162  -3.587 0.5000000000
10533  -23.770  -70.608  -3.623 0.5000000000
11295  -23.645  -69.893  -3.611 0.4000000060
9841  -23.105  -71.115  -3.857 0.4000000060
5537  -23.342  -77.827  -4.530 0.5000000000
5536  -22.749  -78.209  -5.016 0.5000000000
6286  -22.874  -77.196  -4.997 0.5000000000
115585  -22.384  -77.486  -5.638 0.5000000000
6325  -21.831  -76.430  -7.792 0.5000000000
5565  -22.062  -76.995  -6.243 0.5000000000
117264  -22.069  -75.797  -8.491 0.4000000060
7832  -22.835  -74.426  -9.323 0.4000000060
4195  -28.111  -79.556  1.214 0.1000000015
4855  -27.147  -79.575  -1.584 0.5000000000
10535  -25.767  -70.551  -3.500 0.5000000000
9844  -26.139  -72.099  -3.481 0.5000000000
8456  -26.649  -73.881  -3.110 0.4000000060
5509  -25.855  -77.617  -2.523 0.5000000000
131963  -24.563  -68.093  -3.536 0.5000000000
11297  -25.310  -69.182  -3.516 0.5000000000
12882  -23.968  -67.622  -3.548 0.5000000000
14445  -23.646  -65.524  -3.516 0.5000000000
13631  -23.484  -66.316  -3.569 0.5000000000
111436  -23.252  -67.089  -3.583 0.5000000000
15287  -23.391  -64.694  -3.410 0.4000000060
12881  -22.881  -67.965  -3.666 0.5000000000
12087  -23.019  -68.770  -3.721 0.4000000060
10532  -22.953  -70.384  -3.864 0.4000000060
127580  -22.410  -67.283  -3.827 0.3000000119
130274  -23.435  -72.536  -3.962 0.6999999881
8471  -24.404  -73.871  -3.660 0.5000000000
14444  -22.501  -65.198  -3.627 0.3000000119
117377  -22.140  -65.879  -3.755 0.3000000119
12892  -21.805  -67.775  -4.219 0.3000000119
11294  -22.714  -69.537  -3.910 0.4000000060
9859  -23.238  -71.873  -3.925 0.5000000000
8491  -23.257  -73.111  -4.255 0.6000000238
130628  -24.001  -74.390  -3.891 0.6000000238
7019  -25.207  -75.680  -3.191 0.6000000238
5523  -24.412  -77.629  -3.496 0.5000000000
113386  -23.814  -78.406  -3.904 0.3000000119
12880  -21.694  -66.986  -4.236 0.3000000119
12102  -22.014  -68.697  -4.156 0.3000000119
9857  -21.827  -71.029  -4.787 0.4000000060
8490  -22.682  -73.105  -4.767 0.5000000000
128242  -23.362  -74.616  -4.441 0.6000000238
7046  -23.419  -75.610  -4.475 0.6000000238
120824  -23.370  -76.992  -4.536 0.5000000000
12101  -21.114  -68.277  -4.865 0.4000000060
11320  -20.981  -69.192  -5.341 0.4000000060
9219  -21.964  -71.888  -4.998 0.5000000000
8508  -22.348  -73.514  -5.313 0.5000000000
131613  -22.536  -75.191  -5.482 0.5000000000
7057  -22.762  -75.767  -5.169 0.5000000000
12900  -20.847  -67.633  -5.434 0.4000000060
12114  -20.731  -68.291  -5.837 0.4000000060
9867  -21.215  -70.698  -5.872 0.5000000000
8507  -21.755  -73.101  -5.992 0.5000000000
124721  -21.986  -73.933  -6.045 0.4000000060
7056  -22.285  -75.688  -5.936 0.5000000000
124488  -21.946  -76.253  -6.660 0.5000000000
11325  -20.783  -69.038  -6.440 0.4000000060
9877  -21.284  -71.305  -6.415 0.5000000000
8520  -21.645  -73.463  -6.676 0.5000000000
7788  -21.685  -74.125  -6.948 0.4000000060
7076  -21.819  -75.636  -7.572 0.4000000060
118359  -21.607  -70.866  -8.032 0.5000000000
9248  -21.771  -72.379  -8.278 0.4000000060
7820  -21.945  -74.006  -8.464 0.4000000060
115395  -22.390  -75.093  -9.033 0.4000000060
9249  -22.297  -72.803  -8.664 0.4000000060
8544  -22.277  -73.577  -8.793 0.3000000119
9265  -22.822  -73.216  -9.130 0.3000000119
8565  -23.299  -73.766  -9.356 0.3000000119
5449  -28.280  -78.675  1.809 0.1000000015
4810  -27.806  -79.079  2.183 0.1000000015
127984  -28.818  -78.741  0.656 0.1000000015
4812  -28.651  -79.075  1.056 0.1000000015
4827  -30.070  -78.454  -0.936 0.4000000060
118165  -29.655  -78.717  -1.174 0.4000000060
4215  -27.762  -79.760  -0.881 0.4000000060
5486  -29.097  -78.380  -1.584 0.4000000060
4856  -27.767  -78.482  -1.764 0.5000000000
118046  -26.543  -78.561  -2.117 0.5000000000
10536  -26.945  -70.296  -3.545 0.5000000000
111962  -27.820  -70.972  -3.561 0.5000000000
9845  -26.960  -71.709  -3.473 0.5000000000
8473  -27.446  -73.066  -3.246 0.4000000060
5511  -28.106  -77.497  -2.025 0.5000000000
5510  -26.890  -77.503  -2.241 0.5000000000
114393  -25.044  -67.376  -3.565 0.5000000000
12089  -25.482  -68.259  -3.555 0.5000000000
113849  -26.094  -69.709  -3.550 0.5000000000
14446  -24.320  -66.023  -3.536 0.5000000000
111218  -24.223  -66.801  -3.552 0.5000000000
7020  -26.500  -75.800  -2.640 0.6000000238
110808  -23.149  -63.870  -3.259 0.2000000030
114479  -22.882  -63.156  -3.180 0.2000000030
15286  -22.409  -64.282  -3.567 0.3000000119
14443  -21.529  -65.452  -4.206 0.3000000119
111131  -21.081  -65.907  -4.972 0.4000000060
16193  -22.323  -63.472  -3.531 0.3000000119
15300  -21.342  -64.011  -4.751 0.3000000119
17206  -21.755  -62.551  -4.312 0.3000000119
16211  -21.434  -63.377  -5.325 0.4000000060
14461  -21.099  -65.278  -5.719 0.4000000060
15309  -21.292  -64.237  -5.736 0.3000000119
111866  -20.955  -66.056  -5.795 0.4000000060
12120  -20.940  -68.174  -6.816 0.4000000060
119283  -21.140  -68.915  -7.373 0.4000000060
14467  -21.502  -64.868  -6.489 0.3000000119
13655  -21.628  -66.383  -7.242 0.3000000119
12121  -21.571  -68.158  -7.584 0.3000000119
10571  -21.361  -70.354  -7.613 0.4000000060
12138  -22.397  -68.175  -8.133 0.3000000119
11343  -22.258  -69.632  -8.255 0.3000000119
9895  -22.368  -71.831  -8.523 0.4000000060
9250  -23.006  -72.439  -8.898 0.3000000119
12926  -23.310  -68.077  -8.424 0.2000000030
12139  -23.974  -68.803  -8.476 0.2000000030
10582  -23.404  -70.360  -8.496 0.3000000119
128909  -23.784  -72.186  -8.792 0.3000000119
118273  -24.254  -67.981  -8.528 0.1000000015
11346  -24.811  -69.520  -8.516 0.2000000030
110977  -23.788  -71.001  -8.540 0.4000000060
114838  -28.051  -65.979  -8.453 0.1000000015
5465  -29.474  -78.196  -0.175 0.1000000015
4826  -29.456  -78.753  -0.166 0.1000000015
5466  -30.382  -77.862  -0.752 0.2000000030
6239  -30.273  -77.365  -1.657 0.5000000000
9846  -27.713  -71.880  -3.452 0.4000000060
9198  -28.478  -72.379  -3.345 0.4000000060
119927  -28.699  -74.085  -2.774 0.4000000060
7021  -27.547  -75.573  -2.546 0.5000000000
111602  -28.443  -76.606  -2.298 0.5000000000
11298  -26.393  -68.841  -3.585 0.5000000000
113848  -27.391  -69.395  -3.659 0.4000000060
6259  -27.217  -76.547  -2.388 0.4000000060
15272  -24.981  -64.349  -3.119 0.4000000060
121202  -24.960  -65.605  -3.477 0.4000000060
16178  -24.532  -63.758  -2.857 0.4000000060
15288  -24.418  -64.992  -3.399 0.5000000000
16194  -24.049  -64.193  -3.147 0.4000000060
17181  -24.618  -63.026  -2.569 0.3000000119
16177  -23.730  -63.284  -2.874 0.3000000119
17197  -23.038  -62.446  -2.994 0.3000000119
18197  -23.267  -61.538  -2.930 0.2000000030
17207  -22.021  -61.972  -4.047 0.2000000030
19131  -24.250  -60.443  -2.845 0.1000000015
19149  -22.876  -60.831  -3.537 0.3000000119
19167  -23.059  -60.050  -4.116 0.1000000015
18219  -22.268  -61.301  -4.173 0.3000000119
17230  -21.650  -62.838  -5.682 0.3000000119
19191  -22.622  -60.169  -4.952 0.2000000030
123528  -22.217  -60.981  -4.936 0.2000000030
18247  -22.346  -61.768  -6.324 0.2000000030
15324  -22.017  -64.785  -7.119 0.2000000030
14473  -22.063  -65.552  -7.360 0.2000000030
18262  -22.964  -61.887  -7.145 0.2000000030
119739  -22.740  -64.955  -7.566 0.2000000030
116458  -22.505  -66.274  -7.769 0.2000000030
17240  -23.283  -62.782  -7.453 0.2000000030
15325  -23.381  -64.467  -7.763 0.1000000015
13673  -23.627  -67.170  -8.403 0.2000000030
16230  -24.592  -63.461  -8.147 0.1000000015
14476  -24.644  -65.684  -8.410 0.1000000015
124412  -25.237  -66.627  -8.498 0.1000000015
12927  -25.161  -68.014  -8.516 0.1000000015
15327  -25.715  -64.499  -8.421 0.1000000015
14477  -26.055  -65.254  -8.447 0.1000000015
112500  -26.158  -66.718  -8.507 0.1000000015
14478  -26.850  -65.335  -8.424 0.1000000015
115591  -27.289  -65.952  -8.398 0.1000000015
14480  -28.257  -65.346  -8.599 0.1000000015
15344  -29.070  -64.755  -9.184 0.1000000015
6216  -30.755  -76.963  -0.864 0.3000000119
6240  -30.789  -76.885  -1.343 0.3000000119
8445  -31.805  -73.608  -1.969 0.3000000119
7706  -31.473  -74.574  -1.884 0.3000000119
7023  -30.929  -75.435  -2.050 0.3000000119
6261  -30.396  -76.336  -2.048 0.3000000119
5512  -29.355  -77.553  -1.899 0.4000000060
9201  -32.158  -71.823  -3.435 0.3000000119
8460  -31.336  -73.702  -2.550 0.3000000119
118670  -30.149  -75.418  -2.339 0.5000000000
7022  -29.082  -75.763  -2.448 0.5000000000
10538  -29.751  -70.400  -3.805 0.4000000060
9199  -29.795  -71.779  -3.521 0.5000000000
9186  -29.796  -72.633  -3.238 0.4000000060
8458  -28.604  -73.318  -3.065 0.4000000060
14447  -25.990  -65.640  -3.524 0.4000000060
12883  -25.920  -66.928  -3.636 0.4000000060
12090  -26.724  -67.980  -3.695 0.5000000000
116469  -26.205  -63.587  -2.542 0.4000000060
15273  -26.141  -64.344  -3.018 0.4000000060
15289  -25.511  -65.001  -3.368 0.4000000060
17182  -25.461  -62.929  -2.381 0.4000000060
16179  -25.295  -63.717  -2.702 0.4000000060
17183  -26.230  -62.826  -2.160 0.4000000060
17159  -26.213  -62.009  -1.811 0.3000000119
18182  -25.588  -61.512  -2.026 0.3000000119
122698  -24.858  -62.022  -2.294 0.3000000119
18163  -25.831  -60.709  -2.036 0.3000000119
18181  -24.979  -60.831  -2.346 0.2000000030
20052  -25.759  -59.661  -2.843 0.1000000015
20051  -25.076  -59.627  -3.242 0.1000000015
20096  -24.308  -59.000  -4.668 0.1000000015
123476  -23.355  -59.448  -4.870 0.1000000015
19205  -22.470  -60.690  -5.858 0.2000000030
20125  -23.813  -58.972  -5.308 0.1000000015
131760  -23.432  -59.253  -5.623 0.1000000015
18248  -22.885  -60.977  -6.801 0.2000000030
20138  -23.404  -59.378  -6.266 0.2000000030
19216  -23.433  -60.359  -7.237 0.2000000030
120680  -23.655  -62.041  -7.579 0.1000000015
18264  -24.228  -61.640  -7.939 0.1000000015
16244  -25.163  -62.875  -8.355 0.1000000015
17259  -24.963  -62.032  -8.337 0.1000000015
16231  -25.400  -63.700  -8.404 0.1000000015
15328  -26.503  -64.678  -8.480 0.1000000015
125613  -26.607  -62.855  -8.795 0.1000000015
16247  -27.406  -63.634  -8.835 0.1000000015
124416  -28.008  -63.980  -8.977 0.1000000015
129616  -28.515  -63.052  -9.597 0.1000000015
16248  -28.653  -63.887  -9.356 0.1000000015
16263  -29.955  -63.670  -10.118 0.1000000015
16264  -30.804  -63.610  -10.422 0.1000000015
16297  -32.693  -63.012  -11.145 0.1000000015
7704  -30.683  -74.322  -1.184 0.3000000119
9822  -32.206  -71.776  -2.531 0.3000000119
10540  -32.256  -70.445  -3.707 0.4000000060
10539  -31.601  -70.039  -3.887 0.3000000119
14448  -27.272  -65.536  -3.561 0.3000000119
13633  -26.492  -66.282  -3.662 0.3000000119
12884  -27.025  -67.028  -3.790 0.4000000060
12091  -29.524  -68.173  -4.165 0.4000000060
15274  -27.215  -64.124  -2.638 0.3000000119
15290  -26.688  -65.013  -3.367 0.3000000119
124391  -30.986  -68.603  -4.050 0.4000000060
119021  -31.511  -68.998  -3.567 0.3000000119
117174  -27.823  -62.368  -1.507 0.3000000119
16180  -27.099  -63.416  -2.269 0.3000000119
17160  -26.982  -62.605  -1.800 0.3000000119
18165  -27.949  -61.358  -1.360 0.3000000119
18164  -26.984  -61.492  -1.561 0.3000000119
132249  -26.207  -61.238  -1.757 0.3000000119
19110  -26.600  -60.609  -1.812 0.3000000119
19134  -26.241  -60.081  -2.276 0.2000000030
20053  -26.669  -59.561  -2.626 0.1000000015
20077  -27.325  -59.196  -3.226 0.1000000015
20078  -28.235  -59.125  -3.426 0.1000000015
20075  -25.552  -59.361  -3.640 0.1000000015
20937  -27.625  -59.043  -4.819 0.1000000015
20097  -25.250  -58.998  -4.378 0.1000000015
20935  -25.811  -58.626  -4.888 0.1000000015
20963  -25.009  -58.188  -5.831 0.1000000015
20145  -23.556  -59.586  -6.989 0.2000000030
20987  -24.573  -58.547  -7.108 0.2000000030
20147  -24.827  -58.947  -7.840 0.2000000030
19233  -24.914  -60.337  -8.349 0.1000000015
21004  -25.560  -58.824  -8.302 0.1000000015
117720  -25.511  -60.815  -8.633 0.1000000015
17260  -25.892  -62.262  -8.608 0.1000000015
19246  -26.847  -60.557  -9.362 0.1000000015
18286  -26.209  -61.299  -8.951 0.1000000015
17277  -27.432  -61.948  -9.439 0.1000000015
18295  -26.927  -61.414  -9.353 0.1000000015
17278  -28.020  -62.536  -9.526 0.1000000015
116353  -28.692  -62.366  -9.879 0.1000000015
16262  -29.241  -63.174  -9.909 0.1000000015
16278  -30.850  -62.566  -10.629 0.1000000015
17289  -30.271  -61.901  -10.560 0.1000000015
17290  -31.434  -62.023  -10.841 0.1000000015
16279  -31.723  -63.005  -10.871 0.1000000015
17305  -33.112  -62.373  -11.368 0.1000000015
17291  -32.291  -62.087  -11.138 0.1000000015
17306  -33.792  -62.575  -11.634 0.1000000015
7702  -27.898  -74.462  -1.146 0.2000000030
7703  -29.332  -74.446  -1.079 0.2000000030
118274  -28.076  -72.723  -1.413 0.2000000030
9172  -30.499  -72.360  -1.620 0.3000000119
9819  -27.956  -71.850  -1.545 0.2000000030
118319  -29.821  -71.774  -1.692 0.3000000119
9821  -31.276  -71.461  -2.201 0.3000000119
13634  -27.894  -66.089  -3.748 0.3000000119
110959  -28.627  -66.668  -3.916 0.3000000119
15275  -28.674  -64.573  -2.643 0.3000000119
132116  -27.339  -64.592  -3.061 0.3000000119
15291  -28.101  -64.960  -3.207 0.3000000119
113709  -29.996  -66.402  -3.635 0.3000000119
12886  -29.806  -67.195  -4.078 0.3000000119
12092  -31.313  -67.778  -3.939 0.3000000119
117862  -28.646  -63.289  -1.535 0.3000000119
123525  -28.857  -63.860  -1.975 0.3000000119
12887  -31.190  -66.791  -3.425 0.3000000119
12888  -32.147  -67.557  -3.134 0.3000000119
11289  -32.247  -68.307  -3.267 0.2000000030
122924  -32.063  -68.393  -3.086 0.2000000030
17162  -29.495  -62.597  -0.750 0.2000000030
17161  -28.678  -62.248  -1.122 0.2000000030
18167  -29.201  -61.606  -0.839 0.3000000119
18166  -28.618  -61.255  -1.147 0.3000000119
113564  -28.313  -60.510  -1.418 0.3000000119
19111  -27.443  -60.536  -1.612 0.3000000119
20036  -28.972  -59.819  -1.625 0.2000000030
20054  -27.355  -59.545  -2.412 0.1000000015
20056  -29.484  -59.242  -2.406 0.2000000030
20055  -28.578  -59.300  -2.448 0.1000000015
20079  -29.106  -59.110  -3.475 0.1000000015
20101  -29.756  -59.702  -4.674 0.1000000015
129782  -31.303  -60.359  -5.241 0.1000000015
20130  -33.003  -60.214  -5.579 0.1000000015
20127  -29.264  -59.673  -5.055 0.1000000015
110199  -30.133  -60.000  -5.191 0.1000000015
20969  -31.380  -59.843  -5.455 0.1000000015
20971  -32.890  -59.081  -5.598 0.1000000015
20140  -34.370  -59.945  -5.932 0.1000000015
20980  -36.059  -59.331  -6.620 0.1000000015
20966  -28.141  -58.768  -5.202 0.1000000015
20967  -28.843  -58.683  -5.303 0.1000000015
21802  -30.278  -58.253  -5.385 0.1000000015
20970  -32.048  -58.836  -5.503 0.1000000015
21806  -34.224  -58.166  -5.920 0.1000000015
21820  -35.434  -57.974  -6.602 0.1000000015
20964  -26.269  -58.154  -5.374 0.1000000015
21799  -27.658  -57.600  -5.588 0.1000000015
21797  -25.764  -57.688  -6.057 0.1000000015
20988  -25.395  -58.183  -7.556 0.2000000030
20989  -26.117  -58.167  -8.204 0.1000000015
20177  -26.517  -59.668  -9.126 0.1000000015
20178  -27.151  -59.755  -9.410 0.1000000015
18296  -27.551  -61.135  -9.579 0.1000000015
18298  -28.826  -61.515  -10.165 0.1000000015
18308  -29.596  -61.256  -10.417 0.1000000015
17279  -29.416  -62.194  -10.283 0.1000000015
18310  -30.984  -61.318  -10.674 0.1000000015
18311  -31.861  -61.241  -10.956 0.1000000015
130201  -32.359  -61.462  -11.193 0.1000000015
11285  -26.486  -69.279  -2.326 0.2000000030
10515  -28.193  -70.873  -1.835 0.2000000030
9835  -30.479  -70.822  -2.208 0.3000000119
9836  -31.941  -70.301  -2.871 0.3000000119
12077  -26.322  -68.515  -2.418 0.2000000030
10526  -26.633  -70.083  -2.155 0.2000000030
115679  -29.300  -69.975  -2.336 0.2000000030
10528  -29.845  -70.410  -2.235 0.3000000119
122715  -31.058  -69.653  -2.754 0.3000000119
15292  -29.560  -65.045  -2.576 0.3000000119
14450  -30.223  -65.599  -2.561 0.3000000119
13636  -30.793  -65.992  -3.022 0.3000000119
16182  -29.538  -64.552  -2.080 0.3000000119
15276  -29.881  -64.910  -2.241 0.3000000119
14432  -30.701  -65.968  -2.692 0.3000000119
128357  -31.966  -67.404  -2.985 0.3000000119
16141  -29.872  -63.620  -0.756 0.2000000030
16161  -29.318  -63.441  -1.184 0.3000000119
123308  -31.930  -67.747  -2.906 0.2000000030
12080  -30.896  -68.353  -2.777 0.2000000030
17133  -30.236  -62.789  -0.357 0.2000000030
17132  -29.783  -61.944  -0.567 0.2000000030
18137  -30.398  -61.760  -0.364 0.2000000030
18136  -29.831  -61.042  -0.730 0.3000000119
19112  -29.076  -60.723  -1.144 0.3000000119
19113  -31.255  -60.306  -1.153 0.2000000030
20038  -30.969  -59.650  -1.830 0.2000000030
20081  -31.705  -59.493  -3.494 0.1000000015
22635  -30.112  -56.837  -5.610 0.1000000015
124512  -31.015  -57.279  -5.457 0.1000000015
22637  -32.408  -56.719  -5.662 0.1000000015
22638  -33.250  -56.995  -5.787 0.1000000015
130616  -27.462  -57.088  -6.100 0.1000000015
22634  -29.028  -56.705  -5.841 0.1000000015
23471  -32.030  -55.777  -5.917 0.1000000015
21817  -26.983  -57.047  -6.595 0.1000000015
22650  -28.448  -56.467  -6.478 0.1000000015
22672  -28.403  -56.357  -7.307 0.1000000015
23488  -29.591  -55.624  -6.922 0.1000000015
23489  -30.206  -55.294  -7.039 0.1000000015
21832  -26.506  -57.302  -7.201 0.1000000015
21856  -27.528  -57.151  -8.099 0.1000000015
22692  -28.758  -56.378  -8.020 0.1000000015
21878  -28.916  -56.934  -8.734 0.1000000015
124987  -27.336  -57.755  -8.570 0.1000000015
21005  -26.826  -58.259  -8.672 0.1000000015
21024  -27.527  -58.364  -9.122 0.1000000015
112473  -28.316  -58.494  -9.463 0.1000000015
20179  -27.792  -59.305  -9.541 0.1000000015
19247  -27.668  -60.281  -9.641 0.1000000015
110530  -28.396  -60.020  -9.933 0.1000000015
18309  -30.287  -61.059  -10.546 0.1000000015
13620  -23.942  -66.640  -2.185 0.3000000119
12871  -25.558  -67.112  -2.411 0.3000000119
116258  -27.035  -67.816  -2.446 0.3000000119
131905  -28.035  -69.083  -2.365 0.2000000030
11287  -28.625  -69.457  -2.382 0.2000000030
12872  -26.634  -67.062  -2.428 0.3000000119
12873  -27.991  -66.958  -2.502 0.3000000119
116257  -28.455  -67.785  -2.531 0.3000000119
11288  -30.470  -69.131  -2.747 0.2000000030
14413  -29.281  -65.149  -1.701 0.3000000119
13624  -29.334  -66.046  -2.449 0.3000000119
12874  -29.663  -66.820  -2.595 0.3000000119
12079  -29.084  -68.642  -2.549 0.2000000030
15244  -30.372  -64.034  -0.279 0.2000000030
15259  -29.655  -64.620  -1.572 0.3000000119
113212  -29.540  -64.550  -1.112 0.3000000119
17099  -30.877  -63.307  0.183 0.2000000030
17134  -30.910  -62.330  0.057 0.2000000030
18138  -31.164  -61.485  -0.198 0.2000000030
119074  -31.980  -61.326  -0.177 0.3000000119
19088  -31.589  -60.827  -0.617 0.2000000030
126396  -29.611  -57.314  -9.347 0.1000000015
109907  -29.114  -58.758  -9.789 0.1000000015
20180  -29.145  -59.676  -10.138 0.1000000015
19249  -28.994  -60.610  -10.302 0.1000000015
14409  -23.270  -65.403  -1.687 0.1000000015
15254  -23.297  -64.535  -1.520 0.2000000030
14427  -24.117  -65.837  -1.926 0.3000000119
13621  -25.026  -66.340  -2.225 0.3000000119
14410  -25.030  -65.497  -1.815 0.3000000119
14428  -25.839  -65.810  -2.076 0.3000000119
14412  -27.790  -65.320  -1.662 0.3000000119
15242  -29.727  -64.440  -0.751 0.3000000119
15258  -28.904  -64.942  -1.267 0.3000000119
113783  -28.052  -65.077  -1.370 0.3000000119
15224  -30.179  -64.827  0.328 0.2000000030
16123  -30.816  -64.318  0.341 0.2000000030
16124  -31.418  -63.707  0.640 0.1000000015
18106  -31.558  -61.890  0.203 0.2000000030
16104  -32.763  -63.541  1.393 0.1000000015
121644  -32.349  -62.546  0.754 0.2000000030
18107  -32.360  -61.905  0.355 0.2000000030
119016  -33.006  -62.324  0.722 0.2000000030
18139  -32.836  -61.282  -0.253 0.3000000119
116374  -25.127  -64.774  -1.478 0.3000000119
15256  -25.936  -64.645  -1.286 0.3000000119
15240  -26.329  -64.349  -0.878 0.3000000119
15257  -26.891  -64.846  -1.299 0.3000000119
128560  -29.216  -64.775  0.163 0.3000000119
15241  -28.156  -64.706  -0.455 0.3000000119
110382  -27.448  -64.694  -0.950 0.3000000119
114987  -29.603  -64.929  0.571 0.2000000030
15225  -30.533  -65.131  0.736 0.2000000030
14375  -31.334  -65.844  1.557 0.1000000015
116152  -32.336  -64.380  1.452 0.1000000015
15207  -33.032  -64.378  1.784 0.1000000015
17076  -33.413  -62.830  1.196 0.1000000015
17130  -25.380  -62.899  -0.361 0.3000000119
17096  -25.640  -62.313  0.173 0.2000000030
16139  -25.836  -63.680  -0.560 0.3000000119
16140  -26.803  -64.137  -0.381 0.3000000119
16122  -27.206  -63.956  0.095 0.3000000119
15203  -29.120  -64.779  0.834 0.2000000030
16101  -28.563  -64.363  0.797 0.3000000119
14373  -30.316  -65.602  1.440 0.2000000030
15204  -29.531  -65.023  1.190 0.2000000030
13572  -31.549  -67.260  2.587 0.1000000015
13584  -31.204  -66.678  2.014 0.1000000015
12834  -31.883  -68.361  2.806 0.1000000015
13573  -31.808  -67.326  2.395 0.1000000015
14363  -31.932  -66.266  1.924 0.1000000015
15196  -33.017  -65.316  2.125 0.1000000015
14364  -33.064  -66.560  2.420 0.1000000015
127096  -33.921  -65.382  2.395 0.1000000015
117790  -33.937  -64.547  2.172 0.1000000015
15208  -34.718  -64.094  2.058 0.1000000015
17097  -26.396  -62.335  0.571 0.2000000030
17098  -27.179  -63.140  0.604 0.2000000030
16102  -29.083  -64.261  1.438 0.2000000030
16100  -27.966  -63.481  0.998 0.2000000030
15195  -30.230  -65.304  2.166 0.1000000015
14360  -29.906  -65.237  1.598 0.2000000030
12820  -31.559  -67.827  2.960 0.1000000015
13574  -32.650  -68.134  2.577 0.1000000015
14365  -34.428  -65.989  2.612 0.1000000015
15197  -34.987  -65.009  2.459 0.1000000015
11231  -33.774  -70.290  3.252 0.1000000015
12836  -34.636  -68.993  2.669 0.1000000015
13576  -35.569  -68.367  2.638 0.1000000015
14366  -35.577  -66.235  2.627 0.1000000015
12001  -34.752  -70.025  3.932 0.1000000015
12027  -36.259  -68.862  3.413 0.1000000015
111192  -36.332  -68.327  2.748 0.1000000015
117295  -25.131  -74.098  -3.416 0.4000000060
9195  -24.753  -72.546  -3.537 0.5000000000
9843  -24.701  -71.759  -3.502 0.5000000000
8472  -25.752  -73.571  -3.351 0.4000000060
111731  -24.001  -72.202  -3.667 0.5000000000
122330  -24.933  -73.318  -3.482 0.6000000238
127278  -26.423  -74.618  -2.917 0.5000000000
8457  -27.712  -73.951  -2.893 0.4000000060
4869  -24.423  -79.065  -3.315 0.5000000000
127612  -27.146  -74.631  -2.746 0.4000000060
7733  -24.564  -74.600  -3.587 0.5000000000
6258  -26.165  -76.628  -2.561 0.5000000000
7735  -25.847  -74.361  -3.168 0.6000000238
4880  -23.207  -79.358  -4.360 0.5000000000
129919  -25.738  -75.973  -2.829 0.5000000000
110827  -22.471  -70.883  -4.258 0.4000000060
6343  -22.178  -76.728  -8.665 0.4000000060
7075  -21.919  -74.836  -8.297 0.4000000060
8564  -22.661  -73.842  -9.188 0.3000000119
7821  -22.297  -74.288  -8.898 0.4000000060
4196  -28.871  -79.294  0.177 0.2000000030
132071  -27.600  -72.459  -3.370 0.5000000000
10551  -22.104  -70.285  -4.376 0.3000000119
9208  -22.711  -72.411  -4.459 0.4000000060
7732  -23.671  -73.800  -4.053 0.6000000238
111552  -21.608  -64.599  -4.088 0.3000000119
12891  -21.152  -67.354  -4.821 0.4000000060
123152  -21.346  -68.936  -4.682 0.4000000060
9858  -22.506  -71.546  -4.362 0.5000000000
7750  -22.965  -73.769  -4.642 0.6000000238
7751  -23.994  -75.071  -3.939 0.6000000238
7035  -24.616  -75.336  -3.536 0.6000000238
7734  -25.222  -74.868  -3.308 0.6000000238
7717  -25.917  -75.178  -2.927 0.6000000238
122279  -24.655  -76.030  -3.465 0.5000000000
5522  -23.784  -77.255  -4.038 0.5000000000
10550  -21.355  -70.233  -5.173 0.4000000060
132385  -21.483  -70.821  -5.320 0.4000000060
115279  -22.157  -72.701  -5.247 0.5000000000
7771  -22.914  -75.139  -4.933 0.6000000238
7770  -22.570  -74.451  -5.250 0.5000000000
6287  -23.661  -76.433  -4.211 0.5000000000
6288  -24.066  -75.840  -3.830 0.5000000000
6297  -23.077  -76.409  -4.802 0.5000000000
6276  -24.267  -76.619  -3.670 0.5000000000
13645  -20.924  -66.806  -5.476 0.4000000060
125713  -21.532  -71.323  -5.518 0.5000000000
7789  -22.106  -74.842  -6.220 0.4000000060
6296  -22.465  -76.527  -5.593 0.5000000000
12906  -20.803  -67.450  -6.224 0.4000000060
13650  -21.050  -66.605  -6.438 0.3000000119
11331  -20.940  -69.730  -7.088 0.5000000000
9218  -21.536  -72.153  -5.964 0.5000000000
9228  -21.468  -72.696  -6.955 0.5000000000
7804  -21.788  -74.870  -7.290 0.4000000060
7067  -21.955  -75.478  -6.711 0.5000000000
9886  -21.339  -71.209  -7.454 0.5000000000
8532  -21.558  -73.404  -7.490 0.4000000060
7803  -21.645  -74.094  -7.886 0.4000000060
117736  -22.092  -70.972  -8.329 0.4000000060
10580  -21.844  -70.284  -8.140 0.4000000060
9239  -21.476  -72.067  -7.671 0.4000000060
13632  -25.254  -66.387  -3.552 0.5000000000
18196  -22.540  -61.752  -3.488 0.2000000030
15285  -21.682  -63.775  -3.981 0.3000000119
14459  -21.171  -64.907  -4.906 0.4000000060
16201  -21.550  -63.239  -4.544 0.3000000119
18218  -21.851  -61.837  -4.803 0.3000000119
16216  -21.631  -63.368  -6.088 0.3000000119
15315  -21.878  -63.992  -6.698 0.3000000119
112119  -21.352  -65.704  -6.585 0.3000000119
12911  -21.339  -67.308  -7.183 0.3000000119
11342  -21.509  -69.620  -7.806 0.3000000119
13656  -22.143  -66.961  -7.753 0.3000000119
12912  -22.021  -67.602  -7.777 0.3000000119
12137  -21.909  -68.891  -8.023 0.3000000119
112853  -22.930  -68.980  -8.416 0.3000000119
12925  -22.715  -67.451  -8.181 0.2000000030
11344  -22.983  -69.778  -8.441 0.3000000119
111898  -22.894  -71.016  -8.526 0.4000000060
9896  -23.334  -71.661  -8.651 0.4000000060
11345  -23.762  -69.642  -8.496 0.3000000119
10583  -24.337  -70.435  -8.514 0.2000000030
12913  -24.696  -67.251  -8.496 0.2000000030
12140  -24.756  -68.631  -8.512 0.2000000030
12915  -27.031  -67.249  -8.436 0.1000000015
14479  -27.605  -65.389  -8.493 0.1000000015
10537  -28.526  -69.941  -3.714 0.4000000060
7720  -29.418  -74.739  -2.555 0.4000000060
7719  -28.185  -74.777  -2.648 0.5000000000
113853  -25.993  -67.521  -3.625 0.5000000000
17180  -23.905  -62.267  -2.633 0.3000000119
18180  -24.103  -61.269  -2.605 0.2000000030
19150  -23.647  -60.217  -3.434 0.2000000030
20073  -23.867  -59.566  -3.975 0.1000000015
19132  -24.981  -60.040  -2.780 0.1000000015
18240  -22.108  -61.483  -5.515 0.2000000030
19192  -22.929  -59.752  -5.703 0.2000000030
17239  -22.490  -62.601  -6.866 0.2000000030
111904  -22.609  -64.200  -7.354 0.2000000030
16228  -22.557  -63.394  -7.155 0.2000000030
14474  -22.978  -65.638  -7.873 0.2000000030
18263  -23.529  -61.254  -7.448 0.2000000030
16229  -23.283  -63.684  -7.587 0.1000000015
13657  -23.337  -66.314  -8.220 0.2000000030
117324  -23.902  -63.309  -7.786 0.1000000015
109456  -24.037  -64.008  -7.943 0.1000000015
15326  -24.171  -64.888  -8.216 0.1000000015
14475  -23.799  -65.663  -8.253 0.2000000030
13658  -24.317  -66.401  -8.432 0.2000000030
115717  -24.833  -64.266  -8.304 0.1000000015
119442  -25.175  -65.091  -8.393 0.1000000015
129650  -24.958  -66.163  -8.496 0.1000000015
116741  -25.544  -65.928  -8.457 0.1000000015
111373  -26.303  -67.471  -8.512 0.1000000015
16232  -26.229  -63.958  -8.474 0.1000000015
116211  -26.467  -65.949  -8.442 0.1000000015
15329  -27.217  -64.804  -8.480 0.1000000015
126129  -27.830  -64.909  -8.585 0.1000000015
15343  -28.331  -64.641  -8.838 0.1000000015
15351  -29.510  -64.143  -9.636 0.1000000015
6986  -30.357  -76.234  -0.735 0.3000000119
120871  -30.965  -76.363  -1.192 0.3000000119
9173  -31.485  -72.551  -1.833 0.3000000119
7705  -31.290  -74.513  -1.474 0.3000000119
9823  -32.424  -72.018  -2.793 0.3000000119
8474  -32.012  -72.732  -2.888 0.3000000119
7010  -31.004  -75.537  -1.415 0.3000000119
7011  -31.166  -75.243  -1.786 0.3000000119
7721  -30.637  -74.662  -2.393 0.3000000119
9187  -31.229  -72.770  -3.148 0.3000000119
9200  -31.102  -71.766  -3.617 0.3000000119
9850  -32.474  -71.129  -3.493 0.3000000119
8459  -29.944  -73.706  -2.773 0.3000000119
11300  -29.137  -69.038  -4.025 0.4000000060
109700  -30.556  -69.477  -4.012 0.4000000060
9848  -31.046  -70.844  -3.946 0.4000000060
11299  -27.785  -68.527  -3.810 0.4000000060
131891  -25.641  -62.277  -2.124 0.3000000119
19133  -25.556  -60.226  -2.443 0.2000000030
20076  -26.392  -59.300  -3.419 0.1000000015
20074  -24.732  -59.376  -3.838 0.1000000015
19206  -23.014  -60.068  -6.524 0.2000000030
123213  -25.551  -58.217  -5.471 0.1000000015
20139  -23.947  -58.962  -6.679 0.2000000030
127561  -23.906  -59.872  -7.521 0.1000000015
19217  -24.166  -60.625  -7.859 0.1000000015
17241  -24.262  -62.603  -7.934 0.1000000015
18284  -24.853  -61.179  -8.343 0.1000000015
16245  -26.007  -63.173  -8.463 0.1000000015
17261  -26.694  -62.109  -9.137 0.1000000015
17262  -27.303  -62.805  -9.147 0.1000000015
17263  -27.967  -63.321  -9.308 0.1000000015
17280  -30.054  -62.874  -10.399 0.1000000015
116032  -29.772  -73.668  -1.254 0.2000000030
8443  -30.659  -73.221  -1.376 0.2000000030
7007  -28.615  -75.426  -0.781 0.2000000030
129282  -32.356  -70.479  -3.466 0.3000000119
12885  -28.130  -67.618  -3.992 0.4000000060
16181  -28.253  -63.959  -2.337 0.3000000119
16159  -27.904  -63.303  -1.888 0.3000000119
19135  -27.028  -59.942  -2.027 0.1000000015
111354  -27.928  -59.221  -4.377 0.1000000015
125931  -27.868  -59.345  -2.600 0.1000000015
20100  -28.785  -59.412  -4.564 0.1000000015
20099  -27.019  -59.135  -4.191 0.1000000015
20936  -26.692  -58.776  -4.802 0.1000000015
20126  -28.472  -59.397  -4.954 0.1000000015
20965  -27.180  -58.342  -5.257 0.1000000015
20977  -25.118  -58.027  -6.632 0.1000000015
20160  -24.474  -59.734  -7.949 0.1000000015
128070  -25.495  -60.126  -8.617 0.1000000015
120273  -26.303  -58.892  -8.727 0.1000000015
18297  -28.142  -61.740  -9.763 0.1000000015
113953  -28.551  -73.600  -1.295 0.2000000030
9170  -26.955  -72.594  -1.466 0.2000000030
9171  -28.794  -72.048  -1.479 0.2000000030
8442  -29.401  -72.749  -1.380 0.3000000119
9820  -29.084  -71.278  -1.736 0.2000000030
14449  -28.828  -65.389  -3.283 0.3000000119
13635  -29.468  -65.863  -3.437 0.3000000119
20037  -29.970  -59.662  -1.709 0.2000000030
20057  -30.393  -59.256  -2.559 0.1000000015
110679  -29.918  -59.140  -3.360 0.1000000015
117972  -30.694  -60.244  -5.052 0.1000000015
126689  -30.951  -60.237  -5.227 0.1000000015
19193  -32.426  -60.365  -5.355 0.1000000015
20128  -31.640  -60.350  -5.300 0.1000000015
20129  -32.180  -60.030  -5.521 0.1000000015
20968  -29.552  -59.357  -5.277 0.1000000015
110509  -30.525  -59.641  -5.366 0.1000000015
21803  -31.169  -58.584  -5.417 0.1000000015
20972  -33.809  -59.290  -5.765 0.1000000015
21805  -33.524  -58.056  -5.708 0.1000000015
20978  -34.795  -58.795  -6.116 0.1000000015
20141  -35.192  -59.941  -6.174 0.1000000015
20979  -35.537  -58.825  -6.462 0.1000000015
21801  -29.379  -57.840  -5.429 0.1000000015
112299  -31.852  -57.560  -5.486 0.1000000015
21804  -32.697  -57.820  -5.567 0.1000000015
21818  -34.030  -57.287  -6.037 0.1000000015
20990  -36.059  -58.351  -6.934 0.1000000015
21798  -26.778  -57.490  -5.855 0.1000000015
21800  -28.512  -57.650  -5.501 0.1000000015
21816  -26.360  -57.369  -6.524 0.1000000015
21855  -26.762  -57.542  -7.999 0.1000000015
21023  -26.966  -58.989  -9.243 0.1000000015
19248  -28.266  -60.894  -9.914 0.1000000015
12076  -25.575  -68.399  -2.423 0.2000000030
12078  -27.459  -68.681  -2.388 0.2000000030
10527  -27.784  -70.138  -2.140 0.2000000030
116259  -26.000  -67.808  -2.439 0.3000000119
11286  -27.439  -69.455  -2.286 0.2000000030
13625  -30.669  -66.050  -2.621 0.3000000119
16160  -29.407  -64.122  -1.665 0.3000000119
14431  -30.184  -65.575  -2.545 0.3000000119
14414  -29.845  -65.176  -2.202 0.3000000119
118229  -30.222  -67.689  -2.677 0.3000000119
15260  -29.653  -64.233  -1.187 0.3000000119
19087  -30.736  -60.906  -0.586 0.3000000119
110615  -30.394  -60.289  -1.159 0.2000000030
111289  -31.149  -59.344  -2.760 0.1000000015
20058  -31.800  -59.568  -2.383 0.2000000030
20080  -30.748  -59.450  -3.833 0.1000000015
22636  -31.585  -56.519  -5.640 0.1000000015
22655  -34.520  -56.731  -6.526 0.1000000015
22651  -28.981  -56.057  -6.681 0.1000000015
23469  -30.449  -55.926  -6.011 0.1000000015
128058  -30.123  -55.619  -6.535 0.1000000015
21833  -27.182  -56.978  -7.373 0.1000000015
21834  -27.782  -56.710  -7.525 0.1000000015
21857  -28.192  -56.743  -8.137 0.1000000015
21006  -28.073  -57.555  -8.862 0.1000000015
21025  -28.939  -57.836  -9.396 0.1000000015
127682  -28.551  -59.259  -9.766 0.1000000015
115649  -25.080  -67.906  -2.408 0.3000000119
13622  -26.205  -66.361  -2.314 0.3000000119
13623  -27.606  -66.247  -2.367 0.3000000119
111086  -29.718  -64.846  -1.921 0.3000000119
14430  -29.030  -65.497  -2.124 0.3000000119
15243  -29.945  -64.232  -0.703 0.3000000119
114769  -29.935  -64.604  -0.159 0.3000000119
17100  -31.594  -62.674  0.531 0.2000000030
19089  -32.400  -60.810  -0.697 0.2000000030
127815  -32.556  -59.884  -1.849 0.2000000030
13612  -22.466  -66.563  -1.709 0.1000000015
16157  -24.305  -64.107  -1.330 0.2000000030
15255  -24.188  -65.036  -1.593 0.3000000119
14429  -27.030  -65.741  -2.132 0.3000000119
14411  -26.183  -65.252  -1.623 0.3000000119
124373  -29.001  -64.768  -0.226 0.3000000119
121470  -31.207  -64.680  0.777 0.2000000030
16125  -32.107  -63.172  0.981 0.1000000015
16103  -31.902  -64.041  1.122 0.1000000015
17101  -32.715  -62.818  1.087 0.2000000030
16138  -24.896  -63.451  -0.817 0.3000000119
16158  -25.406  -64.144  -1.084 0.3000000119
130496  -28.640  -64.634  0.274 0.3000000119
14385  -29.984  -65.393  0.969 0.2000000030
14386  -30.397  -65.522  1.240 0.2000000030
15205  -31.672  -64.948  1.253 0.1000000015
15206  -32.231  -65.200  1.619 0.1000000015
14374  -30.724  -65.946  1.657 0.1000000015
16105  -33.867  -63.591  1.704 0.1000000015
17131  -26.322  -63.204  0.036 0.3000000119
15223  -28.002  -64.299  0.357 0.3000000119
14361  -30.522  -65.832  1.825 0.1000000015
14362  -31.000  -66.542  2.125 0.1000000015
12835  -32.718  -69.235  2.794 0.1000000015
17074  -27.559  -62.584  1.260 0.2000000030
128663  -28.517  -63.637  1.348 0.2000000030
14339  -30.787  -65.955  2.416 0.1000000015
13575  -34.462  -67.503  2.670 0.1000000015
12042  -34.606  -69.838  2.921 0.1000000015
4251  -22.640  -80.947  -4.152 0.3000000119
3622  -22.131  -82.173  -3.533 0.3000000119
4903  -19.531  -78.661  -6.337 0.2000000030
5576  -19.484  -77.266  -7.513 0.2000000030
3605  -21.395  -82.269  -3.246 0.4000000060
4249  -20.460  -81.479  -3.935 0.3000000119
4261  -21.897  -80.982  -4.695 0.4000000060
3620  -20.641  -82.437  -3.801 0.3000000119
4248  -19.738  -80.892  -4.808 0.3000000119
4879  -22.507  -79.495  -4.957 0.4000000060
3079  -20.334  -82.625  -4.104 0.4000000060
4911  -19.391  -78.849  -7.080 0.2000000030
4894  -22.033  -79.537  -5.520 0.4000000060
3631  -20.925  -81.570  -5.076 0.4000000060
3092  -19.353  -82.495  -5.020 0.4000000060
5552  -22.248  -78.481  -5.649 0.4000000060
3085  -19.806  -82.624  -4.518 0.4000000060
117054  -19.277  -80.916  -5.598 0.3000000119
109340  -19.245  -79.903  -6.896 0.3000000119
4260  -21.423  -80.197  -5.731 0.4000000060
3630  -20.170  -82.545  -5.007 0.4000000060
4266  -19.130  -80.905  -6.318 0.4000000060
5564  -21.854  -77.821  -6.468 0.4000000060
3641  -20.797  -81.165  -6.019 0.4000000060
3646  -19.097  -81.909  -6.440 0.3000000119
4268  -21.377  -79.731  -6.708 0.4000000060
3640  -20.228  -82.436  -6.060 0.4000000060
5577  -21.757  -77.753  -7.583 0.4000000060
2560  -19.731  -83.163  -6.599 0.3000000119
6310  -21.791  -77.031  -7.099 0.4000000060
124939  -21.502  -79.450  -7.529 0.4000000060
4267  -20.983  -80.790  -7.070 0.4000000060
3104  -19.811  -83.178  -6.546 0.4000000060
4912  -21.624  -78.630  -7.182 0.4000000060
4284  -21.510  -79.907  -7.968 0.4000000060
3647  -20.495  -82.288  -6.875 0.4000000060
2570  -19.843  -83.785  -7.235 0.3000000119
129779  -21.781  -80.423  -8.365 0.4000000060
3648  -21.137  -81.395  -7.697 0.4000000060
3105  -20.450  -83.254  -7.225 0.3000000119
2579  -19.840  -84.078  -7.900 0.2000000030
6324  -21.854  -77.095  -7.958 0.3000000119
4927  -21.767  -78.630  -8.180 0.4000000060
5594  -22.038  -77.591  -8.390 0.4000000060
4928  -22.369  -78.708  -8.932 0.4000000060
3654  -21.945  -81.477  -8.406 0.4000000060
2580  -20.419  -83.917  -7.749 0.2000000030
126312  -21.012  -83.794  -8.301 0.2000000030
2608  -20.621  -83.372  -9.666 0.3000000119
131205  -22.261  -78.051  -8.741 0.3000000119
2581  -21.881  -83.287  -8.685 0.2000000030
3116  -22.108  -82.562  -8.510 0.2000000030
2592  -20.762  -83.760  -9.147 0.2000000030
2625  -21.110  -82.817  -10.792 0.2000000030
115481  -22.664  -75.994  -9.262 0.3000000119
6361  -22.651  -76.807  -9.260 0.3000000119
129912  -22.699  -79.404  -9.122 0.4000000060
114222  -23.149  -75.146  -9.429 0.3000000119
6362  -23.302  -76.640  -9.506 0.3000000119
126724  -23.421  -78.101  -9.492 0.2000000030
3667  -23.838  -80.752  -8.780 0.2000000030
2593  -21.647  -83.467  -9.369 0.1000000015
5617  -24.761  -77.609  -9.525 0.2000000030
118267  -24.223  -78.115  -9.504 0.2000000030
4304  -24.381  -80.058  -9.055 0.1000000015
2582  -22.900  -82.555  -8.779 0.1000000015
2610  -22.206  -83.021  -10.140 0.1000000015
2609  -21.379  -83.211  -10.252 0.1000000015
7833  -23.665  -74.461  -9.456 0.2000000030
121795  -23.675  -75.819  -9.557 0.3000000119
6363  -24.431  -76.612  -9.589 0.3000000119
8545  -23.772  -72.967  -9.102 0.2000000030
7834  -24.566  -74.577  -9.433 0.1000000015
7102  -23.955  -75.095  -9.554 0.3000000119
132430  -25.339  -77.111  -9.453 0.2000000030
120707  -25.092  -79.545  -9.169 0.1000000015
3117  -24.040  -82.218  -8.850 0.1000000015
2611  -23.113  -82.666  -10.525 0.1000000015
2627  -22.293  -82.753  -11.288 0.1000000015
8566  -24.228  -73.792  -9.321 0.2000000030
120021  -24.797  -75.519  -9.488 0.2000000030
116422  -25.553  -76.361  -9.383 0.2000000030
5618  -25.742  -77.927  -9.321 0.1000000015
4951  -25.110  -78.618  -9.401 0.1000000015
120518  -25.243  -80.403  -8.699 0.1000000015
3657  -25.252  -81.042  -8.545 0.1000000015
2595  -23.952  -82.383  -9.859 0.1000000015
2628  -23.295  -82.419  -11.620 0.1000000015
2639  -22.093  -82.450  -13.455 0.1000000015
7835  -25.501  -74.736  -9.221 0.1000000015
110940  -26.244  -77.208  -9.175 0.1000000015
4929  -27.039  -79.403  -8.413 0.1000000015
3658  -26.368  -80.797  -8.581 0.1000000015
3129  -24.845  -81.935  -9.471 0.1000000015
3140  -24.622  -82.026  -10.609 0.1000000015
2641  -22.704  -82.425  -12.299 0.1000000015
3182  -21.405  -82.150  -14.573 0.1000000015
5619  -26.749  -78.257  -8.746 0.1000000015
3668  -26.708  -80.823  -8.931 0.1000000015
3142  -26.076  -81.355  -9.678 0.1000000015
3727  -23.028  -81.880  -13.241 0.1000000015
3184  -22.540  -82.146  -14.024 0.1000000015
3684  -26.136  -81.131  -10.438 0.1000000015
18140  -33.697  -61.299  -0.424 0.2000000030
9251  -24.553  -72.354  -8.734 0.2000000030
8546  -24.840  -73.144  -8.893 0.1000000015
6364  -26.596  -76.346  -8.946 0.1000000015
7836  -26.289  -74.856  -8.822 0.1000000015
5596  -27.394  -77.364  -8.504 0.1000000015
3176  -23.304  -82.137  -12.522 0.1000000015
3141  -25.465  -81.582  -10.250 0.1000000015
4288  -27.450  -80.011  -8.368 0.1000000015
3621  -21.296  -82.405  -3.596 0.3000000119
4259  -19.602  -79.633  -5.699 0.3000000119
3619  -19.809  -82.241  -4.223 0.3000000119
125100  -20.023  -82.674  -4.182 0.3000000119
115677  -19.319  -79.782  -6.330 0.3000000119
3639  -18.994  -82.004  -5.575 0.3000000119
4893  -21.735  -78.935  -6.224 0.4000000060
3093  -19.655  -82.663  -5.524 0.4000000060
4285  -22.094  -79.505  -8.600 0.4000000060
3115  -21.304  -82.654  -7.885 0.2000000030
2591  -20.083  -83.889  -8.704 0.2000000030
4302  -23.055  -78.820  -9.384 0.3000000119
3666  -22.681  -80.398  -8.798 0.2000000030
5615  -22.956  -77.372  -9.445 0.3000000119
3655  -23.281  -81.755  -8.649 0.2000000030
4303  -23.405  -79.709  -9.213 0.4000000060
5616  -23.803  -77.387  -9.558 0.2000000030
4950  -24.082  -78.996  -9.443 0.2000000030
3656  -24.473  -81.417  -8.692 0.1000000015
2626  -21.650  -82.736  -11.355 0.1000000015
2594  -22.853  -82.857  -9.335 0.1000000015
130440  -25.601  -79.236  -9.092 0.1000000015
3118  -25.060  -81.596  -8.771 0.1000000015
3139  -23.914  -82.368  -10.924 0.1000000015
117039  -22.056  -82.550  -12.451 0.1000000015
8567  -25.182  -73.940  -9.102 0.1000000015
7103  -25.959  -75.522  -9.208 0.1000000015
4952  -26.091  -78.909  -8.980 0.1000000015
4286  -25.909  -80.639  -8.511 0.1000000015
3130  -25.638  -81.544  -9.203 0.1000000015
2646  -22.278  -82.381  -13.958 0.1000000015
4287  -26.621  -80.213  -8.493 0.1000000015
3193  -22.064  -82.292  -15.057 0.1000000015
113759  -27.764  -78.563  -8.213 0.1000000015
7088  -26.899  -75.473  -8.684 0.1000000015
3576  -25.266  -81.045  -1.293 0.3000000119
3575  -24.523  -81.100  -1.369 0.2000000030
128745  -23.844  -80.639  -1.537 0.3000000119
4225  -23.271  -81.483  -2.199 0.2000000030
4214  -26.636  -80.334  -1.241 0.4000000060
3592  -25.759  -80.935  -1.622 0.2000000030
4228  -26.191  -80.407  -1.753 0.4000000060
115745  -24.763  -81.667  -1.947 0.3000000119
4851  -23.033  -79.761  -2.166 0.2000000030
4854  -26.094  -79.753  -2.159 0.4000000060
3590  -24.051  -82.034  -2.055 0.2000000030
131715  -22.656  -81.600  -2.493 0.2000000030
5521  -22.510  -78.649  -2.344 0.1000000015
4867  -22.390  -80.028  -2.805 0.2000000030
5520  -22.074  -78.096  -2.984 0.1000000015
3608  -23.800  -81.981  -2.572 0.3000000119
5507  -21.891  -77.940  -2.024 0.1000000015
4237  -21.618  -81.150  -3.196 0.2000000030
6275  -21.366  -77.165  -3.066 0.1000000015
5535  -21.426  -77.686  -3.823 0.1000000015
4877  -21.012  -78.786  -4.516 0.1000000015
7055  -19.919  -75.624  -4.596 0.1000000015
117420  -20.521  -76.602  -4.658 0.1000000015
5534  -20.816  -77.385  -4.623 0.1000000015
7054  -19.672  -75.462  -5.389 0.1000000015
6295  -20.241  -76.102  -5.109 0.1000000015
4240  -24.331  -80.879  -3.033 0.3000000119
4238  -22.085  -82.121  -2.693 0.2000000030
4878  -21.747  -79.171  -3.598 0.2000000030
122931  -19.785  -76.426  -6.032 0.1000000015
113704  -19.328  -75.000  -5.854 0.1000000015
4868  -23.770  -79.969  -3.639 0.2000000030
4239  -23.668  -81.431  -3.216 0.3000000119
4892  -20.221  -79.275  -5.184 0.2000000030
5551  -20.303  -77.140  -5.449 0.1000000015
7787  -19.147  -74.908  -6.638 0.1000000015
7066  -19.503  -75.593  -6.299 0.1000000015
3623  -22.623  -82.132  -3.309 0.3000000119
3604  -20.921  -81.931  -3.328 0.3000000119
4891  -19.940  -78.375  -5.771 0.1000000015
120139  -19.364  -75.691  -7.082 0.1000000015
6309  -19.541  -76.231  -6.718 0.1000000015
114700  -19.477  -77.883  -6.900 0.1000000015
7086  -18.850  -74.970  -8.205 0.1000000015
4252  -23.172  -81.153  -3.605 0.2000000030
130150  -19.457  -78.008  -7.521 0.1000000015
7087  -19.154  -75.769  -8.777 0.1000000015
6342  -19.418  -76.666  -8.319 0.1000000015
116393  -19.476  -78.504  -7.967 0.1000000015
5593  -19.469  -77.636  -8.203 0.1000000015
4926  -19.567  -79.094  -8.541 0.1000000015
7845  -18.237  -74.585  -10.468 0.1000000015
7101  -18.966  -75.670  -9.644 0.1000000015
6360  -19.310  -76.511  -9.429 0.1000000015
122567  -19.541  -78.166  -8.821 0.1000000015
4275  -19.251  -80.650  -7.133 0.3000000119
6379  -19.282  -76.819  -10.283 0.1000000015
4227  -25.597  -80.992  -2.096 0.3000000119
4226  -24.689  -81.609  -2.274 0.2000000030
3606  -22.128  -82.414  -2.961 0.3000000119
5550  -19.759  -77.594  -6.256 0.1000000015
113299  -19.281  -75.784  -7.881 0.1000000015
119270  -20.505  -80.126  -4.501 0.2000000030
3589  -23.429  -82.008  -2.572 0.2000000030
3607  -23.039  -82.257  -2.849 0.3000000119
117820  -20.469  -78.109  -5.182 0.1000000015
7100  -18.743  -75.037  -9.152 0.1000000015
119296  -18.641  -75.029  -9.885 0.1000000015
110910  -19.478  -77.327  -9.046 0.1000000015
8563  -18.068  -73.721  -9.280 0.1000000015
4977  -19.551  -78.071  -11.077 0.1000000015
5646  -19.231  -77.781  -11.829 0.1000000015
112312  -20.002  -79.060  -10.976 0.2000000030
5668  -18.673  -77.628  -12.579 0.1000000015
126170  -19.779  -79.745  -9.179 0.2000000030
4325  -19.877  -79.193  -10.007 0.2000000030
5669  -19.196  -78.195  -12.384 0.2000000030
4301  -20.154  -80.299  -10.120 0.1000000015
4995  -18.869  -78.353  -13.001 0.1000000015
4338  -19.948  -79.336  -12.036 0.2000000030
4339  -20.347  -80.157  -11.409 0.1000000015
4283  -19.532  -80.250  -8.131 0.2000000030
4996  -19.435  -78.809  -12.592 0.1000000015
3653  -19.374  -81.635  -7.495 0.2000000030
3664  -19.755  -81.287  -8.762 0.2000000030
4355  -20.309  -80.246  -12.455 0.1000000015
3683  -20.593  -81.315  -10.823 0.1000000015
3103  -19.353  -82.797  -6.852 0.2000000030
3114  -19.449  -82.792  -7.885 0.2000000030
3128  -19.737  -82.689  -8.784 0.2000000030
3713  -20.718  -81.137  -11.968 0.1000000015
3665  -20.205  -81.884  -9.683 0.1000000015
2569  -19.615  -83.633  -7.417 0.2000000030
3138  -20.609  -82.593  -10.291 0.1000000015
3577  -26.127  -80.711  -0.831 0.2000000030
4213  -24.245  -80.523  -1.190 0.1000000015
7008  -30.077  -75.260  -0.811 0.2000000030
6985  -28.897  -76.596  -0.418 0.1000000015
11284  -25.605  -69.049  -2.379 0.1000000015
7700  -26.297  -73.979  -1.124 0.1000000015
7701  -26.822  -74.543  -1.031 0.1000000015
10514  -26.842  -70.861  -1.848 0.1000000015
8441  -27.130  -73.616  -1.358 0.1000000015
11283  -23.994  -69.127  -2.118 0.2000000030
127259  -24.760  -69.560  -2.171 0.1000000015
8413  -25.163  -73.261  0.229 0.1000000015
12075  -24.837  -68.697  -2.363 0.2000000030
10525  -25.635  -69.895  -2.170 0.1000000015
10513  -25.734  -70.773  -1.867 0.1000000015
9818  -25.900  -71.651  -1.647 0.1000000015
9169  -26.103  -72.377  -1.501 0.1000000015
8440  -25.992  -73.252  -1.301 0.1000000015
4205  -27.095  -80.256  -0.408 0.2000000030
6215  -30.036  -77.274  -0.536 0.1000000015
127790  -26.938  -71.698  -1.608 0.1000000015
12869  -23.694  -67.379  -2.227 0.2000000030
130716  -29.520  -75.850  -0.658 0.1000000015
118280  -25.821  -74.213  0.238 0.1000000015
8429  -25.297  -73.321  -0.588 0.1000000015
125746  -24.636  -70.559  -1.810 0.1000000015
3562  -26.468  -80.476  0.248 0.1000000015
3561  -25.631  -80.600  -0.018 0.1000000015
18105  -25.828  -61.676  0.609 0.1000000015
17095  -24.950  -62.205  -0.165 0.1000000015
113278  -24.137  -61.740  -0.251 0.1000000015
17128  -23.581  -62.406  -0.657 0.1000000015
112800  -21.928  -63.248  -1.027 0.1000000015
17129  -24.489  -62.663  -0.533 0.1000000015
16137  -23.916  -63.216  -1.000 0.1000000015
19067  -24.681  -60.496  0.850 0.1000000015
118300  -24.029  -60.889  0.288 0.1000000015
117368  -23.127  -60.634  0.309 0.1000000015
17126  -21.299  -62.189  -0.169 0.1000000015
18104  -24.993  -61.456  0.337 0.1000000015
18134  -22.707  -62.113  -0.587 0.1000000015
17127  -21.976  -62.536  -0.714 0.1000000015
16135  -20.801  -63.707  -0.430 0.1000000015
18082  -26.427  -61.475  1.187 0.1000000015
19065  -21.802  -60.265  0.911 0.1000000015
19050  -25.220  -60.253  1.569 0.1000000015
19049  -24.360  -59.882  1.475 0.1000000015
19048  -23.745  -60.124  0.798 0.1000000015
19066  -22.245  -60.685  0.388 0.1000000015
18081  -25.570  -60.929  0.996 0.1000000015
18133  -22.033  -61.843  -0.408 0.1000000015
18100  -20.961  -61.484  0.542 0.1000000015
18083  -27.238  -61.752  1.580 0.1000000015
126228  -27.894  -62.067  1.882 0.1000000015
19968  -24.049  -59.579  2.225 0.1000000015
19980  -23.453  -59.673  1.532 0.1000000015
19047  -22.701  -59.972  0.909 0.1000000015
19033  -25.656  -60.144  2.349 0.1000000015
19051  -26.059  -60.652  1.717 0.1000000015
131442  -28.088  -61.790  2.333 0.1000000015
16088  -28.861  -63.232  1.906 0.1000000015
19090  -33.204  -60.809  -0.851 0.1000000015
19115  -32.733  -60.452  -1.241 0.1000000015
19136  -34.132  -60.096  -2.304 0.1000000015
18065  -28.266  -61.554  2.795 0.1000000015
16089  -29.489  -63.734  2.216 0.1000000015
15194  -29.694  -64.747  1.840 0.1000000015
18108  -33.339  -61.760  0.201 0.1000000015
20039  -31.741  -59.911  -1.652 0.1000000015
18141  -34.528  -61.411  -0.634 0.1000000015
20084  -33.944  -59.921  -3.980 0.1000000015
20060  -33.347  -59.787  -2.483 0.1000000015
20061  -33.934  -59.739  -3.047 0.1000000015
19032  -24.867  -59.774  2.227 0.1000000015
19967  -23.211  -59.492  2.395 0.1000000015
19979  -22.587  -59.610  1.769 0.1000000015
20059  -32.549  -59.538  -2.971 0.1000000015
16155  -22.339  -63.972  -1.333 0.1000000015
15253  -22.365  -64.970  -1.527 0.1000000015
16156  -23.304  -63.750  -1.310 0.1000000015
17073  -26.952  -62.254  1.012 0.1000000015
18135  -23.300  -61.720  -0.392 0.1000000015
16136  -22.820  -62.987  -1.074 0.1000000015
15252  -21.603  -64.628  -1.242 0.1000000015
111215  -21.312  -63.066  -0.590 0.1000000015
18064  -26.872  -60.983  1.950 0.1000000015
17056  -27.619  -61.384  2.345 0.1000000015
19116  -33.478  -60.334  -1.598 0.1000000015
20083  -33.263  -59.699  -3.528 0.1000000015
110988  -24.830  -71.076  -8.526 0.1000000015
9898  -25.589  -71.245  -8.508 0.1000000015
10584  -25.260  -70.470  -8.528 0.1000000015
5463  -23.044  -78.925  0.352 0.1000000015
116809  -22.228  -78.890  0.302 0.1000000015
122965  -22.865  -79.217  0.201 0.1000000015
112212  -23.090  -77.905  0.034 0.1000000015
119181  -22.109  -77.948  0.016 0.1000000015
5462  -21.343  -78.898  0.309 0.1000000015
4807  -23.774  -79.501  0.522 0.1000000015
6211  -23.013  -76.576  -0.676 0.1000000015
117538  -24.157  -78.088  0.316 0.1000000015
4808  -24.634  -79.837  1.149 0.1000000015
6238  -22.004  -76.714  -0.695 0.1000000015
6980  -22.472  -75.693  -1.186 0.1000000015
6212  -24.019  -76.779  -0.291 0.1000000015
7699  -22.172  -75.021  -1.473 0.1000000015
127516  -23.744  -75.814  -0.432 0.1000000015
9763  -18.587  -71.907  4.229 0.1000000015
10454  -18.392  -70.723  4.002 0.1000000015
9124  -16.492  -71.260  1.686 0.1000000015
10473  -16.545  -70.496  1.156 0.1000000015
10498  -16.247  -69.788  -0.070 0.1000000015
4191  -24.198  -80.090  0.916 0.1000000015
10483  -15.166  -70.646  0.613 0.1000000015
11265  -17.517  -69.481  -0.704 0.1000000015
7006  -21.612  -75.863  -1.334 0.1000000015
7698  -21.571  -74.658  -1.651 0.1000000015
4839  -23.649  -79.677  -0.257 0.1000000015
11263  -15.822  -69.719  -0.824 0.1000000015
11281  -16.867  -69.869  -2.186 0.1000000015
9832  -18.602  -71.450  -2.527 0.1000000015
7697  -20.843  -74.227  -1.996 0.1000000015
8437  -20.935  -73.170  -2.129 0.1000000015
8439  -22.352  -74.072  -1.314 0.1000000015
6981  -23.199  -75.293  -0.797 0.1000000015
4852  -23.459  -79.705  -1.467 0.1000000015
10497  -14.923  -69.915  -0.872 0.1000000015
112363  -17.747  -71.336  -2.627 0.1000000015
9185  -20.208  -72.733  -2.357 0.1000000015
9165  -21.497  -72.667  -1.513 0.1000000015
10458  -17.911  -70.772  3.134 0.1000000015
9771  -17.591  -71.631  2.848 0.1000000015
9789  -17.077  -70.619  1.756 0.1000000015
114214  -25.734  -78.942  1.264 0.1000000015
4809  -25.746  -79.810  1.466 0.1000000015
4192  -24.883  -80.250  1.140 0.1000000015
10484  -16.698  -69.937  0.569 0.1000000015
10474  -17.200  -69.984  1.140 0.1000000015
10507  -18.595  -70.032  -1.949 0.1000000015
10523  -19.065  -70.790  -2.270 0.1000000015
9834  -20.141  -71.877  -2.248 0.1000000015
8428  -23.109  -74.233  -0.596 0.1000000015
9812  -19.857  -71.084  -2.038 0.1000000015
9813  -20.573  -71.472  -1.615 0.1000000015
9164  -20.848  -72.257  -1.946 0.1000000015
8427  -22.625  -73.456  -0.641 0.1000000015
11225  -18.257  -69.820  3.294 0.1000000015
11221  -18.725  -69.549  3.977 0.1000000015
11222  -19.374  -69.213  4.639 0.1000000015
110833  -26.921  -78.982  1.857 0.1000000015
10465  -17.896  -70.005  2.665 0.1000000015
109486  -25.581  -77.888  0.887 0.1000000015
4184  -26.904  -79.689  1.691 0.1000000015
11234  -17.721  -69.798  1.846 0.1000000015
4194  -26.496  -80.180  1.432 0.1000000015
11255  -17.751  -69.460  0.105 0.1000000015
11266  -18.326  -69.463  -0.520 0.1000000015
10508  -19.406  -70.344  -1.644 0.1000000015
11273  -18.072  -69.607  -1.398 0.1000000015
11274  -18.893  -69.720  -1.142 0.1000000015
9814  -21.274  -71.852  -1.190 0.1000000015
9157  -21.857  -72.294  -0.710 0.1000000015
10509  -20.184  -70.714  -1.271 0.1000000015
9806  -20.888  -71.147  -0.776 0.1000000015
11226  -19.268  -68.798  3.749 0.1000000015
132262  -18.746  -69.143  3.289 0.1000000015
11998  -20.017  -68.429  4.326 0.1000000015
11999  -20.888  -67.971  4.997 0.1000000015
6982  -24.509  -75.912  0.192 0.1000000015
6191  -25.089  -76.894  0.509 0.1000000015
5448  -27.615  -78.267  2.126 0.1000000015
11235  -18.481  -69.251  2.506 0.1000000015
3548  -25.185  -80.502  0.909 0.1000000015
11247  -18.611  -69.136  1.383 0.1000000015
8411  -23.030  -73.309  0.208 0.1000000015
131149  -23.925  -74.946  -0.057 0.1000000015
11246  -17.838  -69.507  0.914 0.1000000015
9807  -21.525  -71.579  -0.307 0.1000000015
11267  -19.139  -69.499  -0.258 0.1000000015
10500  -20.453  -70.446  -0.382 0.1000000015
127451  -20.055  -68.403  3.475 0.1000000015
11236  -19.211  -68.727  2.938 0.1000000015
3551  -27.329  -80.139  0.669 0.1000000015
9158  -22.416  -72.747  -0.269 0.1000000015
129602  -23.570  -74.081  0.263 0.1000000015
10486  -19.966  -69.749  0.044 0.1000000015
11256  -18.509  -69.317  0.368 0.1000000015
7663  -24.787  -75.383  1.030 0.1000000015
6182  -26.849  -76.401  2.455 0.1000000015
7662  -24.172  -74.479  0.995 0.1000000015
9143  -22.598  -72.485  0.586 0.1000000015
8412  -23.594  -73.643  1.097 0.1000000015
112325  -19.215  -68.809  2.129 0.1000000015
127080  -21.142  -70.892  0.048 0.1000000015
126008  -21.756  -71.341  0.595 0.1000000015
12049  -19.590  -69.001  1.378 0.1000000015
10487  -20.700  -70.229  0.411 0.1000000015
10488  -21.292  -70.665  0.704 0.1000000015
11258  -20.215  -69.517  0.826 0.1000000015
6957  -25.995  -75.878  2.240 0.1000000015
116414  -23.758  -73.220  1.876 0.1000000015
8396  -24.347  -74.058  2.005 0.1000000015
12036  -19.832  -68.595  2.628 0.1000000015
9797  -22.278  -71.431  1.297 0.1000000015
9126  -23.380  -72.397  1.977 0.1000000015
127244  -22.304  -71.874  0.795 0.1000000015
6958  -27.412  -76.114  2.853 0.1000000015
8381  -25.706  -74.452  3.181 0.1000000015
9106  -24.091  -72.815  2.439 0.1000000015
8380  -24.650  -73.469  2.683 0.1000000015
10475  -21.056  -70.002  1.167 0.1000000015
131331  -19.872  -68.775  1.983 0.1000000015
7650  -27.766  -75.332  3.189 0.1000000015
12789  -22.024  -67.493  5.769 0.1000000015
12798  -21.665  -67.494  4.992 0.1000000015
9781  -17.064  -71.494  2.255 0.1000000015
11272  -17.224  -69.581  -1.535 0.1000000015
11271  -16.348  -69.678  -1.571 0.1000000015
11282  -17.743  -69.877  -2.138 0.1000000015
10522  -18.216  -70.599  -2.410 0.1000000015
112774  -19.619  -72.325  -2.438 0.1000000015
8455  -20.115  -73.714  -2.272 0.1000000015
7696  -19.813  -74.903  -1.720 0.1000000015
10464  -17.508  -70.723  2.419 0.1000000015
6967  -25.580  -76.246  1.293 0.1000000015
7649  -25.174  -74.965  2.066 0.1000000015
9144  -23.137  -72.854  1.175 0.1000000015
113513  -21.729  -70.754  1.253 0.1000000015
6948  -26.577  -75.525  3.142 0.1000000015
11977  -21.253  -68.179  5.931 0.1000000015
5034  -7.736  -77.386  -16.293 0.1000000015
123769  -7.933  -77.994  -15.714 0.1000000015
5819  -7.383  -77.496  -21.504 0.1000000015
5807  -7.408  -77.506  -20.618 0.1000000015
6559  -7.801  -77.122  -20.268 0.1000000015
112324  -8.034  -76.933  -19.623 0.1000000015
5063  -7.403  -78.439  -17.488 0.1000000015
6573  -7.844  -76.984  -22.015 0.1000000015
6601  -8.296  -76.758  -23.323 0.1000000015
6615  -8.217  -76.825  -24.236 0.1000000015
6464  -8.144  -76.636  -16.089 0.1000000015
5725  -8.109  -77.242  -15.487 0.1000000015
5708  -8.489  -77.084  -14.714 0.1000000015
6487  -7.852  -76.830  -16.884 0.1000000015
6542  -7.777  -77.151  -18.869 0.1000000015
5773  -7.614  -77.333  -18.094 0.1000000015
5755  -7.499  -77.548  -17.244 0.1000000015
5021  -8.384  -77.976  -15.006 0.1000000015
112567  -7.945  -76.894  -21.070 0.1000000015
5079  -7.327  -78.580  -18.419 0.1000000015
5094  -7.245  -78.291  -19.329 0.1000000015
116149  -8.699  -76.668  -21.719 0.1000000015
117982  -9.620  -76.700  -23.089 0.1000000015
6603  -10.068  -76.815  -23.778 0.1000000015
115772  -12.830  -73.178  -10.211 0.1000000015
7870  -11.017  -74.275  -11.975 0.1000000015
8580  -12.840  -72.996  -11.044 0.1000000015
7201  -8.857  -75.910  -15.105 0.1000000015
6447  -8.761  -76.302  -14.551 0.1000000015
6432  -9.079  -76.025  -13.856 0.1000000015
7156  -9.996  -75.002  -13.205 0.1000000015
7140  -10.072  -75.618  -12.432 0.1000000015
6466  -8.821  -75.934  -15.907 0.1000000015
126954  -9.328  -76.574  -13.317 0.1000000015
6488  -8.545  -76.369  -16.754 0.1000000015
5709  -8.857  -77.719  -14.198 0.1000000015
6527  -8.043  -76.830  -18.198 0.1000000015
6511  -8.291  -76.609  -17.509 0.1000000015
6587  -9.481  -76.640  -22.369 0.1000000015
9274  -14.214  -72.495  -10.852 0.1000000015
8594  -11.584  -73.919  -11.412 0.1000000015
9273  -13.482  -72.699  -10.523 0.1000000015
7155  -9.580  -75.326  -13.882 0.1000000015
7909  -10.883  -74.256  -14.015 0.1000000015
7884  -10.637  -74.350  -13.348 0.1000000015
113926  -9.841  -75.044  -14.659 0.1000000015
7202  -9.404  -75.472  -15.284 0.1000000015
6528  -8.413  -76.720  -18.928 0.1000000015
6543  -8.882  -76.635  -19.669 0.1000000015
6561  -9.395  -76.594  -20.429 0.1000000015
121316  -9.833  -76.619  -21.363 0.1000000015
129798  -10.281  -76.692  -22.134 0.1000000015
6512  -9.097  -76.285  -17.508 0.1000000015
8579  -12.173  -73.651  -10.705 0.1000000015
8611  -11.676  -73.634  -12.294 0.1000000015
117355  -9.682  -76.358  -18.243 0.1000000015
7856  -11.222  -74.695  -11.256 0.1000000015
7227  -9.761  -75.519  -16.074 0.1000000015
7843  -12.090  -74.504  -10.083 0.1000000015
6514  -10.981  -76.076  -17.517 0.1000000015
6492  -12.198  -75.926  -16.742 0.1000000015
6493  -13.343  -76.625  -16.748 0.1000000015
130658  -11.574  -73.700  -12.924 0.1000000015
7928  -10.741  -74.580  -14.739 0.1000000015
7228  -10.719  -75.329  -16.179 0.1000000015
7205  -12.206  -74.952  -15.533 0.1000000015
6491  -11.308  -75.752  -16.832 0.1000000015
7230  -12.609  -75.688  -16.153 0.1000000015
7911  -12.293  -74.373  -14.767 0.1000000015
123861  -11.436  -73.881  -13.514 0.1000000015
7910  -11.524  -74.185  -14.344 0.1000000015
7178  -12.916  -74.849  -15.093 0.1000000015
7204  -11.155  -74.854  -15.568 0.1000000015
123655  -12.673  -76.420  -17.128 0.1000000015
7229  -11.701  -75.381  -16.197 0.1000000015
2137  -20.403  -83.953  -8.384 0.2000000030
2138  -21.103  -83.810  -8.759 0.2000000030
2578  -19.693  -83.675  -8.265 0.2000000030
2640  -22.570  -82.287  -13.251 0.1000000015
2657  -22.252  -82.276  -14.459 0.1000000015
3078  -19.651  -82.504  -4.513 0.4000000060
3119  -25.781  -81.187  -8.612 0.1000000015
3120  -26.268  -81.243  -9.021 0.1000000015
3158  -21.513  -82.350  -11.922 0.1000000015
3161  -25.621  -81.138  -10.997 0.2000000030
3183  -21.889  -82.401  -14.088 0.1000000015
3235  -21.085  -81.991  -17.945 0.1000000015
3549  -25.982  -80.499  1.001 0.1000000015
3550  -26.685  -80.312  1.089 0.1000000015
3574  -23.858  -81.718  -1.822 0.2000000030
3588  -22.624  -82.170  -2.665 0.2000000030
3591  -25.227  -81.466  -1.938 0.3000000119
3629  -19.242  -82.050  -4.847 0.3000000119
3659  -26.893  -80.469  -8.618 0.1000000015
3725  -22.382  -81.495  -14.705 0.1000000015
3755  -21.612  -81.513  -16.868 0.1000000015
3796  -19.448  -81.637  -19.454 0.1000000015
3797  -20.483  -81.489  -18.969 0.1000000015
3813  -18.973  -81.427  -20.753 0.1000000015
4185  -27.762  -79.461  1.931 0.1000000015
4193  -25.808  -80.239  1.326 0.1000000015
4204  -24.603  -80.359  0.866 0.1000000015
4250  -21.028  -80.429  -3.800 0.2000000030
4305  -25.994  -79.850  -8.591 0.1000000015
4306  -27.872  -80.020  -8.752 0.1000000015
4326  -27.228  -80.463  -10.098 0.2000000030
4375  -22.547  -80.393  -13.302 0.2000000030
4403  -21.229  -80.481  -16.255 0.1000000015
4429  -7.543  -79.093  -17.810 0.1000000015
4433  -20.615  -80.882  -18.691 0.1000000015
4463  -19.837  -81.195  -20.191 0.1000000015
4475  -18.595  -80.611  -21.511 0.1000000015
4811  -28.210  -79.176  1.940 0.1000000015
4825  -23.807  -79.630  0.473 0.1000000015
4840  -28.684  -79.153  -1.184 0.4000000060
4949  -22.682  -78.053  -9.267 0.3000000119
5035  -8.152  -78.683  -15.807 0.1000000015
5036  -8.558  -78.735  -15.240 0.1000000015
5051  -7.638  -78.350  -16.518 0.1000000015
5056  -19.628  -79.110  -16.644 0.1000000015
5129  -18.035  -79.323  -23.205 0.1000000015
5446  -24.705  -78.880  0.738 0.1000000015
5467  -30.785  -77.241  -1.016 0.3000000119
5487  -30.036  -78.184  -1.401 0.5000000000
5488  -30.566  -77.757  -1.145 0.2000000030
5563  -19.571  -76.979  -6.799 0.1000000015
5595  -22.415  -77.411  -9.046 0.3000000119
5647  -23.121  -77.740  -11.690 0.1000000015
5650  -25.597  -77.339  -11.698 0.1000000015
5687  -8.865  -76.825  -13.972 0.1000000015
5695  -20.881  -77.661  -13.030 0.1000000015
5698  -28.891  -77.835  -14.767 0.1000000015
5714  -19.526  -77.735  -14.887 0.1000000015
5716  -27.384  -77.777  -16.139 0.1000000015
5717  -27.907  -77.941  -15.849 0.1000000015
5728  -28.654  -77.396  -16.017 0.1000000015
5824  -17.339  -77.990  -21.584 0.1000000015
6217  -30.919  -76.771  -1.058 0.3000000119
6260  -29.580  -76.796  -2.152 0.4000000060
6262  -30.914  -75.987  -1.582 0.3000000119
6323  -19.453  -76.437  -7.390 0.1000000015
6400  -30.676  -76.729  -11.530 0.1000000015
6411  -9.547  -75.772  -13.208 0.1000000015
6416  -20.824  -76.261  -12.664 0.1000000015
6420  -24.501  -76.360  -12.638 0.1000000015
6448  -9.177  -75.643  -14.529 0.1000000015
6465  -8.467  -76.468  -15.303 0.1000000015
6470  -17.751  -76.215  -15.818 0.1000000015
6472  -24.774  -77.309  -17.932 0.1000000015
6489  -9.395  -75.963  -16.773 0.1000000015
6510  -7.793  -76.984  -17.574 0.1000000015
6515  -11.891  -76.184  -17.385 0.1000000015
6560  -8.429  -76.769  -20.338 0.1000000015
6574  -8.835  -76.638  -20.985 0.1000000015
6602  -9.068  -76.674  -23.633 0.1000000015
6949  -27.540  -75.539  3.308 0.1000000015
6987  -30.943  -76.278  -1.007 0.3000000119
7009  -30.912  -75.388  -0.991 0.2000000030
7115  -19.077  -76.164  -10.135 0.1000000015
7144  -22.160  -75.618  -12.547 0.1000000015
7161  -19.687  -75.362  -13.293 0.1000000015
7167  -31.108  -75.946  -14.190 0.1000000015
7177  -10.236  -74.691  -13.988 0.1000000015
7184  -23.159  -75.407  -14.301 0.1000000015
7203  -10.232  -75.075  -15.425 0.1000000015
7208  -17.522  -75.428  -15.490 0.1000000015
7214  -27.156  -77.152  -16.677 0.1000000015
7234  -24.215  -77.110  -18.229 0.1000000015
7235  -24.814  -77.139  -18.149 0.1000000015
7245  -16.328  -75.495  -17.422 0.1000000015
7680  -22.694  -74.836  -1.192 0.1000000015
7718  -26.671  -75.131  -2.718 0.5000000000
7722  -31.398  -74.604  -2.109 0.3000000119
7831  -18.394  -74.400  -9.617 0.1000000015
7842  -11.676  -74.339  -10.784 0.1000000015
7869  -10.486  -74.671  -12.552 0.1000000015
7929  -11.557  -74.503  -15.022 0.1000000015
7962  -16.071  -74.836  -16.991 0.1000000015
8438  -21.606  -73.592  -1.692 0.1000000015
8444  -31.478  -73.521  -1.601 0.3000000119
8461  -31.751  -73.641  -2.334 0.3000000119
8543  -21.767  -73.284  -8.289 0.4000000060
8595  -12.249  -73.345  -11.610 0.1000000015
8612  -12.446  -73.259  -12.325 0.1000000015
8617  -24.781  -73.223  -12.660 0.1000000015
8629  -12.214  -73.483  -13.047 0.1000000015
8634  -21.317  -73.759  -13.940 0.1000000015
8650  -18.324  -73.510  -14.108 0.1000000015
8652  -23.807  -73.345  -14.441 0.1000000015
9125  -22.719  -72.123  1.298 0.1000000015
9142  -22.128  -72.012  0.113 0.1000000015
9166  -22.149  -73.074  -1.105 0.1000000015
9174  -31.988  -72.691  -2.222 0.3000000119
9184  -18.919  -72.300  -2.544 0.1000000015
9188  -32.067  -72.691  -2.592 0.3000000119
9194  -24.048  -73.054  -3.725 0.6999999881
9196  -25.541  -72.777  -3.449 0.5000000000
9197  -26.979  -72.369  -3.393 0.5000000000
9202  -32.479  -71.888  -3.158 0.3000000119
9328  -18.315  -72.596  -14.426 0.1000000015
9342  -19.594  -72.204  -15.152 0.1000000015
9833  -19.401  -71.617  -2.403 0.1000000015
9837  -32.541  -71.182  -3.266 0.3000000119
9842  -23.918  -71.409  -3.655 0.4000000060
9847  -29.000  -71.363  -3.559 0.5000000000
9849  -32.212  -70.967  -3.791 0.4000000060
9894  -21.709  -71.541  -8.135 0.5000000000
9897  -24.269  -71.568  -8.615 0.1000000015
9944  -24.148  -71.770  -12.131 0.1000000015
10485  -17.299  -69.677  0.553 0.1000000015
10499  -19.702  -70.014  -0.793 0.1000000015
10529  -32.086  -69.830  -3.442 0.3000000119
10530  -32.515  -70.746  -3.650 0.3000000119
10558  -20.885  -69.919  -6.109 0.4000000060
10564  -21.068  -70.538  -6.798 0.5000000000
10581  -22.554  -70.327  -8.382 0.3000000119
10618  -25.356  -70.739  -11.563 0.1000000015
10635  -22.842  -70.009  -12.654 0.1000000015
11223  -34.004  -70.276  3.623 0.1000000015
11254  -17.016  -69.588  -0.034 0.1000000015
11257  -19.347  -69.258  0.597 0.1000000015
11264  -16.685  -69.556  -0.784 0.1000000015
11313  -21.650  -69.516  -4.526 0.4000000060
11407  -22.630  -69.319  -13.168 0.1000000015
12000  -33.790  -70.081  4.064 0.1000000015
12002  -35.860  -69.324  3.994 0.1000000015
12025  -34.338  -70.173  3.309 0.1000000015
12026  -35.253  -69.658  3.407 0.1000000015
12041  -33.202  -70.035  3.071 0.1000000015
12043  -35.575  -69.137  2.884 0.1000000015
12088  -24.538  -68.776  -3.513 0.5000000000
12093  -32.332  -68.085  -3.089 0.2000000030
12122  -25.976  -68.075  -8.507 0.1000000015
12183  -23.319  -68.289  -11.682 0.1000000015
12870  -24.578  -67.238  -2.371 0.3000000119
12875  -31.200  -66.892  -2.736 0.3000000119
12876  -32.301  -67.795  -3.064 0.2000000030
12914  -25.609  -67.345  -8.518 0.1000000015
13008  -22.956  -67.489  -13.249 0.1000000015
13626  -31.260  -66.666  -2.877 0.3000000119
13629  -21.581  -66.243  -4.237 0.3000000119
13630  -22.465  -66.543  -3.731 0.3000000119
13640  -21.207  -66.657  -4.765 0.4000000060
13659  -26.908  -66.501  -8.430 0.1000000015
14340  -31.265  -66.786  2.744 0.1000000015
14408  -22.393  -65.853  -1.625 0.1000000015
14557  -23.902  -64.742  -11.968 0.1000000015
15239  -21.024  -64.475  -0.719 0.1000000015
15342  -27.640  -64.364  -8.689 0.1000000015
16192  -21.801  -63.117  -3.928 0.3000000119
16217  -22.100  -63.205  -6.606 0.2000000030
16233  -26.951  -64.159  -8.546 0.1000000015
16246  -26.703  -63.506  -8.657 0.1000000015
17075  -28.228  -62.844  1.595 0.2000000030
17196  -22.260  -62.620  -3.592 0.2000000030
17224  -21.576  -62.647  -5.046 0.3000000119
17225  -21.850  -62.189  -5.618 0.3000000119
17231  -21.979  -62.657  -6.220 0.2000000030
18102  -22.638  -61.317  -0.163 0.1000000015
18103  -23.443  -61.218  -0.085 0.1000000015
18285  -25.495  -61.530  -8.566 0.1000000015
19114  -32.052  -60.362  -1.194 0.2000000030
19151  -24.407  -59.829  -3.307 0.1000000015
19166  -22.546  -60.631  -4.320 0.2000000030
19234  -26.075  -60.350  -8.920 0.1000000015
20035  -27.921  -59.771  -1.909 0.1000000015
20098  -26.122  -59.082  -4.228 0.1000000015
20146  -24.177  -59.235  -7.368 0.2000000030
20161  -25.155  -59.561  -8.347 0.1000000015
20162  -25.849  -59.555  -8.695 0.1000000015
20934  -25.018  -58.534  -5.096 0.1000000015
20961  -23.827  -58.857  -5.948 0.1000000015
20962  -24.374  -58.629  -5.516 0.1000000015
20976  -24.434  -58.476  -6.290 0.2000000030
21831  -25.809  -57.583  -6.929 0.1000000015
22633  -28.135  -56.895  -5.924 0.1000000015
22649  -27.740  -56.678  -6.716 0.1000000015
22652  -29.694  -56.030  -6.192 0.1000000015
23470  -31.198  -55.774  -5.995 0.1000000015
111005  -19.576  -78.522  -11.825 0.1000000015
111634  -19.435  -77.213  -9.766 0.1000000015
111804  -33.694  -69.737  2.787 0.1000000015
111963  -26.473  -71.186  -3.516 0.5000000000
111976  -33.531  -68.815  2.626 0.1000000015
112523  -22.864  -65.896  -3.609 0.3000000119
112872  -7.385  -77.737  -18.726 0.1000000015
113051  -21.322  -83.366  -8.066 0.2000000030
113440  -7.316  -77.895  -17.982 0.1000000015
115189  -24.475  -80.349  -11.696 0.2000000030
115253  -19.413  -79.484  -7.625 0.3000000119
116525  -21.442  -63.835  -0.957 0.1000000015
117419  -31.119  -65.327  1.190 0.1000000015
118144  -21.322  -71.891  -6.911 0.5000000000
118414  -27.240  -79.930  1.503 0.1000000015
118435  -28.892  -76.568  -15.713 0.1000000015
118625  -11.066  -73.994  -12.769 0.1000000015
119464  -29.214  -76.943  -15.718 0.1000000015
120927  -21.528  -72.757  -7.835 0.4000000060
121161  -8.770  -76.510  -18.227 0.1000000015
121348  -29.417  -79.012  -0.700 0.4000000060
122246  -19.284  -82.554  -5.895 0.3000000119
123670  -17.297  -73.730  -14.851 0.1000000015
123907  -25.782  -73.894  -0.749 0.1000000015
123991  -26.175  -74.676  -13.739 0.1000000015
125432  -24.487  -59.617  2.844 0.1000000015
125520  -24.658  -80.808  -8.665 0.1000000015
126220  -24.015  -68.155  -2.304 0.2000000030
126408  -22.774  -67.966  -12.669 0.1000000015
126665  -33.916  -70.089  2.891 0.1000000015
127105  -28.844  -59.383  -5.149 0.1000000015
127140  -29.628  -60.295  -1.239 0.2000000030
127158  -25.316  -77.040  -15.660 0.1000000015
127524  -24.335  -69.736  -11.545 0.1000000015
127712  -18.541  -77.208  -15.760 0.1000000015
128106  -22.036  -59.828  1.382 0.1000000015
128421  -26.055  -72.799  -12.198 0.1000000015
128963  -32.356  -70.884  -2.858 0.3000000119
128965  -30.892  -56.411  -5.692 0.1000000015
129082  -9.003  -76.606  -22.970 0.1000000015
129325  -8.254  -78.352  -15.436 0.1000000015
129366  -32.102  -68.320  -3.421 0.2000000030
129698  -24.332  -71.011  -8.525 0.1000000015
129964  -31.343  -69.986  -2.738 0.3000000119
130006  -33.534  -70.231  3.509 0.1000000015
130133  -25.273  -64.279  -10.957 0.1000000015
130135  -21.683  -65.221  -6.932 0.3000000119
130217  -27.082  -76.161  3.022 0.1000000015
130289  -20.878  -83.417  -7.676 0.2000000030
130345  -20.347  -81.674  -18.983 0.1000000015
130870  -23.424  -65.116  -7.937 0.2000000030
131246  -22.855  -66.819  -8.142 0.2000000030
131547  -24.340  -65.539  -3.479 0.5000000000
131855  -26.098  -57.703  -7.597 0.1000000015
132046  -25.253  -66.185  -10.737 0.1000000015
132087  -23.574  -60.805  -2.992 0.2000000030
132268  -27.012  -63.201  -8.821 0.1000000015
132282  -30.879  -61.954  -10.681 0.1000000015
