#!ascii label  , from subject sub-v1s11x0050162_ses-1 vox2ras=TkReg
281
61073  -24.492  -15.178  -20.047 0.0000000000
63866  -23.221  -12.056  -23.045 0.0000000000
74978  -24.485  0.184  -27.668 0.0000000000
71802  -25.024  -3.478  -25.156 0.0000000000
69283  -25.579  -6.624  -22.476 0.0000000000
64720  -26.935  -10.637  -20.270 0.0000000000
75882  -24.079  1.364  -28.747 0.0000000000
129070  -25.106  -4.763  -23.772 0.0000000000
68472  -23.570  -7.752  -24.267 0.0000000000
119039  -23.521  -13.729  -21.456 0.0000000000
65714  -24.815  -10.684  -21.699 0.0000000000
63847  -25.486  -12.694  -20.528 0.0000000000
57118  -21.238  -19.256  -19.380 0.0000000000
61093  -22.403  -15.818  -21.334 0.0000000000
80312  -24.572  6.225  -31.757 0.0000000000
78716  -25.485  5.093  -31.225 0.0000000000
78699  -26.608  4.335  -29.768 0.0000000000
76881  -26.971  3.155  -27.922 0.0000000000
75860  -26.655  1.377  -26.528 0.0000000000
73322  -24.531  -1.529  -26.758 0.0000000000
74092  -26.482  -0.574  -25.292 0.0000000000
72535  -27.142  -2.023  -23.876 0.0000000000
71756  -26.995  -3.850  -22.841 0.0000000000
125900  -27.420  -5.718  -21.645 0.0000000000
66676  -24.025  -9.489  -22.993 0.0000000000
67557  -26.364  -8.241  -21.435 0.0000000000
68479  -23.514  -7.095  -24.976 0.0000000000
67590  -22.927  -8.745  -25.420 0.0000000000
61979  -24.150  -13.894  -20.870 0.0000000000
62941  -24.918  -13.420  -20.604 0.0000000000
61967  -25.328  -13.995  -20.017 0.0000000000
54294  -20.512  -22.517  -16.219 0.0000000000
55243  -20.857  -21.782  -16.589 0.0000000000
55261  -21.233  -21.087  -16.943 0.0000000000
61977  -22.581  -14.941  -21.657 0.0000000000
60197  -21.495  -16.177  -21.924 0.0000000000
78708  -26.098  4.650  -30.518 0.0000000000
74994  -24.665  0.964  -28.008 0.0000000000
76880  -26.232  2.758  -28.350 0.0000000000
75871  -25.440  1.366  -27.615 0.0000000000
76868  -27.406  2.809  -27.239 0.0000000000
74980  -25.869  0.982  -26.873 0.0000000000
72562  -24.700  -2.288  -26.169 0.0000000000
130579  -25.992  -0.679  -25.688 0.0000000000
73296  -25.848  -2.045  -24.902 0.0000000000
74073  -27.098  -0.799  -24.613 0.0000000000
72533  -26.007  -2.686  -24.437 0.0000000000
70119  -25.303  -5.311  -23.225 0.0000000000
121355  -25.638  -4.565  -23.371 0.0000000000
70107  -25.982  -5.177  -22.747 0.0000000000
70109  -27.190  -5.202  -22.160 0.0000000000
69284  -26.140  -6.009  -22.413 0.0000000000
64753  -23.014  -11.504  -23.842 0.0000000000
127552  -23.637  -9.994  -23.470 0.0000000000
65738  -23.988  -10.304  -22.785 0.0000000000
65704  -26.229  -10.564  -20.811 0.0000000000
66658  -25.714  -9.443  -21.463 0.0000000000
66646  -26.682  -9.388  -20.837 0.0000000000
68445  -27.043  -7.874  -20.997 0.0000000000
66647  -27.299  -9.390  -20.453 0.0000000000
123062  -22.417  -19.325  -18.378 0.0000000000
58092  -21.606  -18.554  -19.904 0.0000000000
58093  -22.468  -18.335  -19.476 0.0000000000
59129  -22.876  -17.692  -19.755 0.0000000000
71008  -24.013  -4.431  -25.962 0.0000000000
71003  -24.995  -3.934  -24.693 0.0000000000
70127  -24.191  -5.454  -24.557 0.0000000000
69292  -24.185  -6.194  -23.900 0.0000000000
68473  -24.249  -7.209  -23.463 0.0000000000
63867  -23.608  -12.295  -22.223 0.0000000000
64744  -23.950  -11.673  -22.225 0.0000000000
63857  -24.289  -12.292  -21.607 0.0000000000
64731  -25.307  -11.927  -20.949 0.0000000000
64719  -26.503  -11.338  -20.352 0.0000000000
56220  -21.224  -20.104  -18.121 0.0000000000
62964  -22.567  -13.311  -23.021 0.0000000000
61990  -22.954  -13.445  -22.200 0.0000000000
61978  -23.255  -14.477  -21.273 0.0000000000
61085  -23.694  -15.538  -20.420 0.0000000000
80991  -25.497  7.334  -33.019 0.0000000000
78713  -23.968  5.159  -30.724 0.0000000000
79566  -25.040  5.543  -31.792 0.0000000000
80303  -27.570  6.108  -31.349 0.0000000000
79559  -28.145  5.831  -30.426 0.0000000000
78701  -28.236  4.881  -29.214 0.0000000000
76892  -25.892  3.061  -29.127 0.0000000000
77830  -26.630  3.419  -28.684 0.0000000000
78690  -27.809  4.329  -28.778 0.0000000000
77819  -27.769  3.487  -27.612 0.0000000000
76869  -28.195  3.205  -26.909 0.0000000000
75862  -28.305  2.060  -25.840 0.0000000000
74116  -24.875  -0.094  -27.069 0.0000000000
74967  -25.560  0.071  -26.570 0.0000000000
74969  -27.083  1.012  -25.886 0.0000000000
75847  -27.858  1.348  -25.568 0.0000000000
74938  -28.029  0.394  -24.810 0.0000000000
73280  -27.867  -1.730  -23.460 0.0000000000
71791  -26.274  -3.139  -23.945 0.0000000000
71776  -26.892  -2.780  -23.573 0.0000000000
66687  -23.112  -9.319  -24.690 0.0000000000
113312  -23.941  -8.078  -23.514 0.0000000000
68465  -24.551  -8.052  -22.839 0.0000000000
114890  -24.541  -10.301  -22.104 0.0000000000
66664  -25.066  -9.127  -21.896 0.0000000000
68466  -25.687  -7.639  -22.036 0.0000000000
68454  -26.514  -7.411  -21.547 0.0000000000
69261  -27.607  -7.217  -20.785 0.0000000000
60180  -22.651  -16.584  -20.655 0.0000000000
60181  -23.430  -16.284  -20.214 0.0000000000
60163  -24.539  -16.412  -19.350 0.0000000000
61966  -24.657  -14.311  -20.362 0.0000000000
61955  -25.077  -14.658  -19.863 0.0000000000
61074  -25.206  -15.271  -19.524 0.0000000000
53279  -21.096  -23.135  -15.787 0.0000000000
54295  -21.387  -22.408  -16.170 0.0000000000
75872  -26.239  1.733  -27.235 0.0000000000
74979  -25.133  0.596  -27.275 0.0000000000
71801  -24.628  -3.530  -25.695 0.0000000000
71812  -24.321  -3.195  -26.275 0.0000000000
72549  -24.913  -2.950  -25.652 0.0000000000
72563  -25.305  -2.156  -25.554 0.0000000000
72550  -25.452  -2.822  -25.035 0.0000000000
69293  -24.920  -6.248  -23.137 0.0000000000
118951  -25.580  -5.868  -22.772 0.0000000000
65737  -23.375  -10.677  -23.637 0.0000000000
64743  -23.618  -11.175  -22.945 0.0000000000
65716  -26.265  -9.764  -21.056 0.0000000000
115600  -26.794  -9.978  -20.620 0.0000000000
65705  -27.300  -10.089  -20.256 0.0000000000
66622  -27.761  -9.851  -19.926 0.0000000000
57119  -22.021  -18.951  -19.071 0.0000000000
70135  -23.720  -5.199  -25.922 0.0000000000
70136  -24.170  -4.878  -25.278 0.0000000000
70126  -23.786  -5.662  -25.305 0.0000000000
69299  -23.764  -6.263  -24.704 0.0000000000
68480  -23.768  -6.879  -24.200 0.0000000000
62951  -23.591  -12.903  -21.833 0.0000000000
62952  -24.253  -13.137  -21.239 0.0000000000
63846  -24.863  -12.585  -21.030 0.0000000000
111709  -26.002  -12.037  -20.425 0.0000000000
63822  -26.668  -12.078  -19.888 0.0000000000
63848  -26.194  -12.860  -19.975 0.0000000000
54293  -19.515  -22.633  -16.235 0.0000000000
53277  -18.686  -23.131  -15.949 0.0000000000
56204  -21.649  -20.481  -17.410 0.0000000000
56205  -22.519  -20.325  -17.261 0.0000000000
61084  -23.126  -15.207  -20.988 0.0000000000
130307  -23.048  -15.875  -20.698 0.0000000000
80979  -24.986  6.823  -32.357 0.0000000000
80323  -25.609  6.832  -32.974 0.0000000000
80322  -25.050  6.363  -32.277 0.0000000000
78715  -24.840  5.049  -31.121 0.0000000000
79567  -25.744  5.585  -31.850 0.0000000000
80313  -26.007  5.997  -32.442 0.0000000000
79568  -26.621  5.759  -31.693 0.0000000000
78709  -26.961  4.913  -30.247 0.0000000000
79547  -27.791  5.207  -29.944 0.0000000000
78700  -27.422  4.608  -29.496 0.0000000000
76879  -25.431  2.417  -28.815 0.0000000000
77831  -27.388  3.763  -28.332 0.0000000000
77832  -28.182  4.083  -28.055 0.0000000000
76854  -27.020  2.116  -26.861 0.0000000000
76855  -27.860  2.468  -26.540 0.0000000000
75861  -27.458  1.735  -26.196 0.0000000000
72573  -24.133  -2.374  -26.860 0.0000000000
74103  -25.001  -0.732  -26.643 0.0000000000
74105  -26.110  -0.163  -25.895 0.0000000000
74952  -26.769  0.273  -25.571 0.0000000000
74953  -27.520  0.660  -25.324 0.0000000000
74954  -28.177  0.945  -25.139 0.0000000000
74093  -27.266  -0.033  -24.976 0.0000000000
118108  -26.962  -1.481  -24.332 0.0000000000
73298  -27.747  -1.135  -23.972 0.0000000000
70995  -24.714  -4.624  -24.504 0.0000000000
71790  -25.544  -3.430  -24.418 0.0000000000
70996  -25.296  -4.165  -24.062 0.0000000000
70973  -26.388  -4.318  -22.980 0.0000000000
71775  -26.623  -3.504  -23.322 0.0000000000
72519  -27.546  -2.359  -23.240 0.0000000000
71757  -27.312  -3.104  -22.863 0.0000000000
69273  -27.961  -5.786  -21.240 0.0000000000
66675  -23.563  -9.379  -23.749 0.0000000000
67572  -24.020  -8.755  -23.252 0.0000000000
67564  -24.554  -8.897  -22.566 0.0000000000
65725  -24.305  -10.942  -22.215 0.0000000000
67556  -25.703  -8.634  -21.700 0.0000000000
67565  -25.103  -8.352  -22.216 0.0000000000
130290  -27.514  -7.835  -20.631 0.0000000000
59130  -23.555  -17.420  -19.401 0.0000000000
59146  -23.153  -16.996  -19.984 0.0000000000
60162  -23.840  -16.700  -19.642 0.0000000000
59131  -24.243  -17.126  -19.086 0.0000000000
69298  -23.546  -6.448  -25.532 0.0000000000
114670  -23.238  -7.936  -25.292 0.0000000000
67579  -23.273  -8.496  -24.752 0.0000000000
62942  -25.597  -13.341  -20.178 0.0000000000
62927  -25.990  -13.705  -19.676 0.0000000000
61956  -25.742  -14.560  -19.447 0.0000000000
53278  -20.237  -23.226  -15.778 0.0000000000
56203  -20.786  -20.634  -17.600 0.0000000000
55244  -21.710  -21.681  -16.496 0.0000000000
61989  -22.224  -14.709  -22.486 0.0000000000
61105  -21.915  -15.399  -22.218 0.0000000000
79556  -24.237  5.769  -30.961 0.0000000000
114046  -25.264  4.459  -30.650 0.0000000000
79557  -26.379  5.247  -31.045 0.0000000000
77852  -25.812  4.016  -30.060 0.0000000000
130109  -25.612  3.423  -29.713 0.0000000000
75883  -24.993  1.720  -28.434 0.0000000000
76866  -25.799  2.103  -27.969 0.0000000000
76867  -26.605  2.455  -27.581 0.0000000000
73323  -25.181  -1.469  -26.131 0.0000000000
73313  -25.821  -1.286  -25.494 0.0000000000
73297  -26.409  -1.358  -24.809 0.0000000000
118916  -26.463  -2.030  -24.382 0.0000000000
70974  -27.133  -4.475  -22.576 0.0000000000
123362  -26.669  -4.953  -22.601 0.0000000000
70108  -26.563  -5.489  -22.393 0.0000000000
70093  -26.763  -6.033  -21.880 0.0000000000
112262  -23.200  -10.107  -24.203 0.0000000000
65715  -25.438  -10.795  -21.275 0.0000000000
65726  -25.092  -9.994  -21.649 0.0000000000
114587  -25.783  -10.119  -21.265 0.0000000000
66659  -26.274  -9.045  -21.244 0.0000000000
67544  -26.846  -8.739  -20.889 0.0000000000
67545  -27.543  -8.451  -20.476 0.0000000000
67546  -28.158  -8.341  -19.991 0.0000000000
67525  -27.994  -9.084  -19.992 0.0000000000
57104  -21.629  -19.548  -18.610 0.0000000000
111306  -22.191  -17.887  -20.192 0.0000000000
58094  -23.232  -18.118  -19.115 0.0000000000
71002  -24.564  -4.091  -25.348 0.0000000000
70118  -24.688  -5.377  -23.791 0.0000000000
64730  -24.792  -11.464  -21.518 0.0000000000
131689  -24.841  -12.068  -21.282 0.0000000000
131535  -25.349  -11.377  -21.139 0.0000000000
64718  -25.805  -11.331  -20.814 0.0000000000
64697  -27.242  -11.346  -19.742 0.0000000000
62928  -26.644  -13.365  -19.369 0.0000000000
53253  -19.100  -23.843  -15.510 0.0000000000
57103  -20.823  -19.802  -18.876 0.0000000000
57091  -22.031  -19.851  -17.867 0.0000000000
62977  -22.725  -12.717  -23.342 0.0000000000
62965  -23.100  -12.763  -22.595 0.0000000000
129004  -22.777  -14.186  -21.908 0.0000000000
132463  -23.699  -14.183  -21.048 0.0000000000
61965  -23.868  -14.677  -20.696 0.0000000000
80980  -25.414  7.578  -31.923 0.0000000000
79555  -23.766  5.383  -30.462 0.0000000000
79565  -24.597  5.564  -31.336 0.0000000000
79573  -24.868  5.932  -32.003 0.0000000000
79574  -25.382  6.108  -32.398 0.0000000000
80324  -26.002  6.529  -33.111 0.0000000000
79558  -27.263  5.531  -30.747 0.0000000000
80304  -28.542  6.399  -30.988 0.0000000000
79548  -28.634  5.503  -29.634 0.0000000000
77841  -26.286  3.698  -29.410 0.0000000000
77842  -27.001  4.069  -29.031 0.0000000000
79541  -29.082  5.190  -28.806 0.0000000000
78691  -28.565  4.628  -28.501 0.0000000000
78681  -29.014  4.489  -27.777 0.0000000000
77820  -28.557  3.823  -27.339 0.0000000000
74115  -24.384  -0.712  -27.413 0.0000000000
74968  -26.335  0.595  -26.219 0.0000000000
74104  -25.626  -0.720  -26.089 0.0000000000
74074  -27.901  -0.302  -24.430 0.0000000000
74075  -28.638  -0.457  -23.872 0.0000000000
72534  -26.573  -2.563  -24.069 0.0000000000
71774  -25.931  -3.829  -23.670 0.0000000000
70975  -27.618  -3.829  -22.504 0.0000000000
67571  -23.515  -8.624  -23.993 0.0000000000
68474  -25.001  -7.268  -22.689 0.0000000000
66663  -24.544  -9.670  -22.311 0.0000000000
128651  -25.088  -7.830  -22.426 0.0000000000
69271  -26.214  -6.738  -21.967 0.0000000000
119262  -26.761  -6.753  -21.580 0.0000000000
68455  -27.063  -7.160  -21.263 0.0000000000
69272  -27.376  -6.450  -21.323 0.0000000000
59158  -22.012  -16.557  -21.263 0.0000000000
132331  -22.574  -17.295  -20.295 0.0000000000
60182  -24.130  -15.982  -19.872 0.0000000000
