#!ascii label  , from subject sub-v1s11x0050162_ses-1 vox2ras=TkReg
1018
84993  38.459  27.216  17.253 0.0000000000
85802  45.082  29.132  11.018 0.0000000000
82789  35.391  24.373  -4.278 0.0000000000
118918  44.401  19.515  -3.283 0.0000000000
82640  40.356  24.936  11.098 0.0000000000
84390  34.577  26.339  1.845 0.0000000000
83582  42.673  25.139  2.075 0.0000000000
81911  33.507  23.339  -1.980 0.0000000000
84304  37.738  26.582  10.516 0.0000000000
87202  43.739  31.229  17.747 0.0000000000
84299  45.362  26.938  11.219 0.0000000000
85212  34.031  26.910  -8.440 0.0000000000
80329  35.729  21.064  -5.233 0.0000000000
107188  38.133  22.157  3.021 0.0000000000
79480  39.571  20.561  -2.711 0.0000000000
116061  32.431  26.365  -2.836 0.0000000000
115860  40.080  31.418  15.771 0.0000000000
86489  40.917  29.382  18.698 0.0000000000
84294  43.314  26.374  11.577 0.0000000000
85193  34.639  26.985  -4.495 0.0000000000
85960  35.506  28.547  -7.125 0.0000000000
84457  35.454  25.983  -7.442 0.0000000000
119631  34.598  23.634  -7.099 0.0000000000
81945  36.827  23.013  -6.688 0.0000000000
85059  41.156  27.968  11.243 0.0000000000
81803  37.626  23.700  7.211 0.0000000000
84333  40.838  26.094  7.872 0.0000000000
120181  43.663  22.683  -1.208 0.0000000000
80279  41.334  21.637  0.275 0.0000000000
78603  42.604  19.727  -2.662 0.0000000000
77713  39.825  18.989  -4.186 0.0000000000
76786  41.976  18.159  -2.821 0.0000000000
129861  40.571  17.561  0.144 0.0000000000
82634  37.484  24.568  13.567 0.0000000000
85027  39.123  27.152  13.382 0.0000000000
116260  34.883  24.933  -0.969 0.0000000000
86583  47.918  30.355  9.326 0.0000000000
114073  43.016  26.468  6.738 0.0000000000
85119  45.509  27.222  5.606 0.0000000000
114176  44.416  26.248  -0.112 0.0000000000
84327  34.284  25.944  8.800 0.0000000000
86560  37.410  29.911  11.651 0.0000000000
87924  41.752  31.963  13.058 0.0000000000
87912  45.705  32.241  14.466 0.0000000000
85768  42.157  28.500  13.736 0.0000000000
85748  45.880  29.329  14.526 0.0000000000
86525  48.434  30.893  13.473 0.0000000000
85066  48.309  28.244  10.115 0.0000000000
80167  37.923  22.188  14.836 0.0000000000
88081  35.873  31.213  -8.515 0.0000000000
85953  33.284  28.602  -5.860 0.0000000000
115512  33.409  25.391  -5.266 0.0000000000
81104  34.209  21.991  -3.739 0.0000000000
78621  34.591  19.690  -2.377 0.0000000000
82695  34.554  24.471  5.921 0.0000000000
81873  35.177  23.362  2.223 0.0000000000
81080  35.660  22.674  -0.718 0.0000000000
81871  40.368  23.346  2.652 0.0000000000
80293  38.124  20.871  -0.768 0.0000000000
81096  37.278  22.067  -3.630 0.0000000000
79503  38.228  21.352  -5.235 0.0000000000
78618  37.317  19.298  -3.103 0.0000000000
84442  32.145  26.992  -2.768 0.0000000000
110383  32.581  28.067  -3.159 0.0000000000
86481  39.981  29.080  18.838 0.0000000000
85733  39.652  28.469  18.027 0.0000000000
83639  34.611  25.682  -3.838 0.0000000000
84452  34.692  26.574  -5.340 0.0000000000
83652  35.493  25.112  -5.639 0.0000000000
82802  36.224  24.103  -6.898 0.0000000000
82796  36.334  24.117  -5.858 0.0000000000
85804  43.251  28.632  11.380 0.0000000000
85095  41.203  27.199  9.241 0.0000000000
85082  42.400  27.641  9.411 0.0000000000
80301  44.834  21.083  -2.379 0.0000000000
80302  43.618  21.097  -1.437 0.0000000000
79477  43.573  19.693  -3.108 0.0000000000
78627  42.741  19.031  -4.114 0.0000000000
77704  43.577  19.116  -3.687 0.0000000000
77688  42.904  18.401  -2.356 0.0000000000
107454  44.842  18.781  -2.415 0.0000000000
82642  37.599  24.250  12.188 0.0000000000
84424  34.949  26.538  -0.995 0.0000000000
83612  34.742  25.729  -0.455 0.0000000000
85850  48.432  29.535  8.028 0.0000000000
85859  46.177  28.676  7.671 0.0000000000
85109  46.721  28.005  6.245 0.0000000000
115644  45.632  26.454  2.349 0.0000000000
84422  46.627  27.305  -1.669 0.0000000000
82780  45.532  25.307  -3.256 0.0000000000
87891  41.854  31.860  15.951 0.0000000000
88534  40.803  32.403  13.632 0.0000000000
88523  43.196  32.370  15.367 0.0000000000
110864  43.379  32.378  13.955 0.0000000000
129586  45.139  32.163  15.765 0.0000000000
83485  39.451  26.039  12.164 0.0000000000
85770  40.174  28.293  13.833 0.0000000000
113205  41.116  26.741  12.278 0.0000000000
84293  44.561  26.508  11.176 0.0000000000
85043  44.066  27.260  12.421 0.0000000000
85782  45.495  28.117  13.145 0.0000000000
86527  47.027  29.607  14.414 0.0000000000
85040  47.225  28.694  12.652 0.0000000000
85800  48.614  29.422  11.385 0.0000000000
85067  46.971  27.590  10.573 0.0000000000
84329  48.076  26.494  7.600 0.0000000000
85982  35.108  28.245  -8.603 0.0000000000
86731  35.899  30.388  -8.535 0.0000000000
117909  34.803  28.988  -8.803 0.0000000000
86712  34.304  29.977  -7.223 0.0000000000
85199  33.343  27.953  -6.842 0.0000000000
84459  32.979  26.634  -5.817 0.0000000000
84464  33.363  26.395  -6.936 0.0000000000
80337  35.359  22.368  -6.334 0.0000000000
81935  34.355  22.921  -5.173 0.0000000000
80321  34.655  21.336  -4.183 0.0000000000
79492  34.280  20.499  -2.908 0.0000000000
79490  35.500  20.197  -3.978 0.0000000000
84315  36.188  25.885  10.125 0.0000000000
116997  34.359  25.150  7.356 0.0000000000
82658  35.855  24.412  8.381 0.0000000000
80999  38.068  22.837  5.249 0.0000000000
81012  36.228  22.672  4.063 0.0000000000
81044  36.404  22.314  2.724 0.0000000000
128110  35.610  22.645  0.918 0.0000000000
112439  36.295  21.888  0.418 0.0000000000
83548  42.866  25.422  4.934 0.0000000000
83560  41.874  24.821  5.089 0.0000000000
82729  41.418  24.202  2.466 0.0000000000
79454  40.546  20.396  -0.781 0.0000000000
80292  40.082  20.761  -0.021 0.0000000000
79468  39.200  20.563  -1.743 0.0000000000
80303  37.718  21.185  -1.867 0.0000000000
80319  38.654  21.443  -4.016 0.0000000000
80328  38.082  22.097  -4.969 0.0000000000
80326  39.314  21.036  -4.326 0.0000000000
77699  39.352  18.428  -3.129 0.0000000000
77707  38.330  19.026  -3.441 0.0000000000
114003  38.677  18.604  -2.778 0.0000000000
78604  37.230  19.210  -2.026 0.0000000000
85149  34.822  27.101  2.564 0.0000000000
115559  32.462  25.547  -1.537 0.0000000000
82783  32.877  24.876  -2.008 0.0000000000
87906  37.944  31.509  13.663 0.0000000000
87214  38.943  30.521  16.205 0.0000000000
87188  40.984  30.106  18.587 0.0000000000
86487  42.505  30.560  18.042 0.0000000000
83491  41.635  25.703  11.340 0.0000000000
85192  35.058  27.885  -5.520 0.0000000000
84463  35.278  26.931  -7.022 0.0000000000
84476  34.848  26.131  -8.839 0.0000000000
83662  34.331  25.588  -8.352 0.0000000000
82821  35.015  24.981  -8.553 0.0000000000
81130  35.584  23.103  -7.513 0.0000000000
80342  35.864  22.263  -6.730 0.0000000000
84302  39.469  26.857  10.162 0.0000000000
83518  37.349  24.946  8.979 0.0000000000
83516  39.247  25.578  8.540 0.0000000000
82679  39.045  24.094  6.892 0.0000000000
81828  39.380  23.517  5.531 0.0000000000
82762  43.044  24.572  -0.502 0.0000000000
81065  41.912  23.195  0.435 0.0000000000
81077  42.435  22.558  -0.088 0.0000000000
119790  41.549  20.428  -0.746 0.0000000000
79478  41.180  19.839  -3.111 0.0000000000
79496  40.009  20.304  -4.368 0.0000000000
78634  41.315  19.308  -4.257 0.0000000000
108377  41.240  18.644  -4.137 0.0000000000
76788  40.511  17.780  -2.699 0.0000000000
76759  42.023  17.512  0.658 0.0000000000
113595  38.096  25.948  14.805 0.0000000000
85011  38.744  27.238  14.324 0.0000000000
83481  38.134  25.848  13.136 0.0000000000
83486  38.526  25.609  12.435 0.0000000000
81782  39.027  23.975  11.007 0.0000000000
84441  35.082  27.168  -2.641 0.0000000000
83632  34.696  25.907  -2.832 0.0000000000
83631  34.784  24.951  -2.593 0.0000000000
86572  46.224  29.673  10.881 0.0000000000
85854  44.025  28.164  8.962 0.0000000000
85853  44.956  28.472  8.727 0.0000000000
85111  44.653  27.448  6.760 0.0000000000
84365  44.060  25.901  4.193 0.0000000000
85132  46.200  27.225  5.142 0.0000000000
84388  44.800  26.168  2.503 0.0000000000
83593  43.531  25.647  1.399 0.0000000000
82772  43.669  24.859  -1.292 0.0000000000
81087  44.757  22.795  -2.134 0.0000000000
80311  46.361  20.917  -3.205 0.0000000000
77694  45.587  19.185  -2.673 0.0000000000
85064  35.769  28.183  11.236 0.0000000000
85062  37.720  27.922  11.601 0.0000000000
109384  39.017  31.986  12.565 0.0000000000
87246  39.394  31.250  12.330 0.0000000000
85808  39.177  28.527  11.887 0.0000000000
86542  41.472  29.964  12.546 0.0000000000
86540  43.410  29.895  12.661 0.0000000000
86539  44.415  29.877  12.609 0.0000000000
85754  39.754  28.605  14.855 0.0000000000
86518  41.315  29.545  15.968 0.0000000000
86516  43.427  30.021  15.961 0.0000000000
85044  42.237  27.265  12.553 0.0000000000
85750  43.742  29.298  14.586 0.0000000000
86497  45.563  30.842  17.420 0.0000000000
87210  46.732  31.127  16.462 0.0000000000
87910  47.692  31.863  14.469 0.0000000000
86537  46.765  30.597  12.308 0.0000000000
87270  48.623  31.182  11.026 0.0000000000
86581  49.250  30.266  9.757 0.0000000000
85849  49.595  28.934  8.443 0.0000000000
84321  46.703  26.684  8.959 0.0000000000
85089  49.374  27.774  8.559 0.0000000000
82628  38.141  25.289  15.208 0.0000000000
81777  37.493  23.842  14.148 0.0000000000
80169  36.370  21.500  13.982 0.0000000000
87407  36.870  31.313  -7.790 0.0000000000
87398  34.802  31.019  -7.181 0.0000000000
85194  32.561  27.500  -4.487 0.0000000000
110244  32.708  26.378  -4.262 0.0000000000
82790  33.488  24.217  -3.332 0.0000000000
125911  33.632  24.969  -6.041 0.0000000000
82798  33.619  24.197  -4.337 0.0000000000
119222  33.718  22.574  -2.472 0.0000000000
83572  34.332  24.970  3.373 0.0000000000
111504  35.864  23.415  6.290 0.0000000000
81858  34.867  23.699  3.597 0.0000000000
114446  34.489  24.828  2.002 0.0000000000
82753  35.077  24.099  0.164 0.0000000000
82763  35.101  24.253  -1.443 0.0000000000
124836  35.418  23.603  -2.993 0.0000000000
113280  42.310  26.627  7.525 0.0000000000
82693  40.566  24.019  5.023 0.0000000000
107393  38.969  22.447  2.993 0.0000000000
81067  40.448  22.046  1.000 0.0000000000
81057  39.433  22.058  1.738 0.0000000000
110376  38.226  21.421  1.091 0.0000000000
80295  36.753  21.548  -0.755 0.0000000000
81089  36.223  22.264  -2.229 0.0000000000
112542  36.444  23.334  -4.437 0.0000000000
81111  37.111  22.950  -4.918 0.0000000000
80340  37.097  21.993  -6.282 0.0000000000
79505  37.066  20.927  -5.550 0.0000000000
107203  39.309  20.158  -4.612 0.0000000000
78638  38.096  19.906  -4.612 0.0000000000
78640  36.359  20.022  -4.236 0.0000000000
112222  35.983  19.454  -2.347 0.0000000000
76761  39.493  17.874  0.746 0.0000000000
85183  32.203  27.694  -2.538 0.0000000000
117770  38.289  27.512  18.049 0.0000000000
84992  38.979  27.915  18.106 0.0000000000
85000  39.043  27.780  16.849 0.0000000000
83646  35.017  25.130  -4.685 0.0000000000
82797  35.733  24.551  -5.268 0.0000000000
81934  36.069  23.930  -4.843 0.0000000000
85803  44.121  28.811  11.203 0.0000000000
85841  42.984  27.917  9.981 0.0000000000
85823  43.539  28.391  10.559 0.0000000000
79463  45.207  20.332  -3.117 0.0000000000
79464  44.175  20.392  -2.428 0.0000000000
79476  44.475  19.734  -3.277 0.0000000000
78615  43.587  19.266  -3.603 0.0000000000
77696  43.657  18.755  -3.153 0.0000000000
77695  44.519  19.207  -3.166 0.0000000000
84389  34.896  27.145  1.725 0.0000000000
120885  34.805  26.785  0.854 0.0000000000
84414  34.904  26.683  -0.135 0.0000000000
84415  34.688  26.101  0.277 0.0000000000
85857  48.745  29.065  7.409 0.0000000000
85858  47.375  28.987  7.446 0.0000000000
85865  47.654  28.639  6.740 0.0000000000
84412  46.716  27.285  -0.599 0.0000000000
84421  47.211  27.124  -2.289 0.0000000000
126253  47.253  26.686  -3.834 0.0000000000
87874  42.807  31.733  16.609 0.0000000000
88524  42.244  32.396  15.004 0.0000000000
87890  43.642  31.884  16.528 0.0000000000
88522  44.032  32.222  15.835 0.0000000000
87889  44.464  31.653  17.022 0.0000000000
83493  39.788  25.342  11.543 0.0000000000
84289  40.462  26.462  12.162 0.0000000000
83492  40.619  25.701  11.561 0.0000000000
85057  44.741  27.027  11.818 0.0000000000
85056  45.621  27.416  11.874 0.0000000000
85041  46.035  27.906  12.565 0.0000000000
85055  46.583  27.875  11.914 0.0000000000
126606  46.987  27.893  11.284 0.0000000000
85068  46.206  27.408  11.241 0.0000000000
85971  34.788  27.980  -8.811 0.0000000000
85983  35.150  29.067  -8.789 0.0000000000
85972  34.291  28.259  -8.536 0.0000000000
129008  33.773  28.402  -7.683 0.0000000000
111428  33.779  27.678  -8.045 0.0000000000
85204  33.470  27.024  -7.484 0.0000000000
84471  33.873  26.255  -8.011 0.0000000000
80330  35.161  21.625  -5.234 0.0000000000
126342  34.817  22.305  -5.534 0.0000000000
79500  35.266  20.835  -4.509 0.0000000000
83508  35.719  25.362  9.489 0.0000000000
83507  36.794  25.392  9.559 0.0000000000
81025  37.680  22.369  3.751 0.0000000000
81026  36.733  22.406  3.491 0.0000000000
108897  37.251  22.106  2.919 0.0000000000
110250  36.188  22.212  1.966 0.0000000000
81058  36.861  21.760  1.670 0.0000000000
83571  42.933  25.325  3.745 0.0000000000
82714  42.334  24.877  3.773 0.0000000000
82728  42.127  24.714  2.748 0.0000000000
79467  40.028  20.268  -1.716 0.0000000000
79481  38.893  20.815  -2.541 0.0000000000
80318  39.163  21.028  -3.478 0.0000000000
112394  39.356  18.253  -2.567 0.0000000000
77689  38.813  18.412  -1.940 0.0000000000
77690  38.081  18.817  -2.017 0.0000000000
83624  32.115  26.435  -1.996 0.0000000000
83633  32.623  25.692  -2.445 0.0000000000
86503  38.162  30.287  15.734 0.0000000000
86490  38.655  29.675  17.140 0.0000000000
85732  40.304  28.998  18.836 0.0000000000
87189  40.240  29.662  18.480 0.0000000000
86479  41.215  29.633  18.623 0.0000000000
87204  41.914  30.282  18.354 0.0000000000
86488  41.667  29.849  18.492 0.0000000000
84446  35.087  27.553  -3.686 0.0000000000
85944  35.566  28.458  -4.965 0.0000000000
110844  35.047  27.813  -4.591 0.0000000000
84458  35.144  26.286  -6.279 0.0000000000
112879  35.267  26.832  -8.065 0.0000000000
84469  35.186  26.048  -8.510 0.0000000000
83665  35.090  25.452  -8.702 0.0000000000
83660  35.395  25.289  -8.137 0.0000000000
81946  36.326  23.538  -7.175 0.0000000000
82809  35.927  24.142  -7.456 0.0000000000
121899  36.186  23.041  -7.248 0.0000000000
81124  36.028  22.597  -7.106 0.0000000000
81123  36.625  22.514  -6.672 0.0000000000
85071  40.582  27.624  10.748 0.0000000000
113843  39.303  26.478  9.698 0.0000000000
84312  40.017  26.805  9.730 0.0000000000
129805  41.039  26.493  8.286 0.0000000000
83515  40.084  25.847  8.245 0.0000000000
83528  40.328  25.398  7.512 0.0000000000
82678  39.646  24.018  6.297 0.0000000000
82677  40.345  24.423  6.266 0.0000000000
81897  43.363  23.877  -0.997 0.0000000000
81898  42.674  23.630  -0.241 0.0000000000
81076  43.015  22.958  -0.598 0.0000000000
79465  43.166  20.179  -1.815 0.0000000000
79453  42.582  20.717  -0.915 0.0000000000
79466  42.132  19.995  -1.552 0.0000000000
112347  41.060  19.945  -1.763 0.0000000000
123579  41.804  19.761  -2.420 0.0000000000
79487  41.297  19.645  -3.968 0.0000000000
78617  41.987  19.573  -3.477 0.0000000000
77698  42.005  18.456  -3.750 0.0000000000
76787  41.123  17.982  -3.314 0.0000000000
129841  40.496  17.985  -3.232 0.0000000000
76780  41.236  17.741  -2.238 0.0000000000
76778  43.051  18.161  -1.290 0.0000000000
76779  42.129  18.064  -1.630 0.0000000000
82629  37.857  25.330  14.192 0.0000000000
83472  38.001  25.944  13.896 0.0000000000
83482  37.753  25.323  13.369 0.0000000000
82636  38.185  24.885  12.122 0.0000000000
117774  38.187  24.156  11.560 0.0000000000
115236  38.779  24.607  11.531 0.0000000000
81783  38.233  23.458  11.113 0.0000000000
83622  34.784  25.684  -1.342 0.0000000000
120495  34.867  26.383  -1.876 0.0000000000
83623  34.777  25.568  -2.047 0.0000000000
116961  34.858  24.934  -1.763 0.0000000000
86584  46.866  29.890  9.910 0.0000000000
85838  45.787  28.994  9.279 0.0000000000
85852  45.979  28.864  8.447 0.0000000000
85110  45.650  27.695  6.380 0.0000000000
85100  45.373  28.091  7.187 0.0000000000
85120  44.980  27.241  6.057 0.0000000000
125393  44.197  26.446  5.515 0.0000000000
107880  44.485  26.352  4.855 0.0000000000
85118  46.956  27.670  5.572 0.0000000000
84363  46.349  26.841  4.261 0.0000000000
84413  45.454  26.681  0.222 0.0000000000
84403  45.313  26.441  1.431 0.0000000000
117391  44.348  26.139  0.906 0.0000000000
83592  44.229  25.928  1.876 0.0000000000
83602  43.733  25.672  -0.306 0.0000000000
123044  43.610  25.327  -0.805 0.0000000000
83611  44.301  25.614  -1.674 0.0000000000
81919  46.602  24.317  -3.705 0.0000000000
81908  45.003  24.055  -2.537 0.0000000000
81095  46.341  23.034  -3.350 0.0000000000
116080  45.613  21.883  -2.753 0.0000000000
120347  47.161  22.105  -3.521 0.0000000000
79474  47.021  20.416  -3.181 0.0000000000
86561  36.635  30.284  11.074 0.0000000000
85826  36.052  29.251  11.095 0.0000000000
118053  36.803  29.271  11.561 0.0000000000
85063  36.650  28.232  11.558 0.0000000000
85809  37.445  28.831  11.868 0.0000000000
87905  38.678  31.563  14.264 0.0000000000
129100  38.495  31.838  13.426 0.0000000000
87904  39.667  31.946  14.439 0.0000000000
87915  41.226  32.249  13.195 0.0000000000
87916  40.349  32.260  12.930 0.0000000000
87245  40.132  31.302  12.465 0.0000000000
86559  39.525  29.341  12.234 0.0000000000
114542  40.798  30.722  12.523 0.0000000000
120642  40.764  29.630  12.397 0.0000000000
87244  41.600  31.096  12.769 0.0000000000
87913  44.380  32.333  14.245 0.0000000000
116809  43.121  30.761  13.064 0.0000000000
87242  44.042  30.745  13.176 0.0000000000
87241  45.209  30.750  13.202 0.0000000000
85010  39.073  27.945  15.219 0.0000000000
110074  39.363  27.866  14.048 0.0000000000
85769  41.144  28.458  13.752 0.0000000000
85753  40.603  29.035  14.647 0.0000000000
85752  41.648  29.177  14.595 0.0000000000
86517  42.346  29.790  15.949 0.0000000000
85751  42.692  29.268  14.601 0.0000000000
83490  42.431  25.734  11.182 0.0000000000
84295  42.119  26.214  11.631 0.0000000000
84287  42.697  26.676  11.981 0.0000000000
85765  45.127  28.550  13.778 0.0000000000
85766  44.138  28.495  13.743 0.0000000000
85749  44.788  29.285  14.558 0.0000000000
86515  44.516  30.163  15.844 0.0000000000
86514  45.588  30.189  15.610 0.0000000000
87211  45.964  31.083  17.381 0.0000000000
86513  46.694  30.270  15.340 0.0000000000
86526  48.012  30.245  14.083 0.0000000000
86511  48.255  31.087  14.452 0.0000000000
87228  48.114  31.492  13.875 0.0000000000
87239  47.853  31.304  13.022 0.0000000000
87238  48.554  31.067  12.469 0.0000000000
87256  48.125  31.177  11.819 0.0000000000
86535  49.103  31.061  11.845 0.0000000000
85819  48.988  29.231  10.488 0.0000000000
85799  49.253  30.220  10.923 0.0000000000
85818  49.408  29.881  10.085 0.0000000000
85835  49.446  29.422  9.227 0.0000000000
85836  49.343  28.938  9.626 0.0000000000
84320  48.725  27.043  8.197 0.0000000000
124014  49.215  26.894  7.719 0.0000000000
80951  37.770  23.054  14.503 0.0000000000
81776  38.417  23.738  14.979 0.0000000000
80959  36.970  23.000  13.811 0.0000000000
80952  37.024  22.231  14.221 0.0000000000
87416  35.840  30.573  -8.597 0.0000000000
87408  36.389  30.899  -8.330 0.0000000000
88080  36.121  31.199  -8.531 0.0000000000
88073  36.704  31.661  -7.830 0.0000000000
88677  36.121  31.617  -8.363 0.0000000000
88066  35.477  31.879  -7.434 0.0000000000
88075  35.388  31.218  -8.050 0.0000000000
85946  32.831  28.230  -4.980 0.0000000000
85938  32.697  28.160  -3.965 0.0000000000
83648  33.070  26.177  -5.134 0.0000000000
84453  32.634  26.828  -4.883 0.0000000000
83647  33.137  25.686  -4.401 0.0000000000
83640  33.341  25.026  -3.803 0.0000000000
82819  34.324  24.954  -7.957 0.0000000000
82812  33.951  24.958  -7.021 0.0000000000
82804  34.120  24.234  -6.346 0.0000000000
81113  34.057  22.747  -4.171 0.0000000000
123668  33.885  23.396  -4.513 0.0000000000
81927  33.722  23.427  -3.746 0.0000000000
125697  33.867  22.673  -3.311 0.0000000000
81099  33.724  21.769  -2.218 0.0000000000
81105  33.987  21.859  -2.899 0.0000000000
79482  34.482  20.056  -2.898 0.0000000000
119310  34.143  25.878  7.906 0.0000000000
82681  34.629  24.481  6.804 0.0000000000
83537  34.336  25.173  6.421 0.0000000000
83551  34.352  25.238  5.461 0.0000000000
83561  34.349  25.334  4.373 0.0000000000
82706  34.502  24.442  4.997 0.0000000000
82656  37.838  24.577  8.285 0.0000000000
82668  36.333  23.964  7.833 0.0000000000
121312  36.550  23.434  6.706 0.0000000000
81857  35.294  23.203  3.029 0.0000000000
81847  35.459  23.106  3.869 0.0000000000
81874  34.782  23.826  2.803 0.0000000000
82731  34.484  24.575  2.662 0.0000000000
82730  34.736  24.113  2.052 0.0000000000
82754  34.783  24.683  0.530 0.0000000000
125887  34.956  24.062  0.809 0.0000000000
81899  35.350  23.396  -0.213 0.0000000000
81910  35.349  23.503  -1.098 0.0000000000
123606  35.340  23.555  -2.033 0.0000000000
81090  35.660  22.797  -1.671 0.0000000000
85103  43.143  27.432  8.089 0.0000000000
84323  42.659  27.168  8.005 0.0000000000
84341  42.219  25.914  6.698 0.0000000000
82705  41.011  24.177  4.347 0.0000000000
82692  41.239  24.493  5.200 0.0000000000
81856  39.765  23.229  3.783 0.0000000000
81872  39.688  22.972  3.059 0.0000000000
81078  41.804  22.217  0.285 0.0000000000
81889  41.043  23.081  1.144 0.0000000000
81066  41.198  22.308  0.637 0.0000000000
127191  39.086  20.756  -0.050 0.0000000000
80281  39.722  21.309  0.665 0.0000000000
127134  39.034  21.117  0.592 0.0000000000
80270  38.529  21.723  1.804 0.0000000000
80282  38.351  21.121  0.399 0.0000000000
80283  37.571  21.401  0.632 0.0000000000
111814  37.490  21.257  -0.212 0.0000000000
80312  37.433  21.560  -2.785 0.0000000000
80304  36.838  21.599  -1.833 0.0000000000
80313  36.767  21.906  -2.761 0.0000000000
81097  36.449  22.468  -3.171 0.0000000000
81103  36.805  22.703  -4.054 0.0000000000
81102  37.555  22.405  -4.552 0.0000000000
81109  38.023  21.966  -5.426 0.0000000000
80334  37.621  21.721  -5.759 0.0000000000
80335  37.135  21.494  -5.975 0.0000000000
79504  37.737  21.093  -5.472 0.0000000000
78636  39.958  19.571  -4.388 0.0000000000
111488  39.277  19.482  -4.382 0.0000000000
78637  38.566  19.427  -4.174 0.0000000000
78629  37.736  19.482  -3.933 0.0000000000
78639  37.237  19.928  -4.439 0.0000000000
78630  36.814  19.601  -3.695 0.0000000000
78631  35.884  19.753  -3.475 0.0000000000
78619  36.366  19.477  -2.953 0.0000000000
78595  36.904  19.365  -1.193 0.0000000000
109961  36.132  19.414  -1.728 0.0000000000
107892  40.252  17.574  0.768 0.0000000000
85184  31.764  27.233  -1.969 0.0000000000
85189  32.430  27.429  -3.525 0.0000000000
86482  39.009  28.824  18.356 0.0000000000
85726  39.635  28.739  18.598 0.0000000000
86502  40.423  28.915  17.910 0.0000000000
120586  34.586  26.066  -4.596 0.0000000000
83653  34.979  25.721  -5.508 0.0000000000
121681  35.487  25.482  -6.413 0.0000000000
83656  35.601  25.171  -7.252 0.0000000000
82803  35.881  24.740  -6.418 0.0000000000
81940  36.636  23.552  -6.349 0.0000000000
85825  41.934  27.987  11.008 0.0000000000
85070  41.368  27.668  10.433 0.0000000000
85069  42.172  27.770  10.199 0.0000000000
85094  41.834  27.345  8.954 0.0000000000
125754  41.495  26.538  8.009 0.0000000000
81088  44.292  21.837  -1.693 0.0000000000
129677  43.582  21.863  -1.173 0.0000000000
78616  42.839  19.338  -3.766 0.0000000000
107223  42.838  18.815  -3.929 0.0000000000
77697  42.667  18.493  -3.344 0.0000000000
77687  44.110  18.407  -1.677 0.0000000000
81779  36.967  23.620  13.221 0.0000000000
125259  37.295  24.203  12.810 0.0000000000
85177  35.300  27.249  -1.561 0.0000000000
85167  35.354  27.347  -0.638 0.0000000000
86596  48.192  30.063  8.678 0.0000000000
85837  46.925  29.622  8.909 0.0000000000
85851  47.135  29.341  8.147 0.0000000000
85866  46.401  28.399  6.911 0.0000000000
117292  46.496  26.776  1.542 0.0000000000
84402  46.501  27.038  0.482 0.0000000000
84423  45.525  26.912  -0.879 0.0000000000
120047  44.907  26.341  -2.129 0.0000000000
84440  45.751  26.785  -2.935 0.0000000000
82779  46.844  25.528  -4.091 0.0000000000
87258  37.330  30.850  11.496 0.0000000000
87892  41.061  31.518  16.250 0.0000000000
88528  40.401  32.292  14.217 0.0000000000
87903  41.193  32.278  14.786 0.0000000000
88533  41.706  32.477  13.922 0.0000000000
112271  41.993  32.288  13.504 0.0000000000
87914  42.598  32.134  13.521 0.0000000000
87902  42.709  32.509  14.164 0.0000000000
87901  43.800  32.487  14.754 0.0000000000
84276  39.012  26.614  12.834 0.0000000000
110225  39.911  27.531  13.226 0.0000000000
85047  39.720  26.845  12.689 0.0000000000
85046  40.553  27.113  12.637 0.0000000000
85025  41.737  27.784  13.148 0.0000000000
85058  43.995  26.644  11.715 0.0000000000
125157  43.448  26.821  12.044 0.0000000000
85042  44.553  27.901  13.116 0.0000000000
85764  46.171  28.734  13.780 0.0000000000
85763  47.227  29.183  13.566 0.0000000000
85762  48.192  29.933  13.171 0.0000000000
86536  48.699  30.674  12.483 0.0000000000
85801  47.599  28.563  11.764 0.0000000000
85820  47.899  28.416  10.948 0.0000000000
83524  46.861  26.040  7.492 0.0000000000
83523  47.647  25.921  6.904 0.0000000000
85970  35.400  28.457  -8.101 0.0000000000
86711  35.788  29.357  -7.647 0.0000000000
86722  35.513  29.408  -8.474 0.0000000000
86732  35.503  29.886  -8.686 0.0000000000
86733  35.300  29.792  -8.778 0.0000000000
87409  34.837  30.570  -7.950 0.0000000000
86723  34.220  29.080  -8.021 0.0000000000
85961  33.685  28.972  -6.878 0.0000000000
85954  32.923  27.873  -5.850 0.0000000000
85200  32.693  27.377  -5.392 0.0000000000
85205  33.034  27.191  -6.360 0.0000000000
83654  33.440  25.758  -6.269 0.0000000000
81126  34.797  22.836  -6.994 0.0000000000
81941  34.486  23.374  -6.186 0.0000000000
81120  34.809  22.744  -6.123 0.0000000000
81112  34.485  22.118  -4.675 0.0000000000
80322  34.295  21.171  -3.286 0.0000000000
79491  34.740  20.504  -3.581 0.0000000000
78632  35.042  19.873  -3.198 0.0000000000
84316  35.129  26.003  9.926 0.0000000000
83521  34.588  25.152  8.317 0.0000000000
82670  34.792  24.552  7.603 0.0000000000
82680  35.097  23.984  7.080 0.0000000000
81830  37.730  23.095  6.024 0.0000000000
107920  36.829  23.114  6.135 0.0000000000
81011  36.658  22.702  4.761 0.0000000000
81027  35.896  22.658  3.263 0.0000000000
81045  35.687  22.687  2.459 0.0000000000
81890  35.294  23.298  0.699 0.0000000000
81060  35.520  22.783  1.549 0.0000000000
121517  35.728  22.525  0.263 0.0000000000
81069  36.169  21.973  -0.317 0.0000000000
84340  42.840  25.774  5.855 0.0000000000
83549  42.285  25.221  5.383 0.0000000000
82703  42.323  24.998  4.654 0.0000000000
82715  41.468  24.337  3.492 0.0000000000
81870  40.910  23.696  2.312 0.0000000000
80280  40.624  21.446  0.467 0.0000000000
79455  39.625  20.515  -0.824 0.0000000000
79456  38.872  20.659  -1.002 0.0000000000
79469  38.457  20.824  -1.808 0.0000000000
116932  38.304  21.206  -2.891 0.0000000000
108847  37.941  21.606  -3.583 0.0000000000
80320  38.056  21.843  -4.353 0.0000000000
80327  38.572  21.471  -4.831 0.0000000000
129152  38.695  21.106  -4.981 0.0000000000
122615  39.679  18.565  -3.624 0.0000000000
77714  39.128  19.003  -3.877 0.0000000000
110072  39.035  18.677  -3.397 0.0000000000
77700  37.836  19.029  -2.666 0.0000000000
129024  37.290  19.235  -2.564 0.0000000000
109505  37.639  19.086  -1.446 0.0000000000
82773  33.137  24.099  -1.580 0.0000000000
87221  38.566  30.915  15.217 0.0000000000
87894  39.229  31.246  15.382 0.0000000000
87205  39.497  30.141  17.446 0.0000000000
128344  40.196  30.340  17.740 0.0000000000
87877  40.564  30.831  17.143 0.0000000000
87876  41.385  30.728  17.707 0.0000000000
87875  42.070  31.181  17.433 0.0000000000
87203  42.928  30.855  18.046 0.0000000000
82639  41.207  25.128  10.991 0.0000000000
82645  41.651  24.694  10.516 0.0000000000
83500  42.014  25.257  10.833 0.0000000000
83499  42.813  25.319  10.628 0.0000000000
83489  43.142  25.856  11.113 0.0000000000
84301  43.822  26.163  11.109 0.0000000000
84300  44.352  26.056  10.535 0.0000000000
116268  45.160  26.490  10.536 0.0000000000
84298  45.985  27.009  10.593 0.0000000000
85951  36.112  29.112  -5.508 0.0000000000
85952  35.497  28.571  -5.989 0.0000000000
85198  34.889  27.134  -5.990 0.0000000000
85197  35.198  27.808  -6.547 0.0000000000
85210  35.195  27.600  -8.321 0.0000000000
85222  34.926  27.040  -8.598 0.0000000000
85211  34.588  26.924  -8.737 0.0000000000
84470  34.439  26.192  -8.653 0.0000000000
83661  34.787  25.565  -8.713 0.0000000000
118071  34.669  25.097  -8.460 0.0000000000
82818  34.779  24.406  -8.009 0.0000000000
82810  35.661  24.607  -7.586 0.0000000000
82817  35.256  24.336  -7.876 0.0000000000
81947  34.906  23.595  -7.649 0.0000000000
81125  35.499  22.781  -7.193 0.0000000000
80336  35.938  21.630  -5.975 0.0000000000
84303  38.737  26.653  10.259 0.0000000000
83506  37.832  25.595  9.453 0.0000000000
127094  38.799  26.321  9.768 0.0000000000
83517  38.333  25.265  8.775 0.0000000000
82655  38.767  24.891  8.087 0.0000000000
84326  39.828  26.288  9.034 0.0000000000
81814  38.253  23.570  6.659 0.0000000000
81829  38.550  23.275  5.814 0.0000000000
81845  38.792  23.076  5.100 0.0000000000
81009  38.476  22.698  4.376 0.0000000000
82742  42.370  24.657  0.791 0.0000000000
81888  41.743  24.031  0.925 0.0000000000
81887  42.429  24.251  0.258 0.0000000000
112258  41.986  21.405  -0.167 0.0000000000
80291  42.972  21.869  -0.709 0.0000000000
79479  40.381  20.225  -2.881 0.0000000000
79489  39.892  20.640  -3.757 0.0000000000
79488  40.587  20.143  -3.844 0.0000000000
79495  40.761  19.826  -4.188 0.0000000000
78635  40.642  19.501  -4.289 0.0000000000
77710  41.855  19.014  -4.382 0.0000000000
77711  41.189  19.068  -4.383 0.0000000000
77706  40.323  18.599  -3.961 0.0000000000
129411  40.110  18.352  -3.585 0.0000000000
76789  39.963  18.121  -3.132 0.0000000000
76771  39.843  17.741  -1.348 0.0000000000
76769  41.320  17.607  -0.045 0.0000000000
108393  41.312  17.681  -1.102 0.0000000000
126640  38.303  26.383  15.452 0.0000000000
85001  38.560  27.061  15.714 0.0000000000
84263  38.330  26.529  14.561 0.0000000000
84277  38.501  26.521  13.530 0.0000000000
82637  37.593  24.810  12.781 0.0000000000
83487  37.930  25.332  12.761 0.0000000000
84290  38.648  26.187  12.770 0.0000000000
83494  39.013  25.243  11.778 0.0000000000
82641  39.512  24.718  11.277 0.0000000000
85182  35.701  28.067  -3.081 0.0000000000
84447  34.677  26.573  -3.639 0.0000000000
83638  34.761  24.956  -3.572 0.0000000000
82781  35.113  24.262  -3.285 0.0000000000
85822  44.422  28.648  10.364 0.0000000000
85839  44.708  28.564  9.525 0.0000000000
85091  44.284  28.020  8.248 0.0000000000
85860  45.162  28.352  7.952 0.0000000000
85101  44.515  27.809  7.550 0.0000000000
84339  43.831  26.931  6.753 0.0000000000
111726  43.665  26.361  6.023 0.0000000000
83559  43.305  25.543  4.281 0.0000000000
83570  43.570  25.605  3.378 0.0000000000
121567  46.161  27.547  5.803 0.0000000000
84349  45.408  26.738  4.771 0.0000000000
84376  45.289  26.343  3.204 0.0000000000
84364  44.889  26.279  4.068 0.0000000000
83569  44.442  26.004  3.359 0.0000000000
83581  43.405  25.534  2.304 0.0000000000
83594  42.784  25.228  1.129 0.0000000000
82752  42.975  25.102  0.110 0.0000000000
81909  44.081  23.556  -1.633 0.0000000000
82771  44.439  25.099  -2.171 0.0000000000
79475  45.686  19.992  -3.280 0.0000000000
78614  45.321  19.568  -3.125 0.0000000000
84307  34.524  27.076  10.006 0.0000000000
84306  35.574  26.646  10.547 0.0000000000
85074  37.172  27.213  11.188 0.0000000000
85073  38.214  27.199  10.969 0.0000000000
87919  37.355  31.520  12.997 0.0000000000
87918  38.282  31.819  12.793 0.0000000000
87257  37.980  31.176  11.827 0.0000000000
88529  39.980  32.339  13.446 0.0000000000
116033  38.988  31.679  12.348 0.0000000000
107890  38.143  30.433  11.955 0.0000000000
108685  38.693  29.402  12.172 0.0000000000
110891  38.280  28.608  11.937 0.0000000000
85061  38.729  27.828  11.445 0.0000000000
85060  39.755  27.778  11.254 0.0000000000
85785  40.805  28.662  11.932 0.0000000000
85806  41.616  28.537  11.703 0.0000000000
87243  42.454  31.390  13.121 0.0000000000
86541  42.397  30.173  12.693 0.0000000000
85784  42.001  29.205  12.215 0.0000000000
85783  42.872  29.163  12.159 0.0000000000
86558  43.791  29.178  12.006 0.0000000000
86557  44.733  29.399  11.825 0.0000000000
85740  39.644  28.556  16.358 0.0000000000
85739  40.357  29.207  16.049 0.0000000000
86501  41.235  29.455  17.823 0.0000000000
86500  42.183  29.854  17.703 0.0000000000
86499  43.140  30.380  17.565 0.0000000000
87213  43.582  30.851  17.957 0.0000000000
84296  41.311  26.258  11.821 0.0000000000
84288  41.826  26.717  12.127 0.0000000000
85024  42.674  27.804  13.126 0.0000000000
109476  43.123  27.266  12.533 0.0000000000
85767  43.155  28.508  13.722 0.0000000000
87212  44.593  30.869  17.850 0.0000000000
118805  45.489  31.280  17.485 0.0000000000
87888  46.256  31.525  16.587 0.0000000000
87900  46.528  32.064  15.350 0.0000000000
86495  47.245  30.922  15.855 0.0000000000
87208  47.633  31.591  15.127 0.0000000000
87911  46.964  32.073  14.429 0.0000000000
87240  46.483  30.974  13.131 0.0000000000
86538  45.504  30.095  12.476 0.0000000000
86556  45.806  29.745  11.690 0.0000000000
86555  46.887  30.376  11.533 0.0000000000
86571  47.563  30.615  10.879 0.0000000000
86570  48.432  30.817  10.192 0.0000000000
86553  49.211  30.979  11.252 0.0000000000
87269  49.046  31.120  10.798 0.0000000000
86582  48.826  30.499  9.461 0.0000000000
86595  49.252  29.831  8.805 0.0000000000
127948  46.502  27.130  10.163 0.0000000000
85080  47.303  27.350  9.680 0.0000000000
84330  47.374  26.601  8.205 0.0000000000
85090  48.049  27.243  8.826 0.0000000000
85079  48.888  28.017  9.295 0.0000000000
85078  49.627  28.561  8.836 0.0000000000
85088  49.887  28.220  8.147 0.0000000000
84255  38.220  26.484  16.479 0.0000000000
83461  38.197  25.912  15.744 0.0000000000
121024  37.965  24.594  14.630 0.0000000000
80168  37.068  21.421  14.699 0.0000000000
80175  36.028  21.552  13.248 0.0000000000
108316  34.935  31.524  -6.165 0.0000000000
87382  34.449  30.551  -6.302 0.0000000000
87369  34.452  30.551  -5.351 0.0000000000
84448  32.458  26.675  -3.516 0.0000000000
83641  32.795  25.844  -3.451 0.0000000000
82791  33.122  24.999  -2.893 0.0000000000
82782  33.341  24.179  -2.430 0.0000000000
83657  33.838  25.632  -7.531 0.0000000000
81936  33.946  23.766  -5.271 0.0000000000
82805  33.637  24.577  -5.282 0.0000000000
81920  33.616  23.408  -2.875 0.0000000000
81900  33.520  22.321  -1.580 0.0000000000
80314  33.898  20.898  -2.449 0.0000000000
84342  34.122  25.915  6.933 0.0000000000
126295  34.528  26.426  3.540 0.0000000000
111398  34.517  26.390  2.902 0.0000000000
83583  34.389  25.486  2.522 0.0000000000
82657  36.821  24.416  8.407 0.0000000000
81816  34.986  23.827  6.283 0.0000000000
81831  36.266  23.013  5.482 0.0000000000
81832  35.368  23.431  5.490 0.0000000000
82717  34.504  24.357  4.050 0.0000000000
113320  34.543  24.271  3.286 0.0000000000
83595  34.505  25.390  1.553 0.0000000000
124261  34.622  25.180  0.901 0.0000000000
83603  34.829  24.829  -0.194 0.0000000000
119759  35.114  24.192  -0.617 0.0000000000
117335  35.062  24.259  -2.331 0.0000000000
85081  43.215  27.832  9.194 0.0000000000
84324  42.027  27.030  8.303 0.0000000000
84332  41.549  25.999  7.330 0.0000000000
83535  42.106  25.421  6.050 0.0000000000
83536  41.467  25.353  6.580 0.0000000000
82664  40.669  25.011  6.804 0.0000000000
82694  40.127  23.944  5.644 0.0000000000
81844  39.422  23.201  4.535 0.0000000000
81024  38.508  22.472  3.574 0.0000000000
81880  41.272  23.829  1.687 0.0000000000
81881  40.615  23.216  1.919 0.0000000000
81056  40.229  22.483  1.590 0.0000000000
81040  39.863  22.707  2.287 0.0000000000
81041  39.148  22.264  2.346 0.0000000000
81042  38.522  22.054  2.502 0.0000000000
81043  37.682  21.793  2.255 0.0000000000
80272  36.851  21.620  0.905 0.0000000000
80284  36.834  21.561  0.122 0.0000000000
81079  36.139  22.075  -1.254 0.0000000000
80294  37.355  21.253  -1.075 0.0000000000
81098  35.757  22.916  -2.644 0.0000000000
81925  36.075  23.107  -3.574 0.0000000000
81926  35.738  23.742  -3.927 0.0000000000
81933  36.674  23.509  -5.364 0.0000000000
81932  37.145  23.027  -5.829 0.0000000000
81110  37.612  22.483  -5.322 0.0000000000
81119  37.391  22.393  -6.099 0.0000000000
112034  36.603  21.387  -5.918 0.0000000000
79506  36.350  20.957  -5.446 0.0000000000
124717  39.110  20.835  -4.700 0.0000000000
79497  38.520  20.633  -4.972 0.0000000000
116187  37.608  20.471  -5.036 0.0000000000
79498  36.783  20.458  -4.923 0.0000000000
79499  35.975  20.542  -4.747 0.0000000000
78620  35.473  19.596  -2.721 0.0000000000
78605  36.725  19.356  -2.445 0.0000000000
76794  40.525  18.239  -3.598 0.0000000000
77705  42.175  18.847  -4.223 0.0000000000
77712  40.555  19.015  -4.363 0.0000000000
78613  46.518  19.668  -2.918 0.0000000000
78628  42.046  19.233  -4.172 0.0000000000
80271  37.627  21.549  1.410 0.0000000000
80341  36.484  21.965  -6.479 0.0000000000
81000  37.197  22.803  5.405 0.0000000000
81010  37.521  22.612  4.625 0.0000000000
81023  39.160  22.801  3.721 0.0000000000
81059  36.080  22.101  1.099 0.0000000000
81068  39.792  21.834  1.261 0.0000000000
81131  35.116  23.128  -7.511 0.0000000000
81804  36.833  23.651  7.250 0.0000000000
81805  35.892  23.682  7.124 0.0000000000
81813  38.998  23.653  6.261 0.0000000000
81815  37.322  23.397  6.682 0.0000000000
81827  40.006  23.587  5.025 0.0000000000
81833  34.791  23.899  5.474 0.0000000000
81843  40.288  23.633  4.267 0.0000000000
81846  35.763  22.991  4.734 0.0000000000
81848  34.940  23.627  4.612 0.0000000000
81855  40.301  23.494  3.405 0.0000000000
81951  35.912  23.758  -7.698 0.0000000000
81952  35.155  23.622  -7.701 0.0000000000
82659  35.129  24.586  8.207 0.0000000000
82665  39.848  24.648  7.054 0.0000000000
82666  38.304  24.183  7.504 0.0000000000
82667  37.302  24.033  7.777 0.0000000000
82669  35.462  24.155  7.730 0.0000000000
82676  41.049  24.700  6.075 0.0000000000
82704  41.723  24.596  4.430 0.0000000000
82716  40.875  23.841  2.997 0.0000000000
82743  42.009  24.578  1.649 0.0000000000
82744  35.043  23.681  1.428 0.0000000000
82745  34.700  24.559  1.300 0.0000000000
82811  34.464  24.241  -7.512 0.0000000000
83509  34.829  25.510  9.202 0.0000000000
83519  36.295  24.802  9.027 0.0000000000
83520  35.328  24.892  8.833 0.0000000000
83527  40.974  25.552  7.240 0.0000000000
83529  39.574  25.178  7.827 0.0000000000
83550  41.689  24.970  5.741 0.0000000000
83580  44.090  25.814  2.688 0.0000000000
83604  34.675  25.392  0.307 0.0000000000
83610  44.460  26.196  -1.141 0.0000000000
83621  44.993  26.014  -2.733 0.0000000000
83629  47.178  26.381  -4.080 0.0000000000
83630  46.130  26.319  -3.647 0.0000000000
84305  36.686  26.537  10.653 0.0000000000
84311  40.612  26.828  9.173 0.0000000000
84313  38.830  25.960  9.311 0.0000000000
84314  37.269  25.957  10.090 0.0000000000
84317  34.523  26.182  9.473 0.0000000000
84325  40.601  26.427  8.546 0.0000000000
84331  43.236  27.102  7.476 0.0000000000
84338  44.379  26.846  6.119 0.0000000000
84350  44.827  26.807  5.488 0.0000000000
84351  43.640  25.939  5.106 0.0000000000
84375  46.510  26.659  2.917 0.0000000000
84377  34.366  25.832  3.453 0.0000000000
84404  34.586  25.879  0.931 0.0000000000
84431  47.202  26.887  -3.349 0.0000000000
84432  46.658  27.189  -2.736 0.0000000000
84433  45.596  26.931  -1.955 0.0000000000
84439  46.819  26.908  -3.607 0.0000000000
85023  43.611  27.813  13.106 0.0000000000
85026  40.802  27.725  13.161 0.0000000000
85045  41.378  27.244  12.605 0.0000000000
85072  39.157  27.250  10.731 0.0000000000
85075  36.099  27.335  11.166 0.0000000000
85083  41.607  27.498  9.655 0.0000000000
85084  40.749  27.308  9.864 0.0000000000
85085  39.971  27.247  10.401 0.0000000000
85092  43.501  27.730  8.497 0.0000000000
85093  42.666  27.471  8.628 0.0000000000
85102  43.759  27.585  7.856 0.0000000000
85112  43.991  27.379  7.290 0.0000000000
85203  35.316  27.673  -7.630 0.0000000000
85725  40.207  29.040  18.870 0.0000000000
85780  48.365  29.648  12.259 0.0000000000
85781  46.398  28.419  13.153 0.0000000000
85786  40.219  29.241  12.249 0.0000000000
85805  42.405  28.542  11.543 0.0000000000
85807  40.008  28.547  11.858 0.0000000000
85821  45.471  29.069  10.156 0.0000000000
85824  42.713  28.165  10.756 0.0000000000
85840  43.783  28.241  9.738 0.0000000000
86480  40.629  29.264  18.777 0.0000000000
86496  46.421  30.826  16.613 0.0000000000
86498  44.374  30.749  17.645 0.0000000000
86512  47.672  30.585  14.940 0.0000000000
86543  39.061  30.324  12.253 0.0000000000
86554  49.055  30.505  11.733 0.0000000000
86569  49.191  30.661  10.544 0.0000000000
86605  49.325  29.250  8.077 0.0000000000
86721  36.140  30.198  -8.086 0.0000000000
87190  39.500  29.460  18.191 0.0000000000
87209  47.334  31.244  15.701 0.0000000000
87219  47.994  31.525  14.662 0.0000000000
87220  47.804  31.189  15.135 0.0000000000
87229  47.488  31.832  13.848 0.0000000000
87230  46.185  31.796  13.783 0.0000000000
87231  44.806  31.729  13.768 0.0000000000
87232  43.495  31.763  13.537 0.0000000000
87247  38.613  31.220  12.115 0.0000000000
87255  48.975  31.251  11.475 0.0000000000
87415  36.150  30.944  -8.573 0.0000000000
87417  35.415  30.527  -8.485 0.0000000000
87887  47.060  31.574  15.778 0.0000000000
87893  39.713  30.777  16.573 0.0000000000
87899  47.292  31.935  14.987 0.0000000000
87917  39.089  32.138  13.269 0.0000000000
87925  40.781  31.818  12.702 0.0000000000
87926  39.727  31.924  12.534 0.0000000000
87927  38.312  31.513  12.221 0.0000000000
87935  37.566  31.208  11.782 0.0000000000
88074  36.308  31.398  -8.299 0.0000000000
88676  36.248  31.768  -8.149 0.0000000000
107955  45.053  27.540  12.514 0.0000000000
108164  40.458  31.931  15.040 0.0000000000
109420  43.558  25.675  0.503 0.0000000000
110440  36.971  22.507  4.154 0.0000000000
110717  41.257  26.852  8.656 0.0000000000
111663  39.986  30.238  12.417 0.0000000000
112041  34.727  29.862  -8.434 0.0000000000
112142  39.127  24.608  7.488 0.0000000000
112587  34.502  26.340  4.159 0.0000000000
112687  41.020  20.891  -0.062 0.0000000000
112973  42.754  26.159  11.495 0.0000000000
112975  42.809  25.243  3.008 0.0000000000
114811  38.784  19.884  -4.647 0.0000000000
116736  45.672  26.525  3.874 0.0000000000
117019  38.214  26.177  9.880 0.0000000000
117265  35.288  24.941  -8.320 0.0000000000
117959  32.485  26.956  -4.150 0.0000000000
118031  44.014  24.340  -1.654 0.0000000000
119907  39.015  21.481  1.109 0.0000000000
120739  45.232  30.902  17.655 0.0000000000
122429  40.662  24.324  5.639 0.0000000000
122637  35.828  31.718  -8.216 0.0000000000
122738  36.866  21.954  2.321 0.0000000000
122889  34.316  27.531  -8.670 0.0000000000
122931  49.049  30.804  10.176 0.0000000000
123518  39.625  32.211  12.846 0.0000000000
123917  37.986  29.388  12.061 0.0000000000
124043  33.451  24.998  -4.587 0.0000000000
125139  40.792  23.903  3.699 0.0000000000
125321  34.741  27.284  -5.181 0.0000000000
125770  40.478  28.043  11.417 0.0000000000
126635  42.743  25.241  4.279 0.0000000000
127411  41.324  29.162  12.229 0.0000000000
128184  35.413  23.710  6.707 0.0000000000
128195  43.063  25.398  1.710 0.0000000000
129741  39.434  22.601  2.673 0.0000000000
