#!ascii label  , from subject sub-v1s11x0050152_ses-1 vox2ras=TkReg
1104
93861  -50.525  22.256  31.333 0.0000000000
104412  -45.972  39.894  22.640 0.0000000000
101830  -47.410  36.365  34.081 0.0000000000
99222  -52.270  32.796  29.721 0.0000000000
101947  -50.722  35.244  20.408 0.0000000000
101908  -47.214  35.723  24.525 0.0000000000
99953  -51.910  32.081  23.907 0.0000000000
98613  -45.981  30.558  26.953 0.0000000000
92394  -46.568  20.321  33.358 0.0000000000
95090  -48.945  24.285  36.578 0.0000000000
104931  -38.145  40.475  21.103 0.0000000000
103880  -44.702  39.197  18.249 0.0000000000
99334  -47.311  31.584  15.970 0.0000000000
96312  -44.210  26.617  33.565 0.0000000000
103782  -45.215  39.807  29.282 0.0000000000
99206  -45.505  31.537  29.738 0.0000000000
130412  -51.078  27.726  30.100 0.0000000000
96378  -48.805  26.337  26.547 0.0000000000
95750  -43.374  25.389  27.844 0.0000000000
93869  -50.347  22.067  28.048 0.0000000000
100019  -52.001  30.694  18.708 0.0000000000
100645  -51.948  33.090  21.580 0.0000000000
121297  -50.326  31.268  20.905 0.0000000000
116264  -47.873  32.579  23.158 0.0000000000
133293  -47.805  22.941  33.381 0.0000000000
95088  -45.645  24.254  35.885 0.0000000000
105789  -34.899  41.945  22.844 0.0000000000
101330  -45.286  34.785  17.534 0.0000000000
97923  -43.553  29.145  37.722 0.0000000000
99159  -43.294  31.844  34.610 0.0000000000
104385  -42.659  40.721  25.326 0.0000000000
104884  -46.869  42.311  27.174 0.0000000000
101233  -50.352  34.941  27.430 0.0000000000
101230  -46.338  34.339  27.271 0.0000000000
99209  -48.769  32.105  29.916 0.0000000000
98551  -48.322  30.049  31.562 0.0000000000
97962  -52.225  30.428  31.214 0.0000000000
96895  -52.132  26.896  27.961 0.0000000000
121058  -50.810  28.987  28.812 0.0000000000
97428  -44.739  28.412  27.632 0.0000000000
116116  -49.498  39.392  20.748 0.0000000000
103820  -47.007  38.497  23.090 0.0000000000
101930  -50.442  36.386  21.949 0.0000000000
101273  -51.585  34.130  24.752 0.0000000000
99902  -51.683  33.361  27.175 0.0000000000
99235  -48.608  31.319  27.767 0.0000000000
115688  -48.109  32.436  25.321 0.0000000000
99918  -45.394  32.046  25.533 0.0000000000
91644  -50.307  19.869  34.531 0.0000000000
93123  -52.577  22.334  34.419 0.0000000000
95140  -51.525  24.414  34.308 0.0000000000
105350  -35.863  41.116  25.785 0.0000000000
103813  -39.268  38.797  23.823 0.0000000000
103826  -42.052  38.002  22.401 0.0000000000
103861  -45.559  38.728  19.774 0.0000000000
102622  -47.818  36.972  19.360 0.0000000000
100675  -48.925  32.920  18.653 0.0000000000
98656  -50.811  28.519  16.890 0.0000000000
98063  -49.151  28.611  13.483 0.0000000000
96253  -45.412  26.323  40.113 0.0000000000
95655  -47.291  26.233  36.693 0.0000000000
95125  -48.369  25.065  33.061 0.0000000000
115074  -46.568  36.872  32.188 0.0000000000
102553  -43.770  37.304  25.867 0.0000000000
101870  -43.413  35.278  28.726 0.0000000000
100519  -44.232  33.911  31.338 0.0000000000
97956  -44.528  29.577  31.594 0.0000000000
96869  -46.776  27.238  31.489 0.0000000000
95158  -49.080  24.642  29.709 0.0000000000
123350  -51.528  25.122  28.020 0.0000000000
94581  -49.172  24.182  25.541 0.0000000000
94568  -46.520  23.504  26.560 0.0000000000
97431  -47.473  28.919  27.613 0.0000000000
120981  -46.122  25.804  27.424 0.0000000000
94579  -43.598  23.032  26.004 0.0000000000
93151  -51.762  20.876  31.102 0.0000000000
92429  -51.221  20.606  29.951 0.0000000000
93153  -50.131  21.577  29.835 0.0000000000
98636  -51.691  29.230  18.542 0.0000000000
99286  -51.559  30.824  20.045 0.0000000000
99285  -50.146  30.704  20.154 0.0000000000
99995  -47.978  32.325  21.057 0.0000000000
99797  -45.605  33.477  35.042 0.0000000000
104915  -44.071  40.304  24.017 0.0000000000
101223  -51.872  34.279  28.625 0.0000000000
100544  -49.568  33.533  29.069 0.0000000000
99853  -51.351  33.291  30.183 0.0000000000
99199  -51.114  32.138  31.096 0.0000000000
120959  -52.362  31.639  30.670 0.0000000000
97974  -52.339  29.712  29.993 0.0000000000
97973  -50.881  30.717  29.270 0.0000000000
103241  -50.824  38.887  20.484 0.0000000000
103229  -50.537  38.786  21.444 0.0000000000
102598  -51.827  38.083  20.970 0.0000000000
99966  -52.196  32.339  23.161 0.0000000000
101282  -51.881  33.509  23.153 0.0000000000
100605  -52.432  32.826  24.521 0.0000000000
100582  -51.949  33.616  26.267 0.0000000000
99924  -52.021  32.778  25.379 0.0000000000
119707  -50.361  32.751  26.658 0.0000000000
99939  -50.381  32.420  24.680 0.0000000000
99949  -46.619  32.707  24.160 0.0000000000
94495  -48.379  23.634  34.572 0.0000000000
116164  -49.860  22.279  33.783 0.0000000000
121235  -50.255  23.082  34.545 0.0000000000
93833  -52.334  23.252  34.518 0.0000000000
94484  -51.527  24.447  35.730 0.0000000000
104929  -37.033  40.815  21.746 0.0000000000
104914  -36.859  39.894  22.918 0.0000000000
117584  -38.398  39.211  22.123 0.0000000000
103824  -40.602  38.263  23.001 0.0000000000
103855  -39.967  38.620  21.248 0.0000000000
104453  -43.742  39.642  18.694 0.0000000000
103873  -44.156  38.897  19.406 0.0000000000
103875  -45.605  39.391  18.865 0.0000000000
103876  -46.840  38.993  19.042 0.0000000000
103266  -46.349  37.687  18.738 0.0000000000
100696  -46.255  33.229  16.826 0.0000000000
100673  -46.826  33.644  18.127 0.0000000000
100029  -47.660  32.040  17.416 0.0000000000
100030  -48.919  31.344  17.580 0.0000000000
98655  -49.393  29.359  16.283 0.0000000000
98049  -49.512  27.672  15.028 0.0000000000
123864  -48.794  29.775  14.531 0.0000000000
98503  -41.731  30.770  38.955 0.0000000000
97337  -41.462  28.228  38.927 0.0000000000
125871  -43.484  28.797  40.368 0.0000000000
96251  -43.893  26.707  40.167 0.0000000000
97339  -44.644  28.238  40.674 0.0000000000
96841  -42.700  27.813  35.254 0.0000000000
126796  -44.392  26.777  36.363 0.0000000000
95689  -45.528  26.020  34.405 0.0000000000
115640  -48.348  25.486  34.530 0.0000000000
95705  -46.454  25.629  33.495 0.0000000000
104337  -46.197  40.951  32.188 0.0000000000
103166  -46.217  38.597  32.256 0.0000000000
103182  -46.109  38.890  31.257 0.0000000000
102574  -46.779  36.865  23.248 0.0000000000
103810  -45.529  38.469  24.281 0.0000000000
101906  -45.800  35.938  24.931 0.0000000000
100550  -45.676  33.171  28.338 0.0000000000
101229  -44.496  34.282  27.842 0.0000000000
100548  -43.850  33.788  28.953 0.0000000000
122424  -43.895  34.500  30.320 0.0000000000
99842  -43.960  32.260  30.205 0.0000000000
99185  -43.186  31.550  31.655 0.0000000000
98557  -44.513  30.734  30.771 0.0000000000
97387  -49.590  29.123  31.388 0.0000000000
97386  -47.428  28.666  31.545 0.0000000000
96873  -48.508  27.384  30.582 0.0000000000
95719  -48.393  25.850  30.300 0.0000000000
96335  -49.242  26.289  29.756 0.0000000000
95159  -49.669  24.440  29.013 0.0000000000
95730  -51.587  26.325  28.842 0.0000000000
96367  -50.503  26.765  27.037 0.0000000000
96380  -51.056  26.106  26.758 0.0000000000
95767  -49.311  25.715  26.177 0.0000000000
94570  -48.327  24.390  25.984 0.0000000000
95192  -47.566  24.700  26.466 0.0000000000
99234  -47.457  31.289  27.199 0.0000000000
98004  -47.885  29.753  27.849 0.0000000000
98003  -46.931  29.717  27.513 0.0000000000
127584  -43.824  26.804  28.201 0.0000000000
96362  -45.488  26.600  27.702 0.0000000000
95751  -44.210  25.378  27.938 0.0000000000
94558  -45.111  23.949  27.257 0.0000000000
95188  -43.231  24.054  27.037 0.0000000000
94589  -42.472  23.645  25.172 0.0000000000
90860  -53.029  19.105  32.712 0.0000000000
93891  -51.540  22.565  25.740 0.0000000000
121657  -51.193  33.231  19.768 0.0000000000
101302  -51.736  34.297  20.729 0.0000000000
100664  -51.846  32.254  19.941 0.0000000000
99980  -51.736  31.845  21.720 0.0000000000
99979  -51.320  31.647  22.165 0.0000000000
115665  -49.773  32.127  23.315 0.0000000000
99978  -49.203  31.936  21.583 0.0000000000
93131  -47.326  21.676  32.851 0.0000000000
94519  -46.304  23.061  32.785 0.0000000000
95089  -47.527  24.205  36.353 0.0000000000
105794  -37.193  42.039  21.199 0.0000000000
102633  -44.666  37.111  18.084 0.0000000000
123200  -46.542  33.704  15.565 0.0000000000
100705  -47.610  32.862  15.005 0.0000000000
98505  -45.308  29.881  40.742 0.0000000000
99137  -43.192  30.747  36.333 0.0000000000
138068  -42.116  29.108  34.408 0.0000000000
104372  -45.728  40.798  27.735 0.0000000000
101883  -48.278  35.367  26.068 0.0000000000
101881  -46.579  35.330  26.064 0.0000000000
100568  -48.277  34.244  27.671 0.0000000000
99866  -47.396  32.913  28.605 0.0000000000
99208  -47.307  31.672  29.695 0.0000000000
99197  -46.966  30.954  30.311 0.0000000000
98561  -48.950  30.708  31.193 0.0000000000
133048  -50.631  30.351  31.620 0.0000000000
97392  -51.759  28.743  30.583 0.0000000000
96882  -52.038  27.201  29.354 0.0000000000
97400  -52.386  28.914  29.932 0.0000000000
129112  -51.841  28.257  28.796 0.0000000000
97433  -49.092  28.236  27.697 0.0000000000
98001  -45.291  29.103  27.403 0.0000000000
101183  -44.737  35.691  33.063 0.0000000000
104425  -47.743  39.324  21.716 0.0000000000
104918  -47.968  40.752  22.876 0.0000000000
103831  -48.094  39.105  22.321 0.0000000000
102586  -48.706  37.381  22.114 0.0000000000
101921  -48.435  35.846  23.421 0.0000000000
101296  -51.754  35.247  21.328 0.0000000000
101922  -50.653  34.850  23.154 0.0000000000
101895  -49.495  35.202  24.954 0.0000000000
101259  -50.127  35.132  25.954 0.0000000000
123809  -51.675  34.486  27.632 0.0000000000
99869  -52.151  33.526  28.782 0.0000000000
99868  -51.884  32.747  28.969 0.0000000000
99901  -50.714  32.717  27.413 0.0000000000
99900  -49.184  32.429  26.793 0.0000000000
99254  -47.351  31.758  26.621 0.0000000000
117695  -48.324  32.480  24.477 0.0000000000
99920  -47.157  32.304  25.426 0.0000000000
139056  -48.599  21.183  33.360 0.0000000000
92397  -50.388  20.696  33.851 0.0000000000
128735  -53.065  20.491  34.283 0.0000000000
93124  -53.188  22.100  34.160 0.0000000000
93133  -52.983  22.619  33.834 0.0000000000
94532  -50.985  23.443  32.724 0.0000000000
124435  -37.980  40.373  25.621 0.0000000000
104904  -36.986  40.127  24.503 0.0000000000
104381  -39.147  40.012  25.221 0.0000000000
103807  -40.900  38.916  24.301 0.0000000000
104399  -42.578  39.102  23.993 0.0000000000
103818  -43.912  38.848  23.030 0.0000000000
104450  -39.814  39.503  19.860 0.0000000000
103857  -41.706  38.161  20.798 0.0000000000
103843  -44.214  38.092  21.356 0.0000000000
131918  -45.853  38.544  21.348 0.0000000000
103846  -47.354  38.819  20.748 0.0000000000
103254  -48.604  38.068  19.569 0.0000000000
101956  -48.862  35.651  19.824 0.0000000000
101966  -46.451  35.244  18.707 0.0000000000
101309  -48.058  34.878  19.336 0.0000000000
120704  -49.090  34.490  19.594 0.0000000000
100676  -50.237  32.313  18.713 0.0000000000
99319  -51.624  29.093  17.426 0.0000000000
97459  -49.307  27.745  16.215 0.0000000000
97472  -47.993  27.566  14.910 0.0000000000
99358  -49.300  30.739  13.375 0.0000000000
95645  -45.117  25.151  38.949 0.0000000000
95640  -47.099  25.624  39.502 0.0000000000
96827  -44.843  27.335  39.264 0.0000000000
125910  -45.827  26.605  38.126 0.0000000000
95648  -48.965  25.479  38.298 0.0000000000
95692  -49.553  25.535  35.317 0.0000000000
95139  -50.259  24.587  33.456 0.0000000000
94531  -49.854  23.639  31.979 0.0000000000
101849  -46.725  36.661  32.458 0.0000000000
104388  -47.401  40.976  24.718 0.0000000000
138596  -45.131  39.397  25.696 0.0000000000
103791  -43.853  38.441  27.353 0.0000000000
101890  -44.761  35.736  25.922 0.0000000000
101878  -43.470  36.159  27.063 0.0000000000
103186  -43.665  37.529  28.995 0.0000000000
101856  -45.833  36.750  31.474 0.0000000000
101193  -44.878  35.043  31.309 0.0000000000
100508  -46.396  35.136  32.984 0.0000000000
99809  -43.931  32.802  33.416 0.0000000000
98538  -42.331  30.113  33.065 0.0000000000
97380  -44.095  28.361  32.330 0.0000000000
134245  -46.299  29.456  31.610 0.0000000000
97384  -45.545  28.114  32.017 0.0000000000
96320  -45.732  26.745  32.087 0.0000000000
95714  -47.573  25.637  31.538 0.0000000000
124211  -48.597  24.541  30.979 0.0000000000
94539  -49.385  23.360  30.825 0.0000000000
93868  -50.038  22.800  28.545 0.0000000000
94550  -50.516  23.158  27.667 0.0000000000
124468  -50.793  23.799  26.129 0.0000000000
129547  -52.145  25.780  27.963 0.0000000000
95195  -50.681  24.627  26.112 0.0000000000
94582  -49.986  23.852  25.316 0.0000000000
93901  -48.662  22.824  25.204 0.0000000000
135266  -47.633  22.698  25.566 0.0000000000
98583  -49.565  30.805  28.510 0.0000000000
97432  -48.398  29.002  27.875 0.0000000000
96910  -47.674  27.499  27.225 0.0000000000
97429  -46.005  27.924  27.482 0.0000000000
96909  -46.748  27.497  27.358 0.0000000000
95753  -47.041  26.039  27.031 0.0000000000
95190  -46.099  24.099  27.053 0.0000000000
93887  -45.220  22.632  26.210 0.0000000000
93150  -50.648  21.536  30.709 0.0000000000
93154  -50.530  21.076  29.279 0.0000000000
130407  -50.114  29.340  18.857 0.0000000000
134425  -50.676  29.836  19.374 0.0000000000
99298  -49.104  30.452  19.564 0.0000000000
99798  -47.170  34.541  35.798 0.0000000000
100491  -47.381  35.442  35.083 0.0000000000
104916  -45.368  40.485  23.354 0.0000000000
104908  -46.602  41.665  23.678 0.0000000000
100546  -52.067  33.906  29.136 0.0000000000
100545  -51.233  33.733  29.588 0.0000000000
99854  -52.121  33.298  29.987 0.0000000000
99844  -52.085  32.778  30.492 0.0000000000
99211  -52.187  32.520  30.360 0.0000000000
98570  -52.165  31.607  29.937 0.0000000000
102609  -50.537  37.519  20.425 0.0000000000
102610  -51.723  38.146  20.883 0.0000000000
118743  -51.339  36.536  20.703 0.0000000000
99954  -52.234  32.389  23.882 0.0000000000
99941  -52.217  32.567  24.606 0.0000000000
100594  -52.246  33.079  25.320 0.0000000000
99940  -51.599  32.372  24.661 0.0000000000
116750  -50.914  32.630  25.389 0.0000000000
91642  -47.096  19.911  34.232 0.0000000000
94482  -49.408  23.980  35.743 0.0000000000
94496  -49.850  23.634  35.065 0.0000000000
94497  -51.319  23.886  35.535 0.0000000000
95091  -50.343  24.591  36.756 0.0000000000
104930  -37.575  40.620  21.479 0.0000000000
104434  -37.893  39.944  21.739 0.0000000000
104435  -38.514  39.740  21.285 0.0000000000
103838  -39.668  38.471  22.082 0.0000000000
104436  -39.126  39.028  21.463 0.0000000000
104461  -44.317  39.736  18.327 0.0000000000
104460  -43.911  40.095  18.167 0.0000000000
104455  -44.998  39.518  18.718 0.0000000000
134992  -45.098  39.478  18.862 0.0000000000
103882  -46.408  38.849  18.733 0.0000000000
103265  -45.555  38.071  18.493 0.0000000000
100044  -46.773  32.371  16.324 0.0000000000
100028  -46.829  32.561  17.190 0.0000000000
99316  -47.327  31.735  16.652 0.0000000000
99317  -48.233  30.853  16.839 0.0000000000
99335  -48.021  30.462  15.895 0.0000000000
99349  -48.079  31.022  15.029 0.0000000000
99115  -41.784  31.934  39.018 0.0000000000
98504  -42.916  30.914  39.856 0.0000000000
97916  -42.769  29.831  39.855 0.0000000000
97910  -44.207  29.565  40.936 0.0000000000
96810  -44.033  27.933  40.571 0.0000000000
96849  -43.103  27.126  34.863 0.0000000000
96302  -43.795  26.660  34.560 0.0000000000
95688  -44.666  26.303  34.419 0.0000000000
132611  -45.747  25.849  33.684 0.0000000000
95704  -45.077  26.186  33.594 0.0000000000
104353  -46.099  41.236  30.259 0.0000000000
104345  -46.251  41.178  31.415 0.0000000000
103772  -46.490  40.109  31.897 0.0000000000
103779  -45.953  40.076  30.655 0.0000000000
101919  -46.858  36.166  23.828 0.0000000000
101907  -46.330  36.067  24.449 0.0000000000
99864  -45.408  32.593  28.834 0.0000000000
100549  -44.673  33.232  28.664 0.0000000000
99863  -44.683  32.678  29.106 0.0000000000
100543  -44.110  33.148  29.326 0.0000000000
99205  -44.633  31.803  29.871 0.0000000000
99194  -44.197  31.505  30.492 0.0000000000
99195  -45.013  31.133  30.238 0.0000000000
96874  -49.606  27.796  30.447 0.0000000000
97390  -48.967  28.326  30.914 0.0000000000
96326  -49.520  27.093  30.043 0.0000000000
96325  -48.652  26.630  30.234 0.0000000000
95729  -50.015  25.853  29.244 0.0000000000
96336  -50.580  26.753  29.497 0.0000000000
96366  -49.282  26.902  26.853 0.0000000000
96379  -49.902  26.299  26.530 0.0000000000
124065  -48.386  25.203  26.238 0.0000000000
121354  -48.385  25.817  26.453 0.0000000000
98600  -46.762  30.610  27.237 0.0000000000
98601  -47.614  30.561  27.618 0.0000000000
119002  -46.245  30.033  27.313 0.0000000000
138472  -43.819  25.984  28.122 0.0000000000
95177  -43.726  24.653  27.591 0.0000000000
95176  -42.871  24.770  27.369 0.0000000000
95187  -42.437  24.314  26.649 0.0000000000
95765  -42.024  24.943  27.106 0.0000000000
91665  -53.218  20.065  32.577 0.0000000000
93178  -51.477  21.562  26.827 0.0000000000
93890  -51.294  22.351  26.417 0.0000000000
100005  -51.489  32.046  19.093 0.0000000000
133443  -51.687  32.374  19.677 0.0000000000
100006  -51.869  31.494  19.391 0.0000000000
99287  -51.708  31.183  20.036 0.0000000000
99273  -51.418  31.412  20.987 0.0000000000
137973  -50.563  31.518  21.637 0.0000000000
116432  -50.167  31.807  22.433 0.0000000000
94518  -45.539  23.104  32.575 0.0000000000
95109  -46.551  24.016  35.238 0.0000000000
126449  -46.497  24.250  36.300 0.0000000000
105793  -36.408  42.280  21.600 0.0000000000
101350  -45.719  34.399  16.015 0.0000000000
100712  -47.432  33.680  14.816 0.0000000000
101995  -46.358  35.168  15.116 0.0000000000
99787  -44.504  32.463  35.513 0.0000000000
99138  -44.125  31.564  36.513 0.0000000000
99148  -42.940  31.003  35.669 0.0000000000
97933  -42.339  29.561  35.448 0.0000000000
126187  -42.307  30.684  34.389 0.0000000000
104384  -41.680  40.496  25.587 0.0000000000
104883  -46.321  41.935  28.031 0.0000000000
101245  -49.418  35.224  26.525 0.0000000000
136307  -48.524  35.209  26.509 0.0000000000
101232  -48.767  34.924  27.083 0.0000000000
99867  -48.354  33.279  28.634 0.0000000000
99852  -48.371  32.712  29.166 0.0000000000
99851  -47.181  32.314  29.102 0.0000000000
137230  -47.839  32.176  29.447 0.0000000000
99198  -48.179  31.210  30.482 0.0000000000
98553  -51.530  30.793  31.550 0.0000000000
98552  -50.428  31.080  31.475 0.0000000000
97961  -51.399  30.024  31.523 0.0000000000
97388  -50.942  29.311  31.231 0.0000000000
97964  -52.062  29.562  31.031 0.0000000000
97393  -52.321  29.050  30.393 0.0000000000
97988  -51.339  29.745  29.348 0.0000000000
97413  -52.074  28.826  29.426 0.0000000000
96893  -50.583  28.151  28.137 0.0000000000
97412  -49.503  29.012  28.316 0.0000000000
128752  -48.468  39.215  20.953 0.0000000000
104426  -47.880  39.522  22.222 0.0000000000
134906  -49.123  39.477  21.349 0.0000000000
102587  -49.820  37.323  21.782 0.0000000000
136026  -49.522  37.998  21.740 0.0000000000
137957  -48.148  36.491  22.719 0.0000000000
101929  -49.109  36.309  22.456 0.0000000000
101297  -51.914  34.228  21.081 0.0000000000
101939  -51.862  35.216  20.929 0.0000000000
101289  -51.754  33.860  21.969 0.0000000000
101281  -51.317  34.202  23.662 0.0000000000
101280  -50.280  34.825  24.128 0.0000000000
101272  -50.684  34.735  25.222 0.0000000000
100581  -52.021  33.669  26.918 0.0000000000
101247  -51.846  34.215  26.964 0.0000000000
136675  -52.123  34.059  27.420 0.0000000000
100571  -52.238  33.934  27.768 0.0000000000
99884  -51.935  33.494  28.030 0.0000000000
99883  -51.244  32.705  28.185 0.0000000000
99921  -49.041  32.575  26.041 0.0000000000
99255  -48.249  31.927  27.021 0.0000000000
99951  -48.573  32.439  23.590 0.0000000000
99950  -47.593  32.598  23.897 0.0000000000
99937  -45.944  32.482  24.851 0.0000000000
135649  -46.653  32.449  24.912 0.0000000000
93830  -47.615  22.459  33.045 0.0000000000
93120  -47.967  20.970  33.264 0.0000000000
93132  -48.297  21.761  33.164 0.0000000000
93122  -50.892  21.705  33.968 0.0000000000
92398  -51.867  21.061  34.257 0.0000000000
132856  -52.509  20.417  34.348 0.0000000000
92399  -53.038  21.354  34.325 0.0000000000
92400  -53.370  21.077  34.043 0.0000000000
94507  -52.234  23.979  34.908 0.0000000000
93834  -52.499  23.312  34.263 0.0000000000
93842  -52.161  23.194  33.462 0.0000000000
94522  -51.967  23.854  33.969 0.0000000000
131693  -35.619  41.516  26.535 0.0000000000
105342  -36.277  41.170  26.718 0.0000000000
104875  -36.733  40.824  26.035 0.0000000000
104876  -37.495  40.570  26.297 0.0000000000
104892  -37.249  40.492  25.403 0.0000000000
105788  -34.423  42.675  23.102 0.0000000000
105365  -35.013  41.403  23.601 0.0000000000
104408  -37.628  39.461  23.337 0.0000000000
121894  -37.139  39.764  23.744 0.0000000000
104394  -37.803  39.636  24.286 0.0000000000
104905  -38.347  40.061  25.049 0.0000000000
104395  -38.729  39.458  24.495 0.0000000000
104397  -40.444  39.537  24.883 0.0000000000
103806  -40.138  38.821  24.194 0.0000000000
103825  -41.306  38.107  22.661 0.0000000000
103815  -41.206  38.469  23.564 0.0000000000
103816  -42.070  38.354  23.316 0.0000000000
104410  -43.446  39.372  23.693 0.0000000000
103817  -42.995  38.465  23.139 0.0000000000
103870  -41.147  38.632  20.136 0.0000000000
103871  -42.088  38.535  19.892 0.0000000000
103860  -44.600  38.395  20.190 0.0000000000
103859  -43.607  38.169  20.445 0.0000000000
103844  -45.222  38.270  20.853 0.0000000000
103829  -45.145  38.471  21.774 0.0000000000
104437  -46.729  38.877  21.441 0.0000000000
103845  -46.319  38.564  20.423 0.0000000000
103252  -47.233  38.515  19.059 0.0000000000
103253  -48.179  38.571  19.646 0.0000000000
128806  -47.856  37.909  19.257 0.0000000000
102623  -48.627  36.858  19.739 0.0000000000
124797  -47.895  35.885  19.433 0.0000000000
138979  -45.189  35.320  18.007 0.0000000000
124899  -45.609  35.707  18.407 0.0000000000
101965  -45.674  34.891  18.180 0.0000000000
100674  -47.751  33.375  18.454 0.0000000000
101317  -47.259  34.358  18.728 0.0000000000
100661  -48.415  33.891  19.036 0.0000000000
100662  -49.870  33.307  19.303 0.0000000000
100017  -49.619  31.849  18.208 0.0000000000
99318  -49.950  29.903  17.044 0.0000000000
99306  -50.882  30.477  17.690 0.0000000000
98032  -51.298  28.589  17.423 0.0000000000
98039  -50.409  28.322  16.747 0.0000000000
98680  -49.403  28.432  14.084 0.0000000000
97473  -49.139  27.422  14.563 0.0000000000
97478  -49.150  27.690  13.763 0.0000000000
98054  -47.413  27.986  14.689 0.0000000000
98062  -49.089  28.430  13.402 0.0000000000
100055  -49.017  31.762  13.875 0.0000000000
115354  -43.238  25.599  38.096 0.0000000000
96252  -44.647  26.682  40.270 0.0000000000
95638  -45.027  25.908  39.916 0.0000000000
122831  -45.738  25.598  39.896 0.0000000000
95646  -45.982  24.939  39.128 0.0000000000
96247  -46.523  25.913  40.066 0.0000000000
97924  -44.555  29.364  39.324 0.0000000000
97347  -44.728  28.413  39.807 0.0000000000
96826  -44.173  27.974  38.398 0.0000000000
116315  -45.242  26.537  36.430 0.0000000000
96277  -44.998  26.752  37.446 0.0000000000
95654  -46.225  26.471  37.006 0.0000000000
117128  -48.033  26.076  38.184 0.0000000000
118233  -48.950  25.890  37.386 0.0000000000
95668  -49.779  25.679  36.571 0.0000000000
95667  -48.446  25.982  36.303 0.0000000000
95706  -47.556  25.377  33.461 0.0000000000
95707  -48.935  25.245  34.176 0.0000000000
95126  -49.650  24.965  33.817 0.0000000000
95138  -49.014  24.690  32.717 0.0000000000
102514  -46.452  37.461  32.287 0.0000000000
126331  -47.637  39.617  23.050 0.0000000000
104402  -47.628  40.466  23.765 0.0000000000
103811  -46.933  39.301  23.529 0.0000000000
103204  -44.750  37.618  24.676 0.0000000000
103804  -45.231  39.099  25.095 0.0000000000
103803  -44.553  38.833  25.783 0.0000000000
103801  -44.599  39.425  27.092 0.0000000000
103800  -43.827  38.245  26.275 0.0000000000
101243  -46.537  34.849  26.680 0.0000000000
101880  -45.518  35.193  26.411 0.0000000000
101242  -45.698  34.661  26.962 0.0000000000
101228  -43.849  34.901  27.764 0.0000000000
101879  -43.939  35.411  27.064 0.0000000000
101872  -43.352  35.721  27.846 0.0000000000
102544  -43.185  36.703  27.935 0.0000000000
102536  -43.398  36.345  28.934 0.0000000000
102527  -44.394  36.991  30.153 0.0000000000
101861  -43.898  35.874  29.909 0.0000000000
100534  -43.847  33.800  30.504 0.0000000000
100520  -45.752  35.169  32.142 0.0000000000
100507  -44.596  33.842  32.160 0.0000000000
100497  -44.754  33.672  32.973 0.0000000000
99821  -43.647  32.748  32.548 0.0000000000
98547  -43.129  30.488  31.795 0.0000000000
99184  -42.764  31.160  32.224 0.0000000000
97952  -43.177  29.579  32.154 0.0000000000
97379  -43.207  28.750  32.549 0.0000000000
97953  -43.930  29.116  31.986 0.0000000000
98560  -47.656  30.472  31.035 0.0000000000
98559  -46.515  30.406  30.867 0.0000000000
98550  -47.085  29.854  31.492 0.0000000000
138167  -47.194  27.881  31.396 0.0000000000
97385  -46.494  28.216  31.702 0.0000000000
96868  -45.963  27.316  31.848 0.0000000000
96321  -46.397  26.601  31.780 0.0000000000
95713  -46.806  25.957  31.871 0.0000000000
96322  -47.260  26.419  31.316 0.0000000000
95149  -48.610  24.957  30.339 0.0000000000
95715  -48.164  25.163  31.080 0.0000000000
94530  -49.078  24.060  31.357 0.0000000000
94538  -48.918  24.170  30.482 0.0000000000
93863  -49.653  22.657  29.528 0.0000000000
94541  -49.291  23.671  29.768 0.0000000000
95169  -50.490  24.351  28.298 0.0000000000
138119  -50.366  23.625  28.171 0.0000000000
95170  -51.010  24.274  27.570 0.0000000000
94559  -50.955  23.563  26.903 0.0000000000
95180  -51.134  24.504  26.849 0.0000000000
96346  -52.321  26.946  28.569 0.0000000000
96345  -52.208  26.395  28.356 0.0000000000
95740  -52.255  26.366  27.972 0.0000000000
95194  -50.210  25.246  25.915 0.0000000000
95769  -51.152  25.318  26.639 0.0000000000
95202  -49.969  24.618  25.567 0.0000000000
134908  -50.441  24.200  25.666 0.0000000000
135544  -49.206  23.486  25.298 0.0000000000
94569  -47.450  23.761  26.249 0.0000000000
137425  -47.586  23.224  25.943 0.0000000000
93889  -47.011  22.982  26.145 0.0000000000
93900  -46.651  22.401  25.685 0.0000000000
93888  -46.129  22.787  26.261 0.0000000000
99236  -50.234  31.843  28.362 0.0000000000
97986  -48.834  29.819  28.291 0.0000000000
119267  -48.031  28.193  27.499 0.0000000000
130460  -45.461  28.343  27.522 0.0000000000
96908  -46.011  27.265  27.516 0.0000000000
96363  -46.473  26.679  27.357 0.0000000000
96364  -47.340  26.819  27.071 0.0000000000
95179  -46.732  25.047  26.979 0.0000000000
130004  -45.656  24.832  27.418 0.0000000000
122255  -43.633  23.528  26.664 0.0000000000
94566  -44.496  23.202  26.659 0.0000000000
93898  -44.339  22.545  25.765 0.0000000000
138209  -52.265  21.311  31.882 0.0000000000
92437  -53.276  19.786  28.564 0.0000000000
98637  -52.009  29.773  18.449 0.0000000000
99300  -52.009  30.683  19.270 0.0000000000
99299  -51.787  29.989  19.267 0.0000000000
99996  -49.083  31.620  20.798 0.0000000000
99284  -48.266  31.519  20.258 0.0000000000
99788  -46.409  33.480  36.229 0.0000000000
99796  -44.130  32.625  34.361 0.0000000000
104906  -43.710  41.004  24.925 0.0000000000
104907  -44.977  41.314  24.314 0.0000000000
105780  -47.719  42.680  24.976 0.0000000000
100570  -51.207  34.619  28.203 0.0000000000
100569  -49.800  34.618  27.933 0.0000000000
100554  -50.887  34.286  28.803 0.0000000000
126859  -49.939  33.056  29.750 0.0000000000
99210  -50.474  32.602  30.438 0.0000000000
99200  -52.150  32.173  30.896 0.0000000000
98562  -52.504  30.964  30.925 0.0000000000
97965  -52.385  29.915  30.577 0.0000000000
98571  -52.364  30.712  30.438 0.0000000000
131392  -51.999  30.473  29.838 0.0000000000
103864  -50.270  39.341  20.631 0.0000000000
103847  -49.887  39.412  21.198 0.0000000000
103848  -51.221  39.027  20.875 0.0000000000
103230  -51.620  38.748  21.092 0.0000000000
101937  -51.540  36.656  21.340 0.0000000000
99981  -52.035  32.222  22.157 0.0000000000
100632  -52.085  32.814  22.700 0.0000000000
101274  -52.214  33.368  24.203 0.0000000000
126344  -52.307  33.311  24.938 0.0000000000
101261  -51.991  33.716  25.551 0.0000000000
100593  -51.912  33.316  26.015 0.0000000000
99923  -51.558  33.032  26.247 0.0000000000
99922  -50.146  32.716  25.958 0.0000000000
99938  -49.354  32.525  25.171 0.0000000000
91643  -49.271  19.897  34.602 0.0000000000
94506  -48.665  23.223  33.962 0.0000000000
93831  -48.656  22.562  33.528 0.0000000000
93832  -51.673  22.834  34.653 0.0000000000
93825  -51.946  23.727  35.149 0.0000000000
94498  -51.955  24.202  35.474 0.0000000000
95128  -51.784  24.513  35.187 0.0000000000
124528  -35.113  41.575  25.947 0.0000000000
105369  -36.110  41.516  22.089 0.0000000000
104922  -35.611  41.239  22.779 0.0000000000
104923  -36.496  40.755  22.351 0.0000000000
104420  -37.675  39.624  22.511 0.0000000000
104421  -38.709  38.753  22.959 0.0000000000
127046  -40.015  38.463  23.399 0.0000000000
103823  -39.446  38.481  22.881 0.0000000000
103839  -40.519  38.180  22.035 0.0000000000
103840  -41.433  38.030  21.726 0.0000000000
104459  -43.222  40.214  18.267 0.0000000000
103872  -43.107  38.641  19.671 0.0000000000
103874  -45.073  39.356  19.091 0.0000000000
120719  -46.375  39.224  19.103 0.0000000000
115381  -46.202  39.228  18.878 0.0000000000
102621  -47.074  37.244  19.075 0.0000000000
100684  -46.156  33.783  17.608 0.0000000000
101316  -46.297  34.336  18.226 0.0000000000
129499  -46.608  33.229  17.569 0.0000000000
100685  -47.248  32.912  17.845 0.0000000000
100016  -48.235  32.461  18.078 0.0000000000
98668  -49.941  28.190  16.040 0.0000000000
98667  -49.285  28.736  15.311 0.0000000000
97914  -40.831  30.347  38.390 0.0000000000
97915  -41.671  29.800  38.949 0.0000000000
121140  -43.231  26.901  39.788 0.0000000000
96246  -43.993  27.171  40.453 0.0000000000
137588  -44.465  27.033  40.492 0.0000000000
96818  -44.943  27.027  40.360 0.0000000000
97356  -42.776  28.929  36.473 0.0000000000
96838  -43.921  27.514  37.282 0.0000000000
96842  -43.305  27.393  35.920 0.0000000000
96289  -44.447  26.522  35.375 0.0000000000
115352  -46.268  26.084  35.308 0.0000000000
115663  -47.318  25.888  35.366 0.0000000000
95690  -46.373  25.754  34.398 0.0000000000
104325  -45.699  40.772  32.421 0.0000000000
103178  -46.442  38.796  32.117 0.0000000000
102524  -46.510  37.674  32.195 0.0000000000
103212  -46.307  37.505  23.416 0.0000000000
103819  -46.107  38.170  23.630 0.0000000000
103205  -45.485  37.383  24.058 0.0000000000
102562  -44.889  36.943  24.592 0.0000000000
102555  -44.967  36.292  25.147 0.0000000000
100566  -45.998  33.717  27.766 0.0000000000
120897  -45.375  34.238  27.487 0.0000000000
100565  -45.074  33.713  28.047 0.0000000000
101222  -44.338  33.862  28.379 0.0000000000
101221  -43.806  34.412  28.477 0.0000000000
134427  -43.648  34.693  29.522 0.0000000000
100542  -43.732  33.778  29.726 0.0000000000
99847  -43.789  33.017  29.958 0.0000000000
99841  -43.692  32.922  30.692 0.0000000000
129824  -43.567  32.683  31.627 0.0000000000
99193  -43.614  31.994  30.917 0.0000000000
98556  -43.693  31.072  31.101 0.0000000000
98548  -45.006  30.073  31.193 0.0000000000
97960  -48.961  29.621  31.587 0.0000000000
97959  -47.843  29.410  31.593 0.0000000000
129064  -48.415  28.911  31.480 0.0000000000
96871  -47.940  28.080  31.168 0.0000000000
96870  -47.547  27.240  31.046 0.0000000000
96324  -47.951  26.557  30.652 0.0000000000
95728  -49.029  25.464  29.698 0.0000000000
135296  -49.573  25.127  29.234 0.0000000000
95738  -50.623  25.283  28.607 0.0000000000
96913  -51.222  27.248  27.633 0.0000000000
96368  -51.643  26.524  27.424 0.0000000000
95768  -50.384  25.764  26.328 0.0000000000
95193  -49.218  24.971  25.758 0.0000000000
95191  -46.876  24.213  26.693 0.0000000000
98602  -48.405  30.456  28.031 0.0000000000
124975  -46.679  28.813  27.478 0.0000000000
96907  -44.270  27.677  27.972 0.0000000000
127665  -45.251  27.615  27.692 0.0000000000
96361  -44.703  26.996  28.006 0.0000000000
129007  -44.542  26.220  28.025 0.0000000000
95752  -45.132  25.565  27.758 0.0000000000
95178  -44.658  24.680  27.616 0.0000000000
95189  -44.128  23.952  27.238 0.0000000000
127459  -43.061  23.210  25.394 0.0000000000
94565  -42.881  23.620  26.156 0.0000000000
95201  -42.079  24.099  25.762 0.0000000000
129360  -52.757  18.622  33.456 0.0000000000
101310  -50.269  34.259  19.935 0.0000000000
101948  -51.694  35.374  20.785 0.0000000000
101301  -51.360  34.261  20.366 0.0000000000
100663  -51.654  33.224  20.182 0.0000000000
100655  -51.841  33.111  20.674 0.0000000000
100007  -51.861  31.518  19.849 0.0000000000
99997  -51.872  32.106  20.545 0.0000000000
124976  -51.931  32.429  21.229 0.0000000000
99965  -51.965  31.975  22.953 0.0000000000
99964  -51.123  31.896  23.134 0.0000000000
99952  -50.760  32.165  23.975 0.0000000000
99963  -48.718  32.336  22.599 0.0000000000
115122  -48.093  32.500  21.837 0.0000000000
92415  -46.969  20.963  32.946 0.0000000000
93130  -46.455  21.626  32.572 0.0000000000
124096  -46.782  22.418  32.701 0.0000000000
94520  -47.115  23.033  33.030 0.0000000000
94503  -45.775  23.559  33.139 0.0000000000
94504  -46.657  23.472  33.397 0.0000000000
94505  -47.563  23.344  33.655 0.0000000000
94494  -47.152  23.732  34.289 0.0000000000
95110  -47.929  23.924  35.400 0.0000000000
95076  -48.477  24.503  37.598 0.0000000000
122522  -35.051  42.784  22.467 0.0000000000
105373  -37.372  41.295  21.299 0.0000000000
105374  -37.844  41.064  21.008 0.0000000000
103264  -44.873  38.368  18.254 0.0000000000
101342  -45.137  34.891  16.753 0.0000000000
100703  -46.057  33.696  16.199 0.0000000000
100704  -46.595  32.989  15.846 0.0000000000
99348  -47.426  32.118  15.416 0.0000000000
98523  -43.744  30.667  37.234 0.0000000000
97931  -42.863  29.666  36.527 0.0000000000
97358  -42.448  28.613  35.426 0.0000000000
97361  -42.381  28.278  34.601 0.0000000000
96859  -43.002  27.687  33.441 0.0000000000
124463  -45.949  41.516  28.574 0.0000000000
104361  -45.827  41.076  29.177 0.0000000000
101893  -47.762  35.500  25.325 0.0000000000
101882  -47.374  35.422  25.858 0.0000000000
101244  -47.630  35.131  26.479 0.0000000000
101231  -47.422  34.583  27.120 0.0000000000
100553  -49.051  33.909  28.354 0.0000000000
100552  -47.755  33.550  28.144 0.0000000000
100567  -47.056  33.912  27.636 0.0000000000
100551  -46.670  33.299  28.184 0.0000000000
99865  -46.369  32.665  28.675 0.0000000000
99850  -46.140  31.999  29.257 0.0000000000
99207  -46.349  31.390  29.802 0.0000000000
118970  -49.618  31.634  30.790 0.0000000000
124948  -49.559  30.230  31.597 0.0000000000
97391  -50.309  28.501  30.789 0.0000000000
96875  -52.238  28.197  29.757 0.0000000000
97414  -52.282  27.887  29.230 0.0000000000
96894  -51.969  27.510  28.382 0.0000000000
96912  -49.838  27.483  27.379 0.0000000000
98599  -45.596  29.898  27.208 0.0000000000
96360  -43.128  26.149  28.116 0.0000000000
95749  -42.544  25.528  27.679 0.0000000000
104925  -47.124  40.084  22.455 0.0000000000
104919  -47.674  39.813  22.400 0.0000000000
104414  -47.885  39.977  22.622 0.0000000000
103830  -47.418  38.437  22.681 0.0000000000
103228  -49.379  38.953  21.784 0.0000000000
103220  -48.327  38.415  22.203 0.0000000000
103218  -47.004  37.681  22.905 0.0000000000
102585  -47.574  37.198  22.612 0.0000000000
102575  -47.499  36.336  23.278 0.0000000000
101920  -47.598  35.827  23.885 0.0000000000
101938  -51.852  36.560  20.976 0.0000000000
101931  -50.939  35.432  22.196 0.0000000000
101288  -51.368  34.499  22.575 0.0000000000
123742  -49.744  35.434  23.050 0.0000000000
115077  -49.162  35.357  24.035 0.0000000000
101909  -48.306  35.521  24.543 0.0000000000
101894  -48.879  35.375  25.625 0.0000000000
101260  -51.384  34.440  26.087 0.0000000000
101246  -50.867  34.871  26.837 0.0000000000
138573  -52.012  34.295  28.234 0.0000000000
100555  -52.284  33.989  28.494 0.0000000000
135886  -52.195  33.387  29.388 0.0000000000
99882  -49.571  32.183  27.601 0.0000000000
99253  -46.555  31.282  26.662 0.0000000000
115872  -49.448  32.384  24.188 0.0000000000
118434  -47.361  32.494  24.692 0.0000000000
92395  -47.489  20.382  33.571 0.0000000000
138922  -48.350  20.339  33.789 0.0000000000
92396  -49.102  20.628  33.696 0.0000000000
137041  -48.924  22.030  33.410 0.0000000000
93121  -49.321  21.441  33.484 0.0000000000
91646  -52.382  19.435  34.465 0.0000000000
90856  -52.537  18.743  34.246 0.0000000000
91647  -53.092  19.890  34.115 0.0000000000
92416  -53.413  20.979  33.480 0.0000000000
93148  -53.336  21.150  33.018 0.0000000000
114971  -52.723  22.809  34.175 0.0000000000
93125  -53.353  21.738  33.646 0.0000000000
93147  -52.902  21.802  32.818 0.0000000000
93854  -52.286  22.539  32.880 0.0000000000
93146  -51.518  21.837  31.820 0.0000000000
104890  -35.674  40.924  24.845 0.0000000000
104912  -35.614  40.866  23.540 0.0000000000
104903  -36.083  40.502  24.156 0.0000000000
104891  -36.451  40.663  25.125 0.0000000000
138481  -37.688  40.176  24.965 0.0000000000
104894  -39.495  40.270  25.817 0.0000000000
104382  -39.982  40.080  25.400 0.0000000000
104398  -41.263  39.682  24.925 0.0000000000
125392  -42.146  39.830  24.803 0.0000000000
103814  -40.578  38.555  23.689 0.0000000000
103808  -41.709  38.953  24.235 0.0000000000
104400  -43.069  40.033  24.476 0.0000000000
121754  -44.271  39.679  23.399 0.0000000000
104411  -44.837  39.403  22.897 0.0000000000
104444  -39.544  39.235  20.650 0.0000000000
104445  -40.288  38.880  20.390 0.0000000000
103856  -40.820  38.341  21.031 0.0000000000
103841  -42.276  37.936  21.545 0.0000000000
103858  -42.625  38.105  20.613 0.0000000000
103842  -43.163  37.911  21.442 0.0000000000
103828  -44.464  38.552  22.367 0.0000000000
104423  -45.281  39.022  22.417 0.0000000000
104424  -46.144  39.153  22.050 0.0000000000
103862  -47.033  38.790  19.669 0.0000000000
103863  -48.605  38.959  20.102 0.0000000000
103240  -49.475  38.949  20.183 0.0000000000
102608  -49.594  38.093  20.041 0.0000000000
101946  -49.417  36.754  20.129 0.0000000000
122866  -49.977  36.059  20.337 0.0000000000
102634  -45.491  36.764  18.471 0.0000000000
102635  -46.289  36.393  18.813 0.0000000000
101955  -47.067  36.096  19.171 0.0000000000
101967  -47.302  35.253  19.095 0.0000000000
132318  -49.664  35.102  20.051 0.0000000000
100018  -51.311  31.152  18.377 0.0000000000
99307  -52.031  29.850  17.981 0.0000000000
98648  -51.901  29.002  17.834 0.0000000000
98647  -51.224  28.504  17.998 0.0000000000
97468  -49.348  27.545  15.341 0.0000000000
97467  -48.602  27.519  15.438 0.0000000000
98690  -49.223  29.719  13.357 0.0000000000
95653  -44.544  24.796  37.619 0.0000000000
95637  -43.958  26.078  39.582 0.0000000000
95062  -45.489  24.644  37.960 0.0000000000
95063  -46.569  24.621  38.255 0.0000000000
95064  -47.816  24.719  38.465 0.0000000000
95065  -48.965  24.923  38.349 0.0000000000
97917  -45.098  28.915  40.983 0.0000000000
124993  -44.805  27.705  40.268 0.0000000000
96264  -45.348  26.864  39.191 0.0000000000
96276  -44.548  27.068  37.573 0.0000000000
96265  -45.880  26.497  39.627 0.0000000000
96255  -46.972  26.028  39.631 0.0000000000
139342  -48.575  25.403  38.745 0.0000000000
95066  -49.595  25.129  38.018 0.0000000000
95669  -50.549  25.246  37.043 0.0000000000
95693  -50.631  25.306  36.058 0.0000000000
95127  -50.973  24.863  34.589 0.0000000000
116436  -48.480  25.744  35.391 0.0000000000
95111  -50.367  25.259  34.958 0.0000000000
94521  -50.755  24.097  33.159 0.0000000000
93852  -50.170  22.943  31.567 0.0000000000
101848  -45.511  36.606  32.624 0.0000000000
101842  -46.707  36.652  33.248 0.0000000000
101843  -47.502  36.479  33.718 0.0000000000
105366  -47.853  41.704  23.535 0.0000000000
104898  -47.150  41.650  26.036 0.0000000000
104401  -46.375  39.716  24.472 0.0000000000
104387  -45.992  40.215  25.617 0.0000000000
104373  -46.285  41.172  27.008 0.0000000000
104386  -45.273  39.866  26.460 0.0000000000
103792  -44.727  39.638  28.224 0.0000000000
101892  -46.654  35.624  25.242 0.0000000000
101891  -45.699  35.636  25.603 0.0000000000
102554  -44.133  36.441  25.740 0.0000000000
101241  -44.739  34.809  27.110 0.0000000000
102547  -43.987  35.890  26.388 0.0000000000
102546  -43.583  36.660  26.416 0.0000000000
103198  -43.487  37.513  26.726 0.0000000000
103781  -44.025  38.537  28.472 0.0000000000
103778  -44.749  38.689  29.667 0.0000000000
103181  -44.887  37.911  30.261 0.0000000000
102528  -46.082  37.801  31.480 0.0000000000
101205  -44.505  35.473  30.724 0.0000000000
101857  -46.348  36.323  31.946 0.0000000000
101194  -46.505  36.315  32.265 0.0000000000
101184  -47.107  36.214  32.956 0.0000000000
100499  -47.188  35.454  33.960 0.0000000000
100498  -45.780  34.277  33.607 0.0000000000
99810  -45.010  33.478  34.038 0.0000000000
99168  -43.160  32.006  33.766 0.0000000000
99820  -42.988  31.866  32.342 0.0000000000
138970  -42.719  31.594  33.402 0.0000000000
99167  -42.537  31.308  33.935 0.0000000000
97936  -42.103  29.796  33.808 0.0000000000
97369  -42.867  28.257  33.059 0.0000000000
96315  -43.739  27.247  33.148 0.0000000000
99196  -45.956  30.952  30.232 0.0000000000
98549  -45.994  29.960  31.293 0.0000000000
97957  -45.478  29.460  31.591 0.0000000000
97958  -46.864  29.130  31.712 0.0000000000
129400  -45.963  28.905  31.868 0.0000000000
97383  -44.934  28.811  31.975 0.0000000000
97381  -44.795  28.032  32.248 0.0000000000
96866  -45.117  27.258  32.260 0.0000000000
96316  -44.532  26.863  32.796 0.0000000000
96318  -46.058  26.262  32.277 0.0000000000
95710  -46.577  25.747  32.617 0.0000000000
95711  -47.426  25.427  32.347 0.0000000000
95718  -47.808  25.906  30.907 0.0000000000
95137  -48.135  25.039  32.049 0.0000000000
93860  -49.857  22.422  30.557 0.0000000000
138590  -49.467  23.002  30.173 0.0000000000
94549  -49.798  23.587  28.845 0.0000000000
93881  -50.816  22.428  27.073 0.0000000000
94571  -51.066  23.051  26.263 0.0000000000
94572  -51.141  23.259  25.533 0.0000000000
95739  -51.856  25.796  28.283 0.0000000000
95754  -51.578  25.205  27.503 0.0000000000
95755  -51.828  25.861  27.402 0.0000000000
94583  -50.636  23.632  25.420 0.0000000000
94591  -50.550  23.409  24.964 0.0000000000
93914  -49.816  22.994  24.724 0.0000000000
94580  -48.290  23.499  25.694 0.0000000000
99221  -51.142  31.688  29.122 0.0000000000
97987  -50.036  29.862  28.699 0.0000000000
96911  -48.641  27.522  27.224 0.0000000000
96365  -48.240  26.900  26.875 0.0000000000
98002  -46.113  29.355  27.367 0.0000000000
139026  -46.519  28.191  27.452 0.0000000000
97430  -47.174  28.165  27.421 0.0000000000
96377  -47.893  26.252  26.737 0.0000000000
95766  -47.654  25.529  26.632 0.0000000000
94567  -45.593  23.327  26.738 0.0000000000
90857  -53.015  19.290  33.704 0.0000000000
91659  -53.318  20.144  33.545 0.0000000000
92428  -52.863  20.587  31.976 0.0000000000
93156  -50.007  21.795  28.954 0.0000000000
93853  -51.159  22.690  32.268 0.0000000000
94483  -50.767  24.259  35.958 0.0000000000
95056  -47.039  25.029  39.211 0.0000000000
95057  -48.123  25.216  38.885 0.0000000000
95058  -48.915  25.209  38.506 0.0000000000
95067  -50.229  25.110  37.503 0.0000000000
95073  -45.029  24.462  36.697 0.0000000000
95074  -45.993  24.393  37.024 0.0000000000
95075  -47.123  24.394  37.350 0.0000000000
95077  -49.858  24.840  37.630 0.0000000000
95092  -50.810  24.873  36.307 0.0000000000
95112  -51.234  24.899  35.504 0.0000000000
95142  -48.691  24.593  31.736 0.0000000000
95143  -49.528  24.243  32.357 0.0000000000
95633  -45.757  25.994  40.247 0.0000000000
95639  -46.412  25.543  39.821 0.0000000000
95644  -44.202  25.378  38.612 0.0000000000
95647  -47.931  25.704  38.970 0.0000000000
95656  -49.897  25.386  37.566 0.0000000000
95666  -46.028  26.347  36.069 0.0000000000
95691  -47.353  25.599  34.392 0.0000000000
95709  -45.653  26.007  32.936 0.0000000000
96254  -46.169  26.100  40.134 0.0000000000
96266  -46.530  26.367  39.239 0.0000000000
96278  -46.889  26.404  38.042 0.0000000000
96288  -43.715  26.847  35.535 0.0000000000
96290  -45.319  26.267  35.286 0.0000000000
96311  -43.270  27.025  33.908 0.0000000000
96313  -44.916  26.412  33.026 0.0000000000
96317  -45.325  26.570  32.564 0.0000000000
96337  -52.324  26.848  28.831 0.0000000000
96817  -44.539  27.407  40.416 0.0000000000
96837  -43.110  28.117  36.535 0.0000000000
96848  -42.706  27.644  34.265 0.0000000000
96864  -43.478  27.943  32.812 0.0000000000
96865  -44.271  27.588  32.595 0.0000000000
96883  -52.331  27.359  29.119 0.0000000000
97346  -43.573  28.551  37.616 0.0000000000
97368  -42.461  28.388  33.721 0.0000000000
97378  -42.597  28.777  33.057 0.0000000000
97477  -48.595  27.565  14.273 0.0000000000
97941  -42.282  29.258  33.452 0.0000000000
97951  -42.627  29.400  32.737 0.0000000000
97955  -44.048  30.288  31.316 0.0000000000
98055  -49.318  27.707  14.049 0.0000000000
98061  -48.273  28.260  13.816 0.0000000000
98522  -43.578  29.898  37.562 0.0000000000
98524  -42.660  30.284  35.929 0.0000000000
98525  -42.091  30.012  34.461 0.0000000000
98528  -42.231  30.500  33.744 0.0000000000
98539  -42.702  30.020  32.401 0.0000000000
98546  -42.607  30.590  32.467 0.0000000000
98554  -52.225  31.288  31.200 0.0000000000
98558  -45.488  30.507  30.728 0.0000000000
99125  -41.388  32.368  38.487 0.0000000000
99158  -42.677  31.179  34.841 0.0000000000
99174  -42.486  31.182  32.990 0.0000000000
99186  -51.600  31.563  31.337 0.0000000000
99274  -51.706  31.677  20.672 0.0000000000
99808  -42.999  32.013  33.038 0.0000000000
99843  -51.810  32.851  30.549 0.0000000000
99848  -44.332  32.483  29.603 0.0000000000
99849  -45.081  32.128  29.332 0.0000000000
100484  -47.552  34.951  36.194 0.0000000000
100490  -46.583  34.513  34.594 0.0000000000
100618  -52.355  32.732  23.709 0.0000000000
100695  -45.610  34.092  16.930 0.0000000000
101173  -47.344  35.872  34.744 0.0000000000
101178  -47.580  36.157  34.124 0.0000000000
101185  -47.479  36.035  33.562 0.0000000000
101331  -45.745  34.343  17.725 0.0000000000
101841  -45.666  36.488  32.850 0.0000000000
101964  -44.892  36.025  18.109 0.0000000000
102563  -45.530  36.524  24.447 0.0000000000
102573  -46.109  36.703  23.829 0.0000000000
102597  -51.129  37.819  21.398 0.0000000000
102599  -51.937  38.624  21.004 0.0000000000
103195  -43.417  37.589  27.731 0.0000000000
103201  -44.203  37.871  25.390 0.0000000000
103219  -47.568  38.081  22.522 0.0000000000
103231  -51.884  38.794  21.071 0.0000000000
103242  -51.778  38.849  20.879 0.0000000000
103761  -46.310  40.000  32.211 0.0000000000
103809  -44.714  38.334  24.977 0.0000000000
103821  -47.686  39.235  22.744 0.0000000000
103827  -43.572  38.223  22.324 0.0000000000
103832  -48.900  39.389  21.758 0.0000000000
103877  -47.635  38.764  19.496 0.0000000000
103881  -45.556  39.176  18.627 0.0000000000
104396  -39.611  39.435  24.713 0.0000000000
104409  -38.357  39.122  23.674 0.0000000000
104413  -48.094  40.384  23.074 0.0000000000
104422  -39.039  38.697  22.284 0.0000000000
104427  -48.440  39.445  21.768 0.0000000000
104443  -38.988  39.616  20.831 0.0000000000
104454  -44.577  39.574  18.552 0.0000000000
104841  -45.463  41.147  32.354 0.0000000000
104848  -45.755  41.513  31.681 0.0000000000
104885  -47.466  42.579  26.042 0.0000000000
104913  -36.159  40.502  23.191 0.0000000000
104917  -47.097  40.939  22.890 0.0000000000
104924  -37.228  40.233  22.124 0.0000000000
104938  -39.181  39.884  20.221 0.0000000000
105344  -47.025  42.897  26.962 0.0000000000
105349  -35.250  41.302  25.272 0.0000000000
105353  -46.864  42.944  25.510 0.0000000000
105354  -47.830  42.499  25.030 0.0000000000
105372  -36.718  41.423  21.653 0.0000000000
105377  -37.791  41.742  20.790 0.0000000000
105775  -47.421  42.890  25.879 0.0000000000
105785  -34.477  42.051  23.482 0.0000000000
105790  -35.578  42.082  22.227 0.0000000000
115338  -50.513  25.028  37.201 0.0000000000
117509  -42.385  30.458  35.103 0.0000000000
118358  -43.395  31.595  35.395 0.0000000000
119054  -38.103  39.132  22.911 0.0000000000
119395  -42.762  38.028  22.309 0.0000000000
121139  -51.828  21.855  26.162 0.0000000000
122081  -36.600  40.088  23.683 0.0000000000
123534  -49.693  27.828  15.821 0.0000000000
123858  -47.862  38.836  20.105 0.0000000000
125980  -46.930  39.369  22.003 0.0000000000
127889  -43.258  36.905  27.112 0.0000000000
128359  -44.338  37.062  25.152 0.0000000000
129302  -44.733  33.507  33.473 0.0000000000
129672  -44.566  35.383  26.564 0.0000000000
130094  -40.049  38.322  22.681 0.0000000000
130580  -50.176  29.799  31.587 0.0000000000
131667  -51.830  38.746  20.936 0.0000000000
132206  -51.470  34.295  25.436 0.0000000000
132570  -51.890  32.016  21.276 0.0000000000
135142  -43.885  27.076  36.450 0.0000000000
135202  -43.719  29.773  31.682 0.0000000000
135319  -47.338  26.152  38.943 0.0000000000
136146  -43.569  30.195  40.441 0.0000000000
136707  -52.366  31.539  30.939 0.0000000000
137221  -46.128  25.918  40.221 0.0000000000
138549  -42.479  38.166  22.810 0.0000000000
138653  -43.099  30.233  36.610 0.0000000000
139377  -45.437  40.594  28.242 0.0000000000
