#!ascii label  , from subject sub-v1s11x0050152_ses-1 vox2ras=TkReg
1630
36016  14.122  -29.132  66.499 0.0000000000
57737  43.616  -8.649  42.582 0.0000000000
44828  32.214  -20.536  59.937 0.0000000000
122365  39.556  -16.812  64.091 0.0000000000
40733  25.137  -24.325  58.937 0.0000000000
35985  22.613  -29.243  69.039 0.0000000000
66891  51.565  0.490  35.612 0.0000000000
57781  53.062  -8.379  40.507 0.0000000000
56503  36.656  -9.505  54.128 0.0000000000
71948  52.176  5.668  26.375 0.0000000000
40636  32.526  -24.256  65.894 0.0000000000
37749  18.137  -27.724  67.292 0.0000000000
62945  52.447  -3.003  41.109 0.0000000000
62979  47.535  -3.520  40.107 0.0000000000
57632  44.215  -8.198  47.373 0.0000000000
58837  48.385  -7.370  46.411 0.0000000000
57637  39.589  -8.802  47.890 0.0000000000
48963  37.755  -17.050  57.174 0.0000000000
46783  35.028  -18.823  61.825 0.0000000000
39549  28.316  -25.195  65.830 0.0000000000
37708  27.669  -28.322  71.334 0.0000000000
38623  24.609  -26.922  64.315 0.0000000000
37842  19.609  -26.983  62.960 0.0000000000
125836  28.653  -22.859  59.217 0.0000000000
67894  56.318  1.905  37.173 0.0000000000
63851  56.661  -1.342  41.633 0.0000000000
57762  48.502  -8.509  41.228 0.0000000000
57536  39.884  -7.975  54.253 0.0000000000
115739  40.625  -13.283  58.997 0.0000000000
121811  52.052  3.261  31.239 0.0000000000
129147  56.418  4.140  30.990 0.0000000000
72865  58.667  6.467  28.125 0.0000000000
38574  32.722  -26.208  67.790 0.0000000000
36900  15.643  -27.793  66.824 0.0000000000
37720  16.555  -27.521  70.007 0.0000000000
36844  14.741  -27.790  69.068 0.0000000000
64888  46.932  -1.783  37.195 0.0000000000
58769  43.983  -7.343  50.302 0.0000000000
59883  46.562  -6.927  49.817 0.0000000000
125283  10.480  -33.899  69.345 0.0000000000
55560  39.390  -10.254  44.993 0.0000000000
116762  31.625  -18.294  57.908 0.0000000000
117735  33.941  -18.353  59.017 0.0000000000
44812  34.016  -19.604  60.951 0.0000000000
40679  26.589  -24.695  62.568 0.0000000000
38621  26.172  -26.122  64.840 0.0000000000
134972  24.727  -25.804  62.154 0.0000000000
114833  27.127  -23.377  58.923 0.0000000000
116776  28.748  -23.461  62.857 0.0000000000
36827  25.244  -28.934  70.009 0.0000000000
123334  53.735  0.371  36.440 0.0000000000
65850  56.456  0.305  39.644 0.0000000000
129502  54.739  -1.202  39.292 0.0000000000
128984  52.739  -6.510  39.235 0.0000000000
128846  54.705  -4.955  39.075 0.0000000000
129723  42.568  -5.929  41.398 0.0000000000
134070  45.066  -5.756  41.870 0.0000000000
126782  45.979  -8.868  41.904 0.0000000000
57569  33.846  -8.093  51.900 0.0000000000
124656  36.937  -7.765  50.966 0.0000000000
58728  36.225  -6.814  54.652 0.0000000000
47850  39.062  -17.396  60.105 0.0000000000
50068  39.200  -15.090  57.485 0.0000000000
50038  41.109  -15.691  61.892 0.0000000000
68962  49.052  2.142  33.344 0.0000000000
132693  49.656  3.396  31.672 0.0000000000
68960  51.469  2.166  33.292 0.0000000000
68958  53.788  2.221  33.345 0.0000000000
115226  56.836  6.640  25.028 0.0000000000
129165  55.576  5.750  27.420 0.0000000000
71875  57.181  5.382  30.045 0.0000000000
121155  54.183  5.400  29.095 0.0000000000
41811  32.729  -23.555  62.530 0.0000000000
41822  34.987  -23.148  61.637 0.0000000000
39548  34.422  -25.196  65.731 0.0000000000
118547  20.571  -28.547  68.188 0.0000000000
117349  21.668  -29.077  72.990 0.0000000000
36816  18.905  -28.173  71.831 0.0000000000
119527  48.835  0.292  35.238 0.0000000000
64874  52.229  -2.414  38.273 0.0000000000
63902  49.571  -2.245  37.766 0.0000000000
63846  49.867  -3.343  41.030 0.0000000000
58953  50.761  -6.710  39.513 0.0000000000
56640  43.708  -9.558  44.386 0.0000000000
57695  45.975  -9.110  44.692 0.0000000000
58840  45.923  -7.978  47.033 0.0000000000
128886  37.725  -11.125  53.204 0.0000000000
51083  40.303  -14.475  65.247 0.0000000000
35097  12.700  -30.954  66.592 0.0000000000
35988  13.522  -29.521  69.271 0.0000000000
34174  11.991  -31.897  69.968 0.0000000000
117286  41.261  -8.385  42.654 0.0000000000
56642  41.547  -9.884  44.494 0.0000000000
57658  41.871  -8.892  47.052 0.0000000000
58771  42.237  -7.501  50.444 0.0000000000
46847  35.200  -18.287  56.448 0.0000000000
136114  36.415  -17.879  59.205 0.0000000000
47802  36.896  -18.330  63.256 0.0000000000
43857  37.155  -21.677  62.633 0.0000000000
44778  37.482  -20.510  64.797 0.0000000000
39515  30.438  -25.815  68.102 0.0000000000
36822  29.671  -28.506  70.692 0.0000000000
38578  28.409  -26.547  68.812 0.0000000000
37747  25.766  -27.630  67.213 0.0000000000
36878  23.720  -28.657  67.249 0.0000000000
39592  22.892  -26.015  60.940 0.0000000000
37839  22.087  -27.255  62.965 0.0000000000
36912  20.991  -28.023  65.804 0.0000000000
37775  18.799  -27.491  65.196 0.0000000000
37793  17.033  -27.392  64.321 0.0000000000
36956  14.474  -28.595  63.455 0.0000000000
45809  30.116  -19.245  57.916 0.0000000000
44864  28.822  -20.665  56.524 0.0000000000
130893  30.744  -21.834  59.001 0.0000000000
41813  30.100  -23.245  62.369 0.0000000000
40638  31.058  -24.147  65.985 0.0000000000
64863  58.540  -1.216  40.495 0.0000000000
62957  54.572  -2.689  41.372 0.0000000000
62982  44.892  -3.855  39.518 0.0000000000
59997  48.175  -6.513  40.239 0.0000000000
133643  50.752  -8.369  40.775 0.0000000000
57692  48.499  -8.417  44.211 0.0000000000
58890  50.996  -8.102  43.811 0.0000000000
56557  36.936  -9.186  48.216 0.0000000000
57578  39.544  -8.420  50.636 0.0000000000
57542  42.182  -8.032  53.444 0.0000000000
53319  38.956  -12.714  54.999 0.0000000000
55419  39.488  -10.717  55.804 0.0000000000
119648  41.337  -12.682  62.088 0.0000000000
55390  40.795  -10.621  58.687 0.0000000000
57520  37.694  -8.123  56.827 0.0000000000
59766  38.478  -6.407  56.979 0.0000000000
57517  41.894  -8.406  56.991 0.0000000000
122698  52.025  5.346  29.024 0.0000000000
68985  53.958  3.123  31.069 0.0000000000
69912  56.047  3.182  34.051 0.0000000000
36855  33.329  -27.855  67.946 0.0000000000
36901  14.968  -28.165  66.847 0.0000000000
36885  15.258  -27.787  67.561 0.0000000000
36886  14.592  -28.303  67.633 0.0000000000
59862  43.771  -7.132  51.123 0.0000000000
115989  45.340  -7.188  51.125 0.0000000000
31092  9.491  -34.853  67.127 0.0000000000
45807  31.343  -18.935  58.848 0.0000000000
46801  32.763  -18.848  59.925 0.0000000000
125581  32.546  -19.888  60.202 0.0000000000
118501  26.287  -24.521  60.950 0.0000000000
40686  26.017  -24.863  61.698 0.0000000000
132495  25.180  -24.888  60.333 0.0000000000
41864  26.595  -23.413  58.290 0.0000000000
132411  26.480  -23.721  58.948 0.0000000000
41838  26.879  -24.100  60.918 0.0000000000
35983  24.169  -29.325  69.907 0.0000000000
118610  23.029  -29.481  71.416 0.0000000000
66880  52.849  0.193  36.273 0.0000000000
65862  54.831  -0.486  37.824 0.0000000000
65864  52.957  -0.928  37.227 0.0000000000
58951  52.385  -7.260  39.516 0.0000000000
58950  53.276  -7.318  39.476 0.0000000000
59971  43.034  -6.932  42.363 0.0000000000
58912  44.466  -7.118  42.094 0.0000000000
57736  44.422  -8.735  42.285 0.0000000000
56513  35.428  -9.464  53.055 0.0000000000
56505  34.851  -8.517  53.366 0.0000000000
58739  35.512  -7.236  53.234 0.0000000000
57547  35.336  -7.758  54.074 0.0000000000
47815  39.577  -17.456  62.413 0.0000000000
48936  40.403  -16.600  60.919 0.0000000000
48909  40.241  -16.573  63.501 0.0000000000
67924  49.803  1.135  34.523 0.0000000000
68961  49.854  2.142  33.384 0.0000000000
67922  51.556  1.350  34.490 0.0000000000
67907  52.854  1.127  35.187 0.0000000000
71965  54.276  5.709  25.716 0.0000000000
71947  53.042  5.494  26.747 0.0000000000
71907  54.961  5.474  28.913 0.0000000000
71925  53.156  5.461  27.866 0.0000000000
41796  32.439  -23.701  63.517 0.0000000000
40667  33.964  -24.267  63.851 0.0000000000
40634  33.791  -24.657  65.472 0.0000000000
36883  18.861  -28.039  67.808 0.0000000000
36841  19.832  -28.621  69.846 0.0000000000
36842  18.685  -28.266  69.467 0.0000000000
118834  16.600  -27.322  72.132 0.0000000000
37700  17.712  -27.536  73.072 0.0000000000
66894  47.952  0.237  35.209 0.0000000000
64899  49.306  -1.221  36.778 0.0000000000
65876  47.923  -0.765  36.201 0.0000000000
63869  47.766  -3.224  39.154 0.0000000000
63881  48.346  -2.952  38.701 0.0000000000
63856  48.944  -3.328  40.779 0.0000000000
61998  50.544  -4.293  40.972 0.0000000000
60984  48.980  -4.668  41.349 0.0000000000
57676  43.981  -9.040  45.942 0.0000000000
57675  44.818  -8.882  45.768 0.0000000000
57631  45.076  -8.102  47.201 0.0000000000
66909  48.413  0.733  34.743 0.0000000000
34201  12.483  -31.533  68.424 0.0000000000
33158  12.007  -32.122  67.977 0.0000000000
57741  39.677  -8.839  42.542 0.0000000000
114872  41.052  -9.834  43.738 0.0000000000
117142  39.799  -9.863  43.395 0.0000000000
56599  39.545  -9.574  46.459 0.0000000000
56598  40.561  -9.551  46.283 0.0000000000
57636  40.478  -8.689  47.807 0.0000000000
57614  41.797  -8.232  48.473 0.0000000000
57615  40.954  -8.393  48.498 0.0000000000
131073  33.962  -18.540  55.958 0.0000000000
46799  34.397  -18.460  60.673 0.0000000000
46811  35.229  -18.179  59.203 0.0000000000
47841  35.826  -17.877  60.429 0.0000000000
119775  37.143  -17.731  61.082 0.0000000000
46781  36.295  -18.463  62.761 0.0000000000
133080  36.590  -24.238  63.210 0.0000000000
41807  36.488  -23.102  62.211 0.0000000000
40664  37.400  -24.164  63.508 0.0000000000
43826  38.282  -21.890  64.978 0.0000000000
45746  37.554  -19.689  65.833 0.0000000000
39524  29.521  -25.392  67.185 0.0000000000
38577  29.215  -26.325  69.022 0.0000000000
39525  28.696  -25.903  67.529 0.0000000000
38622  25.460  -26.478  64.540 0.0000000000
38603  26.368  -27.005  66.772 0.0000000000
37770  25.243  -27.204  65.649 0.0000000000
37748  25.014  -27.952  66.958 0.0000000000
37761  23.790  -27.867  65.599 0.0000000000
39638  22.639  -25.307  59.765 0.0000000000
38680  20.367  -26.402  61.614 0.0000000000
129543  21.204  -26.500  61.608 0.0000000000
37840  21.201  -27.233  62.883 0.0000000000
37788  21.851  -27.739  64.378 0.0000000000
126460  20.162  -27.509  64.122 0.0000000000
36913  20.131  -27.889  66.036 0.0000000000
123578  19.293  -27.249  63.780 0.0000000000
133641  15.867  -27.930  64.702 0.0000000000
118318  30.097  -18.067  56.950 0.0000000000
46853  29.213  -18.266  56.657 0.0000000000
42920  28.259  -22.271  57.394 0.0000000000
42919  29.095  -21.981  57.767 0.0000000000
133478  29.816  -21.588  58.118 0.0000000000
42893  29.607  -22.608  59.267 0.0000000000
41835  30.202  -22.984  60.756 0.0000000000
41827  29.676  -23.160  61.515 0.0000000000
40655  28.430  -24.324  64.647 0.0000000000
41786  29.750  -23.702  64.416 0.0000000000
40639  29.657  -24.463  65.736 0.0000000000
39523  30.919  -25.330  67.609 0.0000000000
37706  28.686  -27.876  71.040 0.0000000000
35981  12.769  -29.483  71.246 0.0000000000
135185  13.321  -28.876  70.901 0.0000000000
67877  57.281  1.697  39.278 0.0000000000
65835  56.864  -0.710  41.729 0.0000000000
125427  57.912  -0.245  41.487 0.0000000000
64852  57.810  -0.856  41.355 0.0000000000
119666  57.322  -2.590  40.015 0.0000000000
63865  52.704  -2.326  40.461 0.0000000000
64855  53.475  -1.793  41.021 0.0000000000
62958  53.634  -3.030  41.330 0.0000000000
127036  55.681  -4.833  39.183 0.0000000000
57764  46.557  -8.019  40.849 0.0000000000
59976  46.716  -6.098  41.351 0.0000000000
57786  48.075  -8.058  40.606 0.0000000000
58935  49.496  -7.697  40.087 0.0000000000
57761  49.379  -8.543  41.328 0.0000000000
57672  47.317  -8.427  45.260 0.0000000000
57693  47.488  -8.731  44.158 0.0000000000
58856  48.692  -7.649  45.656 0.0000000000
56558  35.997  -9.238  48.312 0.0000000000
57557  38.548  -7.699  52.432 0.0000000000
57579  38.682  -8.306  50.729 0.0000000000
118376  39.155  -8.176  51.993 0.0000000000
122880  40.715  -8.333  51.795 0.0000000000
57544  40.579  -8.454  53.645 0.0000000000
47891  37.029  -17.165  55.930 0.0000000000
50081  37.977  -15.958  55.912 0.0000000000
51166  40.150  -14.116  58.654 0.0000000000
51197  39.304  -13.953  56.454 0.0000000000
52277  39.604  -13.117  56.474 0.0000000000
53327  39.104  -12.011  54.966 0.0000000000
53309  40.078  -11.879  56.839 0.0000000000
133124  41.075  -13.675  63.875 0.0000000000
56448  39.703  -8.983  59.312 0.0000000000
56470  39.529  -9.454  57.665 0.0000000000
57494  38.723  -8.495  58.168 0.0000000000
57507  37.562  -7.347  57.225 0.0000000000
59733  38.415  -6.619  58.806 0.0000000000
69948  50.354  3.485  31.403 0.0000000000
130557  51.896  3.951  30.621 0.0000000000
70923  53.221  4.461  30.122 0.0000000000
69947  53.051  3.198  31.102 0.0000000000
67904  55.408  1.692  35.979 0.0000000000
117861  55.449  2.565  34.495 0.0000000000
68935  56.565  2.918  35.927 0.0000000000
69895  57.352  3.798  36.540 0.0000000000
135688  57.745  6.450  27.204 0.0000000000
70919  56.793  4.862  30.483 0.0000000000
70895  58.168  5.187  32.769 0.0000000000
70889  57.314  4.414  33.570 0.0000000000
131713  32.915  -25.123  67.405 0.0000000000
39535  33.504  -24.897  66.829 0.0000000000
118437  34.007  -26.421  68.095 0.0000000000
37765  16.888  -27.493  66.645 0.0000000000
37719  17.321  -27.743  69.039 0.0000000000
37736  16.545  -27.543  68.167 0.0000000000
117364  15.650  -27.404  69.892 0.0000000000
37701  15.074  -27.013  71.685 0.0000000000
64889  45.544  -1.992  37.424 0.0000000000
63883  46.050  -2.902  38.481 0.0000000000
58825  43.929  -7.893  48.148 0.0000000000
58805  45.359  -7.498  48.529 0.0000000000
59884  45.636  -7.282  49.874 0.0000000000
59860  46.776  -6.626  50.679 0.0000000000
32092  11.063  -33.218  68.044 0.0000000000
32093  10.511  -33.703  67.423 0.0000000000
31079  9.636  -35.157  69.464 0.0000000000
55590  39.395  -10.146  43.780 0.0000000000
55535  38.140  -9.996  45.938 0.0000000000
46849  33.559  -18.514  56.629 0.0000000000
46825  33.289  -18.346  58.684 0.0000000000
46800  33.536  -18.764  60.319 0.0000000000
45780  34.609  -19.170  61.474 0.0000000000
40656  27.685  -24.592  64.298 0.0000000000
39550  27.574  -25.449  65.500 0.0000000000
39570  26.355  -25.368  63.718 0.0000000000
39571  25.726  -25.694  63.354 0.0000000000
38652  24.238  -26.334  62.650 0.0000000000
38657  18.320  -26.382  62.486 0.0000000000
38683  17.916  -25.947  61.909 0.0000000000
42921  27.474  -22.721  57.479 0.0000000000
42894  27.858  -22.991  58.722 0.0000000000
41828  28.899  -23.259  61.525 0.0000000000
130305  27.829  -23.443  60.554 0.0000000000
40678  27.404  -24.015  62.327 0.0000000000
116075  26.417  -28.386  70.264 0.0000000000
66878  55.236  0.918  36.854 0.0000000000
66862  56.377  0.874  38.630 0.0000000000
65861  55.664  0.008  38.415 0.0000000000
65851  55.805  -0.291  39.416 0.0000000000
64853  55.105  -0.822  41.624 0.0000000000
61996  52.295  -3.993  40.707 0.0000000000
62977  53.598  -3.697  40.456 0.0000000000
61021  53.804  -5.151  39.140 0.0000000000
60013  54.803  -6.532  39.217 0.0000000000
132144  43.798  -4.793  40.336 0.0000000000
60988  44.188  -5.840  41.925 0.0000000000
58911  45.132  -7.523  41.579 0.0000000000
120774  46.652  -8.656  41.579 0.0000000000
58836  49.207  -7.153  46.204 0.0000000000
57598  34.618  -8.235  49.925 0.0000000000
57597  35.882  -8.245  49.861 0.0000000000
57581  35.917  -7.710  50.875 0.0000000000
58759  36.336  -7.115  52.341 0.0000000000
58736  37.926  -6.719  53.863 0.0000000000
47860  38.098  -17.429  58.780 0.0000000000
50069  38.809  -15.784  57.411 0.0000000000
48954  39.313  -16.199  58.679 0.0000000000
50052  40.349  -15.467  59.792 0.0000000000
52249  40.843  -13.686  59.856 0.0000000000
68977  48.553  2.642  32.794 0.0000000000
69950  48.276  3.898  31.427 0.0000000000
68976  49.505  2.578  32.808 0.0000000000
69933  50.145  2.919  32.172 0.0000000000
116652  51.815  2.430  32.776 0.0000000000
68987  52.712  2.717  31.802 0.0000000000
68947  52.925  1.885  33.802 0.0000000000
67906  53.747  1.276  35.277 0.0000000000
132293  54.830  5.949  25.088 0.0000000000
72890  55.988  5.975  26.647 0.0000000000
72878  57.207  6.090  27.676 0.0000000000
72857  58.183  6.101  28.859 0.0000000000
71905  56.433  5.596  29.010 0.0000000000
71888  55.791  5.388  29.328 0.0000000000
70920  55.823  4.746  30.243 0.0000000000
42877  32.523  -22.356  60.560 0.0000000000
42875  33.696  -22.193  60.768 0.0000000000
41823  34.013  -23.173  61.579 0.0000000000
40666  34.791  -24.260  63.163 0.0000000000
39560  35.977  -25.449  64.681 0.0000000000
36838  21.849  -29.041  68.895 0.0000000000
138518  22.230  -29.301  71.133 0.0000000000
36828  21.011  -29.002  70.526 0.0000000000
35952  20.715  -28.789  72.644 0.0000000000
36817  18.084  -27.788  71.803 0.0000000000
36807  18.418  -27.764  73.121 0.0000000000
66883  50.265  -0.141  35.860 0.0000000000
65865  52.051  -1.019  37.060 0.0000000000
138388  50.637  -1.098  36.804 0.0000000000
63900  51.330  -2.478  38.000 0.0000000000
63866  51.020  -2.917  40.161 0.0000000000
64887  47.836  -1.795  37.290 0.0000000000
63867  50.019  -3.076  39.495 0.0000000000
62946  51.714  -3.375  41.032 0.0000000000
61997  51.437  -4.346  40.527 0.0000000000
60016  51.417  -6.220  39.409 0.0000000000
58933  51.879  -7.728  39.830 0.0000000000
57715  43.238  -9.238  43.158 0.0000000000
56658  44.668  -9.434  43.397 0.0000000000
56617  45.087  -9.215  44.915 0.0000000000
57673  46.502  -8.589  45.463 0.0000000000
58838  47.566  -7.595  46.626 0.0000000000
58804  46.203  -7.361  48.352 0.0000000000
58803  47.023  -7.156  48.158 0.0000000000
59915  48.599  -6.574  47.638 0.0000000000
55443  37.391  -10.393  53.563 0.0000000000
48893  39.857  -16.167  64.491 0.0000000000
68979  46.706  2.945  32.663 0.0000000000
67941  47.735  1.868  33.671 0.0000000000
67925  48.910  1.206  34.336 0.0000000000
73933  51.959  7.298  25.090 0.0000000000
73921  51.023  7.387  25.983 0.0000000000
36017  13.617  -29.699  66.137 0.0000000000
36012  13.711  -29.565  67.495 0.0000000000
35077  13.329  -30.229  67.774 0.0000000000
35059  12.657  -31.037  70.023 0.0000000000
134640  11.834  -30.535  71.605 0.0000000000
33135  11.065  -32.914  69.903 0.0000000000
59972  42.140  -6.901  42.227 0.0000000000
58914  40.269  -7.373  41.844 0.0000000000
57739  41.966  -8.448  42.794 0.0000000000
56660  42.619  -9.527  43.699 0.0000000000
56641  42.871  -9.642  44.485 0.0000000000
56595  43.129  -9.166  46.109 0.0000000000
55559  40.151  -10.182  44.726 0.0000000000
56597  41.433  -9.378  46.363 0.0000000000
57657  42.766  -8.736  46.921 0.0000000000
57612  43.087  -7.963  48.357 0.0000000000
129135  42.729  -7.504  49.886 0.0000000000
58756  42.939  -7.060  51.471 0.0000000000
47880  36.631  -17.688  56.582 0.0000000000
46836  35.120  -18.351  57.402 0.0000000000
46835  36.002  -18.136  57.843 0.0000000000
47861  37.450  -17.628  58.523 0.0000000000
47851  38.244  -17.646  60.122 0.0000000000
47826  38.339  -17.767  61.620 0.0000000000
47800  38.238  -17.872  63.402 0.0000000000
43882  34.095  -21.471  60.767 0.0000000000
44810  35.454  -20.579  61.729 0.0000000000
44799  35.875  -19.932  62.695 0.0000000000
41792  38.309  -23.275  63.893 0.0000000000
43843  37.675  -21.627  63.463 0.0000000000
45769  36.219  -19.498  63.029 0.0000000000
133431  37.235  -18.847  64.287 0.0000000000
46759  37.576  -18.637  65.076 0.0000000000
47762  38.141  -17.514  66.132 0.0000000000
36856  30.745  -27.922  68.401 0.0000000000
37714  29.825  -26.965  69.572 0.0000000000
38568  28.813  -26.885  69.670 0.0000000000
37717  28.122  -27.374  70.036 0.0000000000
38602  27.030  -26.502  66.623 0.0000000000
37733  27.478  -27.031  68.393 0.0000000000
36836  26.575  -28.002  69.461 0.0000000000
115158  25.242  -28.671  68.954 0.0000000000
36858  24.603  -28.799  68.399 0.0000000000
36859  23.360  -29.000  68.012 0.0000000000
39613  24.007  -25.481  60.585 0.0000000000
39591  23.568  -25.891  61.141 0.0000000000
116948  23.443  -26.593  62.452 0.0000000000
38704  21.631  -26.145  61.009 0.0000000000
38653  22.573  -26.817  62.337 0.0000000000
37811  23.141  -27.408  63.943 0.0000000000
37771  22.986  -27.969  65.281 0.0000000000
36910  22.419  -28.255  65.959 0.0000000000
133886  22.111  -28.741  67.504 0.0000000000
36881  20.898  -28.470  67.508 0.0000000000
36898  19.812  -28.015  66.835 0.0000000000
37763  18.518  -27.622  66.445 0.0000000000
37815  18.322  -27.107  63.762 0.0000000000
37792  17.859  -27.336  64.371 0.0000000000
37777  17.038  -27.478  65.798 0.0000000000
137333  16.434  -27.660  65.583 0.0000000000
36935  15.324  -28.284  64.968 0.0000000000
36915  14.680  -28.693  65.349 0.0000000000
36037  13.526  -29.744  65.242 0.0000000000
35124  12.864  -30.148  64.715 0.0000000000
46839  31.177  -18.187  57.040 0.0000000000
46827  31.022  -18.557  58.321 0.0000000000
45798  31.090  -19.415  58.749 0.0000000000
45817  29.522  -19.617  57.368 0.0000000000
44856  30.602  -19.810  58.407 0.0000000000
43895  31.216  -21.196  59.122 0.0000000000
42870  31.934  -22.870  60.929 0.0000000000
41812  31.803  -23.456  62.820 0.0000000000
41797  31.602  -23.512  63.782 0.0000000000
129721  29.443  -23.319  62.834 0.0000000000
41785  30.641  -23.580  64.600 0.0000000000
40637  31.837  -24.103  66.006 0.0000000000
40608  31.686  -25.028  67.315 0.0000000000
121416  31.138  -25.666  67.863 0.0000000000
35987  13.926  -28.757  68.927 0.0000000000
36819  13.987  -27.457  71.642 0.0000000000
66853  58.343  1.025  41.097 0.0000000000
116192  54.040  -1.752  39.197 0.0000000000
64854  54.298  -1.275  41.378 0.0000000000
124745  55.074  -2.110  41.989 0.0000000000
62976  54.330  -3.455  40.397 0.0000000000
62975  55.263  -3.251  40.240 0.0000000000
63864  56.291  -2.849  40.254 0.0000000000
63884  45.146  -2.844  38.407 0.0000000000
62980  46.592  -3.698  39.862 0.0000000000
61990  45.249  -5.097  41.252 0.0000000000
61989  46.666  -4.851  41.466 0.0000000000
135001  47.818  -4.585  41.541 0.0000000000
122472  48.995  -5.836  40.160 0.0000000000
128424  50.422  -7.899  40.145 0.0000000000
57759  51.607  -8.488  40.955 0.0000000000
56656  46.191  -9.259  43.257 0.0000000000
57713  47.512  -8.885  43.012 0.0000000000
57712  48.334  -8.737  42.621 0.0000000000
58876  49.834  -7.794  44.736 0.0000000000
57690  50.133  -8.200  43.994 0.0000000000
57711  49.288  -8.652  42.753 0.0000000000
57732  50.751  -8.636  42.152 0.0000000000
57731  51.792  -8.599  41.959 0.0000000000
56602  36.878  -9.802  46.807 0.0000000000
56577  38.233  -9.291  47.352 0.0000000000
130357  36.888  -8.534  49.482 0.0000000000
57617  38.342  -8.763  48.929 0.0000000000
57594  39.697  -8.505  49.312 0.0000000000
57576  40.904  -8.204  50.491 0.0000000000
58746  41.927  -7.686  52.138 0.0000000000
59805  42.992  -6.810  53.240 0.0000000000
123597  38.414  -15.478  56.236 0.0000000000
53338  38.350  -12.400  53.813 0.0000000000
55442  38.187  -10.964  53.911 0.0000000000
55431  37.657  -10.023  54.368 0.0000000000
50015  41.000  -15.372  63.336 0.0000000000
51126  41.302  -14.202  61.581 0.0000000000
52248  41.119  -13.098  60.343 0.0000000000
54330  41.165  -11.638  60.390 0.0000000000
54345  40.826  -11.513  58.440 0.0000000000
55407  40.124  -10.414  57.289 0.0000000000
55409  38.913  -9.887  55.989 0.0000000000
56487  37.191  -8.679  55.545 0.0000000000
57529  36.996  -7.707  56.046 0.0000000000
123793  37.192  -6.625  55.340 0.0000000000
58716  39.197  -6.875  55.644 0.0000000000
59741  39.575  -6.238  58.904 0.0000000000
58688  40.521  -7.158  57.544 0.0000000000
57528  40.770  -8.314  55.461 0.0000000000
124491  42.272  -8.396  55.088 0.0000000000
72879  50.776  6.173  26.781 0.0000000000
71909  52.469  5.432  28.406 0.0000000000
71891  52.791  5.393  29.070 0.0000000000
70922  54.055  4.492  30.088 0.0000000000
69945  55.852  3.453  31.530 0.0000000000
116247  54.242  2.488  32.756 0.0000000000
69931  55.008  2.730  32.660 0.0000000000
69923  56.749  3.897  33.064 0.0000000000
69902  57.789  4.675  35.239 0.0000000000
138553  31.041  -28.523  68.156 0.0000000000
36875  31.754  -28.689  67.716 0.0000000000
124827  14.618  -28.658  66.209 0.0000000000
131787  14.506  -28.657  66.889 0.0000000000
36011  14.136  -29.016  67.228 0.0000000000
59841  43.661  -6.874  51.974 0.0000000000
59820  44.472  -6.769  52.415 0.0000000000
45797  31.545  -19.510  59.228 0.0000000000
45787  32.078  -19.665  59.775 0.0000000000
44827  32.844  -20.599  60.335 0.0000000000
40698  25.806  -24.560  60.275 0.0000000000
124403  25.571  -24.939  60.928 0.0000000000
117768  25.202  -24.603  59.714 0.0000000000
40713  25.986  -24.156  59.453 0.0000000000
40697  26.512  -24.130  60.278 0.0000000000
35984  23.305  -29.344  69.345 0.0000000000
118228  23.286  -29.441  70.283 0.0000000000
66881  51.970  0.083  36.183 0.0000000000
65870  53.330  -0.249  36.848 0.0000000000
65871  52.412  -0.370  36.694 0.0000000000
58932  52.759  -7.895  39.880 0.0000000000
58900  43.217  -7.730  42.455 0.0000000000
58899  43.976  -7.955  42.171 0.0000000000
56514  34.461  -9.016  52.839 0.0000000000
56504  35.522  -8.853  53.882 0.0000000000
136821  35.033  -8.196  53.757 0.0000000000
56496  35.958  -8.401  54.623 0.0000000000
48910  39.660  -17.187  63.278 0.0000000000
48923  40.330  -16.921  62.580 0.0000000000
67910  50.440  0.806  34.927 0.0000000000
67923  50.714  1.256  34.460 0.0000000000
67909  51.171  0.859  35.010 0.0000000000
67908  51.985  1.007  35.124 0.0000000000
71967  52.648  5.821  25.716 0.0000000000
40653  32.715  -24.117  65.078 0.0000000000
41782  33.001  -24.024  64.186 0.0000000000
40635  33.176  -24.440  65.700 0.0000000000
36863  18.802  -28.211  68.630 0.0000000000
36884  18.112  -27.917  68.254 0.0000000000
65889  47.485  -0.275  35.684 0.0000000000
62978  48.267  -3.488  40.680 0.0000000000
62949  48.933  -3.865  41.499 0.0000000000
62950  48.208  -4.069  41.487 0.0000000000
57656  43.655  -8.643  46.753 0.0000000000
57655  44.525  -8.553  46.595 0.0000000000
34218  11.793  -32.126  67.091 0.0000000000
119791  39.010  -8.522  42.258 0.0000000000
128988  39.225  -9.174  42.706 0.0000000000
56678  39.792  -9.397  42.931 0.0000000000
56575  40.029  -9.116  47.133 0.0000000000
121786  40.061  -8.539  48.556 0.0000000000
46789  34.689  -18.613  61.364 0.0000000000
46798  35.063  -18.090  61.050 0.0000000000
46788  35.287  -18.335  61.738 0.0000000000
47819  35.901  -18.143  62.149 0.0000000000
46782  35.623  -18.746  62.283 0.0000000000
40649  36.601  -24.866  63.907 0.0000000000
40648  37.841  -24.785  64.353 0.0000000000
40626  29.158  -25.009  66.229 0.0000000000
39536  28.538  -25.523  66.651 0.0000000000
38616  25.115  -26.954  64.979 0.0000000000
118212  24.509  -27.398  65.206 0.0000000000
37760  24.598  -27.786  66.149 0.0000000000
38655  19.983  -26.703  62.285 0.0000000000
37841  20.395  -27.117  62.870 0.0000000000
37814  20.728  -27.430  63.516 0.0000000000
124397  20.044  -27.282  63.439 0.0000000000
42907  28.524  -22.546  58.260 0.0000000000
42906  29.338  -22.340  58.521 0.0000000000
42880  29.895  -22.828  59.991 0.0000000000
42881  29.149  -22.922  59.876 0.0000000000
40640  28.786  -24.634  65.406 0.0000000000
40654  29.255  -24.083  64.968 0.0000000000
37707  28.190  -27.805  70.850 0.0000000000
34160  11.924  -29.709  71.968 0.0000000000
35971  12.140  -28.793  72.457 0.0000000000
68919  56.854  2.445  37.799 0.0000000000
68903  57.389  2.426  38.687 0.0000000000
67888  56.603  1.723  38.122 0.0000000000
64842  56.074  -1.048  42.054 0.0000000000
131111  56.796  -2.145  40.829 0.0000000000
63843  52.939  -2.595  40.945 0.0000000000
64856  52.906  -2.380  40.676 0.0000000000
123011  52.920  -3.100  41.286 0.0000000000
57763  47.529  -8.478  41.177 0.0000000000
57787  47.298  -7.852  40.627 0.0000000000
57785  48.965  -8.159  40.623 0.0000000000
58857  47.857  -7.878  45.855 0.0000000000
56559  34.994  -9.214  48.392 0.0000000000
57546  38.737  -7.492  53.201 0.0000000000
57545  39.641  -8.089  53.408 0.0000000000
57555  40.384  -8.450  52.697 0.0000000000
47879  37.256  -17.260  56.622 0.0000000000
48978  37.413  -16.470  55.478 0.0000000000
48971  37.625  -16.664  56.308 0.0000000000
52261  40.251  -13.328  58.269 0.0000000000
52270  39.710  -13.464  57.120 0.0000000000
52269  40.093  -13.004  57.634 0.0000000000
53301  39.927  -12.677  56.936 0.0000000000
53300  40.263  -12.315  57.406 0.0000000000
56434  39.798  -8.722  60.125 0.0000000000
116090  39.060  -8.494  58.908 0.0000000000
57495  38.459  -7.699  58.834 0.0000000000
58677  38.077  -7.011  58.557 0.0000000000
57486  38.450  -6.994  59.281 0.0000000000
126946  51.169  3.670  30.995 0.0000000000
70904  50.447  4.024  30.768 0.0000000000
70924  51.252  4.389  30.294 0.0000000000
69963  52.670  3.878  30.601 0.0000000000
68936  55.648  2.246  35.384 0.0000000000
68928  56.088  2.131  36.313 0.0000000000
68927  56.849  2.881  37.014 0.0000000000
72877  58.271  6.505  27.519 0.0000000000
137324  58.767  6.673  27.089 0.0000000000
72856  59.127  6.286  28.819 0.0000000000
69944  57.289  4.549  31.365 0.0000000000
131296  57.591  4.608  32.166 0.0000000000
70896  57.465  4.534  32.909 0.0000000000
69929  56.862  3.892  32.041 0.0000000000
39513  32.791  -25.735  67.650 0.0000000000
39512  33.194  -25.547  67.587 0.0000000000
128100  33.411  -26.464  67.925 0.0000000000
131986  16.292  -27.585  66.898 0.0000000000
37751  16.750  -27.528  67.369 0.0000000000
37752  15.997  -27.555  67.500 0.0000000000
36865  14.944  -27.774  68.336 0.0000000000
37721  15.284  -27.567  69.069 0.0000000000
37710  15.307  -27.209  70.810 0.0000000000
37722  14.834  -27.552  69.982 0.0000000000
125176  45.596  -2.474  37.955 0.0000000000
58786  44.245  -7.465  49.509 0.0000000000
58806  44.507  -7.584  48.726 0.0000000000
58768  44.798  -7.359  50.036 0.0000000000
31084  9.710  -35.030  68.228 0.0000000000
46850  32.123  -18.291  57.036 0.0000000000
46838  32.480  -18.299  57.602 0.0000000000
46826  32.456  -18.319  58.354 0.0000000000
136846  33.019  -19.046  60.310 0.0000000000
45785  33.371  -19.239  60.581 0.0000000000
46790  34.058  -18.960  60.965 0.0000000000
40669  27.412  -24.331  63.363 0.0000000000
40657  26.984  -24.959  63.993 0.0000000000
132146  26.699  -24.895  63.348 0.0000000000
39589  25.201  -25.338  61.565 0.0000000000
39578  25.650  -25.379  62.482 0.0000000000
39572  25.025  -26.046  62.955 0.0000000000
41881  26.800  -23.081  57.574 0.0000000000
41863  27.282  -23.047  58.182 0.0000000000
120816  27.697  -23.312  59.685 0.0000000000
40685  26.774  -24.306  61.639 0.0000000000
136135  25.867  -28.656  70.140 0.0000000000
136093  25.403  -29.044  70.893 0.0000000000
66879  54.579  0.615  36.656 0.0000000000
66872  55.177  0.347  37.411 0.0000000000
64872  54.456  -1.227  38.319 0.0000000000
64871  55.205  -0.758  38.789 0.0000000000
64864  55.353  -0.642  40.282 0.0000000000
62019  52.197  -4.846  39.796 0.0000000000
62018  53.088  -4.354  39.859 0.0000000000
61022  52.924  -5.471  39.292 0.0000000000
58949  54.285  -7.349  39.511 0.0000000000
61002  42.990  -5.576  40.977 0.0000000000
60989  43.353  -5.914  41.660 0.0000000000
57766  44.755  -8.174  41.751 0.0000000000
57765  45.690  -8.236  41.392 0.0000000000
57599  33.636  -8.441  50.005 0.0000000000
57582  34.735  -7.816  50.900 0.0000000000
117263  34.879  -7.562  52.010 0.0000000000
58738  35.840  -6.925  54.061 0.0000000000
58748  36.568  -6.853  53.108 0.0000000000
58747  37.740  -6.949  53.044 0.0000000000
58737  36.817  -6.618  53.906 0.0000000000
48947  38.540  -17.338  59.387 0.0000000000
48955  38.696  -16.843  58.581 0.0000000000
48946  39.392  -16.740  59.436 0.0000000000
118409  40.902  -15.981  61.222 0.0000000000
48945  40.128  -16.253  60.001 0.0000000000
50045  40.670  -15.720  60.491 0.0000000000
51142  40.713  -14.704  60.079 0.0000000000
51127  41.094  -15.075  61.102 0.0000000000
120414  50.654  2.166  33.351 0.0000000000
68975  50.239  2.496  32.888 0.0000000000
68974  51.029  2.583  32.635 0.0000000000
68959  52.277  2.161  33.224 0.0000000000
68948  51.966  1.778  33.861 0.0000000000
66889  53.291  0.749  35.801 0.0000000000
67897  54.168  0.948  35.963 0.0000000000
67896  54.955  1.180  36.232 0.0000000000
71945  54.994  5.671  26.625 0.0000000000
71964  55.392  5.885  25.822 0.0000000000
138371  56.413  5.970  27.325 0.0000000000
72868  56.179  5.782  28.049 0.0000000000
72867  56.783  5.761  28.486 0.0000000000
137484  55.365  5.414  29.150 0.0000000000
71889  54.903  5.256  29.329 0.0000000000
71877  55.335  5.079  29.688 0.0000000000
42869  32.726  -22.864  61.122 0.0000000000
41824  33.124  -23.270  61.682 0.0000000000
40651  34.381  -24.725  64.718 0.0000000000
118127  34.803  -24.613  63.843 0.0000000000
40650  35.376  -24.958  64.198 0.0000000000
132599  35.050  -25.220  64.944 0.0000000000
36861  21.013  -28.801  68.917 0.0000000000
36839  21.388  -29.045  69.668 0.0000000000
36840  20.607  -28.828  69.742 0.0000000000
36830  19.414  -28.480  70.747 0.0000000000
36829  20.222  -28.747  70.662 0.0000000000
116962  19.825  -28.528  72.015 0.0000000000
36805  19.804  -28.424  73.861 0.0000000000
36806  19.133  -28.073  73.145 0.0000000000
36843  18.055  -28.027  69.682 0.0000000000
36832  17.507  -27.784  70.539 0.0000000000
65887  49.327  -0.189  35.745 0.0000000000
65874  49.777  -0.661  36.327 0.0000000000
121479  49.801  -1.660  37.275 0.0000000000
64885  50.522  -1.487  37.138 0.0000000000
63901  50.398  -2.255  37.735 0.0000000000
63879  50.741  -2.898  38.716 0.0000000000
64901  47.436  -1.288  36.692 0.0000000000
128184  49.373  -3.142  40.157 0.0000000000
116966  49.165  -3.061  39.072 0.0000000000
120438  49.847  -2.978  40.329 0.0000000000
63854  50.400  -3.106  40.779 0.0000000000
63845  50.655  -3.261  40.850 0.0000000000
62960  51.777  -3.668  41.066 0.0000000000
61984  51.102  -3.749  41.081 0.0000000000
61024  50.654  -5.756  39.637 0.0000000000
60997  50.771  -4.957  40.141 0.0000000000
58952  51.586  -7.087  39.497 0.0000000000
135240  43.266  -9.561  43.815 0.0000000000
56639  44.489  -9.498  44.228 0.0000000000
57654  45.376  -8.432  46.432 0.0000000000
57674  45.664  -8.751  45.603 0.0000000000
57653  46.212  -8.278  46.265 0.0000000000
57652  47.049  -8.131  46.091 0.0000000000
58839  46.744  -7.802  46.842 0.0000000000
58784  45.958  -7.297  49.136 0.0000000000
59902  46.790  -7.024  48.948 0.0000000000
59901  47.566  -6.681  48.689 0.0000000000
59916  47.813  -6.864  47.905 0.0000000000
59899  49.144  -6.044  48.136 0.0000000000
55454  37.161  -10.749  52.748 0.0000000000
55455  36.275  -10.356  52.420 0.0000000000
68964  47.187  2.386  33.177 0.0000000000
129834  47.902  2.372  33.136 0.0000000000
66908  49.150  0.758  34.806 0.0000000000
66893  49.793  0.446  35.225 0.0000000000
74871  51.613  7.788  25.534 0.0000000000
35116  12.970  -30.422  65.733 0.0000000000
35096  13.341  -30.211  66.828 0.0000000000
132622  12.952  -30.763  67.331 0.0000000000
35070  12.913  -31.007  68.998 0.0000000000
126374  12.457  -31.539  69.245 0.0000000000
34173  12.052  -31.264  70.941 0.0000000000
32079  11.005  -33.243  69.126 0.0000000000
59982  41.497  -6.487  41.659 0.0000000000
124899  40.642  -6.651  41.505 0.0000000000
124609  39.908  -8.151  42.230 0.0000000000
58903  40.816  -7.900  42.315 0.0000000000
58902  41.665  -7.681  42.448 0.0000000000
57716  42.306  -9.171  43.172 0.0000000000
57717  41.322  -9.185  43.106 0.0000000000
127562  42.221  -9.723  44.203 0.0000000000
125050  42.200  -9.720  44.803 0.0000000000
56620  42.613  -9.535  45.402 0.0000000000
55576  38.955  -10.295  44.389 0.0000000000
55575  39.633  -10.267  44.320 0.0000000000
56574  40.953  -8.997  47.072 0.0000000000
136782  41.152  -9.649  45.864 0.0000000000
56596  42.270  -9.294  46.259 0.0000000000
57634  42.383  -8.359  47.811 0.0000000000
58788  42.139  -7.760  49.617 0.0000000000
57591  42.133  -7.983  49.005 0.0000000000
58770  43.094  -7.281  50.562 0.0000000000
136796  42.605  -7.261  50.951 0.0000000000
46866  35.524  -18.036  55.577 0.0000000000
47892  36.320  -17.620  55.687 0.0000000000
47881  35.944  -17.977  56.259 0.0000000000
134397  34.280  -18.420  58.156 0.0000000000
131187  34.252  -18.495  57.190 0.0000000000
134534  35.914  -17.956  59.535 0.0000000000
46822  36.093  -18.023  58.732 0.0000000000
47862  36.741  -17.855  58.202 0.0000000000
116861  36.863  -17.827  58.946 0.0000000000
47852  37.642  -17.675  59.377 0.0000000000
119330  37.390  -17.739  60.294 0.0000000000
47818  36.595  -18.072  62.500 0.0000000000
47827  37.365  -17.812  61.855 0.0000000000
47817  37.488  -17.977  62.809 0.0000000000
47816  38.597  -17.768  62.426 0.0000000000
47801  37.521  -18.174  63.613 0.0000000000
42867  34.454  -22.384  61.019 0.0000000000
42860  36.933  -22.407  62.249 0.0000000000
43872  35.871  -21.452  61.566 0.0000000000
43858  36.556  -21.598  62.069 0.0000000000
136806  35.598  -20.178  62.256 0.0000000000
133725  36.639  -21.087  62.608 0.0000000000
43842  38.147  -21.971  64.123 0.0000000000
44791  37.269  -20.723  63.971 0.0000000000
132294  36.794  -20.369  63.591 0.0000000000
44779  37.007  -20.081  64.126 0.0000000000
45768  36.858  -19.363  63.870 0.0000000000
45756  37.333  -19.856  64.903 0.0000000000
46749  37.537  -18.963  65.954 0.0000000000
47782  37.909  -18.084  65.127 0.0000000000
125195  30.256  -26.750  68.877 0.0000000000
37732  30.244  -27.580  69.254 0.0000000000
38588  28.804  -26.194  68.306 0.0000000000
38567  29.436  -26.759  69.475 0.0000000000
37716  28.764  -27.462  70.478 0.0000000000
119416  28.049  -26.980  69.287 0.0000000000
39551  26.861  -25.772  65.182 0.0000000000
38614  27.176  -26.072  65.997 0.0000000000
126179  26.548  -27.335  67.690 0.0000000000
37734  26.624  -27.667  68.565 0.0000000000
36857  25.884  -28.188  68.742 0.0000000000
36893  24.346  -28.284  66.856 0.0000000000
36877  24.610  -28.482  67.580 0.0000000000
115713  24.038  -28.866  67.979 0.0000000000
35999  23.899  -29.171  68.743 0.0000000000
39614  23.176  -25.662  60.444 0.0000000000
39579  23.903  -26.134  61.885 0.0000000000
38678  22.996  -26.369  61.617 0.0000000000
39616  21.278  -25.650  60.382 0.0000000000
38705  20.794  -26.048  60.983 0.0000000000
120668  21.649  -26.893  62.260 0.0000000000
38633  23.059  -27.096  63.162 0.0000000000
37812  22.398  -27.493  63.746 0.0000000000
37787  22.694  -27.702  64.513 0.0000000000
37772  21.351  -27.890  65.045 0.0000000000
36934  22.161  -27.952  65.135 0.0000000000
36911  21.707  -28.085  65.651 0.0000000000
126728  22.252  -28.539  66.815 0.0000000000
36896  21.600  -28.292  66.339 0.0000000000
36880  21.509  -28.523  67.144 0.0000000000
36897  20.730  -28.237  66.724 0.0000000000
37774  19.501  -27.659  65.516 0.0000000000
37762  19.310  -27.743  66.285 0.0000000000
129158  18.848  -27.577  65.832 0.0000000000
38635  17.888  -26.682  63.148 0.0000000000
37817  16.642  -27.240  63.589 0.0000000000
37816  17.472  -27.092  63.725 0.0000000000
125290  17.465  -27.471  65.015 0.0000000000
119538  16.565  -27.637  64.994 0.0000000000
36955  15.355  -28.149  63.980 0.0000000000
36936  14.650  -28.693  64.414 0.0000000000
36055  14.068  -29.209  64.830 0.0000000000
36056  13.410  -29.614  64.379 0.0000000000
36057  12.763  -29.820  64.042 0.0000000000
46828  30.354  -18.584  57.833 0.0000000000
45808  30.713  -18.996  58.408 0.0000000000
45827  28.730  -19.807  56.161 0.0000000000
45818  29.110  -19.072  56.818 0.0000000000
44870  29.116  -19.959  56.817 0.0000000000
44857  29.948  -20.462  57.857 0.0000000000
43903  30.584  -21.074  58.520 0.0000000000
42891  31.149  -22.058  59.506 0.0000000000
42878  31.695  -22.345  60.166 0.0000000000
41826  30.587  -23.125  61.505 0.0000000000
130634  31.371  -23.084  61.433 0.0000000000
118097  31.129  -23.277  62.172 0.0000000000
115221  30.822  -23.355  63.170 0.0000000000
41837  28.341  -23.361  61.073 0.0000000000
41772  30.276  -23.952  65.300 0.0000000000
41771  31.221  -23.817  65.320 0.0000000000
40623  31.627  -24.523  66.695 0.0000000000
40624  30.841  -24.503  66.486 0.0000000000
38576  30.806  -26.226  68.194 0.0000000000
37731  30.817  -27.078  68.352 0.0000000000
36835  30.085  -28.562  69.961 0.0000000000
35965  22.344  -29.341  72.151 0.0000000000
35950  22.531  -29.473  73.400 0.0000000000
36002  13.631  -29.524  68.337 0.0000000000
36820  13.266  -27.706  72.251 0.0000000000
36834  13.566  -28.101  71.184 0.0000000000
37702  14.544  -27.113  72.115 0.0000000000
37703  13.851  -27.327  72.586 0.0000000000
66854  57.334  1.040  40.110 0.0000000000
65843  57.389  0.374  41.023 0.0000000000
64883  52.630  -1.716  37.670 0.0000000000
64873  53.133  -2.173  38.670 0.0000000000
64844  54.172  -1.631  41.721 0.0000000000
120932  53.884  -1.534  40.494 0.0000000000
63841  54.859  -1.555  42.072 0.0000000000
62017  54.072  -4.258  39.614 0.0000000000
62016  55.000  -4.083  39.522 0.0000000000
119430  56.068  -3.845  39.530 0.0000000000
62996  44.584  -3.309  38.871 0.0000000000
63885  44.327  -2.737  38.313 0.0000000000
62995  45.424  -3.358  39.004 0.0000000000
62981  45.754  -3.822  39.710 0.0000000000
61000  44.597  -5.414  41.411 0.0000000000
62002  44.505  -4.926  40.701 0.0000000000
59998  47.345  -6.657  40.584 0.0000000000
60986  46.613  -5.325  41.559 0.0000000000
129449  47.321  -5.179  41.563 0.0000000000
61988  47.186  -4.847  41.550 0.0000000000
60999  47.573  -5.756  41.099 0.0000000000
60998  48.301  -5.534  40.865 0.0000000000
57784  49.863  -8.273  40.685 0.0000000000
57783  51.316  -8.068  40.257 0.0000000000
56637  45.882  -9.332  43.867 0.0000000000
56657  45.421  -9.375  43.265 0.0000000000
57694  46.546  -9.118  44.032 0.0000000000
117641  48.137  -8.669  43.465 0.0000000000
128186  48.856  -8.556  43.430 0.0000000000
58875  50.674  -7.693  44.598 0.0000000000
132360  49.591  -8.458  43.481 0.0000000000
57710  50.287  -8.516  43.045 0.0000000000
56579  36.475  -9.555  47.554 0.0000000000
56578  37.360  -9.434  47.459 0.0000000000
56601  37.748  -9.676  46.697 0.0000000000
56556  37.839  -9.089  48.148 0.0000000000
116831  36.886  -8.146  50.162 0.0000000000
117410  38.471  -8.529  49.838 0.0000000000
115532  39.271  -8.518  49.996 0.0000000000
57595  39.008  -8.627  49.355 0.0000000000
57577  40.148  -8.389  50.077 0.0000000000
57553  41.759  -8.122  52.918 0.0000000000
58758  41.450  -7.975  51.589 0.0000000000
58745  42.422  -7.365  52.786 0.0000000000
58734  42.628  -7.453  53.686 0.0000000000
129179  39.103  -15.588  57.796 0.0000000000
50080  38.760  -15.309  56.806 0.0000000000
52284  39.257  -13.175  55.733 0.0000000000
51210  38.911  -14.026  55.730 0.0000000000
130511  38.683  -13.639  55.020 0.0000000000
52291  38.551  -12.954  54.393 0.0000000000
53328  38.739  -12.181  54.460 0.0000000000
54382  39.421  -11.506  55.436 0.0000000000
54394  38.814  -11.342  54.634 0.0000000000
55420  38.957  -10.558  55.215 0.0000000000
55430  38.420  -10.489  54.615 0.0000000000
50001  40.118  -15.343  64.870 0.0000000000
50016  40.547  -15.796  63.828 0.0000000000
51101  40.720  -14.952  64.164 0.0000000000
116186  41.289  -13.672  63.094 0.0000000000
52230  41.360  -13.510  62.220 0.0000000000
52240  41.310  -13.205  61.272 0.0000000000
55379  40.824  -10.350  59.501 0.0000000000
54311  41.030  -11.043  60.987 0.0000000000
54312  41.006  -10.814  60.194 0.0000000000
54331  41.032  -11.372  59.426 0.0000000000
55398  40.640  -10.798  57.954 0.0000000000
56471  38.637  -8.836  57.269 0.0000000000
56478  39.327  -9.690  56.828 0.0000000000
56479  38.516  -9.137  56.585 0.0000000000
56486  37.849  -8.910  56.061 0.0000000000
57537  36.425  -7.952  55.282 0.0000000000
59754  37.926  -6.563  57.457 0.0000000000
58707  37.392  -6.802  56.575 0.0000000000
59781  37.641  -6.591  56.274 0.0000000000
58717  37.995  -6.499  55.594 0.0000000000
59780  38.332  -6.494  56.278 0.0000000000
59732  38.964  -6.400  59.482 0.0000000000
59731  39.974  -6.170  59.894 0.0000000000
58676  40.624  -6.813  58.367 0.0000000000
57518  41.183  -7.975  57.106 0.0000000000
58705  40.367  -7.418  56.733 0.0000000000
57519  41.190  -8.305  56.267 0.0000000000
57527  41.512  -8.525  55.369 0.0000000000
57526  42.153  -8.543  56.032 0.0000000000
73922  50.513  6.964  26.499 0.0000000000
69949  48.953  3.621  31.546 0.0000000000
70906  48.759  4.171  30.941 0.0000000000
71927  51.414  5.497  28.130 0.0000000000
70943  52.573  5.093  29.493 0.0000000000
69962  53.544  3.834  30.562 0.0000000000
69961  54.457  3.853  30.569 0.0000000000
69946  54.917  3.198  31.207 0.0000000000
68972  53.426  2.437  32.422 0.0000000000
68956  55.243  2.706  33.852 0.0000000000
69924  55.507  2.967  33.330 0.0000000000
69930  55.917  3.304  32.590 0.0000000000
130751  56.172  3.445  33.383 0.0000000000
119552  56.771  3.875  33.821 0.0000000000
69911  56.914  3.817  34.632 0.0000000000
69894  58.258  4.631  37.224 0.0000000000
72918  56.113  6.574  24.289 0.0000000000
71886  57.660  5.722  29.506 0.0000000000
37745  32.411  -27.968  67.727 0.0000000000
36914  15.308  -28.115  65.965 0.0000000000
36866  14.421  -28.214  68.566 0.0000000000
59861  44.597  -7.273  50.786 0.0000000000
59840  44.501  -7.055  51.570 0.0000000000
46815  31.759  -18.540  58.760 0.0000000000
45796  32.021  -18.954  59.493 0.0000000000
45786  32.658  -19.296  60.157 0.0000000000
125761  33.139  -19.780  60.537 0.0000000000
41851  26.830  -23.709  59.635 0.0000000000
115040  27.214  -23.718  60.412 0.0000000000
35975  24.845  -29.283  70.970 0.0000000000
35976  23.964  -29.493  71.168 0.0000000000
35964  23.799  -29.588  72.442 0.0000000000
66873  54.255  -0.026  37.084 0.0000000000
65863  53.922  -0.794  37.464 0.0000000000
58931  53.773  -8.091  39.976 0.0000000000
59981  42.841  -6.404  41.971 0.0000000000
59980  43.647  -6.379  42.187 0.0000000000
59970  43.771  -6.944  42.330 0.0000000000
57735  45.213  -8.812  41.986 0.0000000000
56515  33.926  -8.644  52.421 0.0000000000
57559  34.337  -8.079  52.818 0.0000000000
58749  34.928  -7.564  52.855 0.0000000000
57548  34.883  -7.838  53.431 0.0000000000
57538  35.904  -7.392  54.740 0.0000000000
47825  39.291  -17.575  61.536 0.0000000000
122239  39.753  -16.974  60.350 0.0000000000
47814  40.143  -17.159  61.695 0.0000000000
115185  40.742  -16.486  61.832 0.0000000000
50030  40.905  -16.118  62.801 0.0000000000
67939  49.412  1.662  33.886 0.0000000000
67938  50.251  1.688  33.921 0.0000000000
67937  51.098  1.733  33.890 0.0000000000
66890  52.407  0.614  35.709 0.0000000000
71966  53.455  5.609  25.993 0.0000000000
127810  54.644  5.572  27.474 0.0000000000
71923  55.240  5.597  28.240 0.0000000000
131293  53.812  5.494  27.433 0.0000000000
71924  54.203  5.490  28.319 0.0000000000
71908  53.371  5.456  28.763 0.0000000000
41795  33.295  -23.885  63.214 0.0000000000
40652  33.481  -24.343  64.861 0.0000000000
36862  19.635  -28.360  68.234 0.0000000000
116215  20.178  -28.620  69.006 0.0000000000
118319  19.387  -28.444  69.171 0.0000000000
116642  19.167  -28.441  69.923 0.0000000000
37709  16.654  -27.432  71.112 0.0000000000
36818  17.271  -27.537  71.934 0.0000000000
65888  48.391  -0.236  35.719 0.0000000000
65875  48.854  -0.729  36.244 0.0000000000
64900  48.374  -1.281  36.749 0.0000000000
63904  47.266  -2.286  37.782 0.0000000000
63903  48.137  -2.393  37.925 0.0000000000
63882  47.540  -2.800  38.445 0.0000000000
63868  48.471  -3.242  39.823 0.0000000000
63847  49.239  -3.476  41.177 0.0000000000
61985  50.303  -3.855  41.299 0.0000000000
61986  49.485  -3.982  41.504 0.0000000000
121120  49.922  -5.138  40.439 0.0000000000
56619  43.437  -9.445  45.240 0.0000000000
56618  44.264  -9.333  45.087 0.0000000000
34217  12.447  -31.456  67.421 0.0000000000
33146  12.025  -32.067  68.897 0.0000000000
57740  40.467  -8.817  42.684 0.0000000000
56662  40.453  -9.597  43.251 0.0000000000
56643  40.786  -10.071  44.398 0.0000000000
56624  39.037  -10.005  45.802 0.0000000000
56623  39.932  -9.951  45.595 0.0000000000
57635  41.403  -8.553  47.774 0.0000000000
57592  41.435  -8.136  49.239 0.0000000000
46867  34.610  -18.381  55.586 0.0000000000
46812  34.262  -18.342  59.732 0.0000000000
46824  34.615  -18.315  58.875 0.0000000000
115685  35.089  -18.133  60.124 0.0000000000
47840  36.553  -17.754  60.744 0.0000000000
47828  36.488  -17.828  61.670 0.0000000000
41808  35.642  -23.506  62.197 0.0000000000
41821  35.810  -22.863  61.752 0.0000000000
40676  36.154  -23.883  62.701 0.0000000000
132768  36.974  -23.650  62.841 0.0000000000
41806  37.201  -23.054  62.570 0.0000000000
43814  38.394  -21.818  66.051 0.0000000000
44768  37.700  -20.379  65.678 0.0000000000
120011  30.170  -25.519  67.696 0.0000000000
38566  29.915  -26.338  68.873 0.0000000000
39516  29.588  -25.928  68.162 0.0000000000
38589  28.051  -26.400  67.878 0.0000000000
38615  26.418  -26.334  65.565 0.0000000000
119188  25.728  -26.654  65.253 0.0000000000
37759  25.497  -27.419  66.438 0.0000000000
137481  25.298  -28.097  67.565 0.0000000000
36894  23.782  -28.268  66.401 0.0000000000
39615  22.226  -25.778  60.456 0.0000000000
38654  20.797  -26.816  62.249 0.0000000000
37813  21.542  -27.516  63.610 0.0000000000
37789  21.005  -27.678  64.278 0.0000000000
37773  20.377  -27.791  65.053 0.0000000000
37790  19.473  -27.525  64.686 0.0000000000
37794  16.198  -27.647  64.157 0.0000000000
47882  29.422  -17.769  56.158 0.0000000000
46840  29.668  -18.691  57.328 0.0000000000
43909  28.838  -21.469  57.022 0.0000000000
43908  29.468  -21.268  57.550 0.0000000000
44863  29.325  -20.602  57.173 0.0000000000
42905  30.147  -22.065  58.730 0.0000000000
42892  30.406  -22.388  59.395 0.0000000000
42879  30.761  -22.637  60.072 0.0000000000
41799  28.481  -23.749  63.482 0.0000000000
41798  29.336  -23.519  63.541 0.0000000000
131252  28.874  -23.900  64.167 0.0000000000
115868  30.406  -24.364  66.011 0.0000000000
40609  30.942  -24.858  67.054 0.0000000000
40625  30.116  -24.795  66.590 0.0000000000
35051  12.912  -30.237  70.397 0.0000000000
35980  13.286  -29.562  70.223 0.0000000000
35970  12.879  -28.407  71.826 0.0000000000
128565  57.019  -0.309  41.617 0.0000000000
63863  57.813  -1.823  40.519 0.0000000000
63877  52.535  -2.495  39.406 0.0000000000
64866  53.251  -1.983  39.941 0.0000000000
64845  53.494  -2.138  41.366 0.0000000000
63842  54.119  -2.234  41.855 0.0000000000
61020  55.278  -5.739  39.093 0.0000000000
62983  44.006  -3.802  39.334 0.0000000000
58910  45.872  -7.108  41.212 0.0000000000
59977  45.854  -5.938  41.728 0.0000000000
58938  46.843  -7.247  40.647 0.0000000000
58937  47.685  -7.341  40.339 0.0000000000
58936  48.569  -7.489  40.145 0.0000000000
57760  50.257  -8.565  41.416 0.0000000000
126701  46.769  -8.807  44.740 0.0000000000
57671  48.155  -8.215  45.041 0.0000000000
58877  49.017  -7.996  44.908 0.0000000000
56580  35.561  -9.637  47.646 0.0000000000
117630  37.760  -7.852  51.245 0.0000000000
57567  38.523  -7.976  51.643 0.0000000000
117733  39.349  -8.325  51.328 0.0000000000
57565  40.222  -8.391  51.059 0.0000000000
57566  39.896  -8.422  51.925 0.0000000000
131113  41.128  -8.505  53.075 0.0000000000
57543  41.531  -8.483  53.781 0.0000000000
51167  39.658  -14.592  58.054 0.0000000000
50079  39.108  -14.677  56.829 0.0000000000
51182  39.485  -14.263  57.299 0.0000000000
53318  39.339  -12.341  55.432 0.0000000000
115069  39.707  -12.295  56.131 0.0000000000
54369  39.840  -11.337  56.223 0.0000000000
51082  40.795  -14.043  64.492 0.0000000000
52198  40.841  -13.048  64.791 0.0000000000
52217  41.114  -12.993  63.778 0.0000000000
122150  41.281  -12.873  62.928 0.0000000000
56460  40.380  -9.779  58.939 0.0000000000
55391  40.286  -10.029  58.132 0.0000000000
56461  39.658  -9.233  58.505 0.0000000000
57506  37.904  -7.885  57.650 0.0000000000
58690  37.766  -7.053  57.806 0.0000000000
59743  38.145  -6.591  58.166 0.0000000000
70905  49.652  3.907  31.043 0.0000000000
137937  49.963  4.243  30.622 0.0000000000
70944  51.704  4.958  29.621 0.0000000000
119620  52.343  4.555  30.073 0.0000000000
68937  54.889  2.079  34.805 0.0000000000
68946  54.549  2.275  34.085 0.0000000000
68945  56.308  3.039  34.977 0.0000000000
69903  57.137  3.781  35.561 0.0000000000
72889  57.133  6.355  26.774 0.0000000000
114978  57.769  6.824  25.748 0.0000000000
72888  58.288  6.680  26.704 0.0000000000
70918  57.742  5.092  30.834 0.0000000000
71857  58.754  5.731  33.339 0.0000000000
40622  32.424  -24.487  66.601 0.0000000000
117302  33.050  -24.563  66.505 0.0000000000
39521  33.433  -25.316  67.437 0.0000000000
38587  33.906  -25.906  67.834 0.0000000000
37729  33.786  -27.019  68.155 0.0000000000
118558  17.372  -27.552  67.137 0.0000000000
37750  17.378  -27.662  67.868 0.0000000000
121757  16.150  -27.498  69.038 0.0000000000
37737  15.658  -27.556  68.256 0.0000000000
136037  16.012  -27.298  70.659 0.0000000000
119123  15.864  -27.149  71.696 0.0000000000
37698  15.276  -27.034  72.609 0.0000000000
64902  46.526  -1.296  36.650 0.0000000000
136672  46.173  -1.751  37.119 0.0000000000
63905  46.339  -2.278  37.718 0.0000000000
63870  46.924  -3.246  39.011 0.0000000000
58824  44.772  -7.767  47.934 0.0000000000
58785  45.087  -7.417  49.295 0.0000000000
133251  45.284  -7.291  50.476 0.0000000000
121389  46.019  -7.149  50.559 0.0000000000
128498  11.266  -32.588  66.860 0.0000000000
33160  10.905  -33.086  67.111 0.0000000000
32086  10.595  -33.813  68.463 0.0000000000
31091  10.111  -34.348  67.810 0.0000000000
31083  10.173  -34.471  68.907 0.0000000000
31078  10.014  -34.344  69.961 0.0000000000
31074  9.435  -34.825  70.699 0.0000000000
56600  38.630  -9.602  46.587 0.0000000000
46837  33.325  -18.409  57.657 0.0000000000
46814  32.521  -18.534  59.203 0.0000000000
46813  33.313  -18.503  59.553 0.0000000000
45774  35.157  -19.268  61.959 0.0000000000
40641  27.997  -24.867  65.077 0.0000000000
39561  27.276  -25.186  64.748 0.0000000000
39562  26.589  -25.544  64.434 0.0000000000
39577  26.210  -25.210  63.088 0.0000000000
39563  25.915  -25.905  64.112 0.0000000000
38631  25.206  -26.282  63.775 0.0000000000
38632  24.447  -26.569  63.419 0.0000000000
39593  19.901  -25.899  60.996 0.0000000000
38681  19.554  -26.271  61.694 0.0000000000
38656  19.166  -26.548  62.383 0.0000000000
38682  18.748  -26.103  61.819 0.0000000000
42908  27.872  -22.701  58.017 0.0000000000
41850  28.457  -23.162  60.199 0.0000000000
116048  28.260  -23.490  62.056 0.0000000000
40684  27.523  -23.755  61.300 0.0000000000
41800  28.013  -23.772  62.938 0.0000000000
136718  27.979  -23.944  63.435 0.0000000000
67895  55.643  1.461  36.642 0.0000000000
66871  55.851  1.092  37.490 0.0000000000
137418  55.731  0.562  37.937 0.0000000000
65844  56.314  -0.118  40.623 0.0000000000
134894  55.953  -0.487  41.456 0.0000000000
65836  56.069  -0.787  41.941 0.0000000000
62959  52.339  -3.371  41.160 0.0000000000
61995  52.945  -3.516  40.981 0.0000000000
60014  53.744  -6.332  39.077 0.0000000000
133673  54.465  -5.751  38.987 0.0000000000
62003  42.963  -4.975  40.346 0.0000000000
61001  43.781  -5.398  41.005 0.0000000000
59979  44.373  -6.328  42.162 0.0000000000
59978  45.101  -6.518  41.956 0.0000000000
135410  48.157  -8.707  41.795 0.0000000000
59933  48.882  -6.841  46.903 0.0000000000
56544  34.310  -8.725  49.189 0.0000000000
56543  35.405  -8.734  49.074 0.0000000000
58760  35.489  -7.314  52.447 0.0000000000
57568  36.067  -7.375  51.687 0.0000000000
133454  36.962  -7.425  51.636 0.0000000000
57558  37.535  -7.326  52.154 0.0000000000
58735  38.944  -7.220  53.992 0.0000000000
47869  37.995  -17.253  58.072 0.0000000000
48962  38.446  -16.543  57.657 0.0000000000
50059  38.980  -16.080  58.056 0.0000000000
50058  39.434  -15.458  58.265 0.0000000000
50053  39.863  -15.730  59.144 0.0000000000
51155  39.860  -14.931  58.692 0.0000000000
51154  40.250  -14.840  59.291 0.0000000000
118622  40.520  -14.118  59.379 0.0000000000
69935  48.194  3.364  32.050 0.0000000000
69934  49.172  3.087  32.181 0.0000000000
69932  51.086  3.064  31.740 0.0000000000
68988  51.847  2.705  32.107 0.0000000000
120817  52.979  2.206  33.051 0.0000000000
120152  53.741  1.918  34.084 0.0000000000
67921  52.429  1.468  34.530 0.0000000000
67920  53.308  1.569  34.600 0.0000000000
67919  54.153  1.767  34.708 0.0000000000
67905  54.705  1.571  35.453 0.0000000000
72919  54.860  6.346  24.258 0.0000000000
72904  55.759  6.156  25.037 0.0000000000
72905  53.960  6.080  24.764 0.0000000000
114710  56.470  6.280  25.854 0.0000000000
72866  57.746  6.143  28.278 0.0000000000
72858  57.238  5.780  28.906 0.0000000000
71887  56.705  5.503  29.406 0.0000000000
71906  55.813  5.574  28.816 0.0000000000
71876  56.215  5.239  29.830 0.0000000000
43884  32.396  -21.533  60.131 0.0000000000
43883  33.207  -21.639  60.505 0.0000000000
42876  33.131  -22.425  60.786 0.0000000000
42868  33.525  -22.748  61.142 0.0000000000
125372  34.314  -23.590  62.114 0.0000000000
41810  33.589  -23.621  62.308 0.0000000000
41794  34.116  -23.956  62.840 0.0000000000
41809  34.881  -23.822  62.401 0.0000000000
40665  35.682  -24.461  63.360 0.0000000000
40621  33.654  -24.815  66.263 0.0000000000
39534  34.162  -25.329  66.836 0.0000000000
39533  34.928  -25.863  66.468 0.0000000000
38600  35.438  -26.501  67.151 0.0000000000
39547  35.386  -25.716  65.513 0.0000000000
35977  22.530  -29.362  70.392 0.0000000000
35978  21.779  -29.218  70.439 0.0000000000
35966  21.478  -29.104  71.555 0.0000000000
36815  20.644  -28.859  71.411 0.0000000000
35951  20.894  -28.867  73.943 0.0000000000
36864  18.193  -28.042  68.986 0.0000000000
36831  18.535  -28.208  70.526 0.0000000000
66892  50.737  0.403  35.462 0.0000000000
65872  51.557  -0.489  36.575 0.0000000000
66882  51.143  -0.069  36.023 0.0000000000
65866  51.168  -1.166  36.949 0.0000000000
64884  51.728  -1.750  37.484 0.0000000000
130909  50.134  -1.124  36.783 0.0000000000
63878  51.689  -2.838  39.036 0.0000000000
125332  51.982  -2.613  40.138 0.0000000000
63852  52.220  -2.775  40.741 0.0000000000
64886  48.858  -1.857  37.413 0.0000000000
121627  48.980  -2.585  38.159 0.0000000000
63880  49.812  -2.761  38.415 0.0000000000
63853  51.322  -2.965  40.710 0.0000000000
61023  51.415  -5.314  39.709 0.0000000000
122793  52.113  -5.819  39.372 0.0000000000
57782  52.185  -8.233  40.376 0.0000000000
57738  42.798  -8.536  42.767 0.0000000000
56677  44.100  -9.222  42.856 0.0000000000
56638  45.263  -9.430  44.058 0.0000000000
58823  45.626  -7.666  47.756 0.0000000000
58822  46.461  -7.539  47.583 0.0000000000
58821  47.287  -7.355  47.392 0.0000000000
58820  48.113  -7.149  47.181 0.0000000000
55456  35.227  -9.955  52.219 0.0000000000
55444  36.456  -9.931  53.286 0.0000000000
48894  39.052  -16.648  65.140 0.0000000000
50002  39.469  -15.737  65.668 0.0000000000
68978  47.627  2.845  32.648 0.0000000000
68963  48.372  2.148  33.364 0.0000000000
67926  48.071  1.251  34.237 0.0000000000
67940  48.595  1.706  33.809 0.0000000000
73934  51.545  6.891  25.523 0.0000000000
72892  51.135  6.551  26.136 0.0000000000
118617  13.780  -29.532  66.829 0.0000000000
35069  13.282  -30.282  68.657 0.0000000000
35078  12.910  -30.891  68.086 0.0000000000
35058  13.147  -30.326  69.580 0.0000000000
35052  12.455  -30.462  71.021 0.0000000000
33159  11.452  -32.638  67.604 0.0000000000
33147  11.533  -32.646  68.498 0.0000000000
33134  11.534  -32.554  69.408 0.0000000000
33118  11.302  -31.994  71.077 0.0000000000
34161  11.209  -30.979  71.760 0.0000000000
60990  41.814  -5.916  41.228 0.0000000000
138126  42.170  -6.326  41.731 0.0000000000
58901  42.454  -7.625  42.527 0.0000000000
58913  41.206  -7.158  42.032 0.0000000000
56661  41.844  -9.604  43.672 0.0000000000
56663  39.081  -9.730  43.194 0.0000000000
55589  40.211  -10.144  43.879 0.0000000000
56622  40.859  -9.945  45.277 0.0000000000
56621  41.731  -9.662  45.499 0.0000000000
57633  43.336  -8.284  47.565 0.0000000000
58807  43.664  -7.633  48.936 0.0000000000
58787  43.424  -7.470  49.729 0.0000000000
57613  42.443  -8.042  48.556 0.0000000000
58808  42.794  -7.710  49.140 0.0000000000
126933  37.140  -17.552  57.118 0.0000000000
46848  34.398  -18.485  56.450 0.0000000000
46823  35.259  -18.285  58.349 0.0000000000
46846  35.942  -18.075  56.994 0.0000000000
47871  36.644  -17.846  57.423 0.0000000000
47870  37.298  -17.569  57.760 0.0000000000
47839  37.893  -17.753  60.937 0.0000000000
47838  38.744  -17.650  60.829 0.0000000000
47799  39.027  -17.595  63.097 0.0000000000
47780  38.855  -17.409  64.083 0.0000000000
123077  33.705  -20.521  60.697 0.0000000000
44826  34.395  -20.706  60.939 0.0000000000
42866  35.486  -22.259  61.293 0.0000000000
43873  35.026  -21.287  61.039 0.0000000000
133944  34.303  -20.083  61.142 0.0000000000
126078  34.718  -19.661  61.517 0.0000000000
44800  35.312  -19.838  62.054 0.0000000000
45773  35.701  -19.377  62.503 0.0000000000
41793  37.713  -23.352  63.239 0.0000000000
42850  37.567  -22.496  62.819 0.0000000000
42849  38.097  -22.564  63.557 0.0000000000
44798  36.437  -20.465  62.979 0.0000000000
46771  36.204  -18.970  62.961 0.0000000000
46770  36.807  -18.684  63.469 0.0000000000
45747  37.410  -19.224  64.999 0.0000000000
46769  37.419  -18.450  64.132 0.0000000000
124486  38.040  -17.977  64.275 0.0000000000
47781  38.390  -17.406  65.139 0.0000000000
37704  29.725  -27.701  70.156 0.0000000000
37715  29.302  -27.280  70.045 0.0000000000
125432  27.869  -25.657  66.173 0.0000000000
39526  27.777  -26.094  66.888 0.0000000000
136907  26.589  -26.548  66.181 0.0000000000
38590  27.203  -26.726  67.361 0.0000000000
114643  27.375  -27.481  69.343 0.0000000000
37718  27.334  -27.922  70.398 0.0000000000
36837  25.864  -28.478  69.556 0.0000000000
36876  25.247  -28.392  68.173 0.0000000000
35998  24.629  -29.020  69.152 0.0000000000
36000  23.147  -29.217  68.642 0.0000000000
119724  24.605  -24.633  59.311 0.0000000000
40687  24.811  -25.251  60.782 0.0000000000
39590  24.366  -25.655  61.355 0.0000000000
116767  23.806  -26.745  63.081 0.0000000000
38703  22.332  -26.199  61.107 0.0000000000
38679  22.054  -26.552  61.617 0.0000000000
38624  23.803  -27.072  63.744 0.0000000000
37786  23.658  -27.506  64.641 0.0000000000
36909  23.198  -28.216  65.963 0.0000000000
36895  23.041  -28.521  66.611 0.0000000000
36879  22.832  -28.790  67.384 0.0000000000
119537  22.486  -29.007  68.197 0.0000000000
36860  21.491  -28.731  68.041 0.0000000000
36882  20.188  -28.305  67.483 0.0000000000
129969  19.496  -28.123  67.470 0.0000000000
36899  19.023  -27.851  67.025 0.0000000000
38634  18.761  -26.823  63.089 0.0000000000
37791  18.659  -27.365  64.457 0.0000000000
129542  18.177  -27.441  64.945 0.0000000000
37776  18.078  -27.487  65.682 0.0000000000
37764  17.677  -27.515  66.505 0.0000000000
122686  16.201  -27.658  66.152 0.0000000000
37778  15.937  -27.873  65.392 0.0000000000
36036  14.090  -29.184  65.708 0.0000000000
122156  12.246  -30.766  64.944 0.0000000000
34251  12.235  -31.136  65.781 0.0000000000
46851  31.858  -18.317  56.231 0.0000000000
46852  30.907  -18.033  56.156 0.0000000000
125665  30.770  -18.348  57.687 0.0000000000
44843  31.660  -20.357  59.450 0.0000000000
44844  31.154  -20.204  58.884 0.0000000000
43894  31.758  -21.368  59.673 0.0000000000
41834  31.097  -22.907  60.785 0.0000000000
41825  32.116  -23.227  61.791 0.0000000000
41783  32.197  -23.796  64.431 0.0000000000
41770  31.989  -23.937  65.241 0.0000000000
41836  29.212  -23.100  60.707 0.0000000000
132167  29.973  -23.320  63.156 0.0000000000
118865  30.945  -23.419  64.023 0.0000000000
41784  31.439  -23.625  64.597 0.0000000000
40607  32.384  -24.841  67.159 0.0000000000
125755  32.401  -25.322  67.484 0.0000000000
39522  31.623  -25.407  67.577 0.0000000000
39514  31.909  -25.820  67.707 0.0000000000
38575  31.731  -26.612  67.885 0.0000000000
119503  23.071  -29.503  72.649 0.0000000000
36001  14.037  -28.861  68.019 0.0000000000
36845  14.293  -28.055  69.495 0.0000000000
36846  13.711  -28.618  70.037 0.0000000000
36833  14.169  -27.769  70.557 0.0000000000
37711  14.637  -27.300  71.132 0.0000000000
67866  58.248  1.747  40.488 0.0000000000
64882  53.610  -1.616  37.966 0.0000000000
64865  54.512  -1.114  40.490 0.0000000000
64843  55.398  -1.120  42.089 0.0000000000
120739  55.951  -2.076  41.565 0.0000000000
62956  55.403  -2.564  41.149 0.0000000000
63906  44.907  -2.331  37.845 0.0000000000
62994  46.141  -3.399  39.189 0.0000000000
62020  44.321  -4.378  39.965 0.0000000000
62965  45.282  -4.452  40.366 0.0000000000
60987  45.932  -5.321  41.553 0.0000000000
62001  46.019  -4.737  41.150 0.0000000000
62964  46.231  -4.209  40.481 0.0000000000
62963  47.022  -3.953  40.802 0.0000000000
61987  48.504  -4.305  41.576 0.0000000000
60017  49.880  -6.259  39.685 0.0000000000
59996  49.149  -6.867  39.771 0.0000000000
59995  50.103  -7.215  39.718 0.0000000000
58934  51.016  -7.500  39.797 0.0000000000
56676  44.895  -9.213  42.644 0.0000000000
56675  45.711  -9.174  42.546 0.0000000000
57714  46.899  -9.059  43.374 0.0000000000
115115  46.651  -9.041  42.502 0.0000000000
57734  47.488  -8.837  42.085 0.0000000000
58854  50.365  -7.326  45.341 0.0000000000
57691  49.329  -8.264  44.144 0.0000000000
118596  48.911  -8.718  41.956 0.0000000000
57733  49.808  -8.675  42.108 0.0000000000
57709  51.360  -8.421  42.942 0.0000000000
136832  51.040  -8.587  41.439 0.0000000000
57758  52.486  -8.561  41.182 0.0000000000
56555  38.718  -8.920  48.022 0.0000000000
56542  36.449  -8.838  48.970 0.0000000000
57618  37.378  -8.854  48.890 0.0000000000
57580  37.761  -8.227  50.418 0.0000000000
57596  37.648  -8.543  49.616 0.0000000000
114663  40.910  -8.222  49.816 0.0000000000
58789  41.522  -7.904  50.056 0.0000000000
57564  40.980  -8.186  51.150 0.0000000000
58772  41.543  -7.846  50.830 0.0000000000
58757  42.156  -7.407  51.330 0.0000000000
119349  42.482  -7.178  51.997 0.0000000000
58744  42.971  -6.870  52.376 0.0000000000
48970  38.290  -16.130  56.762 0.0000000000
51198  38.755  -14.751  56.136 0.0000000000
51211  38.473  -14.510  55.331 0.0000000000
54406  38.079  -11.761  53.385 0.0000000000
54405  38.474  -11.725  54.024 0.0000000000
132437  41.202  -15.215  62.614 0.0000000000
51100  41.150  -14.506  63.412 0.0000000000
51117  41.324  -14.364  62.448 0.0000000000
132948  41.296  -14.954  61.905 0.0000000000
51141  41.115  -14.008  60.688 0.0000000000
130391  40.945  -12.938  59.631 0.0000000000
53273  41.261  -11.924  62.017 0.0000000000
54294  41.015  -11.089  61.967 0.0000000000
119500  41.228  -11.770  61.234 0.0000000000
133217  41.312  -12.417  61.442 0.0000000000
53284  41.247  -12.420  60.742 0.0000000000
53290  40.910  -12.318  59.075 0.0000000000
54354  40.484  -11.513  57.513 0.0000000000
54368  40.132  -11.135  56.833 0.0000000000
55408  39.727  -10.505  56.453 0.0000000000
56494  38.050  -9.658  55.208 0.0000000000
56495  36.929  -9.072  54.921 0.0000000000
57530  36.496  -7.028  55.364 0.0000000000
57521  37.275  -7.188  56.662 0.0000000000
58718  37.098  -6.800  56.061 0.0000000000
58726  38.026  -6.580  54.686 0.0000000000
58725  39.075  -7.012  54.828 0.0000000000
59742  38.737  -6.276  58.524 0.0000000000
59753  38.597  -6.330  57.733 0.0000000000
59752  39.489  -6.363  58.031 0.0000000000
58689  39.430  -6.558  57.207 0.0000000000
58706  39.346  -6.749  56.417 0.0000000000
58715  40.205  -7.629  55.912 0.0000000000
57535  40.841  -8.499  54.628 0.0000000000
57534  41.712  -8.550  54.622 0.0000000000
57533  42.254  -8.241  54.195 0.0000000000
58714  42.848  -8.033  55.611 0.0000000000
58723  42.749  -7.721  54.616 0.0000000000
71949  51.488  5.851  26.553 0.0000000000
135516  51.243  5.679  27.233 0.0000000000
71926  52.119  5.497  27.313 0.0000000000
71890  53.420  5.229  29.347 0.0000000000
138582  53.068  4.868  29.731 0.0000000000
70942  53.747  4.883  29.691 0.0000000000
126942  54.164  5.155  29.415 0.0000000000
70921  54.915  4.590  30.103 0.0000000000
69960  55.425  3.948  30.669 0.0000000000
68986  53.485  2.742  31.628 0.0000000000
68971  54.356  2.644  31.902 0.0000000000
68957  54.713  2.551  33.344 0.0000000000
124374  55.258  2.909  31.930 0.0000000000
70878  57.532  4.567  34.295 0.0000000000
121293  58.069  4.724  36.246 0.0000000000
35986  22.140  -29.258  69.648 0.0000000000
36824  28.260  -28.282  71.393 0.0000000000
37735  25.872  -27.890  67.975 0.0000000000
38573  33.422  -26.226  67.843 0.0000000000
38604  25.956  -26.837  65.983 0.0000000000
39520  34.002  -25.601  67.502 0.0000000000
40606  32.991  -24.793  67.120 0.0000000000
40610  30.338  -25.167  67.256 0.0000000000
40663  38.186  -23.980  63.952 0.0000000000
40668  28.111  -24.088  63.910 0.0000000000
40677  35.435  -24.027  62.737 0.0000000000
41814  29.156  -23.267  62.208 0.0000000000
41820  36.249  -22.287  61.755 0.0000000000
42818  38.696  -22.636  65.409 0.0000000000
43827  37.815  -21.231  64.478 0.0000000000
43844  36.990  -20.973  63.198 0.0000000000
43859  36.058  -20.718  62.240 0.0000000000
44792  36.489  -19.897  63.418 0.0000000000
44811  34.828  -20.273  61.423 0.0000000000
47829  35.775  -17.902  61.369 0.0000000000
47837  39.374  -17.394  60.758 0.0000000000
47853  36.686  -17.814  59.750 0.0000000000
48937  39.846  -17.187  61.037 0.0000000000
52262  39.858  -13.779  57.861 0.0000000000
53289  41.117  -12.304  59.917 0.0000000000
53295  40.547  -12.479  58.172 0.0000000000
56576  39.114  -9.175  47.234 0.0000000000
56659  43.905  -9.494  43.591 0.0000000000
57505  42.392  -8.015  57.537 0.0000000000
57554  41.257  -8.260  52.356 0.0000000000
57556  39.398  -8.156  52.621 0.0000000000
57593  40.516  -8.353  49.240 0.0000000000
57616  39.229  -8.683  48.673 0.0000000000
58691  37.547  -6.891  57.097 0.0000000000
58724  40.037  -7.807  55.103 0.0000000000
58727  37.021  -6.557  54.670 0.0000000000
59767  37.777  -6.566  56.797 0.0000000000
60015  52.051  -6.617  39.362 0.0000000000
60985  48.071  -4.951  41.575 0.0000000000
61999  49.836  -4.266  41.331 0.0000000000
62000  46.692  -4.435  41.136 0.0000000000
62944  53.303  -2.687  41.251 0.0000000000
62947  51.129  -3.626  41.114 0.0000000000
62948  50.075  -3.598  41.183 0.0000000000
62951  47.380  -4.364  41.367 0.0000000000
62961  48.594  -3.647  41.227 0.0000000000
62962  47.832  -3.794  41.100 0.0000000000
63840  55.644  -1.478  42.086 0.0000000000
63844  51.568  -3.121  40.927 0.0000000000
63855  49.665  -3.214  40.832 0.0000000000
65873  50.680  -0.641  36.487 0.0000000000
68973  52.506  2.437  32.561 0.0000000000
70941  54.514  4.950  29.657 0.0000000000
71946  54.033  5.560  26.663 0.0000000000
115913  52.068  -2.675  40.538 0.0000000000
118549  30.235  -23.435  63.829 0.0000000000
119226  38.061  -7.590  58.245 0.0000000000
120146  51.020  -1.800  37.407 0.0000000000
121734  46.817  -2.684  38.272 0.0000000000
124139  54.733  -1.188  41.943 0.0000000000
128453  49.478  -3.629  41.294 0.0000000000
131078  40.359  -9.360  60.419 0.0000000000
137282  22.763  -29.368  69.695 0.0000000000
137678  37.946  -17.833  62.177 0.0000000000
138446  48.957  -4.121  41.597 0.0000000000
138562  34.751  -18.436  56.872 0.0000000000
