#!ascii label  , from subject sub-v1s11x0050171_ses-1 vox2ras=TkReg
952
62793  -20.401  -13.148  -23.834 0.5555555820
124715  -21.485  -13.028  -25.139 0.6666666865
125008  -21.699  -12.017  -25.945 0.7777777910
125139  -22.916  -12.331  -26.504 0.7777777910
66170  -21.969  -10.824  -27.200 0.8888888955
65065  -23.930  -11.090  -28.183 0.8888888955
61576  -19.794  -13.559  -22.815 0.5555555820
126709  -20.035  -12.259  -24.114 0.5555555820
124719  -20.507  -11.996  -24.814 0.6666666865
124722  -20.287  -11.494  -25.001 0.8888888955
63938  -23.234  -11.911  -26.894 0.8888888955
65052  -22.730  -11.144  -27.622 0.8888888955
66184  -23.278  -10.492  -28.692 1.0000000000
66186  -24.023  -10.769  -28.478 0.8888888955
66197  -23.521  -10.062  -29.133 1.0000000000
124725  -19.284  -11.203  -23.904 0.7777777910
66168  -20.196  -9.838  -25.934 1.0000000000
67291  -19.799  -9.043  -26.161 1.0000000000
67292  -20.722  -9.573  -26.788 1.0000000000
67305  -21.510  -9.222  -28.464 1.0000000000
67306  -22.266  -9.679  -28.979 1.0000000000
68455  -20.777  -8.661  -27.829 1.0000000000
68464  -21.650  -9.086  -29.325 1.0000000000
67317  -22.274  -9.446  -29.692 1.0000000000
67330  -23.824  -8.943  -29.900 1.0000000000
68473  -21.685  -8.906  -30.059 1.0000000000
67327  -22.285  -9.180  -30.179 1.0000000000
68486  -23.418  -8.398  -30.553 1.0000000000
69525  -22.968  -7.871  -30.926 1.0000000000
69526  -23.803  -7.551  -30.776 0.7777777910
67290  -18.970  -8.501  -25.540 0.8888888955
67297  -20.345  -8.806  -27.001 1.0000000000
68463  -21.094  -8.533  -28.685 1.0000000000
68454  -20.031  -8.121  -27.211 1.0000000000
69505  -20.764  -7.847  -28.878 1.0000000000
69512  -20.901  -7.757  -29.749 1.0000000000
69522  -21.457  -7.614  -30.550 1.0000000000
69523  -21.960  -7.462  -30.853 1.0000000000
69533  -23.229  -7.035  -31.197 1.0000000000
70604  -24.147  -6.621  -30.956 0.8888888955
70616  -23.403  -6.113  -31.379 1.0000000000
71763  -24.335  -5.671  -30.978 0.7777777910
72880  -24.945  -5.051  -30.348 0.7777777910
69488  -18.208  -6.638  -26.093 0.5555555820
71739  -18.422  -5.634  -27.821 0.7777777910
70578  -18.670  -6.292  -27.447 0.8888888955
140873  -19.933  -6.816  -28.711 1.0000000000
69511  -20.442  -7.241  -29.165 1.0000000000
70579  -19.586  -6.244  -28.764 0.8888888955
70589  -20.182  -6.595  -29.431 1.0000000000
138679  -21.109  -6.938  -30.452 1.0000000000
70614  -21.681  -6.032  -31.063 1.0000000000
140139  -22.629  -5.982  -31.452 0.8888888955
71774  -22.255  -5.358  -31.522 1.0000000000
72897  -23.542  -4.691  -31.250 0.8888888955
73902  -24.203  -3.447  -30.645 0.7777777910
138162  -25.320  -3.735  -29.753 0.6666666865
73884  -24.807  -3.281  -29.975 0.6666666865
71704  -17.483  -5.441  -26.720 0.4444444478
71721  -17.598  -5.560  -26.805 0.7777777910
136894  -17.334  -4.426  -27.611 0.6666666865
72861  -18.770  -4.613  -29.097 0.7777777910
71749  -19.083  -5.469  -28.738 0.8888888955
71761  -20.262  -5.339  -30.265 0.8888888955
70602  -21.250  -6.121  -30.767 1.0000000000
72878  -20.534  -4.880  -30.795 1.0000000000
136734  -21.441  -4.701  -31.499 1.0000000000
72894  -21.801  -4.951  -31.502 1.0000000000
125507  -22.445  -3.854  -31.700 0.8888888955
73922  -23.355  -3.824  -31.222 0.7777777910
74910  -23.574  -2.784  -30.893 0.7777777910
73885  -25.495  -3.064  -29.542 0.5555555820
136390  -23.880  -1.952  -30.380 0.7777777910
74898  -24.626  -1.976  -29.813 0.6666666865
73867  -16.809  -3.220  -27.927 0.6666666865
73856  -16.228  -3.480  -26.807 0.6666666865
72860  -18.148  -4.269  -28.678 0.7777777910
73882  -17.737  -3.654  -28.708 0.7777777910
72876  -19.196  -4.179  -29.897 0.8888888955
72877  -19.944  -4.595  -30.420 0.8888888955
73901  -19.636  -3.825  -30.664 1.0000000000
73919  -20.657  -4.040  -31.639 1.0000000000
72908  -21.173  -4.249  -31.762 1.0000000000
72909  -21.624  -4.312  -31.793 0.8888888955
73920  -22.323  -3.040  -31.898 0.8888888955
74923  -22.826  -2.449  -31.330 0.8888888955
74940  -21.769  -2.720  -32.303 0.8888888955
75934  -22.792  -1.586  -31.238 0.7777777910
75926  -23.391  -1.150  -30.670 0.7777777910
75916  -24.163  -1.158  -30.016 0.6666666865
74867  -16.517  -2.513  -28.053 0.6666666865
73855  -15.748  -2.717  -26.676 0.5555555820
74880  -16.735  -2.652  -28.266 0.7777777910
73899  -17.955  -3.005  -29.403 0.8888888955
73900  -18.786  -3.231  -30.178 0.8888888955
73917  -19.393  -3.123  -30.945 1.0000000000
73918  -19.995  -3.585  -31.387 1.0000000000
74938  -20.796  -3.264  -32.365 1.0000000000
74939  -21.339  -3.227  -32.394 0.8888888955
76968  -23.188  -0.347  -30.803 0.7777777910
76969  -23.783  -0.366  -30.364 0.6666666865
76959  -24.466  -0.341  -29.772 0.5555555820
150234  -16.462  -2.258  -28.145 0.7777777910
131767  -16.532  -1.934  -28.403 0.6666666865
74897  -17.461  -2.242  -29.442 0.8888888955
74909  -18.764  -2.466  -30.902 1.0000000000
74922  -19.515  -2.711  -31.676 1.0000000000
75944  -21.734  -1.616  -32.263 0.8888888955
76985  -21.941  -0.580  -32.014 0.8888888955
75933  -22.340  -1.164  -31.713 0.8888888955
76976  -22.708  0.111  -31.202 0.7777777910
133667  -22.835  0.980  -30.930 0.7777777910
132466  -23.363  0.326  -30.651 0.7777777910
77965  -24.067  0.384  -30.174 0.5555555820
77975  -22.386  0.857  -31.634 0.7777777910
79091  -23.660  1.157  -30.438 0.5555555820
79092  -24.331  0.991  -29.996 0.5555555820
79099  -23.093  1.672  -30.838 0.6666666865
77916  -15.209  0.630  -26.945 0.4444444478
75900  -16.408  -1.415  -28.408 0.5555555820
75923  -17.089  -1.037  -29.567 0.7777777910
75925  -18.051  -1.618  -30.800 1.0000000000
130146  -17.613  -1.712  -30.021 0.8888888955
75940  -18.913  -1.353  -32.077 1.0000000000
75941  -19.628  -1.563  -32.357 0.8888888955
76983  -20.701  -0.722  -32.507 0.8888888955
76984  -21.402  -0.894  -32.338 0.8888888955
148066  -21.866  0.025  -32.031 0.8888888955
76975  -22.203  0.110  -31.762 0.8888888955
80216  -23.636  2.058  -30.443 0.5555555820
77973  -17.561  0.326  -31.022 0.6666666865
76966  -17.230  -0.462  -30.018 0.6666666865
141352  -18.383  0.047  -31.959 0.7777777910
139559  -19.883  -0.124  -32.541 0.8888888955
140746  -18.975  -0.034  -32.350 0.7777777910
143036  -20.699  0.108  -32.508 0.8888888955
79105  -21.276  1.446  -32.529 0.7777777910
77990  -21.816  0.643  -32.142 0.8888888955
79106  -22.109  1.522  -32.178 0.7777777910
79098  -22.626  1.737  -31.546 0.6666666865
81271  -21.796  2.876  -32.948 0.6666666865
142573  -22.677  2.892  -31.857 0.6666666865
148334  -22.641  2.354  -31.711 0.6666666865
82263  -22.667  3.776  -32.161 0.6666666865
81265  -22.870  3.396  -31.082 0.5555555820
81258  -23.582  2.953  -30.468 0.4444444478
82256  -22.978  4.386  -31.157 0.5555555820
80215  -18.940  1.977  -31.531 0.3333333433
143226  -18.338  1.195  -31.261 0.3333333433
136576  -18.573  1.147  -31.656 0.5555555820
79103  -19.080  1.878  -32.020 0.5555555820
140447  -19.027  1.197  -32.107 0.7777777910
77987  -19.401  0.680  -32.379 0.7777777910
80231  -20.513  2.823  -33.049 0.6666666865
139274  -20.438  1.941  -32.658 0.6666666865
80232  -21.154  2.389  -32.900 0.6666666865
82262  -22.234  4.298  -32.987 0.6666666865
83233  -22.770  4.998  -32.138 0.5555555820
80223  -19.148  2.293  -31.686 0.4444444478
81263  -19.538  2.901  -31.855 0.5555555820
80229  -19.484  2.528  -32.078 0.5555555820
80230  -19.822  2.468  -32.563 0.6666666865
81279  -21.486  3.731  -33.445 0.6666666865
83232  -22.204  5.225  -33.109 0.6666666865
133347  -22.632  5.926  -32.559 0.5555555820
81264  -19.804  3.585  -31.903 0.4444444478
81270  -20.095  3.249  -33.028 0.6666666865
81278  -20.544  3.681  -33.432 0.6666666865
80238  -21.102  3.063  -33.307 0.6666666865
65023  -21.825  -11.568  -26.383 0.8888888955
65021  -19.982  -10.943  -25.110 1.0000000000
66169  -21.122  -10.339  -26.589 1.0000000000
66176  -21.624  -10.105  -27.393 1.0000000000
66196  -23.257  -10.226  -28.925 1.0000000000
72824  -16.448  -4.364  -26.291 0.5555555820
73937  -21.822  -3.684  -32.090 0.8888888955
74879  -16.308  -1.875  -28.128 0.5555555820
77934  -15.795  0.181  -27.729 0.5555555820
74896  -16.911  -2.091  -28.877 0.7777777910
74937  -19.352  -2.015  -32.059 1.0000000000
147876  -22.402  -0.443  -31.584 0.8888888955
79049  -15.762  1.619  -26.867 0.2222222239
80224  -22.920  2.439  -31.064 0.6666666865
77988  -20.339  0.889  -32.537 0.7777777910
81277  -20.063  4.001  -33.153 0.6666666865
73833  -16.015  -3.650  -26.173 0.4444444478
74856  -15.247  -2.227  -26.176 0.4444444478
131386  -23.195  6.072  -31.762 0.5555555820
81244  -19.209  2.694  -30.863 0.2222222239
81256  -19.404  2.864  -31.616 0.3333333433
84191  -23.071  6.722  -32.312 0.5555555820
60399  -21.401  -14.943  -23.100 0.5555555820
60426  -22.140  -14.580  -24.036 0.5555555820
124714  -21.067  -13.192  -24.479 0.6666666865
125285  -22.263  -13.183  -25.647 0.5555555820
63951  -24.171  -11.569  -27.326 0.7777777910
65054  -24.257  -11.350  -27.631 0.8888888955
61568  -20.105  -14.453  -22.441 0.5555555820
124716  -22.888  -12.911  -26.133 0.6666666865
124717  -23.398  -12.370  -26.460 0.6666666865
63939  -23.807  -11.810  -26.993 0.8888888955
66178  -24.417  -11.033  -27.894 0.7777777910
66187  -24.707  -10.485  -28.128 0.7777777910
67307  -24.172  -10.117  -28.720 0.8888888955
61567  -19.357  -13.993  -21.884 0.4444444478
124721  -19.234  -11.866  -23.200 0.5555555820
67320  -23.697  -9.664  -29.243 1.0000000000
131879  -18.706  -10.718  -23.418 0.2222222239
66142  -19.193  -10.564  -24.289 0.6666666865
148956  -24.888  -7.837  -30.088 0.8888888955
69527  -24.800  -7.197  -30.334 0.6666666865
70605  -25.084  -6.037  -30.334 0.7777777910
71751  -25.652  -5.232  -29.861 0.6666666865
67284  -18.759  -9.066  -24.895 0.5555555820
72863  -25.501  -4.429  -29.810 0.6666666865
68440  -18.494  -7.905  -25.359 0.4444444478
74899  -25.512  -2.167  -29.396 0.5555555820
71694  -16.933  -5.509  -25.233 0.2222222239
72815  -16.264  -4.330  -25.689 0.4444444478
75917  -25.088  -1.198  -29.461 0.5555555820
125274  -15.125  -2.059  -25.031 0.3333333433
76960  -25.282  -0.226  -29.338 0.5555555820
76912  -14.810  -0.301  -26.522 0.4444444478
79083  -24.846  1.227  -29.589 0.4444444478
79009  -15.199  2.185  -25.258 0.3333333433
80217  -24.284  1.656  -29.984 0.5555555820
81259  -24.263  3.515  -29.879 0.4444444478
80203  -18.679  1.478  -30.638 0.3333333433
79090  -17.652  0.514  -30.823 0.3333333433
129917  -23.548  3.883  -30.510 0.4444444478
83226  -23.319  5.375  -31.097 0.4444444478
84183  -23.773  6.947  -31.753 0.2222222239
81257  -19.677  3.469  -31.686 0.3333333433
81269  -19.917  3.262  -32.441 0.6666666865
82267  -20.065  4.449  -33.765 0.6666666865
82268  -20.815  4.371  -33.871 0.6666666865
137674  -21.028  5.013  -34.258 0.6666666865
83239  -21.637  5.567  -33.906 0.6666666865
84199  -21.891  6.448  -33.662 0.6666666865
142979  -22.179  5.948  -33.247 0.6666666865
84190  -22.440  6.614  -32.930 0.6666666865
85116  -22.801  7.382  -32.663 0.4444444478
85117  -23.526  7.497  -32.229 0.3333333433
82261  -19.915  4.232  -32.643 0.5555555820
125344  -20.782  -12.617  -24.626 0.6666666865
61600  -21.190  -13.800  -24.102 0.6666666865
124712  -21.917  -13.552  -25.045 0.6666666865
126882  -21.221  -12.322  -25.311 0.7777777910
125078  -21.816  -12.624  -25.722 0.7777777910
142249  -20.948  -11.824  -25.384 0.7777777910
65022  -20.984  -11.364  -25.736 0.8888888955
63937  -22.531  -11.891  -26.611 0.8888888955
66177  -22.451  -10.565  -27.912 1.0000000000
65040  -22.304  -11.371  -26.949 0.8888888955
65039  -21.500  -11.036  -26.448 1.0000000000
65064  -23.586  -10.941  -28.288 1.0000000000
65053  -23.349  -11.263  -27.808 0.8888888955
63950  -23.874  -11.383  -27.739 0.8888888955
61577  -20.712  -14.225  -23.291 0.5555555820
62801  -19.479  -12.488  -23.209 0.5555555820
125311  -19.459  -11.782  -23.672 0.6666666865
150852  -19.664  -11.178  -24.528 0.8888888955
125739  -19.826  -11.649  -24.358 0.5555555820
63948  -22.970  -11.589  -27.280 0.8888888955
65063  -22.944  -10.993  -27.987 1.0000000000
66185  -23.580  -10.636  -28.585 1.0000000000
66183  -22.764  -10.330  -28.640 1.0000000000
66195  -22.898  -9.961  -29.203 1.0000000000
67319  -23.148  -9.614  -29.633 1.0000000000
66160  -20.554  -10.639  -25.824 1.0000000000
66159  -19.600  -10.194  -25.146 0.8888888955
67285  -19.278  -9.369  -25.320 0.8888888955
67298  -21.196  -9.363  -27.617 1.0000000000
67299  -22.034  -9.895  -28.194 1.0000000000
147420  -22.689  -9.563  -29.710 1.0000000000
68462  -20.443  -7.992  -28.009 1.0000000000
67328  -22.719  -9.399  -29.971 1.0000000000
68485  -22.501  -8.883  -30.473 1.0000000000
68483  -21.313  -8.173  -30.206 1.0000000000
68472  -21.217  -8.423  -29.566 1.0000000000
68484  -21.904  -8.429  -30.525 1.0000000000
68453  -19.291  -7.595  -26.724 1.0000000000
68446  -18.874  -7.688  -26.084 0.5555555820
68447  -19.500  -8.265  -26.426 1.0000000000
69497  -19.773  -7.596  -27.433 1.0000000000
69504  -20.001  -7.302  -28.177 1.0000000000
70590  -20.682  -7.098  -29.949 1.0000000000
70603  -21.591  -6.774  -30.846 1.0000000000
70615  -22.708  -6.576  -31.318 1.0000000000
71776  -23.738  -5.343  -31.274 0.8888888955
72879  -24.276  -4.832  -30.888 0.7777777910
136803  -18.082  -6.565  -25.892 0.5555555820
69478  -18.349  -7.267  -25.652 0.5555555820
70566  -18.350  -6.484  -26.694 0.6666666865
69489  -18.613  -7.088  -26.332 0.7777777910
71722  -18.005  -5.882  -27.062 0.7777777910
71738  -17.716  -5.121  -27.489 0.6666666865
72847  -18.272  -4.914  -28.286 0.8888888955
69496  -19.147  -6.979  -27.200 0.8888888955
69503  -19.394  -6.625  -28.042 1.0000000000
71750  -19.885  -5.824  -29.538 0.8888888955
70601  -20.603  -6.220  -30.219 1.0000000000
71773  -21.851  -5.609  -31.330 1.0000000000
72896  -22.731  -4.625  -31.542 0.8888888955
145919  -24.074  -4.158  -30.914 0.7777777910
73903  -24.724  -4.131  -30.289 0.7777777910
74911  -24.357  -2.677  -30.255 0.6666666865
148693  -24.939  -2.639  -29.744 0.6666666865
71720  -17.364  -4.928  -27.153 0.5555555820
131836  -16.523  -4.882  -25.182 0.3333333433
128621  -16.656  -4.987  -25.657 0.3333333433
70554  -17.920  -6.113  -26.409 0.6666666865
72845  -17.187  -3.607  -28.082 0.6666666865
72846  -17.679  -4.337  -28.091 0.7777777910
72862  -19.517  -5.024  -29.691 0.8888888955
71762  -20.877  -5.446  -30.794 1.0000000000
72893  -20.961  -4.725  -31.300 1.0000000000
73921  -22.885  -3.202  -31.417 0.7777777910
142340  -23.250  -1.981  -30.838 0.7777777910
73883  -18.423  -3.816  -29.317 0.8888888955
73935  -20.861  -3.823  -32.047 1.0000000000
73843  -15.668  -3.035  -25.981 0.4444444478
74908  -18.104  -2.337  -30.114 0.8888888955
73934  -20.315  -3.387  -31.989 1.0000000000
75943  -21.034  -2.382  -32.540 0.8888888955
132467  -22.788  -0.744  -31.195 0.7777777910
77953  -24.712  0.456  -29.654 0.5555555820
75886  -14.998  -1.050  -26.925 0.5555555820
75914  -16.749  -1.321  -28.956 0.6666666865
75942  -20.405  -1.613  -32.515 1.0000000000
76942  -16.387  -1.133  -28.448 0.5555555820
76943  -16.626  -0.926  -28.817 0.5555555820
75931  -17.703  -0.862  -31.017 0.7777777910
76957  -16.960  -0.667  -29.388 0.7777777910
76982  -19.957  -0.973  -32.514 0.8888888955
75932  -18.254  -1.106  -31.549 0.7777777910
134391  -24.259  2.493  -29.932 0.5555555820
77950  -17.337  0.094  -30.180 0.5555555820
77964  -17.348  0.063  -30.417 0.5555555820
79096  -17.988  0.855  -31.180 0.4444444478
77974  -18.124  0.500  -31.529 0.6666666865
76967  -17.435  -0.314  -30.730 0.7777777910
140540  -16.620  -0.831  -28.767 0.7777777910
77949  -17.014  -0.427  -29.381 0.6666666865
76974  -18.554  -0.594  -32.049 0.7777777910
77989  -21.138  0.598  -32.451 0.7777777910
132837  -21.770  2.127  -32.599 0.6666666865
80233  -22.346  2.364  -32.254 0.6666666865
81272  -22.185  3.523  -32.903 0.6666666865
149077  -22.370  3.084  -32.473 0.6666666865
79097  -18.696  1.563  -31.497 0.5555555820
79104  -19.618  1.539  -32.420 0.7777777910
136652  -21.581  4.679  -33.651 0.6666666865
75874  -14.802  -1.263  -26.119 0.4444444478
77935  -16.522  0.617  -28.164 0.3333333433
73832  -15.710  -3.266  -25.418 0.4444444478
125125  -14.999  -1.853  -25.632 0.4444444478
84184  -23.976  6.336  -30.926 0.3333333433
61578  -21.564  -14.487  -23.781 0.5555555820
150821  -24.539  -11.514  -27.115 0.6666666865
138469  -20.424  -15.199  -22.159 0.5555555820
68465  -24.416  -9.047  -29.004 0.7777777910
63903  -18.962  -11.952  -22.564 0.4444444478
71705  -17.707  -5.873  -26.405 0.3333333433
142650  -17.266  -6.030  -25.188 0.3333333433
70526  -17.264  -6.027  -24.860 0.1111111119
74845  -15.357  -2.544  -25.609 0.4444444478
125276  -14.652  -1.096  -24.980 0.3333333433
76901  -14.503  -0.218  -25.533 0.3333333433
79065  -17.276  -0.058  -29.732 0.3333333433
85128  -22.151  7.263  -33.304 0.6666666865
61581  -25.079  -13.847  -22.944 0.4444444478
63887  -26.667  -12.591  -21.409 0.2222222239
60401  -22.584  -15.279  -23.350 0.4444444478
60402  -23.253  -15.102  -23.498 0.4444444478
61601  -22.535  -14.300  -24.442 0.4444444478
61602  -23.080  -14.485  -24.292 0.4444444478
61580  -24.435  -14.172  -23.635 0.4444444478
142378  -25.304  -12.993  -23.741 0.4444444478
125085  -25.960  -12.126  -23.065 0.2222222239
126007  -22.891  -13.528  -25.515 0.4444444478
124718  -23.999  -13.493  -25.097 0.4444444478
125327  -24.529  -13.146  -24.988 0.4444444478
124751  -26.489  -11.359  -23.169 0.1111111119
124745  -27.576  -10.352  -22.605 0.1111111119
127024  -24.812  -12.570  -25.299 0.4444444478
125246  -26.061  -11.723  -23.949 0.3333333433
125081  -23.476  -13.127  -25.821 0.4444444478
124740  -24.192  -12.898  -25.675 0.4444444478
124742  -25.461  -12.061  -24.773 0.3333333433
125097  -25.906  -11.190  -24.734 0.3333333433
125205  -26.998  -10.605  -23.235 0.2222222239
125220  -25.072  -11.920  -25.757 0.4444444478
142224  -25.496  -11.450  -25.437 0.3333333433
125128  -23.919  -12.406  -26.348 0.4444444478
135602  -25.949  -9.998  -25.226 0.2222222239
124733  -26.674  -9.590  -24.587 0.1111111119
68432  -27.625  -8.426  -24.530 0.1111111119
124731  -25.700  -10.750  -25.610 0.3333333433
66171  -25.767  -10.106  -26.083 0.3333333433
66179  -25.052  -10.651  -27.401 0.4444444478
67300  -25.345  -9.903  -27.592 0.5555555820
68456  -25.684  -9.029  -27.809 0.6666666865
140172  -26.297  -8.555  -26.492 0.4444444478
67308  -25.023  -9.623  -28.324 0.6666666865
70555  -27.052  -6.931  -27.067 0.3333333433
68466  -25.340  -8.643  -28.486 0.6666666865
69507  -26.369  -7.277  -28.339 0.5555555820
68474  -24.931  -8.184  -29.001 0.6666666865
70580  -25.940  -6.958  -29.009 0.5555555820
70581  -26.554  -6.438  -28.559 0.5555555820
70567  -26.892  -6.711  -27.889 0.4444444478
71740  -26.630  -5.617  -28.755 0.3333333433
69514  -25.240  -7.546  -29.547 0.5555555820
151267  -26.585  -4.956  -28.965 0.4444444478
72864  -26.163  -4.658  -29.404 0.5555555820
71752  -26.181  -5.401  -29.344 0.4444444478
129984  -26.086  -3.759  -29.350 0.4444444478
82273  -20.337  4.816  -34.174 0.5555555820
83238  -21.031  5.625  -34.454 0.5555555820
84198  -21.313  6.250  -34.389 0.5555555820
85127  -21.560  7.104  -34.122 0.5555555820
61569  -24.637  -14.595  -22.678 0.4444444478
62781  -26.114  -12.723  -22.134 0.2222222239
125241  -21.896  -14.055  -24.480 0.4444444478
142176  -26.485  -10.904  -23.973 0.2222222239
142267  -26.253  -10.399  -24.669 0.2222222239
125250  -27.440  -9.468  -23.923 0.1111111119
67294  -25.922  -9.353  -26.279 0.4444444478
68448  -26.505  -8.658  -25.695 0.3333333433
67293  -25.561  -10.082  -26.864 0.4444444478
68457  -26.124  -8.357  -27.281 0.4444444478
147660  -26.717  -4.257  -28.880 0.4444444478
149581  -25.744  -1.563  -29.187 0.4444444478
83247  -20.339  5.399  -34.457 0.5555555820
84204  -19.536  5.962  -34.487 0.5555555820
68449  -27.050  -8.000  -26.048 0.2222222239
60368  -23.751  -15.893  -21.915 0.4444444478
60384  -24.196  -15.285  -22.274 0.4444444478
61560  -24.798  -14.865  -21.761 0.4444444478
62766  -25.773  -13.651  -21.672 0.2222222239
62767  -26.343  -13.217  -21.220 0.2222222239
63877  -26.874  -12.851  -20.749 0.1111111119
60380  -21.217  -15.395  -22.465 0.4444444478
59215  -23.156  -16.049  -22.213 0.4444444478
64977  -26.798  -11.973  -21.820 0.1111111119
124739  -27.047  -11.154  -22.363 0.1111111119
63888  -27.203  -12.216  -21.129 0.1111111119
125188  -27.483  -9.908  -23.296 0.1111111119
67271  -28.032  -9.246  -23.227 0.1111111119
68441  -27.232  -8.124  -25.221 0.1111111119
69482  -27.741  -7.515  -25.635 0.2222222239
145155  -27.400  -6.175  -27.406 0.1111111119
69491  -27.425  -7.260  -26.355 0.2222222239
71724  -27.100  -5.887  -28.130 0.2222222239
72848  -27.138  -4.921  -28.353 0.2222222239
73886  -26.222  -2.804  -29.091 0.4444444478
74900  -26.327  -1.887  -28.885 0.3333333433
148601  -26.705  -1.285  -28.643 0.3333333433
75918  -25.974  -0.973  -28.953 0.3333333433
80207  -24.865  1.996  -29.498 0.4444444478
82251  -24.075  4.316  -30.140 0.3333333433
83237  -19.703  4.855  -33.418 0.5555555820
83246  -19.702  5.107  -34.090 0.5555555820
84205  -20.490  6.087  -34.703 0.5555555820
85137  -20.823  6.850  -34.877 0.5555555820
86060  -21.210  7.877  -34.737 0.5555555820
142501  -19.467  5.676  -33.822 0.5555555820
60381  -22.046  -15.513  -22.829 0.4444444478
60400  -22.063  -14.999  -23.530 0.4444444478
60427  -22.629  -14.822  -23.866 0.4444444478
124723  -24.300  -11.865  -26.776 0.5555555820
65055  -24.785  -11.208  -27.275 0.6666666865
70591  -25.537  -6.623  -29.721 0.5555555820
138466  -25.747  -5.873  -29.716 0.5555555820
82250  -23.667  4.747  -30.558 0.3333333433
124711  -22.889  -14.000  -24.867 0.4444444478
65041  -24.979  -11.367  -26.822 0.3333333433
144552  -24.791  -11.718  -26.530 0.3333333433
144500  -25.529  -13.478  -22.385 0.4444444478
125406  -24.993  -13.446  -23.694 0.4444444478
61570  -25.219  -14.159  -22.130 0.4444444478
60382  -22.864  -15.647  -22.832 0.4444444478
60383  -23.565  -15.520  -22.664 0.4444444478
60403  -24.015  -14.961  -23.187 0.4444444478
124713  -23.401  -13.877  -24.893 0.4444444478
61579  -23.685  -14.452  -23.993 0.4444444478
61603  -23.993  -13.948  -24.417 0.4444444478
62794  -24.501  -13.556  -24.377 0.4444444478
142164  -25.474  -12.990  -23.083 0.4444444478
124730  -25.596  -12.499  -23.832 0.4444444478
124720  -25.066  -12.940  -24.399 0.4444444478
129109  -27.800  -10.768  -21.882 0.1111111119
147294  -25.268  -11.347  -26.204 0.3333333433
124736  -26.955  -10.164  -23.982 0.2222222239
67286  -26.101  -9.361  -25.392 0.2222222239
68431  -26.789  -8.789  -24.851 0.1111111119
67279  -27.307  -9.026  -24.348 0.1111111119
68419  -27.907  -8.811  -23.927 0.1111111119
129198  -25.348  -10.840  -26.663 0.3333333433
67301  -25.773  -9.235  -27.037 0.4444444478
69490  -26.686  -7.744  -26.763 0.3333333433
70556  -27.769  -6.444  -26.625 0.1111111119
69498  -26.546  -7.517  -27.602 0.4444444478
69506  -25.665  -7.776  -28.718 0.5555555820
68467  -26.102  -8.151  -28.096 0.5555555820
70592  -26.121  -6.143  -29.191 0.5555555820
129682  -26.823  -3.382  -28.737 0.4444444478
60369  -24.401  -15.691  -21.341 0.4444444478
61561  -25.418  -14.381  -21.304 0.4444444478
62754  -25.988  -13.921  -20.871 0.2222222239
59214  -22.444  -16.067  -22.266 0.4444444478
59213  -21.680  -15.985  -22.166 0.4444444478
64978  -27.466  -11.503  -21.526 0.1111111119
142266  -27.915  -9.773  -22.751 0.1111111119
56938  -25.308  -18.142  -15.358 0.1111111119
56966  -22.369  -18.519  -18.366 0.3333333433
56958  -24.045  -18.046  -17.215 0.2222222239
56950  -24.303  -18.292  -16.400 0.2222222239
56951  -25.060  -17.954  -16.153 0.1111111119
58022  -25.790  -17.679  -15.917 0.1111111119
58060  -21.048  -18.028  -19.891 0.3333333433
56964  -20.912  -18.856  -18.726 0.3333333433
56965  -21.707  -18.717  -18.575 0.3333333433
125716  -23.706  -17.695  -18.797 0.3333333433
58051  -24.359  -17.372  -18.597 0.3333333433
58036  -24.834  -17.767  -16.946 0.2222222239
58052  -25.100  -17.022  -18.271 0.2222222239
58037  -25.590  -17.488  -16.695 0.1111111119
58045  -25.352  -17.254  -17.466 0.2222222239
58074  -19.541  -17.169  -20.075 0.2222222239
58075  -20.555  -17.435  -20.337 0.2222222239
58059  -20.091  -17.815  -19.726 0.2222222239
148672  -21.827  -18.047  -19.789 0.3333333433
56975  -22.334  -18.267  -19.139 0.3333333433
59194  -19.612  -16.087  -20.879 0.2222222239
131924  -20.613  -16.420  -21.301 0.3333333433
58091  -20.899  -17.008  -20.824 0.3333333433
58092  -21.512  -16.825  -21.241 0.3333333433
58093  -22.340  -16.931  -21.203 0.3333333433
144856  -21.712  -17.481  -20.525 0.3333333433
58076  -22.796  -17.237  -20.575 0.3333333433
58077  -23.692  -16.837  -20.456 0.3333333433
59180  -24.520  -16.528  -19.970 0.3333333433
59173  -25.372  -16.059  -19.535 0.3333333433
59164  -25.595  -16.463  -18.702 0.1111111119
60344  -26.012  -15.936  -18.913 0.2222222239
60365  -19.214  -15.190  -20.836 0.2222222239
60366  -20.008  -15.667  -21.556 0.3333333433
149210  -21.360  -16.351  -21.686 0.3333333433
59195  -22.032  -16.497  -21.746 0.3333333433
59197  -23.781  -16.319  -21.230 0.3333333433
149098  -24.268  -16.263  -20.701 0.3333333433
60352  -26.111  -15.351  -19.351 0.1111111119
60379  -19.647  -14.852  -21.719 0.3333333433
147722  -20.784  -14.841  -22.677 0.3333333433
60370  -25.084  -15.100  -20.900 0.3333333433
61549  -25.696  -14.614  -20.531 0.3333333433
74885  -26.963  -2.526  -28.600 0.2222222239
73871  -27.547  -3.019  -28.259 0.2222222239
77954  -25.423  0.653  -29.268 0.3333333433
76961  -26.049  0.000  -28.909 0.2222222239
56957  -23.291  -18.315  -17.567 0.3333333433
58046  -26.127  -17.004  -17.215 0.1111111119
59179  -20.039  -16.806  -20.667 0.3333333433
131594  -23.257  -17.391  -19.961 0.3333333433
58063  -23.966  -17.236  -19.480 0.3333333433
59172  -24.842  -16.811  -19.118 0.3333333433
60367  -20.885  -15.859  -21.910 0.3333333433
60358  -25.518  -15.302  -20.107 0.3333333433
55884  -24.187  -18.909  -15.110 0.1111111119
55885  -24.838  -18.661  -14.816 0.1111111119
55909  -21.203  -19.192  -18.037 0.3333333433
55902  -22.038  -18.957  -17.784 0.3333333433
55903  -22.709  -18.820  -17.242 0.3333333433
56949  -23.419  -18.675  -16.675 0.3333333433
56922  -25.756  -18.463  -14.594 0.1111111119
145827  -25.962  -17.846  -15.190 0.1111111119
56973  -20.558  -18.398  -19.282 0.3333333433
58023  -26.510  -17.450  -15.625 0.1111111119
59151  -26.889  -16.736  -16.979 0.1111111119
59178  -19.114  -16.445  -20.284 0.2222222239
59159  -26.645  -16.493  -17.691 0.1111111119
60345  -26.656  -15.555  -18.639 0.1111111119
150519  -26.612  -15.134  -19.034 0.1111111119
61550  -26.294  -14.249  -20.148 0.1111111119
134244  -18.841  -14.456  -20.836 0.1111111119
75906  -27.133  -1.783  -28.490 0.2222222239
79084  -25.481  1.465  -29.171 0.2222222239
77955  -26.104  0.867  -28.826 0.2222222239
62780  -19.016  -13.023  -22.019 0.2222222239
66158  -18.816  -9.658  -24.447 0.5555555820
60378  -19.074  -14.422  -21.162 0.2222222239
147630  -26.722  -0.591  -28.609 0.2222222239
56937  -24.579  -18.454  -15.602 0.1111111119
56956  -22.688  -18.522  -17.861 0.3333333433
56974  -21.417  -18.447  -19.280 0.3333333433
56967  -23.077  -18.151  -18.453 0.3333333433
58050  -23.826  -17.805  -18.044 0.3333333433
58062  -23.181  -17.787  -19.311 0.3333333433
58044  -24.579  -17.519  -17.748 0.2222222239
59158  -25.847  -16.707  -17.937 0.1111111119
59193  -18.886  -15.787  -20.310 0.2222222239
58061  -22.536  -17.732  -19.905 0.3333333433
58094  -23.131  -16.728  -21.173 0.3333333433
59181  -24.866  -15.843  -20.437 0.3333333433
59165  -26.336  -16.218  -18.347 0.1111111119
59196  -22.758  -16.480  -21.738 0.3333333433
61539  -26.039  -14.837  -19.911 0.1111111119
55896  -23.833  -18.842  -15.801 0.2222222239
55908  -20.410  -19.179  -18.107 0.2222222239
128725  -22.128  -19.408  -17.026 0.3333333433
147248  -22.706  -19.180  -16.629 0.3333333433
56972  -19.696  -18.132  -19.090 0.2222222239
146904  -20.119  -18.696  -18.651 0.2222222239
75908  -28.114  -1.738  -27.941 0.1111111119
74886  -27.659  -2.208  -28.241 0.1111111119
76950  -27.312  -1.112  -28.398 0.1111111119
140212  -27.978  -0.985  -28.032 0.1111111119
76951  -27.439  -0.364  -28.305 0.1111111119
77941  -26.776  0.241  -28.532 0.1111111119
81248  -24.885  2.843  -29.385 0.2222222239
79072  -26.812  1.098  -28.395 0.1111111119
82243  -24.568  4.455  -29.628 0.1111111119
83218  -23.951  5.483  -30.560 0.1111111119
129674  -24.970  3.786  -29.154 0.1111111119
83212  -24.895  5.319  -29.636 0.1111111119
83231  -19.618  4.965  -32.756 0.4444444478
86051  -22.490  8.069  -32.971 0.3333333433
144462  -23.234  8.132  -32.514 0.1111111119
85118  -24.261  7.759  -31.913 0.1111111119
126934  -19.793  6.646  -35.127 0.4444444478
85136  -18.896  6.884  -34.827 0.4444444478
144107  -19.165  7.344  -35.521 0.4444444478
132446  -20.196  7.461  -35.410 0.4444444478
87055  -21.156  8.995  -34.578 0.4444444478
144686  -21.638  8.653  -33.943 0.2222222239
87046  -21.928  9.609  -33.725 0.2222222239
138714  -22.262  8.776  -33.355 0.2222222239
87038  -22.855  9.564  -33.227 0.2222222239
86042  -23.015  8.833  -32.817 0.2222222239
89996  -21.054  12.592  -36.424 0.1111111119
89053  -22.315  12.145  -35.421 0.1111111119
130315  -24.031  10.836  -33.964 0.1111111119
84197  -19.331  6.130  -33.422 0.4444444478
136819  -19.163  6.912  -33.482 0.4444444478
83245  -19.160  6.483  -34.072 0.4444444478
85126  -18.771  7.192  -34.135 0.3333333433
85146  -18.600  7.989  -35.828 0.4444444478
86071  -19.384  8.084  -35.824 0.4444444478
86059  -20.407  8.410  -35.444 0.4444444478
86082  -17.957  9.241  -36.538 0.3333333433
87054  -20.461  9.443  -35.262 0.3333333433
88059  -20.659  10.493  -35.037 0.1111111119
135905  -21.291  10.051  -34.444 0.1111111119
89037  -21.517  11.059  -34.545 0.1111111119
88056  -22.753  10.295  -33.566 0.2222222239
88055  -22.174  10.692  -33.995 0.1111111119
89038  -22.558  11.603  -34.610 0.1111111119
139390  -19.658  6.627  -32.752 0.2222222239
85125  -18.419  7.673  -34.782 0.3333333433
86070  -18.549  8.630  -36.272 0.3333333433
87063  -19.491  8.903  -36.030 0.4444444478
87062  -18.602  9.427  -36.524 0.2222222239
88066  -19.745  9.873  -36.038 0.2222222239
89036  -20.941  11.290  -35.005 0.1111111119
137877  -17.822  10.244  -36.785 0.1111111119
88065  -18.984  10.461  -36.514 0.1111111119
89050  -19.670  11.544  -36.171 0.1111111119
89052  -21.613  11.793  -35.020 0.1111111119
89059  -18.304  11.239  -36.814 0.1111111119
132072  -20.761  11.748  -35.511 0.1111111119
86049  -18.638  7.790  -34.009 0.3333333433
147136  -19.006  8.029  -33.465 0.3333333433
141831  -18.756  8.357  -33.840 0.3333333433
86058  -18.099  8.492  -35.274 0.3333333433
86069  -18.144  8.559  -36.047 0.3333333433
89984  -20.417  12.263  -36.076 0.1111111119
90970  -18.599  13.395  -37.596 0.1111111119
86036  -20.256  8.902  -31.438 0.1111111119
87032  -20.041  9.101  -32.309 0.1111111119
87045  -18.952  9.083  -33.650 0.2222222239
88048  -19.290  9.873  -33.509 0.2222222239
86048  -18.345  8.804  -34.442 0.3333333433
87044  -18.368  9.596  -34.255 0.2222222239
87061  -17.786  9.274  -36.036 0.3333333433
88052  -17.759  10.184  -34.908 0.2222222239
129811  -17.434  10.917  -35.368 0.1111111119
89034  -17.384  11.634  -35.558 0.1111111119
89049  -17.029  11.312  -36.283 0.1111111119
89058  -17.322  11.300  -36.904 0.1111111119
89993  -16.983  12.090  -37.009 0.1111111119
89983  -19.222  12.180  -36.606 0.1111111119
90972  -20.671  13.062  -37.245 0.1111111119
140326  -21.469  12.713  -36.901 0.1111111119
87033  -20.494  9.559  -31.798 0.1111111119
89010  -20.714  10.159  -32.186 0.1111111119
87037  -20.297  9.691  -32.443 0.1111111119
145553  -20.856  10.663  -32.533 0.1111111119
89020  -20.644  10.959  -33.080 0.1111111119
89028  -20.095  11.487  -33.570 0.1111111119
88053  -18.613  10.383  -34.028 0.2222222239
89963  -19.437  12.012  -34.135 0.1111111119
89027  -19.000  11.160  -34.017 0.1111111119
89973  -19.972  12.936  -34.392 0.1111111119
89971  -17.888  12.186  -35.276 0.1111111119
90949  -18.227  12.918  -35.451 0.1111111119
89981  -16.882  11.876  -36.696 0.1111111119
89011  -21.410  10.784  -32.006 0.1111111119
88993  -21.972  10.847  -31.409 0.1111111119
129250  -21.637  11.703  -32.306 0.1111111119
89955  -21.065  11.854  -33.073 0.1111111119
90934  -21.132  13.008  -33.108 0.1111111119
89940  -21.929  12.340  -32.005 0.1111111119
89941  -22.412  12.623  -31.458 0.1111111119
90919  -21.912  13.161  -31.910 0.1111111119
74872  -28.243  -2.546  -27.760 0.1111111119
75907  -27.678  -1.582  -28.233 0.1111111119
79085  -26.137  1.704  -28.693 0.1111111119
80208  -25.480  2.269  -29.004 0.1111111119
83219  -24.573  5.870  -30.256 0.1111111119
145682  -19.452  5.439  -33.280 0.4444444478
86050  -21.826  7.963  -33.666 0.4444444478
86043  -23.818  8.770  -32.540 0.1111111119
129362  -24.552  7.306  -31.257 0.1111111119
89054  -23.317  11.955  -35.339 0.1111111119
85145  -18.324  8.016  -35.502 0.3333333433
144935  -18.088  10.832  -34.561 0.1111111119
89021  -21.224  11.248  -32.612 0.1111111119
89964  -20.448  12.430  -33.679 0.1111111119
90950  -19.338  13.374  -34.935 0.1111111119
90935  -21.440  13.662  -32.410 0.1111111119
75890  -28.862  -1.115  -27.357 0.1111111119
148671  -28.417  -1.256  -27.695 0.1111111119
148003  -18.554  7.513  -35.351 0.4444444478
88044  -21.013  10.009  -31.526 0.1111111119
129126  -22.652  11.937  -31.165 0.1111111119
151704  -21.416  11.799  -32.614 0.1111111119
89956  -21.542  12.512  -32.473 0.1111111119
140536  -29.039  -1.704  -27.057 0.1111111119
74873  -28.588  -1.790  -27.540 0.1111111119
76918  -29.320  -0.922  -26.862 0.1111111119
76930  -28.913  0.253  -27.503 0.1111111119
76952  -28.139  -0.112  -27.927 0.1111111119
77943  -28.242  0.775  -27.739 0.1111111119
80209  -26.182  2.575  -28.529 0.1111111119
81249  -25.534  3.150  -28.802 0.1111111119
144794  -25.733  4.096  -28.662 0.1111111119
83220  -25.354  6.090  -29.898 0.1111111119
84177  -25.058  6.819  -30.549 0.1111111119
86037  -24.640  8.607  -32.266 0.1111111119
85108  -25.063  8.033  -31.664 0.1111111119
132663  -19.622  5.730  -32.773 0.4444444478
87049  -25.303  10.195  -33.287 0.1111111119
89040  -23.944  11.250  -34.387 0.1111111119
85107  -19.522  7.433  -32.774 0.2222222239
86035  -19.887  8.423  -32.131 0.1111111119
86041  -19.416  8.594  -33.049 0.2222222239
90002  -21.443  12.785  -37.719 0.1111111119
86032  -20.576  8.675  -30.586 0.1111111119
134712  -21.391  9.806  -30.822 0.1111111119
88034  -21.527  10.375  -31.283 0.1111111119
90982  -19.789  13.532  -37.868 0.1111111119
88035  -22.125  10.377  -30.670 0.1111111119
88982  -22.962  10.840  -30.241 0.1111111119
90962  -18.701  13.759  -35.486 0.1111111119
90961  -17.612  13.146  -36.359 0.1111111119
125792  -17.598  13.660  -37.698 0.1111111119
88994  -22.475  11.255  -30.945 0.1111111119
91928  -20.834  14.192  -32.982 0.1111111119
91941  -20.129  14.672  -33.705 0.1111111119
150533  -23.902  8.156  -32.260 0.1111111119
135042  -24.302  5.025  -30.143 0.2222222239
77942  -27.496  0.471  -28.161 0.1111111119
82244  -25.237  4.748  -29.015 0.1111111119
87047  -23.649  10.271  -33.421 0.2222222239
87039  -23.699  9.484  -32.899 0.1111111119
89995  -20.054  12.753  -36.677 0.1111111119
89985  -21.408  12.245  -35.694 0.1111111119
89997  -22.010  12.489  -36.243 0.1111111119
89986  -22.780  12.239  -35.947 0.1111111119
88057  -24.575  10.489  -33.711 0.1111111119
87048  -24.487  9.974  -33.013 0.1111111119
88060  -23.239  11.056  -33.956 0.2222222239
146217  -18.361  8.158  -34.438 0.3333333433
89051  -20.163  10.974  -35.652 0.1111111119
85115  -19.023  7.570  -33.484 0.3333333433
128293  -19.354  7.997  -32.810 0.1111111119
134529  -17.697  9.983  -36.451 0.1111111119
88072  -17.343  10.845  -36.592 0.1111111119
129543  -17.766  12.060  -37.060 0.1111111119
89994  -18.849  12.779  -37.068 0.1111111119
133559  -17.613  12.913  -37.207 0.1111111119
90971  -19.685  13.201  -37.242 0.1111111119
87036  -19.804  9.393  -33.030 0.1111111119
87053  -17.804  9.381  -35.224 0.3333333433
88064  -17.339  10.244  -35.937 0.1111111119
89035  -18.221  11.608  -34.733 0.1111111119
90960  -17.000  12.354  -36.749 0.1111111119
88049  -20.306  10.160  -32.957 0.1111111119
88054  -19.706  10.657  -33.489 0.1111111119
89972  -18.885  12.514  -34.782 0.1111111119
90951  -20.047  13.884  -34.483 0.1111111119
89982  -17.139  12.205  -36.123 0.1111111119
89012  -22.134  11.612  -31.718 0.1111111119
90942  -20.564  13.530  -33.746 0.1111111119
131279  -28.585  -0.610  -27.617 0.1111111119
87040  -24.401  9.321  -32.639 0.1111111119
89039  -23.477  11.571  -34.614 0.1111111119
130727  -19.504  14.061  -34.987 0.1111111119
76931  -29.210  -0.365  -27.263 0.1111111119
84172  -25.654  5.538  -29.265 0.1111111119
89055  -24.151  11.549  -35.019 0.1111111119
89060  -22.750  12.176  -36.781 0.1111111119
143515  -20.132  8.166  -31.150 0.1111111119
87028  -20.764  9.359  -31.046 0.1111111119
91957  -18.223  14.180  -36.123 0.1111111119
90969  -17.434  13.057  -37.077 0.1111111119
55893  -21.494  -20.040  -16.752 0.2222222239
135272  -18.384  -8.388  -24.513 0.2222222239
68439  -18.347  -7.924  -25.062 0.2222222239
125114  -19.054  -11.406  -23.246 0.3333333433
68427  -18.489  -8.427  -24.925 0.4444444478
82255  -19.901  4.464  -32.131 0.3333333433
134333  -19.933  4.032  -31.781 0.2222222239
83217  -20.089  5.430  -31.910 0.1111111119
84182  -20.102  6.103  -32.229 0.1111111119
79078  -17.399  0.140  -30.264 0.2222222239
79050  -16.598  1.544  -27.497 0.1111111119
66141  -18.585  -10.093  -23.777 0.2222222239
144584  -17.032  1.030  -28.222 0.1111111119
137011  -19.182  1.405  -30.331 0.1111111119
80204  -19.420  2.333  -30.498 0.1111111119
129982  -20.024  4.097  -30.602 0.1111111119
84170  -19.965  6.490  -30.454 0.1111111119
72805  -16.121  -4.049  -25.127 0.2222222239
73825  -15.848  -3.285  -24.800 0.3333333433
83225  -19.932  5.254  -32.177 0.3333333433
67270  -18.383  -9.489  -23.769 0.2222222239
82249  -20.010  4.800  -31.826 0.1111111119
81245  -19.775  3.361  -30.477 0.1111111119
130721  -20.176  4.153  -30.230 0.1111111119
69473  -28.026  -7.745  -24.874 0.1111111119
55894  -22.267  -19.729  -16.286 0.1111111119
55895  -23.021  -19.293  -15.949 0.1111111119
54889  -20.165  -20.734  -16.609 0.1111111119
54894  -20.026  -20.199  -17.154 0.1111111119
55901  -20.680  -19.723  -17.517 0.1111111119
56963  -19.402  -18.363  -18.410 0.1111111119
139244  -18.629  -12.511  -21.722 0.1111111119
68426  -18.348  -8.156  -24.563 0.1111111119
67278  -18.468  -8.927  -24.336 0.1111111119
125161  -14.475  0.192  -24.340 0.2222222239
76911  -14.664  0.618  -26.002 0.2222222239
124835  -14.610  1.385  -24.583 0.2222222239
127479  -15.767  2.296  -24.573 0.2222222239
69466  -18.302  -7.816  -24.878 0.1111111119
53903  -19.632  -21.132  -16.155 0.1111111119
54882  -21.725  -20.384  -15.933 0.1111111119
54888  -19.493  -20.511  -16.598 0.1111111119
55899  -19.314  -19.216  -17.437 0.1111111119
55907  -19.715  -18.948  -18.015 0.1111111119
58049  -19.023  -17.695  -18.727 0.1111111119
58058  -19.206  -17.441  -19.417 0.1111111119
59171  -18.707  -16.688  -19.684 0.1111111119
63886  -18.461  -12.600  -21.290 0.1111111119
124727  -18.446  -10.963  -22.404 0.1111111119
125177  -18.276  -10.082  -23.243 0.1111111119
124828  -15.045  -0.063  -23.246 0.2222222239
125255  -17.659  1.659  -25.228 0.2222222239
144713  -17.067  2.360  -25.940 0.1111111119
53905  -20.908  -20.731  -16.294 0.1111111119
80164  -16.143  2.461  -25.799 0.2222222239
79029  -16.413  2.259  -26.632 0.1111111119
142263  -18.615  -11.176  -22.733 0.1111111119
144568  -14.775  -0.705  -23.991 0.2222222239
70538  -18.297  -7.407  -25.410 0.1111111119
59177  -18.484  -16.126  -20.103 0.1111111119
60357  -18.674  -15.297  -20.089 0.1111111119
62779  -18.463  -13.259  -21.128 0.1111111119
131565  -21.462  -19.568  -17.399 0.1111111119
55900  -19.903  -19.561  -17.593 0.1111111119
148642  -21.114  -19.940  -17.183 0.1111111119
67277  -18.340  -8.873  -24.019 0.1111111119
124724  -18.573  -11.686  -21.989 0.1111111119
67269  -18.261  -9.553  -23.424 0.1111111119
54895  -20.736  -20.275  -16.961 0.1111111119
148901  -20.705  -21.153  -15.915 0.1111111119
54893  -19.401  -19.873  -17.049 0.1111111119
125400  -16.301  0.570  -23.246 0.1111111119
56955  -19.132  -18.583  -17.745 0.1111111119
63874  -18.355  -12.923  -21.102 0.1111111119
63875  -18.651  -12.751  -20.504 0.1111111119
79030  -17.699  1.488  -26.322 0.1111111119
140120  -17.112  1.765  -26.939 0.1111111119
124827  -15.499  -1.796  -23.814 0.1111111119
79066  -17.623  0.605  -28.767 0.1111111119
79079  -18.343  0.766  -29.912 0.1111111119
63949  -23.498  -11.582  -27.380 0.8888888955
67318  -23.010  -9.867  -29.379 1.0000000000
67329  -22.977  -9.066  -30.312 1.0000000000
69513  -24.693  -8.301  -29.781 0.6666666865
69524  -22.425  -8.125  -30.750 1.0000000000
69531  -22.103  -6.392  -31.237 1.0000000000
69532  -22.509  -7.266  -31.076 1.0000000000
71772  -21.448  -5.350  -31.175 1.0000000000
71775  -23.019  -5.369  -31.464 0.8888888955
72834  -17.084  -4.075  -27.621 0.6666666865
72892  -20.331  -4.287  -31.073 1.0000000000
72895  -22.079  -4.481  -31.739 1.0000000000
73936  -21.278  -3.812  -32.143 1.0000000000
74881  -17.297  -2.916  -28.807 0.8888888955
75899  -16.263  -1.459  -28.229 0.5555555820
75915  -17.185  -1.513  -29.488 0.8888888955
75924  -17.409  -1.030  -30.258 0.7777777910
76926  -15.277  -0.414  -27.319 0.4444444478
76973  -17.898  -0.265  -31.462 0.7777777910
76981  -19.279  -0.788  -32.388 0.8888888955
77889  -14.471  0.670  -25.187 0.2222222239
77917  -15.980  0.922  -27.430 0.3333333433
77963  -17.192  -0.219  -29.852 0.5555555820
77986  -18.697  0.605  -32.042 0.6666666865
79010  -16.056  2.446  -25.155 0.2222222239
79027  -14.671  1.332  -25.449 0.3333333433
79028  -15.081  1.510  -26.154 0.3333333433
89048  -17.019  11.539  -36.753 0.1111111119
124710  -22.433  -13.759  -25.040 0.4444444478
124829  -15.110  2.030  -24.196 0.2222222239
124830  -15.039  -1.547  -24.239 0.3333333433
125056  -26.447  -11.831  -22.489 0.1111111119
125149  -14.904  1.229  -23.448 0.2222222239
125317  -16.007  1.805  -23.845 0.2222222239
125442  -22.389  -12.503  -26.153 0.7777777910
125643  -15.459  -2.759  -25.080 0.4444444478
126431  -21.529  -13.537  -24.644 0.6666666865
133666  -22.296  -2.099  -31.838 0.8888888955
135757  -18.783  -1.879  -31.560 1.0000000000
136090  -15.644  2.155  -26.182 0.2222222239
136990  -17.538  0.400  -30.760 0.4444444478
138426  -15.255  -1.795  -26.850 0.5555555820
139061  -20.092  -2.481  -32.342 1.0000000000
139260  -21.404  -0.111  -32.306 0.8888888955
139261  -21.078  -1.450  -32.495 0.8888888955
140750  -24.330  -8.076  -30.310 0.8888888955
142239  -24.506  -12.260  -26.106 0.4444444478
145154  -16.725  2.243  -24.803 0.2222222239
145399  -22.790  -8.550  -30.663 1.0000000000
145810  -21.073  -7.570  -30.242 1.0000000000
147553  -19.028  -6.057  -28.130 0.8888888955
147937  -15.936  -3.715  -25.705 0.4444444478
149269  -23.336  -16.324  -21.675 0.3333333433
151649  -16.535  2.471  -25.430 0.2222222239
