#!ascii label  , from subject sub-v1s11x0050171_ses-1 vox2ras=TkReg
592
136468  -31.511  -57.963  -9.988 0.6999999881
128855  -31.269  -57.176  -11.207 0.6000000238
17998  -30.940  -56.929  -12.189 0.6000000238
140494  -31.355  -57.526  -13.319 0.4000000060
19807  -28.123  -54.060  -5.800 0.6999999881
20780  -28.458  -53.390  -6.127 0.6999999881
18845  -28.401  -54.792  -5.968 0.6999999881
20781  -29.163  -53.538  -6.720 0.6000000238
125301  -29.102  -54.916  -6.337 0.6999999881
19830  -29.490  -54.394  -6.682 0.6000000238
18866  -29.421  -55.559  -6.497 0.6000000238
19846  -29.817  -54.015  -7.216 0.6000000238
17928  -30.314  -56.522  -6.875 0.6000000238
19847  -30.392  -54.494  -7.656 0.6000000238
19857  -30.621  -54.354  -8.458 0.5000000000
18894  -31.129  -55.116  -8.972 0.5000000000
19872  -30.606  -54.332  -9.463 0.5000000000
18910  -30.977  -55.232  -10.100 0.6000000238
17968  -31.419  -56.692  -9.823 0.6000000238
129985  -30.522  -55.149  -11.038 0.6000000238
18940  -30.169  -55.648  -11.897 0.6000000238
17996  -29.738  -56.146  -12.866 0.6000000238
21728  -28.069  -52.613  -5.948 0.6000000238
21759  -28.804  -52.054  -6.920 0.6000000238
134389  -29.094  -52.766  -7.153 0.6000000238
20794  -29.488  -53.360  -7.375 0.6000000238
20812  -29.485  -52.984  -8.486 0.6000000238
20813  -29.979  -53.608  -7.954 0.6000000238
20836  -30.069  -53.578  -8.895 0.6000000238
20847  -28.854  -53.185  -10.240 0.6000000238
20848  -29.841  -53.632  -9.873 0.6000000238
19890  -30.321  -54.412  -10.508 0.6000000238
19889  -29.431  -53.836  -10.861 0.6999999881
19903  -29.046  -54.140  -11.718 0.6000000238
18938  -29.053  -54.770  -12.354 0.6000000238
18029  -29.446  -56.356  -13.668 0.5000000000
18040  -29.422  -56.308  -14.094 0.5000000000
21745  -27.709  -51.890  -5.809 0.6000000238
22648  -29.035  -51.526  -7.220 0.6000000238
22649  -29.435  -51.430  -7.736 0.6000000238
21786  -29.419  -52.169  -8.261 0.6000000238
126506  -29.353  -52.846  -7.806 0.6000000238
22681  -29.205  -52.129  -9.869 0.6000000238
21815  -28.401  -52.642  -10.689 0.6000000238
20835  -29.328  -53.065  -9.352 0.6000000238
20846  -28.156  -52.974  -10.776 0.6000000238
18955  -28.570  -55.297  -13.222 0.6000000238
18964  -28.258  -55.738  -13.912 0.6000000238
18975  -29.746  -55.896  -14.329 0.4000000060
23520  -28.317  -50.559  -6.525 0.6000000238
22634  -28.613  -51.323  -6.684 0.6000000238
22682  -29.999  -51.377  -9.683 0.6000000238
23573  -29.885  -51.301  -10.515 0.5000000000
22680  -28.978  -51.898  -10.964 0.6000000238
22690  -28.019  -52.293  -11.439 0.6999999881
20858  -27.041  -53.278  -12.099 0.6000000238
20860  -28.304  -53.475  -11.226 0.6000000238
147377  -27.592  -53.539  -11.876 0.6000000238
19902  -28.271  -54.264  -12.440 0.6000000238
19918  -27.848  -54.935  -13.536 0.6000000238
19946  -27.871  -55.099  -14.226 0.6000000238
18965  -28.750  -56.174  -14.050 0.6000000238
147765  -29.648  -55.213  -14.338 0.4000000060
19947  -28.926  -55.586  -14.343 0.5000000000
24503  -27.915  -49.773  -6.573 0.5000000000
24517  -29.426  -49.817  -7.435 0.6000000238
23554  -29.790  -50.656  -7.847 0.6000000238
23555  -30.361  -50.504  -8.497 0.6000000238
22667  -30.339  -50.996  -9.126 0.5000000000
23574  -30.699  -50.628  -10.027 0.5000000000
23585  -30.434  -50.563  -11.091 0.5000000000
23584  -29.603  -51.014  -11.483 0.6000000238
133139  -28.588  -50.294  -12.989 0.6000000238
23583  -28.715  -51.397  -11.904 0.6999999881
22689  -27.233  -52.569  -11.951 0.6999999881
21830  -27.625  -52.882  -11.282 0.6999999881
22707  -25.367  -51.583  -13.887 0.6000000238
21829  -27.039  -52.957  -11.834 0.6999999881
21839  -26.292  -52.658  -13.166 0.6000000238
21852  -25.919  -52.637  -13.799 0.6000000238
20870  -26.848  -53.614  -13.072 0.6000000238
20881  -26.784  -53.818  -13.837 0.6000000238
133991  -27.310  -53.592  -14.321 0.6000000238
20899  -28.697  -53.838  -14.141 0.5000000000
20882  -29.581  -53.781  -13.758 0.4000000060
24516  -28.469  -49.121  -7.108 0.6000000238
24540  -30.691  -49.716  -8.413 0.6000000238
24539  -30.136  -50.010  -7.974 0.5000000000
24556  -30.915  -50.204  -9.133 0.6000000238
24565  -31.145  -49.957  -10.808 0.5000000000
24576  -30.614  -49.785  -11.708 0.5000000000
24575  -29.965  -50.258  -11.854 0.6000000238
24589  -29.870  -49.550  -12.598 0.5000000000
23595  -29.205  -50.433  -12.392 0.5000000000
24587  -27.979  -49.739  -13.409 0.5000000000
23593  -27.940  -50.683  -13.064 0.6000000238
24586  -26.932  -49.572  -13.589 0.5000000000
139784  -27.167  -50.341  -13.415 0.5000000000
144861  -27.243  -51.133  -13.154 0.6000000238
146409  -25.247  -49.772  -13.886 0.4000000060
22699  -26.749  -51.966  -12.902 0.6999999881
135373  -25.028  -50.057  -14.122 0.4000000060
23618  -25.001  -50.715  -14.056 0.5000000000
21851  -25.497  -51.983  -13.961 0.6000000238
23630  -26.374  -50.906  -15.011 0.5000000000
21866  -25.931  -52.389  -14.241 0.6000000238
22728  -27.438  -51.057  -15.263 0.5000000000
21867  -26.743  -52.857  -14.454 0.6000000238
21853  -29.455  -52.986  -13.505 0.5000000000
22717  -27.226  -51.916  -14.856 0.6000000238
142105  -27.608  -52.485  -14.537 0.6000000238
21869  -28.756  -52.804  -13.843 0.6000000238
25550  -30.094  -49.266  -7.887 0.5000000000
150152  -31.453  -49.698  -9.845 0.5000000000
25605  -31.350  -49.257  -11.459 0.4000000060
24588  -28.971  -49.655  -13.140 0.5000000000
25619  -28.461  -48.877  -13.514 0.5000000000
26733  -25.233  -47.576  -14.855 0.4000000060
25629  -25.393  -48.537  -14.093 0.4000000060
146474  -25.166  -48.471  -14.499 0.4000000060
145263  -25.246  -48.367  -15.078 0.5000000000
24605  -25.132  -49.929  -14.339 0.5000000000
137256  -25.735  -48.871  -15.234 0.5000000000
24618  -25.777  -49.945  -15.045 0.5000000000
135913  -26.870  -50.319  -15.265 0.5000000000
23619  -29.198  -50.873  -14.734 0.5000000000
22708  -29.245  -52.237  -13.653 0.5000000000
22729  -27.989  -51.491  -14.984 0.6000000238
22718  -28.584  -51.905  -14.332 0.5000000000
26710  -28.880  -48.101  -13.609 0.4000000060
135237  -28.017  -48.115  -13.645 0.5000000000
26709  -27.153  -47.689  -13.791 0.5000000000
26724  -26.128  -47.148  -14.112 0.5000000000
25644  -25.236  -47.708  -15.042 0.4000000060
146148  -27.538  -48.215  -15.492 0.5000000000
23632  -29.147  -50.331  -15.226 0.5000000000
23620  -29.961  -50.480  -14.515 0.3000000119
26739  -26.932  -47.670  -15.443 0.5000000000
24620  -27.893  -50.013  -15.458 0.5000000000
23631  -28.375  -50.651  -15.292 0.5000000000
26725  -27.121  -46.877  -13.950 0.4000000060
26723  -25.484  -47.834  -14.402 0.4000000060
27770  -26.475  -46.126  -14.238 0.4000000060
28810  -25.518  -45.606  -15.144 0.4000000060
145674  -25.428  -46.416  -14.888 0.4000000060
27794  -26.698  -46.177  -15.461 0.4000000060
28811  -26.071  -45.508  -15.357 0.4000000060
26755  -27.323  -46.898  -15.480 0.5000000000
24623  -30.347  -49.223  -15.370 0.4000000060
23633  -29.832  -49.965  -15.148 0.4000000060
25647  -28.341  -48.357  -15.540 0.5000000000
24622  -29.591  -49.593  -15.405 0.5000000000
26740  -27.887  -47.604  -15.527 0.5000000000
136449  -28.655  -49.222  -15.539 0.5000000000
24621  -28.889  -49.904  -15.485 0.5000000000
139558  -26.892  -44.152  -15.505 0.4000000060
28812  -27.188  -45.301  -15.532 0.4000000060
25649  -29.997  -48.818  -15.628 0.4000000060
140975  -29.349  -49.259  -15.535 0.5000000000
27785  -28.320  -46.879  -15.558 0.5000000000
26741  -28.793  -47.646  -15.576 0.5000000000
29719  -27.910  -44.499  -15.621 0.4000000060
26743  -30.102  -47.983  -15.819 0.4000000060
26756  -30.845  -47.360  -16.054 0.3000000119
28813  -28.378  -45.328  -15.634 0.5000000000
27796  -28.834  -46.130  -15.652 0.5000000000
26742  -29.549  -47.648  -15.706 0.5000000000
30646  -27.750  -43.608  -15.645 0.4000000060
27798  -30.556  -46.422  -16.136 0.3000000119
135759  -31.279  -46.560  -16.277 0.3000000119
139149  -28.691  -43.862  -15.848 0.4000000060
27797  -29.730  -46.244  -15.859 0.5000000000
29720  -28.969  -44.632  -15.808 0.4000000060
28814  -29.349  -45.410  -15.822 0.5000000000
140603  -29.821  -44.739  -16.141 0.5000000000
137470  -28.750  -41.967  -16.178 0.4000000060
28816  -31.191  -45.683  -16.404 0.3000000119
146094  -32.069  -45.410  -16.531 0.3000000119
30647  -28.532  -43.115  -15.867 0.4000000060
139141  -30.729  -43.814  -16.545 0.4000000060
139148  -29.296  -43.320  -16.166 0.4000000060
130964  -29.182  -41.242  -16.456 0.5000000000
29722  -31.531  -44.122  -16.584 0.3000000119
29723  -32.322  -44.048  -16.469 0.4000000060
30651  -32.609  -43.428  -16.231 0.4000000060
150638  -32.597  -44.503  -16.412 0.4000000060
137489  -29.577  -42.029  -16.470 0.4000000060
31581  -30.642  -43.021  -16.609 0.5000000000
30649  -31.252  -43.372  -16.623 0.4000000060
31580  -29.867  -42.767  -16.449 0.5000000000
146055  -30.037  -43.521  -16.411 0.5000000000
31582  -31.395  -42.601  -16.639 0.4000000060
31583  -32.197  -42.689  -16.408 0.4000000060
31584  -32.930  -42.702  -15.870 0.4000000060
30635  -33.396  -43.486  -15.713 0.3000000119
141262  -29.983  -41.447  -16.719 0.5000000000
33533  -32.865  -40.147  -15.925 0.4000000060
33516  -33.470  -40.849  -15.373 0.3000000119
34599  -29.787  -38.964  -17.097 0.5000000000
33532  -32.154  -40.539  -16.548 0.4000000060
32534  -31.996  -41.365  -16.552 0.4000000060
32535  -32.665  -41.119  -15.998 0.4000000060
32521  -33.352  -41.835  -15.475 0.4000000060
141790  -34.036  -41.365  -14.979 0.3000000119
33529  -29.237  -40.506  -16.588 0.5000000000
136089  -30.509  -42.085  -16.686 0.5000000000
32533  -31.323  -41.665  -16.754 0.5000000000
33541  -30.377  -40.344  -17.081 0.5000000000
34592  -32.848  -39.269  -16.163 0.4000000060
150284  -33.244  -39.627  -15.719 0.4000000060
35532  -29.328  -38.136  -17.066 0.5000000000
33517  -34.362  -40.697  -14.898 0.3000000119
34589  -30.496  -39.637  -17.232 0.5000000000
34600  -31.235  -39.447  -17.303 0.5000000000
34591  -31.871  -39.249  -17.096 0.5000000000
33531  -31.469  -40.821  -16.881 0.5000000000
33542  -31.010  -40.245  -17.199 0.5000000000
35526  -33.218  -38.667  -15.995 0.4000000060
36549  -29.639  -37.493  -17.324 0.5000000000
36552  -31.801  -37.806  -17.361 0.5000000000
35513  -33.862  -38.520  -15.564 0.3000000119
34576  -34.348  -39.190  -15.175 0.3000000119
137894  -30.152  -38.113  -17.372 0.5000000000
36551  -30.988  -37.822  -17.577 0.5000000000
35533  -30.717  -38.783  -17.393 0.5000000000
17983  -31.248  -56.623  -10.675 0.6000000238
146193  -31.199  -57.434  -12.556 0.5000000000
18884  -30.954  -55.240  -7.980 0.6000000238
19929  -27.765  -55.222  -14.029 0.6000000238
22700  -27.762  -51.610  -12.421 0.6999999881
21868  -28.071  -53.166  -14.221 0.6000000238
22688  -26.708  -52.676  -12.491 0.6999999881
23607  -25.051  -50.957  -13.977 0.5000000000
20896  -26.326  -53.192  -14.015 0.6000000238
25618  -27.258  -48.731  -13.652 0.5000000000
25617  -26.150  -48.141  -13.895 0.5000000000
23592  -26.365  -50.941  -13.474 0.4000000060
22730  -28.634  -50.990  -14.974 0.5000000000
27793  -25.770  -46.270  -15.269 0.4000000060
25645  -25.823  -47.872  -15.291 0.5000000000
27769  -25.758  -46.490  -14.528 0.4000000060
28815  -30.228  -45.530  -16.154 0.4000000060
30650  -31.897  -43.368  -16.554 0.4000000060
35534  -31.479  -38.623  -17.366 0.5000000000
132402  -22.524  -63.631  -6.551 0.5000000000
11163  -24.395  -64.050  -6.895 0.5000000000
146341  -23.249  -63.454  -6.810 0.5000000000
11934  -25.829  -63.352  -10.091 0.5000000000
143478  -26.113  -64.389  -8.243 0.5000000000
11164  -25.221  -64.226  -7.156 0.4000000060
11900  -22.827  -62.850  -6.820 0.5000000000
11907  -24.793  -63.401  -7.687 0.6000000238
12669  -24.284  -62.778  -7.464 0.6000000238
11933  -25.758  -63.398  -9.359 0.5000000000
11918  -25.489  -63.387  -8.525 0.5000000000
12735  -26.312  -62.998  -11.620 0.4000000060
15205  -22.716  -59.859  -6.837 0.6999999881
15204  -22.279  -60.617  -6.589 0.6999999881
12660  -24.091  -61.892  -6.865 0.6999999881
12670  -25.214  -62.814  -7.863 0.5000000000
13503  -24.793  -62.187  -7.112 0.6999999881
143730  -26.166  -62.908  -10.201 0.5000000000
126455  -25.932  -62.979  -9.544 0.5000000000
12682  -25.695  -63.035  -8.824 0.5000000000
12737  -28.225  -62.348  -11.474 0.5000000000
12714  -26.564  -62.788  -10.848 0.5000000000
15239  -23.057  -59.339  -8.661 0.5000000000
129468  -21.966  -59.377  -7.980 0.6999999881
15224  -24.464  -59.425  -7.326 0.6999999881
15222  -21.920  -59.703  -7.214 0.6999999881
15207  -24.630  -59.796  -6.790 0.6999999881
13489  -23.580  -61.196  -6.557 0.6000000238
12672  -26.816  -62.245  -7.831 0.6999999881
13505  -26.463  -61.735  -7.123 0.6000000238
12701  -27.007  -62.634  -10.119 0.5000000000
12685  -27.848  -62.337  -9.512 0.6000000238
12684  -27.487  -62.284  -8.587 0.6000000238
12715  -27.793  -62.460  -10.607 0.5000000000
130456  -29.384  -62.004  -12.474 0.5000000000
15258  -25.072  -58.885  -9.220 0.5000000000
15240  -24.154  -59.233  -8.210 0.6999999881
14348  -24.021  -60.417  -6.565 0.6999999881
151035  -26.154  -59.844  -6.645 0.6999999881
16120  -26.300  -58.996  -6.871 0.6999999881
13490  -25.062  -61.284  -6.686 0.8000000119
13492  -26.930  -61.070  -6.733 0.6999999881
13520  -28.389  -61.729  -8.279 0.6000000238
13507  -28.196  -61.326  -7.438 0.6999999881
13550  -28.683  -61.990  -10.020 0.6999999881
13538  -28.628  -61.829  -9.135 0.6000000238
13569  -29.237  -61.882  -11.552 0.6000000238
13568  -28.728  -62.071  -10.834 0.6000000238
125696  -30.041  -61.593  -12.101 0.6000000238
129799  -25.050  -57.926  -9.493 0.5000000000
17061  -24.965  -57.878  -8.507 0.6000000238
16155  -25.155  -58.361  -9.765 0.5000000000
16145  -25.356  -58.067  -7.748 0.6000000238
16136  -25.243  -58.545  -7.925 0.6000000238
16137  -25.688  -58.715  -7.271 0.6999999881
16121  -27.048  -58.786  -6.635 0.6999999881
148852  -26.948  -58.164  -6.613 0.6000000238
14350  -26.492  -60.447  -6.601 0.6999999881
15210  -27.576  -59.583  -6.548 0.6999999881
13493  -27.759  -60.889  -6.847 0.6999999881
14387  -29.803  -61.062  -9.900 0.6999999881
13552  -30.082  -61.288  -11.264 0.6999999881
13551  -29.459  -61.526  -10.518 0.6999999881
135429  -24.246  -57.619  -7.932 0.5000000000
17030  -25.231  -57.465  -6.804 0.6000000238
17031  -26.072  -57.498  -6.553 0.6000000238
130873  -26.533  -58.167  -6.746 0.6000000238
14352  -27.972  -60.224  -6.641 0.8000000119
15212  -29.381  -59.081  -6.704 0.5000000000
133152  -28.268  -58.161  -6.484 0.6000000238
14371  -28.997  -61.042  -7.802 0.6999999881
15242  -30.174  -59.964  -8.009 0.6999999881
14388  -30.280  -60.561  -9.721 0.6999999881
15259  -30.811  -59.913  -9.540 0.6999999881
14433  -31.286  -60.592  -12.416 0.5000000000
14418  -31.160  -60.316  -11.623 0.6999999881
16197  -31.781  -59.351  -12.529 0.5000000000
128635  -23.469  -57.485  -7.880 0.5000000000
17922  -24.737  -56.594  -6.402 0.5000000000
18864  -25.210  -55.989  -5.900 0.6000000238
17902  -26.030  -56.171  -5.827 0.6000000238
17924  -26.403  -56.868  -6.165 0.6000000238
140644  -27.930  -55.300  -5.821 0.6000000238
127235  -27.081  -56.950  -6.182 0.6000000238
17904  -27.779  -55.972  -5.895 0.6000000238
16139  -30.811  -58.140  -7.577 0.6000000238
16124  -30.249  -57.960  -6.889 0.5000000000
17926  -28.441  -56.581  -6.261 0.5000000000
15244  -31.108  -58.677  -8.484 0.6000000238
15228  -30.544  -59.141  -7.786 0.6000000238
15279  -31.252  -59.552  -10.365 0.6000000238
15260  -31.229  -59.135  -9.379 0.6000000238
129889  -31.575  -58.373  -11.746 0.5000000000
17921  -23.778  -56.431  -6.654 0.5000000000
18841  -24.893  -55.135  -5.698 0.6000000238
18844  -27.168  -55.355  -5.686 0.6000000238
17036  -30.106  -57.287  -6.763 0.5000000000
146132  -29.736  -56.123  -6.598 0.5000000000
17062  -31.353  -57.640  -8.460 0.4000000060
17054  -31.055  -57.307  -7.713 0.5000000000
17945  -30.889  -56.643  -7.481 0.5000000000
126960  -31.495  -58.021  -10.859 0.6000000238
18862  -23.532  -55.464  -6.407 0.5000000000
19828  -24.062  -54.937  -5.945 0.6000000238
19804  -25.595  -54.393  -5.486 0.6000000238
19805  -26.423  -54.933  -5.555 0.6000000238
18911  -31.326  -55.953  -9.418 0.5000000000
18895  -31.291  -55.963  -8.513 0.4000000060
18861  -22.744  -54.989  -6.711 0.5000000000
19802  -23.788  -54.169  -6.006 0.5000000000
20754  -25.063  -53.517  -5.485 0.6000000238
20755  -27.738  -53.308  -5.714 0.6000000238
151144  -22.092  -54.919  -7.232 0.5000000000
19826  -23.075  -54.101  -6.527 0.5000000000
20753  -24.226  -53.479  -5.757 0.6000000238
132511  -26.913  -53.292  -5.484 0.6000000238
19845  -22.293  -54.025  -7.154 0.5000000000
20778  -22.800  -53.273  -6.854 0.5000000000
21744  -23.923  -52.617  -6.083 0.5000000000
21725  -25.388  -52.652  -5.490 0.6000000238
21726  -26.430  -52.402  -5.463 0.6000000238
21758  -22.693  -52.389  -7.261 0.5000000000
126342  -24.057  -51.859  -6.268 0.5000000000
140855  -22.007  -52.560  -7.860 0.5000000000
22621  -27.287  -51.271  -5.741 0.5000000000
22647  -23.830  -51.284  -6.803 0.5000000000
145138  -25.579  -51.614  -5.641 0.5000000000
22645  -22.297  -51.772  -7.942 0.5000000000
23531  -23.659  -50.761  -7.431 0.5000000000
22632  -25.346  -50.749  -6.158 0.5000000000
23511  -26.832  -50.845  -5.755 0.4000000060
23552  -23.124  -50.548  -8.142 0.5000000000
23532  -24.466  -50.543  -6.924 0.5000000000
24501  -26.155  -49.742  -6.472 0.4000000060
23518  -26.608  -50.297  -6.027 0.4000000060
23553  -23.921  -50.117  -7.803 0.4000000060
24513  -25.571  -49.328  -7.171 0.4000000060
24514  -26.440  -49.048  -6.916 0.4000000060
17077  -31.514  -57.449  -9.451 0.6000000238
17108  -31.363  -57.623  -11.809 0.5000000000
147195  -31.749  -58.663  -12.558 0.4000000060
17927  -29.475  -56.845  -6.534 0.6000000238
24502  -27.016  -49.678  -6.391 0.4000000060
142323  -24.332  -61.036  -6.555 0.6999999881
14361  -28.647  -60.526  -7.015 0.6999999881
142429  -29.771  -60.892  -9.169 0.6999999881
14372  -29.676  -60.648  -8.309 0.6999999881
16123  -29.097  -58.297  -6.521 0.6000000238
17033  -27.763  -57.367  -6.343 0.6000000238
14401  -31.091  -60.109  -10.945 0.6999999881
15227  -29.876  -59.554  -7.267 0.6999999881
15243  -30.736  -59.537  -8.652 0.6999999881
16182  -31.576  -58.926  -11.014 0.6000000238
137257  -31.645  -59.138  -11.860 0.6000000238
11165  -26.098  -64.739  -7.344 0.5000000000
11177  -25.449  -63.923  -8.103 0.4000000060
11191  -25.725  -63.874  -8.916 0.5000000000
11192  -25.898  -63.919  -9.686 0.5000000000
11905  -23.576  -62.763  -7.145 0.5000000000
11906  -23.939  -63.355  -7.254 0.6000000238
11944  -25.992  -63.224  -10.860 0.5000000000
12659  -23.176  -62.030  -6.805 0.6999999881
12671  -25.945  -62.658  -8.218 0.5000000000
12683  -26.378  -62.672  -8.749 0.5000000000
12736  -27.172  -62.649  -11.523 0.5000000000
13488  -22.726  -61.305  -6.558 0.6000000238
13491  -26.054  -61.170  -6.726 0.8000000119
13504  -25.564  -61.933  -7.096 0.6000000238
13506  -27.358  -61.576  -7.225 0.6999999881
13519  -27.710  -61.904  -7.813 0.6000000238
13521  -29.172  -61.298  -8.679 0.6999999881
13539  -29.282  -61.443  -9.567 0.6999999881
13570  -30.658  -60.972  -11.896 0.5000000000
14347  -23.146  -60.483  -6.571 0.6999999881
14349  -24.867  -60.418  -6.596 0.6999999881
14351  -27.266  -60.343  -6.595 0.6999999881
14362  -29.472  -60.299  -7.505 0.6999999881
14373  -30.287  -60.281  -8.873 0.6999999881
14400  -30.660  -60.631  -11.105 0.6999999881
15206  -23.703  -59.853  -6.786 0.6999999881
15208  -25.546  -59.651  -6.793 0.6999999881
15209  -26.791  -59.657  -6.588 0.6999999881
15211  -28.509  -59.598  -6.605 0.8000000119
15223  -22.842  -59.450  -7.572 0.6999999881
15225  -25.261  -59.176  -7.388 0.6999999881
15226  -29.234  -59.866  -6.917 0.6999999881
15241  -25.117  -58.947  -8.247 0.6999999881
15277  -24.913  -58.787  -9.980 0.5000000000
15278  -30.752  -60.291  -10.361 0.6999999881
15298  -31.398  -59.661  -11.310 0.6000000238
15313  -31.553  -59.856  -12.108 0.5000000000
16122  -27.900  -58.848  -6.508 0.6999999881
16138  -30.180  -58.753  -7.050 0.6000000238
16144  -25.267  -58.314  -8.845 0.6000000238
16156  -31.433  -58.287  -9.284 0.6000000238
16168  -31.496  -58.677  -10.120 0.6000000238
17029  -24.389  -57.122  -6.822 0.5000000000
17032  -26.861  -57.599  -6.443 0.6000000238
17034  -28.782  -57.501  -6.438 0.6000000238
17035  -29.609  -57.725  -6.612 0.5000000000
17051  -23.730  -57.220  -7.251 0.5000000000
17052  -24.699  -57.620  -7.444 0.6000000238
17053  -30.602  -57.321  -7.170 0.5000000000
17076  -25.063  -58.014  -10.146 0.5000000000
17093  -31.434  -57.324  -10.319 0.6999999881
17126  -31.528  -57.965  -12.553 0.5000000000
17903  -26.912  -56.243  -5.867 0.6000000238
17920  -22.934  -55.955  -6.815 0.5000000000
17923  -25.597  -56.765  -6.241 0.6000000238
17925  -27.582  -56.622  -6.119 0.6000000238
17946  -31.288  -56.732  -8.115 0.5000000000
17954  -31.480  -56.738  -8.935 0.5000000000
17997  -30.492  -56.329  -12.088 0.6000000238
18015  -30.200  -56.619  -12.991 0.5000000000
18016  -30.751  -57.070  -13.142 0.5000000000
18030  -30.122  -56.617  -13.732 0.5000000000
18031  -30.897  -56.931  -13.923 0.4000000060
18842  -25.755  -55.394  -5.638 0.6000000238
18843  -26.445  -55.628  -5.677 0.6000000238
18863  -24.354  -55.755  -6.144 0.5000000000
18865  -28.604  -55.614  -6.146 0.6000000238
18867  -30.125  -55.561  -6.856 0.5000000000
18883  -22.287  -55.662  -7.180 0.5000000000
18885  -31.100  -56.078  -7.857 0.5000000000
18923  -30.894  -55.922  -11.079 0.6000000238
18924  -31.231  -56.072  -10.214 0.6000000238
18939  -29.367  -55.502  -12.636 0.6000000238
18956  -28.930  -56.009  -13.538 0.6000000238
18973  -28.333  -55.690  -14.148 0.6000000238
18974  -28.914  -56.065  -14.239 0.5000000000
19803  -24.581  -54.282  -5.642 0.5000000000
19806  -27.354  -54.007  -5.559 0.6999999881
19827  -23.436  -54.733  -6.307 0.5000000000
19829  -28.840  -54.168  -6.227 0.6999999881
19831  -30.061  -54.761  -7.041 0.6000000238
19904  -29.791  -54.727  -11.602 0.6000000238
19917  -27.446  -53.981  -12.818 0.6000000238
19928  -27.318  -54.393  -13.707 0.6000000238
19930  -29.175  -54.680  -14.264 0.4000000060
19945  -27.375  -54.412  -14.072 0.6000000238
20779  -23.492  -53.388  -6.298 0.5000000000
20857  -26.598  -53.038  -12.522 0.6000000238
20859  -27.475  -53.095  -11.382 0.6000000238
20880  -26.377  -53.187  -13.429 0.6000000238
20897  -26.828  -53.687  -14.157 0.6000000238
20898  -27.826  -54.340  -14.316 0.6000000238
21724  -24.643  -52.877  -5.631 0.6000000238
21727  -27.360  -52.553  -5.618 0.6000000238
21743  -23.246  -52.724  -6.645 0.5000000000
21746  -28.307  -51.948  -6.299 0.6000000238
21747  -28.626  -52.715  -6.535 0.6999999881
21760  -29.161  -52.122  -7.544 0.6000000238
21785  -21.591  -51.972  -8.283 0.5000000000
21806  -29.342  -52.534  -9.112 0.6000000238
21816  -28.886  -52.808  -10.017 0.6000000238
21838  -25.768  -52.142  -13.630 0.6000000238
21865  -25.480  -51.720  -14.156 0.6000000238
22619  -24.667  -52.136  -5.756 0.5000000000
22620  -26.584  -51.453  -5.601 0.4000000060
22631  -23.420  -52.012  -6.719 0.5000000000
22633  -27.979  -51.221  -6.121 0.6000000238
22646  -23.063  -51.396  -7.498 0.5000000000
22665  -22.560  -51.103  -8.202 0.5000000000
22666  -29.860  -51.275  -8.415 0.5000000000
22676  -29.668  -51.784  -9.000 0.6000000238
22697  -25.773  -51.514  -13.617 0.6000000238
22698  -26.278  -52.242  -13.172 0.6000000238
22716  -25.188  -51.334  -13.989 0.5000000000
22719  -29.532  -51.412  -13.948 0.3000000119
23510  -26.166  -50.848  -5.784 0.4000000060
23516  -25.360  -50.044  -6.684 0.4000000060
23517  -25.936  -50.315  -6.150 0.4000000060
23519  -27.442  -50.492  -6.084 0.5000000000
23533  -29.084  -50.748  -7.165 0.6000000238
23594  -28.489  -50.884  -12.581 0.6000000238
23629  -25.447  -50.732  -14.512 0.5000000000
24512  -24.736  -49.715  -7.470 0.4000000060
24515  -27.395  -48.982  -6.868 0.4000000060
24585  -26.119  -50.037  -13.661 0.4000000060
24619  -26.769  -49.450  -15.352 0.5000000000
25549  -29.302  -48.844  -7.543 0.4000000060
25616  -25.887  -49.099  -13.753 0.4000000060
25635  -25.162  -48.379  -14.819 0.4000000060
25646  -26.731  -48.507  -15.411 0.5000000000
25648  -29.313  -48.461  -15.613 0.5000000000
26738  -25.279  -47.043  -15.009 0.4000000060
26753  -25.491  -47.031  -15.195 0.4000000060
26754  -26.275  -46.981  -15.378 0.4000000060
27784  -25.457  -46.344  -15.063 0.4000000060
27786  -29.246  -46.932  -15.666 0.5000000000
27787  -30.032  -47.113  -15.906 0.5000000000
27795  -27.798  -46.112  -15.536 0.5000000000
28817  -32.162  -44.672  -16.523 0.3000000119
29718  -26.357  -44.779  -15.430 0.4000000060
29721  -30.736  -44.708  -16.447 0.4000000060
30648  -29.492  -44.038  -16.161 0.4000000060
31579  -29.094  -42.619  -16.182 0.4000000060
32542  -30.668  -41.061  -16.939 0.5000000000
33530  -29.879  -40.769  -16.828 0.5000000000
34575  -33.525  -39.187  -15.602 0.4000000060
34588  -29.695  -39.943  -16.908 0.5000000000
34590  -31.667  -40.012  -16.989 0.5000000000
36550  -30.325  -37.440  -17.517 0.5000000000
125811  -28.344  -55.030  -14.366 0.5000000000
128168  -30.709  -55.857  -7.357 0.6000000238
128235  -29.145  -56.145  -6.400 0.5000000000
128782  -30.645  -48.250  -15.772 0.3000000119
129574  -25.189  -49.064  -14.841 0.5000000000
129662  -24.619  -51.330  -6.204 0.5000000000
131647  -25.358  -50.542  -13.817 0.4000000060
132721  -25.497  -47.091  -14.624 0.4000000060
133339  -33.784  -39.937  -15.275 0.3000000119
133746  -27.441  -58.146  -6.536 0.6000000238
134272  -27.101  -51.890  -5.571 0.5000000000
134519  -32.472  -41.967  -16.169 0.4000000060
135587  -25.137  -49.183  -14.106 0.4000000060
136578  -26.549  -54.105  -5.457 0.6000000238
137420  -30.186  -60.903  -10.483 0.6999999881
137552  -28.699  -49.976  -6.876 0.6000000238
137921  -29.392  -48.888  -13.331 0.4000000060
138777  -26.767  -62.652  -9.454 0.5000000000
138983  -25.920  -58.133  -7.015 0.6000000238
139697  -25.987  -53.396  -5.402 0.6000000238
139801  -22.280  -53.124  -7.412 0.5000000000
140038  -27.694  -48.969  -15.472 0.5000000000
140179  -25.118  -49.182  -14.371 0.4000000060
140333  -29.677  -55.026  -6.681 0.6000000238
141855  -25.696  -60.468  -6.606 0.6999999881
142787  -29.744  -58.387  -6.712 0.5000000000
142946  -31.545  -44.916  -16.529 0.3000000119
143207  -28.647  -58.814  -6.517 0.6000000238
144339  -25.937  -51.562  -14.584 0.5000000000
144532  -26.536  -52.098  -14.687 0.6000000238
145575  -21.887  -60.148  -6.783 0.6999999881
146242  -30.498  -55.164  -7.356 0.6000000238
146554  -25.275  -51.238  -14.206 0.5000000000
147025  -30.164  -44.159  -16.368 0.4000000060
147080  -28.429  -42.505  -15.929 0.4000000060
147382  -27.680  -54.698  -5.695 0.6999999881
147664  -23.530  -59.546  -7.209 0.6999999881
147780  -27.030  -54.636  -5.560 0.6999999881
147973  -25.979  -62.320  -7.619 0.6999999881
148286  -26.778  -51.540  -14.956 0.6000000238
149549  -31.872  -42.056  -16.550 0.4000000060
149618  -28.143  -62.084  -8.846 0.6000000238
149636  -29.505  -50.383  -14.993 0.4000000060
150943  -27.109  -44.684  -15.534 0.4000000060
151330  -30.999  -56.581  -11.454 0.6000000238
