#!ascii label  , from subject sub-v1s11x0050171_ses-1 vox2ras=TkReg
868
58036  -24.834  -17.767  -16.946 0.4285714328
58052  -25.100  -17.022  -18.271 0.2857142985
58045  -25.352  -17.254  -17.466 0.4285714328
59158  -25.847  -16.707  -17.937 0.4285714328
59160  -27.427  -16.279  -17.476 0.4285714328
59164  -25.595  -16.463  -18.702 0.2857142985
59165  -26.336  -16.218  -18.347 0.4285714328
60346  -27.460  -15.411  -18.270 0.4285714328
60352  -26.111  -15.351  -19.351 0.4285714328
61540  -26.604  -14.676  -19.411 0.4285714328
61550  -26.294  -14.249  -20.148 0.4285714328
62755  -26.587  -13.552  -20.455 0.4285714328
144500  -25.529  -13.478  -22.385 0.5714285970
62766  -25.773  -13.651  -21.672 0.5714285970
62767  -26.343  -13.217  -21.220 0.4285714328
63888  -27.203  -12.216  -21.129 0.2857142985
62781  -26.114  -12.723  -22.134 0.7142857313
64977  -26.798  -11.973  -21.820 0.7142857313
124739  -27.047  -11.154  -22.363 0.7142857313
129109  -27.800  -10.768  -21.882 0.4285714328
64978  -27.466  -11.503  -21.526 0.5714285970
142266  -27.915  -9.773  -22.751 0.5714285970
124751  -26.489  -11.359  -23.169 0.5714285970
124745  -27.576  -10.352  -22.605 0.5714285970
125188  -27.483  -9.908  -23.296 0.5714285970
125771  -28.353  -9.478  -22.575 0.5714285970
125205  -26.998  -10.605  -23.235 0.5714285970
68419  -27.907  -8.811  -23.927 0.5714285970
68433  -28.368  -8.043  -24.046 0.5714285970
124733  -26.674  -9.590  -24.587 0.7142857313
68432  -27.625  -8.426  -24.530 0.7142857313
69473  -28.026  -7.745  -24.874 0.7142857313
69462  -28.956  -7.424  -23.743 0.5714285970
67279  -27.307  -9.026  -24.348 0.5714285970
124731  -25.700  -10.750  -25.610 0.5714285970
68441  -27.232  -8.124  -25.221 0.8571428657
69474  -28.657  -7.279  -24.517 0.7142857313
132271  -29.125  -6.762  -24.181 0.5714285970
68448  -26.505  -8.658  -25.695 0.7142857313
67294  -25.922  -9.353  -26.279 0.5714285970
70545  -28.561  -6.316  -25.663 0.7142857313
146596  -29.237  -6.229  -24.555 0.5714285970
69483  -28.403  -7.081  -25.292 0.7142857313
71697  -28.811  -5.535  -25.773 0.5714285970
69482  -27.741  -7.515  -25.635 0.7142857313
71689  -29.090  -5.293  -25.256 0.5714285970
68449  -27.050  -8.000  -26.048 0.5714285970
69491  -27.425  -7.260  -26.355 0.7142857313
145214  -28.203  -6.362  -26.171 0.7142857313
71706  -28.306  -5.038  -27.029 0.7142857313
129821  -28.717  -5.128  -26.364 0.7142857313
145155  -27.400  -6.175  -27.406 0.7142857313
143799  -27.906  -5.762  -27.029 0.7142857313
73862  -28.421  -4.109  -27.147 0.7142857313
72826  -28.772  -4.469  -26.593 0.5714285970
71725  -27.622  -5.374  -27.612 0.7142857313
69498  -26.546  -7.517  -27.602 0.5714285970
73861  -28.022  -3.538  -27.707 0.5714285970
74872  -28.243  -2.546  -27.760 0.5714285970
71724  -27.100  -5.887  -28.130 0.8571428657
73871  -27.547  -3.019  -28.259 0.7142857313
72848  -27.138  -4.921  -28.353 0.8571428657
130898  -27.354  -3.921  -28.293 0.7142857313
75906  -27.133  -1.783  -28.490 0.8571428657
74886  -27.659  -2.208  -28.241 0.5714285970
129682  -26.823  -3.382  -28.737 0.8571428657
147660  -26.717  -4.257  -28.880 0.8571428657
75918  -25.974  -0.973  -28.953 0.8571428657
76961  -26.049  0.000  -28.909 0.8571428657
77954  -25.423  0.653  -29.268 0.8571428657
74885  -26.963  -2.526  -28.600 0.8571428657
76959  -24.466  -0.341  -29.772 1.0000000000
76960  -25.282  -0.226  -29.338 1.0000000000
149581  -25.744  -1.563  -29.187 0.8571428657
77953  -24.712  0.456  -29.654 1.0000000000
75917  -25.088  -1.198  -29.461 1.0000000000
79092  -24.331  0.991  -29.996 1.0000000000
79099  -23.093  1.672  -30.838 0.7142857313
77965  -24.067  0.384  -30.174 1.0000000000
80217  -24.284  1.656  -29.984 1.0000000000
83226  -23.319  5.375  -31.097 1.0000000000
83233  -22.770  4.998  -32.138 0.8571428657
133347  -22.632  5.926  -32.559 0.8571428657
144686  -21.638  8.653  -33.943 0.8571428657
85128  -22.151  7.263  -33.304 0.8571428657
87054  -20.461  9.443  -35.262 0.8571428657
135905  -21.291  10.051  -34.444 0.8571428657
88066  -19.745  9.873  -36.038 0.7142857313
86059  -20.407  8.410  -35.444 0.5714285970
87062  -18.602  9.427  -36.524 0.7142857313
88065  -18.984  10.461  -36.514 0.5714285970
87061  -17.786  9.274  -36.036 0.5714285970
86070  -18.549  8.630  -36.272 0.5714285970
87053  -17.804  9.381  -35.224 0.4285714328
129811  -17.434  10.917  -35.368 0.4285714328
89049  -17.029  11.312  -36.283 0.4285714328
88054  -19.706  10.657  -33.489 0.2857142985
89020  -20.644  10.959  -33.080 0.2857142985
88053  -18.613  10.383  -34.028 0.2857142985
125250  -27.440  -9.468  -23.923 0.5714285970
140327  -28.916  -6.616  -24.911 0.5714285970
72838  -27.788  -4.469  -27.672 0.7142857313
148601  -26.705  -1.285  -28.643 0.8571428657
147630  -26.722  -0.591  -28.609 0.8571428657
81258  -23.582  2.953  -30.468 0.8571428657
129126  -22.652  11.937  -31.165 0.1428571492
59173  -25.372  -16.059  -19.535 0.2857142985
60344  -26.012  -15.936  -18.913 0.2857142985
150519  -26.612  -15.134  -19.034 0.4285714328
61541  -27.244  -14.314  -19.027 0.4285714328
60358  -25.518  -15.302  -20.107 0.2857142985
62754  -25.988  -13.921  -20.871 0.4285714328
62745  -27.483  -13.627  -19.305 0.4285714328
61561  -25.418  -14.381  -21.304 0.5714285970
142164  -25.474  -12.990  -23.083 0.2857142985
125085  -25.960  -12.126  -23.065 0.7142857313
142176  -26.485  -10.904  -23.973 0.5714285970
68409  -29.234  -8.264  -22.616 0.4285714328
142267  -26.253  -10.399  -24.669 0.7142857313
67271  -28.032  -9.246  -23.227 0.7142857313
68420  -28.447  -8.566  -23.373 0.5714285970
144949  -28.863  -8.047  -23.303 0.4285714328
66171  -25.767  -10.106  -26.083 0.5714285970
67286  -26.101  -9.361  -25.392 0.5714285970
72816  -29.072  -4.748  -25.862 0.5714285970
140172  -26.297  -8.555  -26.492 0.5714285970
128080  -29.081  -5.949  -25.141 0.5714285970
70556  -27.769  -6.444  -26.625 0.7142857313
70544  -28.067  -6.856  -25.977 0.7142857313
69490  -26.686  -7.744  -26.763 0.8571428657
73886  -26.222  -2.804  -29.091 1.0000000000
79083  -24.846  1.227  -29.589 1.0000000000
75916  -24.163  -1.158  -30.016 1.0000000000
79091  -23.660  1.157  -30.438 0.8571428657
80224  -22.920  2.439  -31.064 0.7142857313
129917  -23.548  3.883  -30.510 1.0000000000
82256  -22.978  4.386  -31.157 0.7142857313
142573  -22.677  2.892  -31.857 0.7142857313
86050  -21.826  7.963  -33.666 0.8571428657
85116  -22.801  7.382  -32.663 1.0000000000
84191  -23.071  6.722  -32.312 1.0000000000
88052  -17.759  10.184  -34.908 0.7142857313
86071  -19.384  8.084  -35.824 0.5714285970
86082  -17.957  9.241  -36.538 0.7142857313
137877  -17.822  10.244  -36.785 0.7142857313
86058  -18.099  8.492  -35.274 0.4285714328
89027  -19.000  11.160  -34.017 0.2857142985
144935  -18.088  10.832  -34.561 0.4285714328
89034  -17.384  11.634  -35.558 0.4285714328
125246  -26.061  -11.723  -23.949 0.4285714328
89028  -20.095  11.487  -33.570 0.2857142985
58046  -26.127  -17.004  -17.215 0.4285714328
58044  -24.579  -17.519  -17.748 0.2857142985
59159  -26.645  -16.493  -17.691 0.4285714328
59172  -24.842  -16.811  -19.118 0.2857142985
60345  -26.656  -15.555  -18.639 0.4285714328
61539  -26.039  -14.837  -19.911 0.4285714328
62744  -26.893  -13.928  -19.717 0.4285714328
61549  -25.696  -14.614  -20.531 0.4285714328
61570  -25.219  -14.159  -22.130 0.4285714328
63887  -26.667  -12.591  -21.409 0.4285714328
124736  -26.955  -10.164  -23.982 0.5714285970
68408  -28.705  -8.886  -22.690 0.4285714328
68421  -29.293  -7.540  -22.974 0.5714285970
135602  -25.949  -9.998  -25.226 0.7142857313
68431  -26.789  -8.789  -24.851 0.7142857313
71707  -28.349  -5.801  -26.393 0.7142857313
70555  -27.052  -6.931  -27.067 0.8571428657
70567  -26.892  -6.711  -27.889 0.8571428657
74900  -26.327  -1.887  -28.885 0.8571428657
87055  -21.156  8.995  -34.578 0.8571428657
87063  -19.491  8.903  -36.030 0.7142857313
86069  -18.144  8.559  -36.047 0.5714285970
86048  -18.345  8.804  -34.442 0.4285714328
87044  -18.368  9.596  -34.255 0.4285714328
88064  -17.339  10.244  -35.937 0.4285714328
145553  -20.856  10.663  -32.533 0.2857142985
89021  -21.224  11.248  -32.612 0.2857142985
89012  -22.134  11.612  -31.718 0.1428571492
124730  -25.596  -12.499  -23.832 0.2857142985
81265  -22.870  3.396  -31.082 1.0000000000
134529  -17.697  9.983  -36.451 0.5714285970
91958  -19.014  14.538  -35.282 0.2857142985
91947  -19.611  14.673  -34.564 0.1428571492
90949  -18.227  12.918  -35.451 0.2857142985
91957  -18.223  14.180  -36.123 0.2857142985
90951  -20.047  13.884  -34.483 0.1428571492
93021  -19.093  15.566  -33.784 0.1428571492
89963  -19.437  12.012  -34.135 0.1428571492
89972  -18.885  12.514  -34.782 0.2857142985
89973  -19.972  12.936  -34.392 0.1428571492
90969  -17.434  13.057  -37.077 0.2857142985
90961  -17.612  13.146  -36.359 0.2857142985
140326  -21.469  12.713  -36.901 0.2857142985
89994  -18.849  12.779  -37.068 0.2857142985
91941  -20.129  14.672  -33.705 0.1428571492
89050  -19.670  11.544  -36.171 0.2857142985
90960  -17.000  12.354  -36.749 0.2857142985
89982  -17.139  12.205  -36.123 0.2857142985
89053  -22.315  12.145  -35.421 0.1428571492
89984  -20.417  12.263  -36.076 0.2857142985
129543  -17.766  12.060  -37.060 0.2857142985
89058  -17.322  11.300  -36.904 0.2857142985
89981  -16.882  11.876  -36.696 0.2857142985
88067  -24.744  10.999  -35.548 0.1428571492
89054  -23.317  11.955  -35.339 0.1428571492
89985  -21.408  12.245  -35.694 0.4285714328
89059  -18.304  11.239  -36.814 0.2857142985
87039  -23.699  9.484  -32.899 0.2857142985
89037  -21.517  11.059  -34.545 0.4285714328
89051  -20.163  10.974  -35.652 0.2857142985
88072  -17.343  10.845  -36.592 0.2857142985
86044  -25.254  9.532  -32.645 0.1428571492
88060  -23.239  11.056  -33.956 0.2857142985
89036  -20.941  11.290  -35.005 0.4285714328
88056  -22.753  10.295  -33.566 0.5714285970
88059  -20.659  10.493  -35.037 0.7142857313
85108  -25.063  8.033  -31.664 0.1428571492
86037  -24.640  8.607  -32.266 0.1428571492
86042  -23.015  8.833  -32.817 0.4285714328
85103  -25.881  7.455  -30.683 0.2857142985
129362  -24.552  7.306  -31.257 0.7142857313
87046  -21.928  9.609  -33.725 0.7142857313
131386  -23.195  6.072  -31.762 0.8571428657
150533  -23.902  8.156  -32.260 0.8571428657
143002  -26.144  6.152  -29.638 0.2857142985
84178  -25.951  6.715  -30.205 0.2857142985
144462  -23.234  8.132  -32.514 0.7142857313
85127  -21.560  7.104  -34.122 0.5714285970
86051  -22.490  8.069  -32.971 0.8571428657
148985  -26.354  5.683  -29.165 0.1428571492
84184  -23.976  6.336  -30.926 0.7142857313
82245  -26.164  4.999  -28.721 0.1428571492
74910  -23.574  -2.784  -30.893 0.5714285970
76969  -23.783  -0.366  -30.364 0.8571428657
75926  -23.391  -1.150  -30.670 0.4285714328
132466  -23.363  0.326  -30.651 0.5714285970
81259  -24.263  3.515  -29.879 0.8571428657
144794  -25.733  4.096  -28.662 0.2857142985
135042  -24.302  5.025  -30.143 0.8571428657
134064  -27.022  3.961  -28.150 0.4285714328
83212  -24.895  5.319  -29.636 0.7142857313
83219  -24.573  5.870  -30.256 0.7142857313
73922  -23.355  -3.824  -31.222 0.2857142985
136390  -23.880  -1.952  -30.380 0.5714285970
142340  -23.250  -1.981  -30.838 0.5714285970
134391  -24.259  2.493  -29.932 0.8571428657
82251  -24.075  4.316  -30.140 0.8571428657
81249  -25.534  3.150  -28.802 0.4285714328
129674  -24.970  3.786  -29.154 0.8571428657
82243  -24.568  4.455  -29.628 0.8571428657
80209  -26.182  2.575  -28.529 0.4285714328
69514  -25.240  -7.546  -29.547 0.7142857313
70604  -24.147  -6.621  -30.956 0.4285714328
70580  -25.940  -6.958  -29.009 0.7142857313
71751  -25.652  -5.232  -29.861 0.8571428657
72880  -24.945  -5.051  -30.348 0.5714285970
145919  -24.074  -4.158  -30.914 0.5714285970
72897  -23.542  -4.691  -31.250 0.4285714328
72863  -25.501  -4.429  -29.810 0.8571428657
73903  -24.724  -4.131  -30.289 0.5714285970
74899  -25.512  -2.167  -29.396 0.8571428657
148693  -24.939  -2.639  -29.744 0.7142857313
74911  -24.357  -2.677  -30.255 0.5714285970
77955  -26.104  0.867  -28.826 0.7142857313
80208  -25.480  2.269  -29.004 0.7142857313
81248  -24.885  2.843  -29.385 0.8571428657
79073  -27.542  1.363  -27.918 0.2857142985
79072  -26.812  1.098  -28.395 0.4285714328
79085  -26.137  1.704  -28.693 0.5714285970
68457  -26.124  -8.357  -27.281 0.4285714328
68466  -25.340  -8.643  -28.486 0.4285714328
148956  -24.888  -7.837  -30.088 0.4285714328
151267  -26.585  -4.956  -28.965 0.7142857313
71752  -26.181  -5.401  -29.344 0.7142857313
73885  -25.495  -3.064  -29.542 0.8571428657
77942  -27.496  0.471  -28.161 0.2857142985
77941  -26.776  0.241  -28.532 0.5714285970
67301  -25.773  -9.235  -27.037 0.4285714328
67308  -25.023  -9.623  -28.324 0.5714285970
68467  -26.102  -8.151  -28.096 0.5714285970
69506  -25.665  -7.776  -28.718 0.5714285970
71740  -26.630  -5.617  -28.755 0.7142857313
75908  -28.114  -1.738  -27.941 0.4285714328
140212  -27.978  -0.985  -28.032 0.4285714328
76952  -28.139  -0.112  -27.927 0.4285714328
76951  -27.439  -0.364  -28.305 0.4285714328
147294  -25.268  -11.347  -26.204 0.5714285970
70520  -29.426  -6.158  -23.862 0.4285714328
74863  -29.122  -2.393  -26.701 0.4285714328
149514  -28.759  -3.908  -26.754 0.4285714328
74873  -28.588  -1.790  -27.540 0.4285714328
63865  -27.729  -12.880  -19.595 0.1428571492
72817  -29.288  -4.135  -25.519 0.4285714328
73836  -29.119  -3.854  -26.272 0.4285714328
73850  -29.195  -3.049  -26.324 0.4285714328
63879  -27.955  -12.093  -19.955 0.1428571492
64972  -28.250  -11.363  -20.372 0.1428571492
124748  -29.216  -9.443  -21.461 0.2857142985
71669  -30.303  -5.822  -22.091 0.2857142985
72795  -30.204  -4.081  -22.580 0.2857142985
72801  -29.983  -5.055  -22.530 0.2857142985
73813  -29.901  -3.686  -23.155 0.2857142985
71678  -29.550  -5.321  -23.498 0.2857142985
70522  -29.710  -6.096  -22.846 0.2857142985
73822  -29.613  -3.807  -23.877 0.2857142985
73827  -29.409  -3.964  -24.764 0.4285714328
63880  -28.460  -11.692  -19.505 0.1428571492
63877  -26.874  -12.851  -20.749 0.1428571492
125197  -28.637  -10.602  -20.828 0.2857142985
124756  -29.017  -9.930  -20.939 0.2857142985
144101  -30.212  -7.741  -19.783 0.2857142985
125098  -30.376  -6.911  -21.139 0.2857142985
69440  -30.235  -7.073  -21.945 0.2857142985
125200  -29.669  -8.290  -21.959 0.2857142985
70505  -30.400  -6.360  -21.614 0.2857142985
64964  -28.974  -11.327  -19.025 0.1428571492
125063  -29.840  -8.829  -19.405 0.2857142985
129784  -29.174  -10.677  -19.333 0.2857142985
142199  -29.643  -8.770  -20.224 0.2857142985
125042  -28.143  -11.159  -21.213 0.2857142985
60336  -27.096  -15.980  -18.049 0.2857142985
62731  -27.746  -14.036  -18.730 0.1428571492
62746  -28.081  -13.377  -18.754 0.1428571492
58022  -25.790  -17.679  -15.917 0.2857142985
56951  -25.060  -17.954  -16.153 0.2857142985
56950  -24.303  -18.292  -16.400 0.2857142985
61531  -27.773  -14.726  -18.440 0.2857142985
58023  -26.510  -17.450  -15.625 0.1428571492
56937  -24.579  -18.454  -15.602 0.2857142985
55884  -24.187  -18.909  -15.110 0.1428571492
64973  -28.667  -10.906  -19.837 0.1428571492
125090  -29.540  -10.178  -19.171 0.2857142985
147738  -29.916  -8.309  -19.823 0.2857142985
70497  -30.523  -6.131  -20.768 0.2857142985
125226  -30.036  -7.740  -21.403 0.2857142985
143792  -30.413  -5.145  -21.803 0.2857142985
70521  -29.373  -6.844  -23.366 0.4285714328
135160  -29.329  -5.507  -24.519 0.4285714328
72800  -29.694  -4.430  -23.253 0.2857142985
137952  -29.550  -3.153  -24.479 0.2857142985
70605  -25.084  -6.037  -30.334 0.7142857313
142770  -29.370  -3.297  -25.494 0.4285714328
73884  -24.807  -3.281  -29.975 0.5714285970
74862  -28.743  -3.221  -27.026 0.4285714328
75907  -27.678  -1.582  -28.233 0.4285714328
77943  -28.242  0.775  -27.739 0.2857142985
84190  -22.440  6.614  -32.930 0.7142857313
86060  -21.210  7.877  -34.737 0.5714285970
138714  -22.262  8.776  -33.355 0.7142857313
80194  -26.869  1.999  -28.203 0.2857142985
83220  -25.354  6.090  -29.898 0.5714285970
87040  -24.401  9.321  -32.639 0.4285714328
87047  -23.649  10.271  -33.421 0.4285714328
91928  -20.834  14.192  -32.982 0.1428571492
133559  -17.613  12.913  -37.207 0.2857142985
58038  -26.345  -17.242  -16.457 0.1428571492
59161  -28.185  -16.076  -17.242 0.1428571492
62732  -28.260  -14.188  -18.316 0.1428571492
61530  -27.046  -14.955  -18.760 0.2857142985
63866  -28.248  -12.484  -19.133 0.1428571492
63868  -29.069  -11.668  -18.107 0.1428571492
64965  -29.341  -10.845  -18.463 0.1428571492
124755  -28.763  -10.029  -21.529 0.2857142985
142216  -29.354  -9.411  -20.640 0.2857142985
124759  -29.933  -8.088  -20.509 0.2857142985
125133  -30.644  -6.034  -19.707 0.2857142985
125179  -29.307  -8.890  -22.051 0.2857142985
139837  -30.508  -5.574  -21.311 0.2857142985
68456  -25.684  -9.029  -27.809 0.5714285970
69439  -29.769  -7.682  -22.285 0.2857142985
67330  -23.824  -8.943  -29.900 0.2857142985
74831  -29.903  -2.972  -23.568 0.2857142985
138117  -29.753  -2.471  -24.229 0.2857142985
70591  -25.537  -6.623  -29.721 0.7142857313
70592  -26.121  -6.143  -29.191 0.5714285970
70616  -23.403  -6.113  -31.379 0.4285714328
74838  -29.592  -2.449  -25.015 0.4285714328
73921  -22.885  -3.202  -31.417 0.2857142985
74850  -29.438  -2.413  -25.924 0.2857142985
74923  -22.826  -2.449  -31.330 0.2857142985
75880  -29.451  -1.582  -26.336 0.1428571492
75890  -28.862  -1.115  -27.357 0.4285714328
148671  -28.417  -1.256  -27.695 0.4285714328
76931  -29.210  -0.365  -27.263 0.1428571492
76930  -28.913  0.253  -27.503 0.1428571492
82244  -25.237  4.748  -29.015 0.7142857313
84183  -23.773  6.947  -31.753 0.8571428657
82234  -27.057  4.803  -28.532 0.2857142985
132427  -26.989  5.513  -28.975 0.1428571492
84172  -25.654  5.538  -29.265 0.4285714328
151588  -26.439  4.279  -28.464 0.4285714328
85118  -24.261  7.759  -31.913 0.5714285970
85102  -25.298  7.646  -31.001 0.1428571492
86038  -25.592  8.660  -32.155 0.1428571492
90942  -20.564  13.530  -33.746 0.1428571492
86043  -23.818  8.770  -32.540 0.5714285970
87048  -24.487  9.974  -33.013 0.1428571492
89052  -21.613  11.793  -35.020 0.2857142985
89038  -22.558  11.603  -34.610 0.2857142985
130315  -24.031  10.836  -33.964 0.2857142985
88057  -24.575  10.489  -33.711 0.1428571492
88061  -24.641  10.911  -34.569 0.1428571492
89055  -24.151  11.549  -35.019 0.1428571492
89996  -21.054  12.592  -36.424 0.2857142985
89060  -22.750  12.176  -36.781 0.1428571492
59153  -28.455  -16.301  -16.534 0.1428571492
62747  -28.607  -12.862  -18.368 0.1428571492
79074  -28.277  1.599  -27.617 0.2857142985
88073  -24.026  11.252  -36.943 0.1428571492
90002  -21.443  12.785  -37.719 0.2857142985
56958  -24.045  -18.046  -17.215 0.2857142985
58037  -25.590  -17.488  -16.695 0.2857142985
59151  -26.889  -16.736  -16.979 0.1428571492
59152  -27.664  -16.498  -16.757 0.1428571492
60337  -27.863  -15.812  -17.802 0.1428571492
61520  -28.169  -15.278  -17.983 0.1428571492
62756  -27.210  -13.243  -20.062 0.1428571492
63878  -27.448  -12.498  -20.377 0.1428571492
124747  -28.375  -10.551  -21.543 0.2857142985
64971  -27.764  -11.808  -20.782 0.1428571492
125223  -28.835  -9.493  -22.094 0.2857142985
69507  -26.369  -7.277  -28.339 0.5714285970
147060  -28.766  -2.334  -27.255 0.4285714328
70581  -26.554  -6.438  -28.559 0.7142857313
129984  -26.086  -3.759  -29.350 0.7142857313
79084  -25.481  1.465  -29.171 0.7142857313
74898  -24.626  -1.976  -29.813 0.8571428657
80207  -24.865  1.996  -29.498 0.8571428657
80216  -23.636  2.058  -30.443 0.8571428657
76950  -27.312  -1.112  -28.398 0.4285714328
125097  -25.906  -11.190  -24.734 0.5714285970
129115  -29.622  -8.678  -21.217 0.2857142985
72810  -29.224  -4.716  -25.007 0.4285714328
82250  -23.667  4.747  -30.558 0.8571428657
85117  -23.526  7.497  -32.229 0.8571428657
89035  -18.221  11.608  -34.733 0.2857142985
89971  -17.888  12.186  -35.276 0.2857142985
72864  -26.163  -4.658  -29.404 0.8571428657
90962  -18.701  13.759  -35.486 0.2857142985
130727  -19.504  14.061  -34.987 0.2857142985
90950  -19.338  13.374  -34.935 0.2857142985
89983  -19.222  12.180  -36.606 0.2857142985
132072  -20.761  11.748  -35.511 0.2857142985
89993  -16.983  12.090  -37.009 0.2857142985
89986  -22.780  12.239  -35.947 0.1428571492
89062  -24.102  11.484  -35.935 0.1428571492
89039  -23.477  11.571  -34.614 0.1428571492
89061  -23.423  11.837  -36.370 0.1428571492
89997  -22.010  12.489  -36.243 0.1428571492
88055  -22.174  10.692  -33.995 0.4285714328
87049  -25.303  10.195  -33.287 0.1428571492
89040  -23.944  11.250  -34.387 0.2857142985
87038  -22.855  9.564  -33.227 0.5714285970
84177  -25.058  6.819  -30.549 0.5714285970
83218  -23.951  5.483  -30.560 0.8571428657
76968  -23.188  -0.347  -30.803 0.4285714328
81250  -26.286  3.489  -28.428 0.5714285970
68474  -24.931  -8.184  -29.001 0.5714285970
69527  -24.800  -7.197  -30.334 0.4285714328
138466  -25.747  -5.873  -29.716 0.7142857313
71763  -24.335  -5.671  -30.978 0.4285714328
72879  -24.276  -4.832  -30.888 0.5714285970
73902  -24.203  -3.447  -30.645 0.5714285970
71776  -23.738  -5.343  -31.274 0.4285714328
140139  -22.629  -5.982  -31.452 0.2857142985
138162  -25.320  -3.735  -29.753 0.7142857313
131499  -29.470  -4.637  -24.158 0.4285714328
140536  -29.039  -1.704  -27.057 0.4285714328
70510  -30.172  -6.500  -22.238 0.2857142985
63867  -28.698  -12.065  -18.650 0.1428571492
142159  -29.047  -10.117  -20.050 0.2857142985
124764  -30.302  -7.370  -20.509 0.2857142985
125045  -29.534  -9.457  -19.719 0.2857142985
145827  -25.962  -17.846  -15.190 0.1428571492
56938  -25.308  -18.142  -15.358 0.1428571492
58024  -27.287  -17.211  -15.346 0.1428571492
131279  -28.585  -0.610  -27.617 0.2857142985
58039  -27.114  -17.009  -16.222 0.1428571492
60329  -28.911  -15.834  -16.920 0.1428571492
90934  -21.132  13.008  -33.108 0.1428571492
84199  -21.891  6.448  -33.662 0.5714285970
83232  -22.204  5.225  -33.109 0.4285714328
142979  -22.179  5.948  -33.247 0.5714285970
82262  -22.234  4.298  -32.987 0.4285714328
148334  -22.641  2.354  -31.711 0.4285714328
82263  -22.667  3.776  -32.161 0.4285714328
149077  -22.370  3.084  -32.473 0.4285714328
133667  -22.835  0.980  -30.930 0.5714285970
74817  -30.942  -3.007  -21.325 0.1428571492
73814  -30.360  -3.153  -22.678 0.1428571492
73800  -31.948  -2.695  -19.990 0.1428571492
73799  -31.295  -3.282  -20.581 0.1428571492
126295  -32.355  -1.794  -20.135 0.1428571492
71633  -30.966  -5.187  -19.417 0.1428571492
72759  -31.272  -4.458  -19.621 0.1428571492
71656  -30.719  -5.172  -20.339 0.1428571492
73786  -31.609  -3.602  -19.814 0.1428571492
125639  -33.456  -1.741  -18.823 0.1428571492
141211  -35.555  -1.061  -20.309 0.1428571492
74805  -33.945  -1.074  -19.470 0.1428571492
75819  -34.536  -0.636  -20.235 0.1428571492
61560  -24.798  -14.865  -21.761 0.2857142985
60384  -24.196  -15.285  -22.274 0.2857142985
142268  -30.361  -7.487  -18.920 0.1428571492
142124  -30.722  -6.573  -18.685 0.1428571492
142642  -32.215  -4.098  -18.320 0.1428571492
125132  -31.595  -4.777  -18.719 0.1428571492
73778  -32.494  -3.342  -18.469 0.1428571492
73780  -33.480  -2.422  -18.098 0.1428571492
74786  -35.314  -2.342  -18.313 0.1428571492
75808  -35.923  -1.590  -19.789 0.1428571492
134723  -34.402  -1.512  -18.947 0.1428571492
60370  -25.084  -15.100  -20.900 0.2857142985
60369  -24.401  -15.691  -21.341 0.2857142985
149098  -24.268  -16.263  -20.701 0.2857142985
125024  -30.022  -8.751  -18.698 0.1428571492
142130  -31.289  -7.483  -17.119 0.1428571492
142147  -30.654  -7.402  -18.008 0.1428571492
147413  -31.305  -6.028  -18.159 0.1428571492
126244  -32.950  -4.221  -16.609 0.1428571492
142171  -31.612  -5.403  -18.146 0.1428571492
72750  -33.436  -3.078  -17.394 0.1428571492
74793  -34.384  -2.074  -18.305 0.1428571492
73768  -34.302  -3.072  -17.242 0.1428571492
74820  -36.800  -2.138  -20.986 0.1428571492
74806  -36.603  -2.129  -20.202 0.1428571492
142217  -29.831  -9.493  -18.744 0.1428571492
124996  -30.671  -8.249  -17.436 0.1428571492
124990  -30.744  -9.140  -16.833 0.1428571492
125201  -31.846  -6.670  -16.807 0.1428571492
141997  -31.276  -8.316  -16.514 0.1428571492
125212  -33.357  -4.553  -15.679 0.1428571492
124771  -31.239  -6.659  -17.705 0.1428571492
71604  -33.280  -3.990  -15.952 0.1428571492
124779  -32.501  -4.874  -16.396 0.1428571492
143665  -33.246  -3.696  -16.787 0.1428571492
74787  -36.091  -2.539  -18.722 0.1428571492
73769  -35.283  -3.221  -17.360 0.1428571492
151455  -36.871  -2.634  -19.875 0.1428571492
74795  -36.343  -2.239  -19.446 0.1428571492
125458  -29.634  -10.195  -18.375 0.1428571492
68303  -32.404  -7.802  -15.056 0.1428571492
68324  -31.773  -8.409  -15.553 0.1428571492
142856  -32.246  -6.543  -15.996 0.1428571492
124778  -31.870  -7.443  -16.023 0.1428571492
72699  -34.405  -4.702  -15.641 0.1428571492
71563  -34.133  -5.343  -14.894 0.1428571492
72710  -35.005  -4.253  -16.338 0.1428571492
72735  -35.663  -3.903  -17.001 0.1428571492
72709  -33.867  -4.033  -15.998 0.1428571492
73781  -35.780  -2.862  -18.007 0.1428571492
72734  -33.683  -3.558  -16.649 0.1428571492
68304  -33.056  -7.931  -14.070 0.1428571492
68325  -32.360  -8.615  -14.609 0.1428571492
67187  -31.829  -9.195  -15.282 0.1428571492
70401  -34.319  -6.805  -13.914 0.1428571492
129419  -34.034  -7.366  -13.259 0.1428571492
70411  -33.897  -6.039  -14.134 0.1428571492
73770  -36.231  -3.578  -17.717 0.1428571492
71581  -36.200  -5.429  -16.437 0.1428571492
124783  -33.170  -7.027  -14.533 0.1428571492
143612  -32.521  -4.786  -15.317 0.1428571492
124765  -30.479  -6.986  -19.674 0.1428571492
74807  -37.090  -2.732  -20.527 0.1428571492
138474  -36.771  -2.210  -21.822 0.1428571492
74794  -35.385  -1.854  -18.953 0.1428571492
73788  -32.781  -2.471  -18.569 0.1428571492
72789  -30.503  -4.446  -21.900 0.1428571492
73815  -30.735  -2.865  -22.009 0.1428571492
59181  -24.866  -15.843  -20.437 0.2857142985
139698  -36.793  -2.922  -19.275 0.1428571492
74821  -37.184  -2.840  -21.384 0.1428571492
74828  -36.655  -2.280  -22.670 0.1428571492
79098  -22.626  1.737  -31.546 0.4285714328
75833  -36.391  -1.564  -21.368 0.1428571492
75807  -34.974  -1.197  -19.550 0.1428571492
151735  -35.964  -1.110  -20.960 0.1428571492
75818  -33.499  -0.680  -20.151 0.1428571492
75820  -35.369  -0.629  -20.948 0.1428571492
75837  -30.686  -2.291  -22.422 0.1428571492
84198  -21.313  6.250  -34.389 0.4285714328
90014  -22.050  12.283  -38.224 0.1428571492
73809  -30.637  -3.602  -21.972 0.1428571492
142125  -30.130  -9.014  -17.818 0.1428571492
66100  -29.885  -9.848  -17.799 0.1428571492
142191  -30.096  -8.208  -19.163 0.1428571492
75866  -29.739  -1.640  -25.443 0.1428571492
71662  -30.658  -4.748  -21.175 0.1428571492
72790  -30.808  -3.889  -21.222 0.1428571492
74818  -31.635  -2.281  -20.817 0.1428571492
74792  -32.570  -2.091  -19.335 0.1428571492
73787  -32.264  -3.042  -19.237 0.1428571492
72779  -30.998  -4.184  -20.436 0.1428571492
74826  -31.104  -2.201  -21.664 0.1428571492
140413  -32.167  -1.460  -20.734 0.1428571492
74804  -33.037  -1.268  -19.610 0.1428571492
125163  -31.053  -5.643  -18.787 0.1428571492
72760  -31.938  -3.912  -19.056 0.1428571492
124979  -30.276  -8.170  -18.324 0.1428571492
142240  -32.204  -4.683  -17.605 0.1428571492
72749  -32.689  -3.628  -17.544 0.1428571492
73779  -33.018  -2.989  -18.040 0.1428571492
144781  -34.051  -2.605  -17.727 0.1428571492
125183  -31.888  -5.773  -17.348 0.1428571492
73746  -34.635  -3.616  -16.723 0.1428571492
74781  -34.858  -2.625  -17.767 0.1428571492
142141  -30.360  -9.653  -17.279 0.1428571492
143089  -31.272  -9.058  -15.965 0.1428571492
128179  -32.515  -6.758  -15.146 0.1428571492
124784  -33.372  -4.608  -15.201 0.1428571492
124777  -33.619  -5.045  -15.137 0.1428571492
125160  -32.279  -5.823  -16.286 0.1428571492
125065  -33.494  -6.007  -14.527 0.1428571492
146866  -35.395  -4.875  -16.138 0.1428571492
72736  -36.518  -4.374  -17.428 0.1428571492
148840  -34.055  -6.139  -14.246 0.1428571492
69353  -33.658  -6.811  -13.761 0.1428571492
55895  -23.021  -19.293  -15.949 0.1428571492
55896  -23.833  -18.842  -15.801 0.1428571492
55894  -22.267  -19.729  -16.286 0.1428571492
147248  -22.706  -19.180  -16.629 0.1428571492
56949  -23.419  -18.675  -16.675 0.1428571492
58051  -24.359  -17.372  -18.597 0.1428571492
125716  -23.706  -17.695  -18.797 0.1428571492
58063  -23.966  -17.236  -19.480 0.1428571492
59180  -24.520  -16.528  -19.970 0.1428571492
56975  -22.334  -18.267  -19.139 0.1428571492
131594  -23.257  -17.391  -19.961 0.1428571492
58077  -23.692  -16.837  -20.456 0.1428571492
58093  -22.340  -16.931  -21.203 0.1428571492
59196  -22.758  -16.480  -21.738 0.1428571492
60383  -23.565  -15.520  -22.664 0.1428571492
60368  -23.751  -15.893  -21.915 0.1428571492
61569  -24.637  -14.595  -22.678 0.1428571492
61581  -25.079  -13.847  -22.944 0.1428571492
60403  -24.015  -14.961  -23.187 0.2857142985
142378  -25.304  -12.993  -23.741 0.2857142985
65055  -24.785  -11.208  -27.275 0.4285714328
67293  -25.561  -10.082  -26.864 0.4285714328
67300  -25.345  -9.903  -27.592 0.4285714328
76976  -22.708  0.111  -31.202 0.2857142985
77975  -22.386  0.857  -31.634 0.2857142985
81279  -21.486  3.731  -33.445 0.2857142985
136652  -21.581  4.679  -33.651 0.2857142985
83239  -21.637  5.567  -33.906 0.2857142985
60402  -23.253  -15.102  -23.498 0.1428571492
61579  -23.685  -14.452  -23.993 0.2857142985
125406  -24.993  -13.446  -23.694 0.1428571492
56957  -23.291  -18.315  -17.567 0.1428571492
58062  -23.181  -17.787  -19.311 0.1428571492
58076  -22.796  -17.237  -20.575 0.1428571492
59215  -23.156  -16.049  -22.213 0.1428571492
60382  -22.864  -15.647  -22.832 0.1428571492
61602  -23.080  -14.485  -24.292 0.2857142985
61580  -24.435  -14.172  -23.635 0.2857142985
61603  -23.993  -13.948  -24.417 0.2857142985
62794  -24.501  -13.556  -24.377 0.2857142985
124720  -25.066  -12.940  -24.399 0.2857142985
142224  -25.496  -11.450  -25.437 0.4285714328
144552  -24.791  -11.718  -26.530 0.4285714328
65054  -24.257  -11.350  -27.631 0.2857142985
75934  -22.792  -1.586  -31.238 0.2857142985
147876  -22.402  -0.443  -31.584 0.2857142985
81271  -21.796  2.876  -32.948 0.2857142985
80232  -21.154  2.389  -32.900 0.2857142985
125327  -24.529  -13.146  -24.988 0.2857142985
132467  -22.788  -0.744  -31.195 0.2857142985
76975  -22.203  0.110  -31.762 0.2857142985
75933  -22.340  -1.164  -31.713 0.2857142985
79106  -22.109  1.522  -32.178 0.2857142985
132837  -21.770  2.127  -32.599 0.2857142985
80233  -22.346  2.364  -32.254 0.2857142985
81272  -22.185  3.523  -32.903 0.2857142985
77990  -21.816  0.643  -32.142 0.2857142985
77989  -21.138  0.598  -32.451 0.2857142985
65041  -24.979  -11.367  -26.822 0.4285714328
129198  -25.348  -10.840  -26.663 0.4285714328
124742  -25.461  -12.061  -24.773 0.4285714328
58050  -23.826  -17.805  -18.044 0.1428571492
59197  -23.781  -16.319  -21.230 0.1428571492
58094  -23.131  -16.728  -21.173 0.1428571492
56956  -22.688  -18.522  -17.861 0.1428571492
56967  -23.077  -18.151  -18.453 0.1428571492
150821  -24.539  -11.514  -27.115 0.4285714328
125220  -25.072  -11.920  -25.757 0.4285714328
79105  -21.276  1.446  -32.529 0.2857142985
67307  -24.172  -10.117  -28.720 0.2857142985
66187  -24.707  -10.485  -28.128 0.2857142985
68465  -24.416  -9.047  -29.004 0.2857142985
91991  -16.904  14.395  -39.112 0.1428571492
90996  -17.645  13.910  -39.366 0.1428571492
90981  -18.467  13.636  -38.414 0.1428571492
90982  -19.789  13.532  -37.868 0.1428571492
92010  -16.835  15.038  -39.716 0.1428571492
130004  -17.563  13.750  -36.850 0.1428571492
93040  -18.200  15.797  -36.710 0.1428571492
67320  -23.697  -9.664  -29.243 0.2857142985
90999  -20.703  13.271  -38.203 0.1428571492
91007  -18.543  13.766  -40.051 0.1428571492
90972  -20.671  13.062  -37.245 0.1428571492
90998  -19.736  13.490  -38.713 0.1428571492
89995  -20.054  12.753  -36.677 0.1428571492
125792  -17.598  13.660  -37.698 0.1428571492
90971  -19.685  13.201  -37.242 0.1428571492
91976  -17.051  14.596  -38.364 0.1428571492
125407  -17.368  14.034  -37.602 0.1428571492
90970  -18.599  13.395  -37.596 0.1428571492
66179  -25.052  -10.651  -27.401 0.2857142985
93078  -16.811  15.047  -38.968 0.1428571492
90997  -18.744  13.597  -39.251 0.1428571492
90980  -17.161  13.911  -38.403 0.1428571492
94192  -17.023  15.963  -39.254 0.1428571492
76984  -21.402  -0.894  -32.338 0.1428571492
76985  -21.941  -0.580  -32.014 0.1428571492
148066  -21.866  0.025  -32.031 0.1428571492
140447  -19.027  1.197  -32.107 0.1428571492
80230  -19.822  2.468  -32.563 0.1428571492
139274  -20.438  1.941  -32.658 0.1428571492
81270  -20.095  3.249  -33.028 0.1428571492
81277  -20.063  4.001  -33.153 0.2857142985
69533  -23.229  -7.035  -31.197 0.1428571492
73937  -21.822  -3.684  -32.090 0.1428571492
73920  -22.323  -3.040  -31.898 0.1428571492
75944  -21.734  -1.616  -32.263 0.1428571492
81236  -26.924  2.975  -28.043 0.1428571492
76983  -20.701  -0.722  -32.507 0.1428571492
80238  -21.102  3.063  -33.307 0.1428571492
82268  -20.815  4.371  -33.871 0.1428571492
82267  -20.065  4.449  -33.765 0.1428571492
83247  -20.339  5.399  -34.457 0.2857142985
86049  -18.638  7.790  -34.009 0.2857142985
85115  -19.023  7.570  -33.484 0.2857142985
141831  -18.756  8.357  -33.840 0.2857142985
88044  -21.013  10.009  -31.526 0.1428571492
83238  -21.031  5.625  -34.454 0.2857142985
84205  -20.490  6.087  -34.703 0.2857142985
132446  -20.196  7.461  -35.410 0.2857142985
85136  -18.896  6.884  -34.827 0.2857142985
85126  -18.771  7.192  -34.135 0.2857142985
85146  -18.600  7.989  -35.828 0.2857142985
88048  -19.290  9.873  -33.509 0.1428571492
128293  -19.354  7.997  -32.810 0.2857142985
89955  -21.065  11.854  -33.073 0.1428571492
89940  -21.929  12.340  -32.005 0.1428571492
136819  -19.163  6.912  -33.482 0.1428571492
139390  -19.658  6.627  -32.752 0.1428571492
82261  -19.915  4.232  -32.643 0.2857142985
147136  -19.006  8.029  -33.465 0.2857142985
87045  -18.952  9.083  -33.650 0.1428571492
86041  -19.416  8.594  -33.049 0.2857142985
87037  -20.297  9.691  -32.443 0.1428571492
87032  -20.041  9.101  -32.309 0.1428571492
81263  -19.538  2.901  -31.855 0.2857142985
86035  -19.887  8.423  -32.131 0.1428571492
134712  -21.391  9.806  -30.822 0.1428571492
86036  -20.256  8.902  -31.438 0.1428571492
137011  -19.182  1.405  -30.331 0.1428571492
125507  -22.445  -3.854  -31.700 0.1428571492
74938  -20.796  -3.264  -32.365 0.1428571492
81237  -27.782  3.532  -27.858 0.1428571492
75943  -21.034  -2.382  -32.540 0.1428571492
76982  -19.957  -0.973  -32.514 0.1428571492
139559  -19.883  -0.124  -32.541 0.1428571492
80231  -20.513  2.823  -33.049 0.1428571492
80229  -19.484  2.528  -32.078 0.1428571492
81278  -20.544  3.681  -33.432 0.1428571492
81269  -19.917  3.262  -32.441 0.2857142985
83246  -19.702  5.107  -34.090 0.1428571492
142501  -19.467  5.676  -33.822 0.1428571492
84204  -19.536  5.962  -34.487 0.2857142985
83245  -19.160  6.483  -34.072 0.1428571492
85100  -19.798  7.899  -32.109 0.2857142985
87033  -20.494  9.559  -31.798 0.1428571492
89010  -20.714  10.159  -32.186 0.1428571492
80195  -27.758  2.392  -27.699 0.1428571492
85145  -18.324  8.016  -35.502 0.2857142985
88049  -20.306  10.160  -32.957 0.1428571492
146217  -18.361  8.158  -34.438 0.2857142985
151704  -21.416  11.799  -32.614 0.1428571492
72896  -22.731  -4.625  -31.542 0.1428571492
71774  -22.255  -5.358  -31.522 0.1428571492
85137  -20.823  6.850  -34.877 0.2857142985
137674  -21.028  5.013  -34.258 0.1428571492
143036  -20.699  0.108  -32.508 0.1428571492
77988  -20.339  0.889  -32.537 0.1428571492
75941  -19.628  -1.563  -32.357 0.1428571492
75942  -20.405  -1.613  -32.515 0.1428571492
77987  -19.401  0.680  -32.379 0.1428571492
79104  -19.618  1.539  -32.420 0.1428571492
74940  -21.769  -2.720  -32.303 0.1428571492
74939  -21.339  -3.227  -32.394 0.1428571492
82273  -20.337  4.816  -34.174 0.2857142985
83237  -19.703  4.855  -33.418 0.2857142985
85125  -18.419  7.673  -34.782 0.2857142985
85107  -19.522  7.433  -32.774 0.1428571492
88034  -21.527  10.375  -31.283 0.1428571492
126934  -19.793  6.646  -35.127 0.2857142985
144107  -19.165  7.344  -35.521 0.2857142985
148003  -18.554  7.513  -35.351 0.2857142985
87036  -19.804  9.393  -33.030 0.1428571492
89956  -21.542  12.512  -32.473 0.1428571492
60426  -22.140  -14.580  -24.036 0.1428571492
124713  -23.401  -13.877  -24.893 0.1428571492
126007  -22.891  -13.528  -25.515 0.1428571492
124714  -21.067  -13.192  -24.479 0.1428571492
126882  -21.221  -12.322  -25.311 0.1428571492
125008  -21.699  -12.017  -25.945 0.1428571492
125285  -22.263  -13.183  -25.647 0.1428571492
63937  -22.531  -11.891  -26.611 0.1428571492
124716  -22.888  -12.911  -26.133 0.1428571492
124740  -24.192  -12.898  -25.675 0.1428571492
65040  -22.304  -11.371  -26.949 0.1428571492
63939  -23.807  -11.810  -26.993 0.1428571492
124723  -24.300  -11.865  -26.776 0.1428571492
63950  -23.874  -11.383  -27.739 0.1428571492
63951  -24.171  -11.569  -27.326 0.1428571492
65023  -21.825  -11.568  -26.383 0.1428571492
65052  -22.730  -11.144  -27.622 0.1428571492
65065  -23.930  -11.090  -28.183 0.1428571492
66185  -23.580  -10.636  -28.585 0.1428571492
68486  -23.418  -8.398  -30.553 0.1428571492
125081  -23.476  -13.127  -25.821 0.1428571492
127024  -24.812  -12.570  -25.299 0.1428571492
60400  -22.063  -14.999  -23.530 0.1428571492
61600  -21.190  -13.800  -24.102 0.1428571492
69526  -23.803  -7.551  -30.776 0.1428571492
66178  -24.417  -11.033  -27.894 0.1428571492
124711  -22.889  -14.000  -24.867 0.1428571492
61601  -22.535  -14.300  -24.442 0.1428571492
124718  -23.999  -13.493  -25.097 0.1428571492
125128  -23.919  -12.406  -26.348 0.1428571492
66186  -24.023  -10.769  -28.478 0.1428571492
125241  -21.896  -14.055  -24.480 0.1428571492
124712  -21.917  -13.552  -25.045 0.1428571492
124719  -20.507  -11.996  -24.814 0.1428571492
125078  -21.816  -12.624  -25.722 0.1428571492
125139  -22.916  -12.331  -26.504 0.1428571492
63938  -23.234  -11.911  -26.894 0.1428571492
124717  -23.398  -12.370  -26.460 0.1428571492
63948  -22.970  -11.589  -27.280 0.1428571492
66170  -21.969  -10.824  -27.200 0.1428571492
65053  -23.349  -11.263  -27.808 0.1428571492
65022  -20.984  -11.364  -25.736 0.1428571492
60399  -21.401  -14.943  -23.100 0.1428571492
61578  -21.564  -14.487  -23.781 0.1428571492
63949  -23.498  -11.582  -27.380 0.1428571492
69450  -29.772  -6.976  -22.611 0.2857142985
69513  -24.693  -8.301  -29.781 0.5714285970
70498  -30.479  -6.694  -20.377 0.1428571492
71775  -23.019  -5.369  -31.464 0.2857142985
75821  -36.267  -1.569  -20.597 0.1428571492
76981  -19.279  -0.788  -32.388 0.1428571492
89048  -17.019  11.539  -36.753 0.2857142985
124710  -22.433  -13.759  -25.040 0.1428571492
124761  -28.287  -10.086  -22.160 0.2857142985
125056  -26.447  -11.831  -22.489 0.7142857313
125227  -33.926  -5.557  -14.729 0.1428571492
125324  -32.444  -5.745  -15.112 0.1428571492
125442  -22.389  -12.503  -26.153 0.1428571492
126431  -21.529  -13.537  -24.644 0.1428571492
133666  -22.296  -2.099  -31.838 0.1428571492
139260  -21.404  -0.111  -32.306 0.2857142985
139261  -21.078  -1.450  -32.495 0.1428571492
140750  -24.330  -8.076  -30.310 0.4285714328
142239  -24.506  -12.260  -26.106 0.4285714328
149130  -28.801  -8.419  -22.987 0.4285714328
149269  -23.336  -16.324  -21.675 0.1428571492
