#!ascii label  , from subject sub-v1s11x0050171_ses-1 vox2ras=TkReg
1211
51507  33.003  -23.945  50.827 0.0000000000
72387  44.687  -5.133  31.219 0.0000000000
61989  33.025  -15.114  37.741 0.0000000000
47796  10.988  -26.065  52.532 0.0000000000
55977  27.635  -19.421  50.720 0.0000000000
67828  32.949  -9.403  36.205 0.0000000000
132964  17.437  -20.211  47.767 0.0000000000
47848  15.263  -26.003  49.934 0.0000000000
54879  22.872  -20.770  48.104 0.0000000000
138736  50.607  -5.633  31.893 0.0000000000
55991  31.974  -20.067  50.071 0.0000000000
131347  32.050  -19.923  45.704 0.0000000000
52601  36.554  -22.668  50.070 0.0000000000
143295  49.208  -1.676  30.351 0.0000000000
75429  53.425  -2.376  28.480 0.0000000000
74369  39.708  -3.836  33.577 0.0000000000
69000  42.516  -8.430  34.626 0.0000000000
124662  37.203  -8.706  34.086 0.0000000000
64209  37.498  -12.991  37.020 0.0000000000
49062  30.054  -25.822  53.901 0.0000000000
40921  11.567  -32.617  55.593 0.0000000000
39044  8.083  -34.196  56.670 0.0000000000
127374  5.387  -32.638  59.045 0.0000000000
52588  29.939  -22.203  50.460 0.0000000000
51490  26.370  -24.011  51.661 0.0000000000
60908  28.212  -15.749  41.336 0.0000000000
136932  34.763  -16.544  43.880 0.0000000000
145525  49.197  1.728  30.093 0.0000000000
72385  47.319  -5.704  31.287 0.0000000000
71294  46.814  -6.956  33.141 0.0000000000
136104  33.508  -22.768  50.061 0.0000000000
53749  34.420  -22.099  48.783 0.0000000000
51526  35.239  -23.510  50.354 0.0000000000
75388  44.208  -2.591  32.107 0.0000000000
131684  47.038  -1.522  31.983 0.0000000000
74401  46.459  -3.503  30.632 0.0000000000
73412  49.015  -4.391  30.128 0.0000000000
35861  5.013  -37.576  60.598 0.0000000000
129744  37.740  -6.031  33.175 0.0000000000
71265  35.897  -6.251  34.671 0.0000000000
65426  32.128  -11.968  36.033 0.0000000000
65439  34.327  -11.488  35.256 0.0000000000
63103  34.885  -13.947  36.886 0.0000000000
60929  36.119  -15.274  39.895 0.0000000000
47819  12.634  -26.640  50.975 0.0000000000
46549  14.778  -27.852  52.464 0.0000000000
44133  12.681  -29.839  53.050 0.0000000000
135160  12.665  -31.097  55.268 0.0000000000
41907  11.021  -30.940  53.540 0.0000000000
41874  7.646  -31.040  56.044 0.0000000000
39965  6.234  -33.221  58.406 0.0000000000
53717  28.987  -20.925  50.784 0.0000000000
51530  28.163  -23.216  50.047 0.0000000000
53752  27.255  -21.523  49.133 0.0000000000
53759  20.779  -21.871  49.311 0.0000000000
53718  22.309  -22.059  50.972 0.0000000000
57199  34.979  -18.658  47.085 0.0000000000
58459  32.745  -17.791  44.919 0.0000000000
70105  34.954  -6.874  37.637 0.0000000000
138803  32.002  -9.905  38.858 0.0000000000
64201  30.296  -12.077  38.393 0.0000000000
51557  18.959  -23.218  48.686 0.0000000000
49123  17.610  -24.824  50.114 0.0000000000
51561  15.703  -23.119  48.757 0.0000000000
51519  14.012  -22.815  50.671 0.0000000000
50294  12.503  -23.582  52.447 0.0000000000
56008  25.616  -19.489  48.227 0.0000000000
58416  22.764  -17.588  48.320 0.0000000000
56025  19.775  -19.593  46.791 0.0000000000
57159  29.606  -18.137  49.069 0.0000000000
56036  28.909  -19.526  45.924 0.0000000000
54893  31.271  -20.936  47.372 0.0000000000
54871  34.830  -20.955  47.911 0.0000000000
136853  53.748  0.737  30.498 0.0000000000
131079  51.207  -1.775  29.464 0.0000000000
74410  52.054  -3.982  29.661 0.0000000000
144022  41.869  -4.444  31.852 0.0000000000
70172  43.230  -7.243  32.451 0.0000000000
138655  40.583  -6.351  32.224 0.0000000000
69003  39.832  -8.778  34.074 0.0000000000
66675  39.442  -10.366  35.649 0.0000000000
67843  34.942  -9.074  34.948 0.0000000000
65436  37.462  -11.083  35.469 0.0000000000
50284  32.043  -25.177  51.960 0.0000000000
49092  33.978  -25.460  52.788 0.0000000000
75365  42.670  -2.619  34.148 0.0000000000
46515  9.651  -27.079  54.315 0.0000000000
41898  9.210  -31.537  54.298 0.0000000000
39984  9.547  -34.018  56.035 0.0000000000
36967  10.029  -36.368  58.814 0.0000000000
36969  8.082  -36.650  58.664 0.0000000000
37980  6.012  -35.473  58.878 0.0000000000
39011  4.747  -34.379  59.293 0.0000000000
39954  3.026  -32.990  59.272 0.0000000000
131587  31.428  -23.430  50.765 0.0000000000
50307  29.994  -24.311  50.985 0.0000000000
50288  28.120  -24.925  52.450 0.0000000000
52628  24.710  -22.178  49.465 0.0000000000
60936  29.774  -15.082  39.368 0.0000000000
57252  28.805  -18.871  43.289 0.0000000000
59709  30.971  -17.097  42.164 0.0000000000
59736  33.635  -16.274  40.457 0.0000000000
50279  37.135  -24.403  53.037 0.0000000000
124735  47.805  0.419  28.171 0.0000000000
80961  54.266  1.859  29.139 0.0000000000
125402  53.380  2.460  27.741 0.0000000000
72386  45.851  -5.308  31.106 0.0000000000
71319  46.928  -6.225  31.791 0.0000000000
71310  45.595  -6.728  32.156 0.0000000000
52584  33.559  -23.341  50.440 0.0000000000
52604  34.223  -22.933  49.821 0.0000000000
51506  33.809  -24.024  50.774 0.0000000000
73395  44.483  -4.127  31.128 0.0000000000
75397  45.436  -2.764  31.276 0.0000000000
73394  45.354  -4.375  30.959 0.0000000000
132217  47.193  -4.587  30.609 0.0000000000
127745  3.466  -36.612  60.478 0.0000000000
72333  36.850  -4.883  35.223 0.0000000000
72313  36.542  -5.274  36.784 0.0000000000
63106  32.111  -13.573  36.706 0.0000000000
63114  33.353  -13.333  36.156 0.0000000000
62002  34.436  -14.610  37.317 0.0000000000
61987  35.287  -14.982  38.258 0.0000000000
60942  34.775  -15.395  38.681 0.0000000000
47820  12.044  -26.177  51.355 0.0000000000
45354  12.865  -28.113  51.461 0.0000000000
45339  11.519  -28.412  51.854 0.0000000000
44134  11.793  -29.901  52.770 0.0000000000
45340  10.644  -28.340  52.341 0.0000000000
54842  28.185  -19.793  51.084 0.0000000000
53734  27.948  -21.032  49.723 0.0000000000
54862  27.452  -20.493  49.495 0.0000000000
52612  19.740  -22.664  50.293 0.0000000000
60807  27.639  -15.674  46.609 0.0000000000
149847  35.961  -17.401  47.796 0.0000000000
65402  30.666  -11.018  38.682 0.0000000000
65393  30.636  -10.854  39.968 0.0000000000
53793  17.607  -21.572  47.628 0.0000000000
131601  16.901  -22.847  48.121 0.0000000000
53780  16.315  -21.459  48.475 0.0000000000
53740  14.835  -21.463  50.203 0.0000000000
53704  13.797  -21.156  51.690 0.0000000000
51520  13.411  -23.446  51.181 0.0000000000
58399  24.170  -17.422  49.416 0.0000000000
57185  18.681  -18.390  48.133 0.0000000000
57184  19.501  -18.176  47.859 0.0000000000
54902  18.621  -20.576  47.102 0.0000000000
53791  19.227  -21.268  47.176 0.0000000000
56005  30.239  -19.641  48.297 0.0000000000
54873  31.393  -20.789  48.260 0.0000000000
53748  35.384  -22.023  48.932 0.0000000000
53768  34.110  -21.505  48.127 0.0000000000
53747  36.311  -21.424  49.060 0.0000000000
54869  36.190  -20.740  48.590 0.0000000000
53728  37.611  -21.263  50.001 0.0000000000
76495  47.709  -1.620  31.229 0.0000000000
76503  51.221  -1.094  29.863 0.0000000000
76517  49.713  -1.813  29.956 0.0000000000
72395  49.434  -5.041  30.642 0.0000000000
73424  50.358  -4.241  29.843 0.0000000000
73393  51.316  -4.996  30.829 0.0000000000
74379  40.723  -4.017  32.572 0.0000000000
72374  41.282  -5.772  31.954 0.0000000000
73383  39.725  -4.974  32.535 0.0000000000
70157  37.857  -7.542  33.400 0.0000000000
70156  38.823  -7.615  33.139 0.0000000000
69023  38.455  -8.259  33.613 0.0000000000
67864  39.488  -9.299  34.585 0.0000000000
67865  38.628  -9.446  34.546 0.0000000000
68979  33.737  -8.006  36.577 0.0000000000
70116  34.175  -7.368  36.145 0.0000000000
68991  33.614  -9.201  35.643 0.0000000000
143313  36.355  -12.636  36.199 0.0000000000
64236  35.854  -11.658  35.427 0.0000000000
65423  37.313  -11.801  35.940 0.0000000000
127017  38.164  -11.453  35.981 0.0000000000
49095  31.519  -25.502  52.571 0.0000000000
49077  32.676  -25.812  53.253 0.0000000000
74340  39.800  -3.525  35.007 0.0000000000
132020  40.936  -3.207  33.773 0.0000000000
124363  41.962  -3.237  32.688 0.0000000000
49118  16.251  -25.940  50.342 0.0000000000
47816  15.660  -26.770  51.481 0.0000000000
40907  12.232  -32.175  56.153 0.0000000000
149701  12.681  -31.799  57.361 0.0000000000
39962  12.238  -33.232  58.096 0.0000000000
127538  11.849  -33.973  58.037 0.0000000000
46504  9.232  -27.060  55.211 0.0000000000
44136  9.342  -29.501  53.581 0.0000000000
44122  8.495  -29.237  54.825 0.0000000000
137053  7.627  -32.515  56.469 0.0000000000
133981  8.240  -33.003  55.868 0.0000000000
39043  9.018  -34.490  56.480 0.0000000000
38000  10.062  -35.495  57.592 0.0000000000
38001  9.072  -35.573  57.493 0.0000000000
36968  9.128  -36.581  58.674 0.0000000000
38002  8.007  -35.407  57.543 0.0000000000
40883  5.806  -32.509  58.778 0.0000000000
39023  6.230  -34.664  58.586 0.0000000000
39010  5.543  -34.446  59.011 0.0000000000
37981  5.204  -35.408  59.191 0.0000000000
39952  5.138  -33.452  59.141 0.0000000000
52568  31.199  -22.141  51.865 0.0000000000
128235  31.601  -22.667  51.126 0.0000000000
50306  30.882  -24.228  50.986 0.0000000000
51509  30.495  -23.542  50.538 0.0000000000
51531  27.244  -23.349  50.224 0.0000000000
50309  28.071  -24.457  51.493 0.0000000000
50310  27.094  -24.237  51.579 0.0000000000
54896  24.116  -19.984  47.619 0.0000000000
53772  24.918  -21.191  48.464 0.0000000000
53773  24.093  -21.161  48.488 0.0000000000
52590  23.660  -22.766  51.744 0.0000000000
70152  42.657  -7.790  32.969 0.0000000000
70150  44.573  -7.731  33.273 0.0000000000
68998  44.257  -8.148  34.733 0.0000000000
63070  28.269  -13.805  41.260 0.0000000000
63089  28.890  -13.649  39.902 0.0000000000
60923  29.191  -15.412  40.114 0.0000000000
142657  29.930  -20.557  45.642 0.0000000000
57240  28.234  -18.907  44.581 0.0000000000
56056  30.669  -19.574  44.461 0.0000000000
59673  33.507  -16.785  44.468 0.0000000000
58479  32.138  -17.249  43.474 0.0000000000
59689  33.121  -16.664  43.009 0.0000000000
59738  31.946  -16.459  40.724 0.0000000000
59705  34.083  -16.474  41.880 0.0000000000
59704  35.522  -16.173  42.092 0.0000000000
50281  35.463  -24.808  52.368 0.0000000000
79906  48.727  1.147  29.005 0.0000000000
77666  53.296  -0.328  28.949 0.0000000000
78790  54.314  1.256  30.008 0.0000000000
77665  53.951  0.057  28.739 0.0000000000
78823  55.780  0.479  27.080 0.0000000000
79914  55.774  1.512  27.013 0.0000000000
55997  17.111  -19.098  48.839 0.0000000000
54864  16.336  -19.670  49.271 0.0000000000
72383  49.103  -5.583  31.264 0.0000000000
72359  49.536  -6.075  32.774 0.0000000000
71307  48.147  -6.444  32.743 0.0000000000
53731  32.763  -21.554  49.786 0.0000000000
53751  32.743  -21.507  48.820 0.0000000000
52623  33.939  -22.500  49.425 0.0000000000
52603  34.911  -23.031  49.829 0.0000000000
51525  36.148  -23.390  50.486 0.0000000000
76486  46.101  -1.660  33.043 0.0000000000
75387  45.122  -2.252  32.054 0.0000000000
76496  46.720  -2.032  31.432 0.0000000000
76507  47.741  -2.283  30.485 0.0000000000
74414  48.880  -3.189  29.793 0.0000000000
74400  47.849  -3.540  30.191 0.0000000000
72396  48.555  -5.080  30.673 0.0000000000
127525  5.944  -37.840  60.872 0.0000000000
73340  38.957  -3.799  34.963 0.0000000000
73369  38.539  -4.732  33.350 0.0000000000
73350  37.488  -4.681  34.658 0.0000000000
145121  36.456  -5.928  34.281 0.0000000000
69025  36.497  -7.417  33.951 0.0000000000
66664  32.155  -10.960  36.269 0.0000000000
66681  33.530  -10.995  35.368 0.0000000000
64239  33.656  -11.910  35.452 0.0000000000
64224  34.934  -12.749  35.890 0.0000000000
63102  35.902  -13.741  37.004 0.0000000000
63096  36.354  -14.263  37.867 0.0000000000
61958  36.796  -14.844  39.557 0.0000000000
125199  29.172  -25.813  54.316 0.0000000000
140305  13.982  -26.313  50.358 0.0000000000
47817  14.928  -27.030  51.083 0.0000000000
46569  13.443  -27.617  51.204 0.0000000000
45337  13.787  -28.691  52.452 0.0000000000
44119  13.491  -29.724  54.479 0.0000000000
41895  11.962  -31.458  54.570 0.0000000000
40931  11.429  -32.092  54.833 0.0000000000
44085  7.921  -29.372  56.129 0.0000000000
42982  7.298  -30.757  57.025 0.0000000000
40900  7.229  -32.789  57.165 0.0000000000
128665  6.785  -33.909  57.824 0.0000000000
39964  6.694  -32.982  57.833 0.0000000000
134619  5.931  -31.538  58.859 0.0000000000
41830  5.705  -30.868  59.387 0.0000000000
53732  29.213  -21.791  50.172 0.0000000000
51529  29.252  -22.879  49.914 0.0000000000
52605  28.498  -22.344  49.732 0.0000000000
52606  27.681  -22.706  49.694 0.0000000000
52607  26.860  -22.874  49.750 0.0000000000
53776  21.412  -21.422  48.684 0.0000000000
53757  22.647  -21.517  49.346 0.0000000000
53737  21.449  -21.958  50.628 0.0000000000
68988  41.818  -8.753  35.198 0.0000000000
60865  27.577  -15.846  43.126 0.0000000000
56033  34.324  -19.231  46.690 0.0000000000
57227  32.417  -18.648  45.060 0.0000000000
57219  33.783  -17.920  46.070 0.0000000000
58457  34.065  -17.125  45.854 0.0000000000
125833  50.328  2.518  31.067 0.0000000000
37975  1.794  -35.779  60.252 0.0000000000
70095  34.535  -7.517  38.124 0.0000000000
68956  33.371  -8.571  38.168 0.0000000000
67817  32.129  -9.859  37.518 0.0000000000
66656  31.814  -10.511  37.130 0.0000000000
64211  31.652  -12.499  36.661 0.0000000000
63107  31.563  -14.131  37.355 0.0000000000
51541  19.117  -23.327  49.767 0.0000000000
139176  18.551  -24.002  51.000 0.0000000000
50330  17.989  -24.331  49.564 0.0000000000
50344  16.789  -24.247  48.792 0.0000000000
50333  15.459  -24.576  49.205 0.0000000000
135110  15.433  -21.256  49.495 0.0000000000
52632  15.100  -22.855  49.285 0.0000000000
50334  14.615  -24.340  49.562 0.0000000000
144156  13.371  -24.918  50.539 0.0000000000
50313  12.775  -24.738  51.219 0.0000000000
49102  11.758  -24.861  52.416 0.0000000000
57160  26.532  -18.700  49.716 0.0000000000
57161  25.751  -18.149  49.342 0.0000000000
145480  23.933  -18.391  47.635 0.0000000000
57204  22.643  -18.739  47.111 0.0000000000
58418  20.846  -17.567  48.425 0.0000000000
57206  20.839  -18.670  47.033 0.0000000000
54899  21.546  -20.177  47.141 0.0000000000
53777  20.573  -21.584  48.232 0.0000000000
52631  19.652  -22.707  49.281 0.0000000000
58414  28.620  -16.971  48.484 0.0000000000
58446  28.098  -17.300  47.142 0.0000000000
57200  29.002  -18.694  47.392 0.0000000000
54895  29.843  -20.138  46.939 0.0000000000
54911  31.142  -20.783  46.498 0.0000000000
53770  32.560  -21.359  48.124 0.0000000000
53788  32.765  -21.133  47.471 0.0000000000
56019  34.135  -20.049  46.898 0.0000000000
56017  35.373  -19.929  47.681 0.0000000000
55990  37.116  -19.559  49.018 0.0000000000
78792  53.126  0.572  30.936 0.0000000000
77668  51.966  -1.213  29.258 0.0000000000
75416  52.242  -2.398  28.908 0.0000000000
74412  50.402  -3.489  29.571 0.0000000000
74411  51.348  -3.361  29.403 0.0000000000
73396  43.305  -4.536  31.399 0.0000000000
71322  44.246  -5.983  31.598 0.0000000000
71324  42.665  -5.879  31.672 0.0000000000
70173  42.158  -7.090  32.344 0.0000000000
70153  41.637  -7.724  32.934 0.0000000000
71315  38.996  -6.343  32.643 0.0000000000
70155  39.737  -7.668  33.024 0.0000000000
69020  41.146  -8.190  33.599 0.0000000000
68989  41.060  -8.962  34.923 0.0000000000
66660  40.587  -9.924  35.984 0.0000000000
71255  35.067  -6.154  36.103 0.0000000000
70125  35.165  -7.484  34.815 0.0000000000
69007  35.637  -8.712  34.580 0.0000000000
66680  34.300  -10.558  35.158 0.0000000000
66699  36.194  -10.078  34.850 0.0000000000
66698  36.934  -9.989  34.800 0.0000000000
65435  38.252  -10.742  35.477 0.0000000000
50305  32.301  -24.516  51.312 0.0000000000
135483  33.632  -25.092  51.991 0.0000000000
49093  33.128  -25.524  52.656 0.0000000000
49076  33.384  -25.814  53.453 0.0000000000
75389  43.381  -2.711  32.612 0.0000000000
74390  42.980  -3.793  31.659 0.0000000000
49085  10.871  -25.402  53.274 0.0000000000
49067  10.489  -24.833  54.516 0.0000000000
47797  10.483  -26.239  53.287 0.0000000000
45320  9.928  -28.659  52.936 0.0000000000
43020  9.695  -30.355  53.508 0.0000000000
40922  10.369  -32.773  54.992 0.0000000000
41886  8.174  -31.345  55.274 0.0000000000
40923  9.556  -32.840  55.069 0.0000000000
39997  10.179  -33.450  55.561 0.0000000000
37999  10.901  -35.159  58.019 0.0000000000
37989  10.815  -35.868  59.125 0.0000000000
35872  7.258  -37.484  59.677 0.0000000000
39022  6.968  -34.905  57.945 0.0000000000
36970  6.606  -36.344  58.866 0.0000000000
149540  6.622  -37.445  59.680 0.0000000000
35874  5.268  -37.168  59.782 0.0000000000
36960  4.790  -36.340  59.533 0.0000000000
37983  3.456  -35.359  59.741 0.0000000000
39953  4.358  -33.425  59.348 0.0000000000
130374  3.607  -33.455  59.421 0.0000000000
138137  2.488  -34.971  59.753 0.0000000000
52585  32.845  -23.076  50.703 0.0000000000
52586  32.233  -22.882  50.926 0.0000000000
51508  32.254  -23.745  50.849 0.0000000000
140698  31.634  -24.184  50.998 0.0000000000
50285  31.338  -24.884  51.644 0.0000000000
49097  29.829  -25.306  52.515 0.0000000000
50308  29.084  -24.394  51.106 0.0000000000
140204  28.721  -24.814  51.897 0.0000000000
49080  29.453  -25.572  53.371 0.0000000000
54875  26.118  -20.828  48.563 0.0000000000
53753  26.250  -21.581  48.798 0.0000000000
52589  25.429  -23.199  50.671 0.0000000000
53735  23.123  -21.955  50.030 0.0000000000
130179  24.404  -22.870  51.007 0.0000000000
51491  25.636  -23.967  52.164 0.0000000000
70170  45.102  -7.260  32.704 0.0000000000
64193  29.415  -12.029  39.832 0.0000000000
63098  30.214  -13.949  38.395 0.0000000000
60945  31.700  -15.472  38.428 0.0000000000
58461  27.667  -17.245  45.710 0.0000000000
58483  27.773  -17.663  43.691 0.0000000000
58518  28.215  -17.125  42.115 0.0000000000
57251  30.716  -18.229  43.301 0.0000000000
58481  30.311  -17.685  42.626 0.0000000000
59725  29.348  -16.666  41.306 0.0000000000
59739  30.833  -16.432  40.605 0.0000000000
60920  32.057  -16.188  39.841 0.0000000000
60932  33.324  -15.848  39.028 0.0000000000
60918  34.476  -15.974  40.176 0.0000000000
50303  35.082  -24.494  51.555 0.0000000000
50302  35.995  -24.303  51.759 0.0000000000
51502  37.397  -23.499  51.619 0.0000000000
142403  37.867  -23.577  52.328 0.0000000000
52582  37.824  -22.663  51.096 0.0000000000
78827  46.795  0.200  27.983 0.0000000000
80933  53.137  2.665  30.010 0.0000000000
143254  51.446  2.333  29.602 0.0000000000
77679  55.034  0.179  27.715 0.0000000000
80963  53.443  2.402  28.391 0.0000000000
79891  50.270  1.760  29.139 0.0000000000
144071  50.161  1.136  28.046 0.0000000000
79931  51.003  0.802  27.142 0.0000000000
71320  46.097  -6.164  31.646 0.0000000000
71321  45.184  -6.036  31.556 0.0000000000
137716  43.981  -4.593  31.236 0.0000000000
62004  32.522  -14.460  37.159 0.0000000000
63105  33.020  -13.976  36.656 0.0000000000
62003  33.495  -14.643  37.178 0.0000000000
61988  34.000  -15.210  37.918 0.0000000000
135082  11.365  -26.617  51.796 0.0000000000
45355  12.083  -27.865  51.444 0.0000000000
46550  11.383  -27.523  51.713 0.0000000000
148546  10.981  -27.877  51.988 0.0000000000
54852  27.898  -20.171  50.240 0.0000000000
55994  27.474  -19.756  49.998 0.0000000000
52593  19.665  -22.607  51.182 0.0000000000
60791  27.831  -15.811  47.646 0.0000000000
54903  17.817  -20.763  47.464 0.0000000000
53779  16.867  -21.927  47.981 0.0000000000
54882  16.984  -20.926  47.960 0.0000000000
56011  17.582  -19.494  48.009 0.0000000000
56010  18.325  -19.144  47.631 0.0000000000
56027  18.057  -19.956  47.364 0.0000000000
56004  30.901  -20.014  48.772 0.0000000000
54861  31.633  -20.441  49.166 0.0000000000
52620  36.051  -22.287  49.472 0.0000000000
53729  36.851  -21.859  49.689 0.0000000000
76506  48.444  -1.921  30.408 0.0000000000
126890  48.933  -1.268  31.133 0.0000000000
76505  49.924  -1.184  30.654 0.0000000000
133023  49.955  -5.429  31.229 0.0000000000
72394  50.141  -5.002  30.678 0.0000000000
72382  50.707  -5.231  31.068 0.0000000000
72381  51.450  -5.367  31.603 0.0000000000
35844  7.676  -37.941  61.420 0.0000000000
73367  39.997  -4.199  32.843 0.0000000000
73382  40.398  -4.643  32.410 0.0000000000
73368  39.270  -4.417  33.085 0.0000000000
145375  37.101  -7.880  33.820 0.0000000000
69024  37.728  -8.276  33.764 0.0000000000
69005  38.085  -8.876  34.058 0.0000000000
67866  37.606  -9.555  34.546 0.0000000000
68969  33.237  -8.589  37.024 0.0000000000
68980  33.442  -8.682  36.116 0.0000000000
64210  36.608  -13.120  36.696 0.0000000000
65424  36.500  -12.060  35.873 0.0000000000
64222  37.065  -12.511  36.348 0.0000000000
49079  30.900  -25.761  53.429 0.0000000000
147069  31.307  -25.897  53.991 0.0000000000
74352  39.531  -3.689  34.343 0.0000000000
74351  40.288  -3.407  34.289 0.0000000000
74368  40.424  -3.598  33.295 0.0000000000
49125  15.840  -25.370  49.550 0.0000000000
47832  16.115  -26.353  51.100 0.0000000000
47833  15.501  -26.489  50.667 0.0000000000
40908  11.901  -32.866  56.454 0.0000000000
39972  12.123  -33.019  57.236 0.0000000000
39973  11.750  -33.702  57.428 0.0000000000
128441  11.647  -33.435  56.800 0.0000000000
135177  8.634  -28.389  55.086 0.0000000000
40910  7.800  -33.369  56.512 0.0000000000
39033  8.533  -34.933  57.010 0.0000000000
39034  7.548  -34.550  57.278 0.0000000000
41843  5.541  -31.843  59.138 0.0000000000
39951  5.816  -33.554  58.820 0.0000000000
53715  30.404  -21.744  51.489 0.0000000000
52587  30.761  -22.677  50.739 0.0000000000
51528  30.123  -22.973  50.121 0.0000000000
51513  26.754  -23.802  50.951 0.0000000000
50290  26.504  -24.381  52.297 0.0000000000
54897  23.307  -20.133  47.554 0.0000000000
54878  23.735  -20.647  48.032 0.0000000000
53774  23.431  -21.086  48.502 0.0000000000
69018  43.082  -8.185  33.753 0.0000000000
70134  44.006  -8.088  33.887 0.0000000000
68999  43.457  -8.284  34.576 0.0000000000
60890  27.789  -15.497  42.041 0.0000000000
63056  28.103  -13.693  42.107 0.0000000000
142916  28.061  -14.706  41.447 0.0000000000
61959  28.566  -14.386  40.503 0.0000000000
60924  28.527  -15.263  40.779 0.0000000000
56042  31.278  -19.926  45.221 0.0000000000
56043  30.190  -20.321  45.055 0.0000000000
59672  34.182  -16.614  44.612 0.0000000000
59674  32.910  -16.902  43.877 0.0000000000
59688  33.815  -16.617  43.708 0.0000000000
59706  33.287  -16.576  42.116 0.0000000000
146816  34.497  -16.544  43.154 0.0000000000
134007  34.685  -16.431  42.429 0.0000000000
79880  47.568  1.535  30.565 0.0000000000
79893  48.400  1.369  29.828 0.0000000000
76531  53.448  -1.465  28.353 0.0000000000
77681  53.820  -0.707  28.328 0.0000000000
146995  16.993  -18.128  49.951 0.0000000000
57165  16.738  -18.709  49.677 0.0000000000
57142  16.504  -18.115  50.334 0.0000000000
57164  17.495  -18.182  49.466 0.0000000000
72384  48.195  -5.667  31.289 0.0000000000
145220  48.765  -6.033  32.125 0.0000000000
72373  47.782  -6.170  31.921 0.0000000000
71309  46.461  -6.694  32.325 0.0000000000
71308  47.304  -6.587  32.527 0.0000000000
53730  33.141  -22.182  49.948 0.0000000000
51527  34.330  -23.448  50.288 0.0000000000
52602  35.719  -22.949  49.905 0.0000000000
126820  44.663  -2.195  32.813 0.0000000000
74387  45.778  -3.532  30.838 0.0000000000
75396  46.258  -2.704  30.894 0.0000000000
75395  47.086  -2.401  30.769 0.0000000000
75407  46.850  -3.053  30.557 0.0000000000
75406  47.448  -2.969  30.333 0.0000000000
127761  47.150  -3.796  30.431 0.0000000000
72398  46.810  -5.161  30.891 0.0000000000
72397  47.662  -5.125  30.783 0.0000000000
73341  38.104  -4.216  35.256 0.0000000000
73349  38.247  -4.385  34.263 0.0000000000
72334  36.288  -5.500  34.952 0.0000000000
71277  36.907  -5.333  34.346 0.0000000000
71278  36.394  -6.651  34.016 0.0000000000
65425  32.842  -11.457  35.708 0.0000000000
64226  33.025  -12.421  35.773 0.0000000000
63113  34.384  -13.400  36.246 0.0000000000
63112  35.191  -13.398  36.439 0.0000000000
61974  35.513  -15.123  38.744 0.0000000000
61973  36.086  -15.015  39.092 0.0000000000
60916  36.916  -15.171  40.513 0.0000000000
47835  13.328  -26.423  50.601 0.0000000000
46582  13.976  -27.009  50.765 0.0000000000
47818  13.175  -27.037  50.861 0.0000000000
45338  13.054  -28.755  51.979 0.0000000000
44144  13.240  -29.259  52.710 0.0000000000
44132  13.405  -29.559  53.582 0.0000000000
44120  12.925  -30.171  53.910 0.0000000000
43018  11.376  -30.464  53.213 0.0000000000
43017  12.182  -30.406  53.471 0.0000000000
43006  11.704  -30.980  53.823 0.0000000000
136521  7.045  -30.611  57.832 0.0000000000
138984  7.238  -32.081  57.126 0.0000000000
41864  7.103  -31.377  57.460 0.0000000000
40891  6.808  -31.999  57.882 0.0000000000
41854  6.713  -30.990  58.175 0.0000000000
54841  28.685  -20.238  51.445 0.0000000000
53716  29.675  -21.220  51.212 0.0000000000
53733  28.530  -21.423  49.953 0.0000000000
52624  27.894  -21.927  49.507 0.0000000000
52625  27.287  -22.298  49.407 0.0000000000
52626  26.566  -22.315  49.289 0.0000000000
53758  21.411  -21.748  49.743 0.0000000000
53738  20.816  -22.060  50.279 0.0000000000
61910  27.601  -15.143  43.381 0.0000000000
60841  27.502  -15.821  43.834 0.0000000000
135874  33.911  -18.782  46.282 0.0000000000
57218  34.409  -18.212  46.627 0.0000000000
58428  36.218  -17.095  47.939 0.0000000000
58429  35.651  -17.257  47.450 0.0000000000
58444  35.196  -17.053  46.924 0.0000000000
68955  34.121  -8.141  38.629 0.0000000000
67806  32.324  -9.594  38.353 0.0000000000
66646  31.774  -10.108  38.046 0.0000000000
65411  30.920  -11.911  37.527 0.0000000000
64212  31.218  -13.104  37.222 0.0000000000
146379  30.648  -12.742  37.799 0.0000000000
138217  18.543  -23.897  49.863 0.0000000000
51542  18.403  -23.789  49.121 0.0000000000
51560  16.322  -23.185  48.486 0.0000000000
51559  16.890  -23.627  48.474 0.0000000000
50345  16.047  -23.905  48.745 0.0000000000
50332  16.340  -24.730  49.118 0.0000000000
55998  15.661  -19.864  50.011 0.0000000000
54865  15.798  -20.515  49.400 0.0000000000
53739  15.259  -20.628  50.083 0.0000000000
125463  14.332  -21.978  50.636 0.0000000000
52633  14.628  -22.411  49.968 0.0000000000
51545  14.516  -23.359  49.759 0.0000000000
50322  13.845  -24.020  50.297 0.0000000000
128605  14.097  -25.027  49.982 0.0000000000
51495  13.027  -23.124  52.067 0.0000000000
129980  12.914  -23.929  51.660 0.0000000000
50295  12.309  -24.371  52.015 0.0000000000
145314  26.066  -18.177  50.164 0.0000000000
58380  25.391  -17.799  50.277 0.0000000000
58415  23.873  -17.713  48.306 0.0000000000
57180  23.176  -18.180  47.635 0.0000000000
57203  23.472  -18.873  47.303 0.0000000000
140079  19.407  -19.179  46.995 0.0000000000
140435  20.456  -19.310  46.784 0.0000000000
56024  21.215  -19.432  46.834 0.0000000000
54900  20.519  -20.159  46.887 0.0000000000
54881  21.016  -20.900  47.606 0.0000000000
53790  20.119  -21.070  47.281 0.0000000000
52659  18.965  -22.070  47.477 0.0000000000
52643  19.414  -22.536  48.244 0.0000000000
58431  29.009  -17.713  48.438 0.0000000000
143296  28.873  -18.072  47.814 0.0000000000
138132  29.322  -18.467  48.154 0.0000000000
54874  30.724  -20.429  47.886 0.0000000000
146032  30.159  -20.075  47.589 0.0000000000
54894  30.522  -20.664  47.084 0.0000000000
54912  30.227  -20.677  46.309 0.0000000000
140562  31.970  -20.922  46.998 0.0000000000
53750  33.479  -22.001  48.906 0.0000000000
53769  33.202  -21.496  48.162 0.0000000000
53787  33.569  -21.155  47.652 0.0000000000
54891  34.306  -20.666  47.488 0.0000000000
54892  33.518  -20.617  47.040 0.0000000000
54890  35.013  -20.399  47.662 0.0000000000
54859  36.767  -20.523  48.973 0.0000000000
139108  36.398  -19.813  48.393 0.0000000000
132228  46.870  -1.430  32.810 0.0000000000
77649  52.244  0.217  31.117 0.0000000000
127164  51.606  -2.463  29.204 0.0000000000
73426  49.122  -3.740  29.823 0.0000000000
74413  49.520  -3.250  29.649 0.0000000000
73425  49.712  -3.986  29.803 0.0000000000
73423  51.090  -4.144  29.761 0.0000000000
131466  52.135  -3.166  29.162 0.0000000000
73397  42.541  -4.506  31.608 0.0000000000
72389  42.942  -5.258  31.499 0.0000000000
144695  42.040  -5.269  31.658 0.0000000000
139909  41.442  -6.556  32.121 0.0000000000
70174  41.102  -7.132  32.449 0.0000000000
72361  38.443  -5.637  32.911 0.0000000000
71296  38.357  -6.743  32.934 0.0000000000
69022  39.336  -8.258  33.536 0.0000000000
69021  40.231  -8.232  33.536 0.0000000000
69002  40.688  -8.667  34.195 0.0000000000
67841  39.258  -9.904  35.109 0.0000000000
131524  39.952  -9.595  35.054 0.0000000000
66674  39.993  -9.983  35.553 0.0000000000
71245  35.429  -6.164  37.147 0.0000000000
70115  34.680  -6.735  36.672 0.0000000000
136058  34.135  -8.408  35.532 0.0000000000
70126  34.637  -7.453  35.363 0.0000000000
68990  34.961  -8.178  34.920 0.0000000000
133883  35.531  -7.957  34.521 0.0000000000
65438  35.128  -11.143  35.146 0.0000000000
65437  36.655  -11.378  35.436 0.0000000000
124287  35.987  -10.878  35.084 0.0000000000
66678  36.802  -10.651  35.076 0.0000000000
66677  37.571  -10.359  35.055 0.0000000000
50283  32.771  -25.123  51.919 0.0000000000
49094  32.333  -25.551  52.625 0.0000000000
49059  32.671  -26.016  54.093 0.0000000000
75379  43.343  -2.505  33.579 0.0000000000
75380  42.616  -2.774  33.148 0.0000000000
74378  41.479  -3.891  32.288 0.0000000000
73380  42.236  -3.810  31.995 0.0000000000
50312  17.965  -24.680  51.079 0.0000000000
50293  17.935  -24.583  52.066 0.0000000000
49109  17.372  -25.269  51.657 0.0000000000
42967  12.995  -31.022  57.290 0.0000000000
50272  11.554  -23.783  53.543 0.0000000000
47780  9.664  -26.328  54.986 0.0000000000
49049  10.050  -25.596  54.734 0.0000000000
47787  10.019  -26.287  54.117 0.0000000000
49068  10.454  -25.510  54.008 0.0000000000
128016  10.061  -27.083  53.377 0.0000000000
46532  10.110  -27.822  52.836 0.0000000000
144794  9.664  -27.862  53.538 0.0000000000
43007  9.001  -30.555  54.050 0.0000000000
41909  9.637  -31.076  53.823 0.0000000000
41897  10.132  -31.684  54.075 0.0000000000
40933  9.845  -32.267  54.567 0.0000000000
42994  8.021  -30.346  55.492 0.0000000000
39998  9.109  -33.373  55.554 0.0000000000
40924  8.713  -32.632  55.291 0.0000000000
39983  10.433  -34.102  56.304 0.0000000000
39031  10.502  -34.747  57.072 0.0000000000
37990  9.577  -36.017  58.147 0.0000000000
137203  10.396  -35.779  58.354 0.0000000000
36955  10.346  -36.502  59.597 0.0000000000
36957  8.725  -37.064  59.311 0.0000000000
138525  7.939  -37.206  59.299 0.0000000000
35858  8.295  -37.565  60.043 0.0000000000
135994  6.388  -34.060  58.361 0.0000000000
37993  6.736  -35.620  58.432 0.0000000000
139126  6.598  -37.061  59.302 0.0000000000
36959  5.781  -36.500  59.229 0.0000000000
35873  6.083  -37.333  59.651 0.0000000000
37982  4.310  -35.355  59.501 0.0000000000
135351  4.827  -32.487  59.382 0.0000000000
40875  4.347  -31.861  59.744 0.0000000000
39012  3.691  -34.394  59.494 0.0000000000
39013  2.824  -33.940  59.460 0.0000000000
144723  2.288  -33.608  59.226 0.0000000000
143764  33.072  -22.679  50.563 0.0000000000
50286  30.362  -24.893  51.669 0.0000000000
49096  30.677  -25.390  52.471 0.0000000000
51510  29.621  -23.672  50.422 0.0000000000
51511  28.639  -23.822  50.514 0.0000000000
49098  28.903  -25.237  52.670 0.0000000000
49081  28.629  -25.520  53.591 0.0000000000
50267  28.205  -25.229  53.121 0.0000000000
55996  26.229  -19.035  48.841 0.0000000000
56007  26.268  -20.041  48.591 0.0000000000
53771  25.626  -21.189  48.551 0.0000000000
53754  25.274  -21.740  48.867 0.0000000000
52627  25.629  -22.310  49.321 0.0000000000
52608  25.003  -22.708  50.052 0.0000000000
53736  22.130  -21.729  50.039 0.0000000000
51493  23.919  -23.162  52.443 0.0000000000
51516  24.351  -23.143  51.831 0.0000000000
51515  25.060  -23.416  51.550 0.0000000000
71312  43.779  -6.658  32.013 0.0000000000
71311  44.690  -6.708  32.055 0.0000000000
70171  44.185  -7.291  32.553 0.0000000000
64184  28.915  -12.608  40.300 0.0000000000
61975  29.552  -14.071  39.128 0.0000000000
61992  30.292  -14.811  38.722 0.0000000000
61991  31.001  -14.692  38.027 0.0000000000
60946  30.951  -15.328  38.636 0.0000000000
58460  28.036  -17.923  46.323 0.0000000000
58447  27.776  -17.092  46.475 0.0000000000
136099  28.380  -18.776  45.645 0.0000000000
57253  28.218  -19.255  43.628 0.0000000000
57254  27.941  -18.619  43.679 0.0000000000
57267  27.904  -18.454  42.893 0.0000000000
58502  27.789  -17.636  42.836 0.0000000000
58501  28.359  -17.773  42.470 0.0000000000
57237  32.075  -18.247  44.413 0.0000000000
58480  31.311  -17.530  42.994 0.0000000000
58500  29.862  -17.177  41.951 0.0000000000
59724  30.349  -16.742  41.321 0.0000000000
59740  29.762  -16.295  40.558 0.0000000000
59737  32.859  -16.435  40.659 0.0000000000
143966  32.449  -16.341  40.264 0.0000000000
60919  32.920  -16.190  39.863 0.0000000000
60933  32.349  -15.896  39.105 0.0000000000
127937  33.719  -16.059  39.751 0.0000000000
60931  34.198  -15.809  39.278 0.0000000000
60889  35.999  -15.856  41.450 0.0000000000
50304  34.153  -24.572  51.394 0.0000000000
50282  34.539  -25.004  52.153 0.0000000000
50280  36.446  -24.523  52.588 0.0000000000
130974  36.740  -24.044  51.912 0.0000000000
51503  36.511  -23.745  51.234 0.0000000000
52564  38.227  -22.966  51.909 0.0000000000
52581  38.570  -22.152  51.485 0.0000000000
78813  47.214  0.669  28.821 0.0000000000
78814  46.148  0.502  28.566 0.0000000000
78826  48.412  0.178  27.551 0.0000000000
79890  54.380  1.575  29.488 0.0000000000
80948  54.488  2.020  30.097 0.0000000000
80949  54.265  2.189  29.810 0.0000000000
126039  52.157  2.607  29.980 0.0000000000
80950  53.323  2.409  29.180 0.0000000000
80962  54.051  2.395  28.043 0.0000000000
124659  54.315  2.130  28.134 0.0000000000
80964  52.705  2.371  28.440 0.0000000000
125357  52.013  2.282  29.122 0.0000000000
80965  51.877  2.152  28.487 0.0000000000
79904  50.597  1.578  28.438 0.0000000000
79903  51.379  1.835  28.173 0.0000000000
145996  46.586  -5.713  31.310 0.0000000000
147748  33.909  -23.139  50.115 0.0000000000
51505  34.693  -24.047  50.842 0.0000000000
74388  44.256  -3.290  31.448 0.0000000000
75398  44.780  -2.815  31.556 0.0000000000
124534  44.997  -3.473  31.138 0.0000000000
73414  46.366  -4.380  30.723 0.0000000000
36950  4.394  -36.974  60.125 0.0000000000
73332  37.482  -4.526  35.505 0.0000000000
72323  37.140  -4.761  36.247 0.0000000000
72324  36.282  -5.171  35.841 0.0000000000
72325  35.654  -5.798  35.498 0.0000000000
64227  32.444  -12.930  36.175 0.0000000000
142806  32.730  -13.477  36.397 0.0000000000
63104  33.942  -14.037  36.678 0.0000000000
62001  35.389  -14.515  37.625 0.0000000000
129194  34.789  -14.977  37.939 0.0000000000
60930  35.469  -15.384  39.332 0.0000000000
46570  12.656  -27.392  51.153 0.0000000000
46571  11.975  -27.059  51.310 0.0000000000
44145  12.289  -29.222  52.246 0.0000000000
44146  11.239  -29.209  52.308 0.0000000000
43027  10.890  -29.856  52.749 0.0000000000
42958  6.805  -30.103  58.466 0.0000000000
54851  28.413  -20.570  50.490 0.0000000000
52630  20.270  -22.301  49.831 0.0000000000
52611  20.229  -22.303  50.798 0.0000000000
60808  27.528  -15.681  45.660 0.0000000000
57175  36.774  -18.625  48.602 0.0000000000
58412  35.649  -18.028  47.577 0.0000000000
58411  36.352  -17.694  48.196 0.0000000000
66647  31.442  -10.338  38.774 0.0000000000
52644  18.565  -22.732  47.858 0.0000000000
51558  17.894  -23.387  48.264 0.0000000000
52645  17.627  -22.444  47.779 0.0000000000
52646  16.172  -22.396  48.485 0.0000000000
54853  14.738  -20.658  50.774 0.0000000000
129007  14.298  -21.281  51.023 0.0000000000
53721  13.915  -21.925  51.329 0.0000000000
58401  22.221  -17.212  49.211 0.0000000000
58420  19.133  -17.790  48.691 0.0000000000
57208  19.084  -18.828  47.360 0.0000000000
56026  18.912  -19.662  46.986 0.0000000000
54901  19.513  -20.409  46.888 0.0000000000
53792  18.390  -21.389  47.355 0.0000000000
57177  29.802  -18.924  48.508 0.0000000000
53767  35.020  -21.453  48.358 0.0000000000
53766  35.720  -21.261  48.582 0.0000000000
54870  35.584  -20.560  48.097 0.0000000000
53746  37.024  -21.110  49.409 0.0000000000
130897  49.135  -0.876  32.067 0.0000000000
77657  51.621  -0.391  30.351 0.0000000000
76504  50.841  -0.792  30.546 0.0000000000
76516  50.500  -1.592  29.844 0.0000000000
73411  49.882  -4.582  30.152 0.0000000000
73410  50.730  -4.733  30.306 0.0000000000
73409  51.626  -4.614  30.246 0.0000000000
73408  52.506  -4.562  30.328 0.0000000000
73392  52.055  -4.983  30.979 0.0000000000
73381  41.150  -4.759  32.044 0.0000000000
72375  40.491  -5.372  32.187 0.0000000000
142448  39.930  -5.761  32.312 0.0000000000
139622  37.566  -6.712  33.276 0.0000000000
69004  38.965  -8.842  34.044 0.0000000000
70106  34.243  -7.354  37.155 0.0000000000
64237  35.065  -11.984  35.398 0.0000000000
49078  31.872  -25.842  53.490 0.0000000000
74339  40.614  -3.358  35.439 0.0000000000
74350  41.175  -3.063  34.609 0.0000000000
74366  41.754  -2.891  33.729 0.0000000000
74367  41.169  -3.383  33.010 0.0000000000
49117  17.152  -25.370  50.692 0.0000000000
49110  16.696  -25.884  51.299 0.0000000000
47815  16.278  -26.347  51.877 0.0000000000
133777  12.533  -31.562  55.948 0.0000000000
41873  12.646  -31.647  56.666 0.0000000000
40899  12.387  -32.332  56.935 0.0000000000
131384  12.498  -32.406  57.729 0.0000000000
39963  12.103  -33.853  58.706 0.0000000000
39021  11.598  -34.532  58.418 0.0000000000
124738  9.680  -25.673  55.457 0.0000000000
124506  9.141  -27.900  54.465 0.0000000000
45321  9.380  -28.651  53.602 0.0000000000
45296  8.879  -28.875  54.220 0.0000000000
43008  8.447  -30.065  54.706 0.0000000000
40909  7.985  -32.060  55.744 0.0000000000
39985  8.599  -33.795  56.117 0.0000000000
39042  9.845  -34.553  56.513 0.0000000000
39032  9.545  -35.032  56.979 0.0000000000
37991  8.595  -36.056  58.086 0.0000000000
37992  7.587  -35.873  58.142 0.0000000000
51512  27.648  -23.872  50.759 0.0000000000
50289  27.334  -24.657  52.339 0.0000000000
50268  27.540  -25.033  53.100 0.0000000000
56009  24.900  -19.760  47.820 0.0000000000
54876  25.466  -20.467  48.254 0.0000000000
54877  24.563  -20.568  48.054 0.0000000000
53755  24.410  -21.672  48.958 0.0000000000
52591  22.784  -22.414  51.728 0.0000000000
52569  23.110  -22.786  52.422 0.0000000000
70151  43.642  -7.810  33.084 0.0000000000
63069  28.524  -12.971  41.731 0.0000000000
63080  28.530  -13.254  40.770 0.0000000000
61976  29.130  -14.553  39.731 0.0000000000
56044  28.656  -19.571  45.107 0.0000000000
54921  29.232  -20.254  45.187 0.0000000000
56057  29.553  -19.926  44.381 0.0000000000
57239  29.937  -19.081  43.705 0.0000000000
58469  33.083  -17.122  44.733 0.0000000000
58470  32.447  -17.468  44.224 0.0000000000
143591  32.489  -16.892  43.120 0.0000000000
59708  31.728  -16.860  42.053 0.0000000000
59723  31.318  -16.684  41.428 0.0000000000
129529  32.031  -16.673  41.603 0.0000000000
59722  32.681  -16.584  41.454 0.0000000000
59721  33.481  -16.472  41.271 0.0000000000
59720  34.288  -16.272  41.086 0.0000000000
141676  34.766  -16.276  41.707 0.0000000000
50266  34.877  -25.311  52.983 0.0000000000
50265  35.781  -25.075  53.212 0.0000000000
50264  36.628  -24.813  53.484 0.0000000000
79894  47.171  1.113  29.734 0.0000000000
132326  48.116  0.807  28.712 0.0000000000
78801  53.713  0.480  29.614 0.0000000000
136279  54.078  0.869  30.119 0.0000000000
78800  54.186  0.721  29.306 0.0000000000
78811  54.432  0.339  28.456 0.0000000000
129082  54.405  2.614  27.230 0.0000000000
80975  52.876  2.322  27.623 0.0000000000
80974  53.879  2.708  27.196 0.0000000000
56012  16.910  -19.977  48.360 0.0000000000
139112  18.850  -17.450  49.356 0.0000000000
57163  18.358  -17.951  48.997 0.0000000000
57186  17.900  -18.695  48.489 0.0000000000
126572  49.700  -5.803  31.959 0.0000000000
142954  50.212  -5.878  32.539 0.0000000000
54860  32.284  -20.947  49.533 0.0000000000
52622  34.691  -22.576  49.333 0.0000000000
52621  35.351  -22.594  49.464 0.0000000000
143374  45.769  -1.936  32.405 0.0000000000
76485  46.380  -1.761  32.215 0.0000000000
75386  45.934  -2.235  31.683 0.0000000000
75404  49.115  -2.439  29.867 0.0000000000
75405  48.238  -2.828  30.030 0.0000000000
74399  48.496  -3.704  29.981 0.0000000000
73413  47.980  -4.353  30.345 0.0000000000
35860  6.563  -37.722  60.217 0.0000000000
73348  38.990  -4.067  33.893 0.0000000000
72346  37.680  -5.195  33.654 0.0000000000
71297  37.004  -6.064  33.632 0.0000000000
70158  37.028  -7.070  33.590 0.0000000000
69006  36.283  -8.187  34.169 0.0000000000
66655  32.337  -10.054  36.661 0.0000000000
66663  32.819  -10.478  35.829 0.0000000000
64225  33.952  -12.714  35.749 0.0000000000
64238  34.379  -12.200  35.477 0.0000000000
63111  35.801  -13.026  36.321 0.0000000000
63095  37.216  -14.050  38.278 0.0000000000
61972  37.414  -14.392  39.128 0.0000000000
134725  35.902  -14.792  38.355 0.0000000000
61986  36.647  -14.599  38.691 0.0000000000
61957  37.589  -14.671  39.989 0.0000000000
49061  30.749  -25.962  54.465 0.0000000000
125052  29.923  -25.976  54.657 0.0000000000
143644  14.402  -25.827  50.016 0.0000000000
47834  14.677  -26.482  50.414 0.0000000000
46568  14.347  -27.682  51.578 0.0000000000
45352  14.229  -28.219  52.211 0.0000000000
45353  13.647  -28.237  51.761 0.0000000000
45336  14.402  -28.390  52.928 0.0000000000
43005  12.451  -30.787  54.286 0.0000000000
41885  12.107  -31.871  55.372 0.0000000000
42981  7.626  -30.058  56.589 0.0000000000
41875  7.443  -31.654  56.613 0.0000000000
39975  7.310  -33.657  57.174 0.0000000000
40892  6.267  -32.265  58.446 0.0000000000
41855  6.343  -31.314  58.542 0.0000000000
51532  26.351  -23.352  50.412 0.0000000000
54880  21.932  -20.826  47.859 0.0000000000
53775  22.285  -21.223  48.678 0.0000000000
146498  21.953  -21.491  49.332 0.0000000000
53720  20.751  -22.150  51.156 0.0000000000
53719  21.399  -22.134  51.488 0.0000000000
52592  21.994  -22.273  51.801 0.0000000000
131816  43.086  -8.409  35.216 0.0000000000
61930  27.648  -15.453  42.730 0.0000000000
56041  32.761  -19.251  45.669 0.0000000000
128460  32.072  -19.368  45.234 0.0000000000
56040  33.421  -18.794  45.939 0.0000000000
57226  33.085  -18.255  45.514 0.0000000000
58458  33.391  -17.439  45.409 0.0000000000
58430  35.051  -17.656  47.040 0.0000000000
58445  34.534  -17.405  46.480 0.0000000000
59659  33.722  -16.876  45.151 0.0000000000
59658  34.472  -16.718  45.430 0.0000000000
80935  49.513  2.110  30.705 0.0000000000
74425  53.804  -3.018  28.723 0.0000000000
75428  54.227  -2.285  28.203 0.0000000000
36962  2.880  -35.876  60.153 0.0000000000
68968  33.813  -7.973  37.645 0.0000000000
67816  32.643  -9.220  37.517 0.0000000000
65410  31.569  -11.427  36.823 0.0000000000
65401  31.260  -10.828  37.759 0.0000000000
51517  19.038  -23.285  51.340 0.0000000000
51534  18.825  -23.652  50.500 0.0000000000
50321  18.279  -24.269  50.356 0.0000000000
51543  17.557  -24.087  48.827 0.0000000000
50331  17.218  -24.659  49.304 0.0000000000
49124  16.797  -25.257  49.788 0.0000000000
49126  14.918  -25.236  49.605 0.0000000000
54883  16.332  -20.596  48.696 0.0000000000
54884  15.880  -21.110  48.959 0.0000000000
52647  15.549  -22.446  48.931 0.0000000000
53761  15.207  -22.036  49.470 0.0000000000
51544  15.185  -23.722  49.105 0.0000000000
141909  13.638  -25.706  50.348 0.0000000000
149419  13.256  -24.226  50.935 0.0000000000
49111  12.787  -25.702  50.845 0.0000000000
49101  12.161  -25.255  51.589 0.0000000000
145285  11.537  -25.694  51.996 0.0000000000
55978  27.137  -19.070  50.233 0.0000000000
57178  25.449  -18.594  48.408 0.0000000000
57162  24.882  -17.839  48.744 0.0000000000
127288  25.060  -19.039  47.827 0.0000000000
57202  24.306  -19.113  47.538 0.0000000000
56021  23.645  -19.518  47.382 0.0000000000
54898  22.462  -20.173  47.381 0.0000000000
58417  21.783  -17.559  48.358 0.0000000000
57183  20.387  -18.072  47.693 0.0000000000
57182  21.312  -18.058  47.620 0.0000000000
57181  22.248  -18.079  47.593 0.0000000000
57205  21.742  -18.686  47.028 0.0000000000
56023  22.112  -19.469  46.960 0.0000000000
53778  19.787  -21.840  47.779 0.0000000000
53760  20.136  -22.161  48.791 0.0000000000
51533  19.313  -23.092  50.639 0.0000000000
59630  28.171  -16.720  47.792 0.0000000000
58432  28.549  -17.467  47.824 0.0000000000
57201  28.498  -18.037  47.208 0.0000000000
57220  28.628  -18.742  46.578 0.0000000000
56006  29.623  -19.351  47.687 0.0000000000
56020  29.228  -19.451  46.793 0.0000000000
54913  29.525  -20.185  46.129 0.0000000000
54920  30.682  -20.563  45.737 0.0000000000
133455  31.431  -20.421  45.877 0.0000000000
54872  32.083  -21.134  48.603 0.0000000000
53789  31.992  -21.188  47.755 0.0000000000
54909  32.723  -20.573  46.675 0.0000000000
56035  32.621  -20.008  46.111 0.0000000000
56034  33.462  -19.700  46.360 0.0000000000
57198  35.515  -19.168  47.515 0.0000000000
56003  35.821  -19.672  47.920 0.0000000000
57176  36.122  -18.828  47.985 0.0000000000
125629  53.911  0.983  31.217 0.0000000000
77655  53.132  0.288  29.936 0.0000000000
77656  52.403  -0.007  30.142 0.0000000000
77667  52.684  -0.419  29.393 0.0000000000
76515  52.794  -1.072  28.835 0.0000000000
75430  52.746  -1.943  28.618 0.0000000000
75418  49.987  -2.512  29.603 0.0000000000
75417  50.823  -2.551  29.422 0.0000000000
75415  52.901  -2.923  28.808 0.0000000000
72388  43.758  -5.272  31.393 0.0000000000
71323  43.384  -5.965  31.648 0.0000000000
71313  42.893  -6.553  31.968 0.0000000000
145126  42.072  -6.231  31.861 0.0000000000
69019  42.104  -8.188  33.680 0.0000000000
72360  39.002  -5.044  32.819 0.0000000000
72376  39.276  -5.681  32.571 0.0000000000
71314  39.701  -6.432  32.443 0.0000000000
70176  39.284  -7.039  32.696 0.0000000000
70175  40.164  -7.099  32.551 0.0000000000
70154  40.659  -7.693  32.955 0.0000000000
69001  41.557  -8.544  34.373 0.0000000000
67839  41.359  -9.114  35.563 0.0000000000
67863  40.279  -9.140  34.718 0.0000000000
67840  40.659  -9.469  35.427 0.0000000000
71254  35.770  -5.610  36.425 0.0000000000
71256  34.663  -6.825  35.861 0.0000000000
71266  35.148  -6.666  35.160 0.0000000000
70135  35.780  -7.220  34.384 0.0000000000
67845  33.514  -10.020  35.457 0.0000000000
67844  34.239  -9.546  35.217 0.0000000000
66679  35.211  -10.113  34.987 0.0000000000
67868  35.701  -9.467  34.752 0.0000000000
67867  36.496  -9.272  34.475 0.0000000000
67842  38.368  -10.075  35.028 0.0000000000
66676  38.878  -10.419  35.441 0.0000000000
66662  39.061  -10.980  35.955 0.0000000000
66661  40.038  -10.545  36.172 0.0000000000
140877  33.244  -24.557  51.310 0.0000000000
75378  44.033  -2.374  33.133 0.0000000000
74377  42.749  -3.191  32.253 0.0000000000
74376  43.516  -3.177  31.818 0.0000000000
74389  43.724  -3.870  31.365 0.0000000000
130476  11.915  -24.056  52.821 0.0000000000
146428  11.288  -25.299  52.697 0.0000000000
127263  10.802  -24.873  53.822 0.0000000000
46551  10.658  -27.188  52.391 0.0000000000
44147  10.515  -29.154  52.615 0.0000000000
44135  10.025  -29.614  53.018 0.0000000000
43019  10.546  -30.420  53.209 0.0000000000
41908  10.340  -31.047  53.636 0.0000000000
40932  10.672  -32.208  54.553 0.0000000000
39996  10.892  -33.045  55.389 0.0000000000
44104  8.196  -29.567  55.345 0.0000000000
130236  8.505  -30.921  54.704 0.0000000000
128856  8.481  -32.009  55.121 0.0000000000
41899  8.653  -31.625  54.793 0.0000000000
39982  11.172  -33.451  56.069 0.0000000000
39974  11.168  -34.038  56.830 0.0000000000
39030  11.337  -34.414  57.597 0.0000000000
37988  11.298  -35.182  58.855 0.0000000000
142261  10.860  -35.519  58.576 0.0000000000
36949  9.258  -37.241  59.998 0.0000000000
35859  7.475  -37.825  60.551 0.0000000000
142767  7.256  -36.312  58.582 0.0000000000
36958  7.291  -36.890  59.027 0.0000000000
127363  5.766  -37.606  60.172 0.0000000000
36961  3.883  -36.163  59.873 0.0000000000
148339  5.242  -32.107  59.281 0.0000000000
144284  3.978  -32.691  59.507 0.0000000000
58413  29.125  -17.242  49.170 0.0000000000
147488  30.177  -25.584  53.154 0.0000000000
50287  29.471  -24.882  51.780 0.0000000000
55995  26.915  -19.681  49.351 0.0000000000
54863  26.822  -20.714  48.837 0.0000000000
127235  25.957  -22.901  49.834 0.0000000000
51514  25.914  -23.654  51.235 0.0000000000
139050  22.952  -21.226  48.764 0.0000000000
53756  23.502  -21.562  49.084 0.0000000000
52629  23.955  -21.963  49.557 0.0000000000
52610  23.386  -22.374  50.965 0.0000000000
52609  24.084  -22.349  50.196 0.0000000000
71295  45.974  -7.123  32.922 0.0000000000
70149  45.464  -7.548  33.531 0.0000000000
68986  43.724  -8.273  35.335 0.0000000000
65384  29.971  -11.282  40.433 0.0000000000
65394  30.027  -11.553  39.340 0.0000000000
64202  29.751  -12.453  38.976 0.0000000000
63088  29.281  -12.999  39.431 0.0000000000
146285  29.747  -13.303  38.796 0.0000000000
138856  30.179  -13.006  38.307 0.0000000000
63097  30.784  -13.635  37.797 0.0000000000
61990  32.028  -14.996  37.728 0.0000000000
59644  27.814  -16.492  47.002 0.0000000000
59645  27.598  -16.445  46.120 0.0000000000
59660  27.512  -16.512  45.212 0.0000000000
57228  27.899  -18.070  45.273 0.0000000000
58471  27.653  -17.366  44.777 0.0000000000
59675  27.524  -16.617  44.251 0.0000000000
59691  27.634  -16.672  43.224 0.0000000000
59710  27.850  -16.970  42.483 0.0000000000
59727  27.942  -16.363  41.928 0.0000000000
56055  31.680  -19.113  44.671 0.0000000000
57238  31.193  -18.734  43.975 0.0000000000
135501  29.613  -18.326  43.012 0.0000000000
57250  31.700  -17.891  43.715 0.0000000000
58517  28.877  -17.210  41.898 0.0000000000
59726  28.542  -16.555  41.514 0.0000000000
60907  28.882  -16.038  40.844 0.0000000000
60922  30.266  -15.940  39.780 0.0000000000
60921  31.242  -16.166  39.930 0.0000000000
60935  30.567  -15.512  39.161 0.0000000000
60934  31.385  -15.830  39.198 0.0000000000
60944  32.654  -15.543  38.355 0.0000000000
139215  33.957  -15.633  38.609 0.0000000000
128516  34.867  -15.675  39.508 0.0000000000
60917  35.376  -15.669  40.111 0.0000000000
142393  35.219  -15.985  41.049 0.0000000000
125375  36.061  -15.612  40.719 0.0000000000
51504  35.620  -23.954  51.008 0.0000000000
52583  37.017  -23.091  50.750 0.0000000000
50263  37.391  -24.531  53.689 0.0000000000
51489  37.260  -24.029  52.412 0.0000000000
52600  37.376  -22.263  50.337 0.0000000000
53713  38.116  -21.780  50.732 0.0000000000
144972  54.486  1.753  30.333 0.0000000000
80912  51.901  2.899  30.772 0.0000000000
80934  51.163  2.541  30.377 0.0000000000
124810  50.341  2.262  30.330 0.0000000000
128743  54.142  -1.363  28.008 0.0000000000
77680  54.448  -0.547  27.954 0.0000000000
78810  54.583  1.002  28.741 0.0000000000
79902  54.604  1.619  28.430 0.0000000000
143473  53.913  2.171  28.912 0.0000000000
80952  50.731  2.157  29.688 0.0000000000
80953  49.929  1.936  29.882 0.0000000000
79892  49.393  1.532  29.419 0.0000000000
79905  49.643  1.244  28.599 0.0000000000
78825  49.428  0.719  27.845 0.0000000000
79916  51.622  1.562  27.574 0.0000000000
79917  50.829  1.325  27.808 0.0000000000
40934  9.065  -32.212  54.784 0.0000000000
41896  11.073  -31.558  54.077 0.0000000000
44121  8.857  -29.720  54.153 0.0000000000
51482  12.608  -22.858  52.761 0.0000000000
52660  18.222  -22.057  47.555 0.0000000000
53781  15.719  -21.777  48.925 0.0000000000
54910  31.982  -20.502  46.305 0.0000000000
56018  34.839  -19.768  47.246 0.0000000000
56022  22.961  -19.497  47.156 0.0000000000
56058  28.668  -19.825  44.371 0.0000000000
56065  28.953  -19.522  43.832 0.0000000000
57179  24.658  -18.364  47.932 0.0000000000
57207  19.905  -18.756  47.079 0.0000000000
57241  27.917  -18.122  44.410 0.0000000000
58398  24.958  -17.683  49.641 0.0000000000
58482  29.249  -17.761  42.422 0.0000000000
59687  35.260  -16.456  43.053 0.0000000000
59690  31.856  -17.052  42.714 0.0000000000
59707  32.452  -16.738  42.318 0.0000000000
60891  27.693  -16.136  42.545 0.0000000000
60943  33.398  -15.525  38.306 0.0000000000
64223  35.756  -12.367  35.837 0.0000000000
78812  48.718  0.766  28.315 0.0000000000
78824  50.174  0.715  27.490 0.0000000000
79879  48.571  1.763  30.637 0.0000000000
79907  47.952  1.019  29.223 0.0000000000
80932  53.957  2.530  30.078 0.0000000000
80951  52.666  2.450  29.337 0.0000000000
80966  51.181  2.048  28.916 0.0000000000
80973  55.016  2.132  27.421 0.0000000000
80976  52.140  2.100  27.922 0.0000000000
81898  52.744  3.025  30.736 0.0000000000
133720  33.917  -16.570  42.718 0.0000000000
137898  55.149  1.181  27.730 0.0000000000
139515  8.274  -28.831  55.676 0.0000000000
139837  11.017  -32.612  55.009 0.0000000000
144722  28.641  -18.282  42.800 0.0000000000
145043  12.356  -28.519  51.730 0.0000000000
145711  11.328  -24.611  53.248 0.0000000000
146469  53.422  2.525  27.291 0.0000000000
147404  9.208  -30.050  53.779 0.0000000000
147519  9.639  -29.120  53.230 0.0000000000
148112  30.867  -15.890  39.496 0.0000000000
149195  27.971  -17.668  42.582 0.0000000000
