#!ascii label  , from subject sub-v1s11x0050161_ses-1 vox2ras=TkReg
812
13528  23.090  -62.835  -53.123 0.3000000119
18834  28.511  -56.804  -59.535 0.6000000238
129237  29.210  -53.218  -57.393 0.6999999881
21356  28.645  -53.268  -56.609 0.6999999881
13529  22.406  -62.559  -53.359 0.4000000060
17093  24.855  -58.836  -57.193 0.4000000060
13519  22.874  -62.240  -52.939 0.5000000000
12616  23.858  -63.053  -52.825 0.5000000000
18843  29.061  -57.013  -59.699 0.6999999881
19667  28.514  -55.573  -58.270 0.6999999881
19674  29.017  -56.139  -59.291 0.5000000000
21355  29.704  -53.611  -58.114 0.6000000238
120650  29.115  -53.926  -57.382 0.6000000238
22250  29.641  -52.797  -58.028 0.6999999881
23249  28.431  -51.660  -57.133 0.6999999881
15282  22.697  -60.898  -53.557 0.5000000000
16199  24.237  -59.155  -56.523 0.4000000060
17100  25.561  -58.557  -57.831 0.4000000060
17107  27.273  -58.093  -58.781 0.5000000000
133827  23.332  -60.631  -53.339 0.6000000238
17115  26.303  -58.070  -59.070 0.6000000238
17998  28.158  -57.603  -59.190 0.6000000238
14379  23.123  -61.400  -52.883 0.6000000238
18005  29.086  -57.250  -59.559 0.6000000238
131828  30.557  -55.057  -59.425 0.6000000238
122123  30.585  -54.105  -59.073 0.6000000238
124461  31.458  -52.134  -59.236 0.6999999881
21358  30.482  -53.240  -58.783 0.6999999881
22255  30.407  -52.368  -58.694 0.6999999881
23256  29.449  -51.855  -58.034 0.6999999881
23258  28.086  -50.981  -57.268 0.6999999881
121897  30.087  -50.911  -58.439 0.6999999881
23263  29.513  -51.058  -58.123 0.6999999881
24268  28.793  -50.496  -57.677 0.6999999881
24273  29.867  -50.351  -58.255 0.6999999881
14392  21.957  -61.305  -53.886 0.5000000000
15302  23.068  -59.937  -55.116 0.5000000000
16194  23.652  -59.498  -55.835 0.5000000000
17099  26.410  -58.422  -57.367 0.4000000060
118888  27.000  -58.306  -57.961 0.5000000000
17106  28.288  -57.838  -58.575 0.6000000238
15269  23.755  -60.740  -52.821 0.6000000238
15281  23.931  -60.182  -53.520 0.5000000000
120892  24.586  -59.622  -53.782 0.5000000000
18842  29.908  -57.010  -59.874 0.6999999881
19673  30.139  -55.919  -59.674 0.6000000238
19678  29.575  -56.713  -59.805 0.6999999881
21357  31.594  -53.698  -59.535 0.6000000238
20531  31.744  -54.744  -59.784 0.6000000238
21361  32.331  -53.009  -59.571 0.6000000238
23261  31.723  -51.269  -59.149 0.6000000238
23262  30.445  -51.457  -58.665 0.6999999881
24269  27.836  -50.293  -57.267 0.6999999881
24272  31.923  -50.465  -58.944 0.6000000238
25291  29.273  -49.765  -57.867 0.6999999881
25292  28.459  -49.640  -57.485 0.6999999881
112937  30.821  -50.732  -58.706 0.6999999881
17092  25.709  -58.611  -56.730 0.4000000060
15293  23.338  -60.197  -54.140 0.5000000000
16193  24.409  -59.249  -55.527 0.4000000060
114165  27.191  -58.228  -57.089 0.5000000000
17098  27.696  -58.093  -57.890 0.6000000238
16184  23.847  -59.646  -54.905 0.4000000060
17997  29.132  -57.536  -59.111 0.6000000238
15292  24.066  -59.812  -54.213 0.4000000060
16192  25.140  -58.972  -55.172 0.4000000060
16182  25.235  -59.120  -54.270 0.4000000060
17070  25.861  -58.704  -54.810 0.4000000060
18003  30.628  -57.053  -59.453 0.6999999881
19676  31.349  -56.316  -59.714 0.6000000238
20530  32.031  -55.017  -59.882 0.6000000238
129781  32.804  -52.643  -59.358 0.6000000238
117826  32.361  -54.026  -59.709 0.6000000238
22253  32.483  -52.017  -59.345 0.6000000238
25293  27.573  -49.577  -57.090 0.6999999881
113300  29.317  -48.832  -57.778 0.6999999881
25296  30.158  -49.428  -58.252 0.6000000238
17084  25.811  -58.644  -55.717 0.4000000060
17091  26.609  -58.408  -56.280 0.4000000060
118927  29.063  -57.684  -58.261 0.6999999881
17083  26.524  -58.434  -55.313 0.4000000060
17989  30.721  -57.023  -58.867 0.8000000119
17052  25.937  -58.805  -53.962 0.5000000000
18832  31.403  -56.317  -59.685 0.6999999881
19671  31.955  -55.537  -59.649 0.6000000238
22252  32.896  -52.732  -59.282 0.5000000000
127663  32.687  -53.851  -59.354 0.6000000238
25287  26.664  -49.612  -56.759 0.6999999881
25289  32.460  -49.207  -58.216 0.6000000238
23260  32.626  -51.145  -59.125 0.6000000238
26328  28.210  -48.810  -57.201 0.8000000119
25286  27.329  -48.835  -56.750 0.8000000119
25294  32.182  -49.116  -58.497 0.6000000238
26331  31.268  -49.162  -58.533 0.6000000238
17980  27.938  -57.894  -56.884 0.5000000000
17991  28.361  -57.855  -57.789 0.6000000238
126344  27.101  -58.240  -55.694 0.5000000000
17960  27.646  -57.578  -54.584 0.6999999881
17082  27.117  -58.131  -54.990 0.4000000060
18825  31.109  -56.632  -58.938 0.6999999881
19664  32.158  -55.458  -59.352 0.6999999881
22248  33.049  -52.652  -59.127 0.6000000238
20524  32.404  -54.641  -58.890 0.6000000238
122506  33.022  -51.858  -58.730 0.6000000238
26323  27.047  -48.138  -56.339 0.6000000238
23259  32.929  -51.120  -58.893 0.6000000238
27330  28.836  -47.857  -57.359 0.6999999881
26322  27.883  -48.056  -56.743 0.6999999881
26330  31.654  -48.297  -58.459 0.6999999881
27332  31.117  -47.550  -58.349 0.6999999881
17968  28.464  -57.480  -56.239 0.5000000000
17979  28.776  -57.616  -57.262 0.6000000238
17978  29.596  -57.362  -57.769 0.6000000238
124289  28.131  -56.968  -54.510 0.6999999881
17959  28.248  -57.249  -55.270 0.6000000238
17068  27.045  -58.061  -54.159 0.6999999881
18816  30.684  -56.399  -57.978 0.6999999881
20525  31.748  -55.195  -58.351 0.6999999881
21353  32.492  -53.501  -58.559 0.5000000000
21354  31.654  -54.169  -57.698 0.6000000238
27322  25.921  -47.913  -55.364 0.5000000000
127426  32.190  -50.760  -57.457 0.6000000238
22249  32.473  -52.471  -58.116 0.6000000238
27321  26.745  -47.479  -55.735 0.6000000238
27310  26.249  -47.144  -54.972 0.5000000000
24267  32.661  -49.791  -57.982 0.6000000238
23255  32.900  -50.998  -58.568 0.6000000238
27324  28.346  -47.191  -56.833 0.6000000238
27320  27.335  -46.812  -55.868 0.5000000000
29292  27.029  -45.766  -55.114 0.5000000000
25290  32.566  -48.596  -57.976 0.6999999881
26329  32.289  -48.241  -58.287 0.6999999881
28331  31.617  -46.762  -58.251 0.6999999881
27329  29.540  -47.077  -57.602 0.6999999881
28324  28.647  -46.021  -56.779 0.5000000000
28326  32.160  -46.945  -58.191 0.6999999881
28329  30.034  -46.222  -57.698 0.6000000238
18817  29.862  -56.728  -57.314 0.6000000238
18811  28.807  -56.827  -55.784 0.6999999881
18810  29.438  -56.401  -56.271 0.6000000238
18805  28.226  -56.298  -54.141 0.6999999881
19659  30.093  -55.976  -56.857 0.6999999881
19658  30.828  -55.585  -57.606 0.6999999881
21350  31.715  -53.106  -57.359 0.6000000238
27311  25.531  -47.576  -54.605 0.4000000060
22245  31.635  -52.187  -57.073 0.5000000000
29285  26.684  -45.573  -54.391 0.4000000060
26320  32.131  -48.112  -57.416 0.6000000238
130496  28.468  -46.588  -56.772 0.5000000000
28318  27.489  -46.061  -55.760 0.5000000000
29303  29.466  -45.656  -57.315 0.5000000000
30246  28.368  -44.666  -56.318 0.4000000060
26326  32.483  -47.682  -58.023 0.6000000238
28327  31.779  -46.252  -57.887 0.6999999881
28328  31.086  -46.045  -57.942 0.6000000238
30248  30.662  -44.681  -57.431 0.5000000000
118358  28.536  -56.530  -54.937 0.6000000238
19654  29.068  -56.035  -55.402 0.6999999881
19645  28.333  -55.447  -53.756 0.6999999881
117393  28.752  -54.789  -54.282 0.6999999881
20521  30.223  -55.090  -56.433 0.6000000238
20517  30.567  -54.182  -56.595 0.6000000238
24261  31.308  -50.893  -56.441 0.6000000238
22246  30.921  -52.728  -56.433 0.5000000000
127424  31.621  -51.436  -56.959 0.6000000238
25285  32.011  -49.117  -57.203 0.6000000238
24260  31.754  -50.059  -56.867 0.6000000238
29300  28.139  -45.582  -56.290 0.4000000060
29291  27.623  -45.102  -55.636 0.5000000000
29284  27.139  -45.013  -54.860 0.4000000060
30232  27.516  -44.351  -55.229 0.4000000060
28322  31.665  -46.006  -57.544 0.6000000238
30242  31.089  -44.889  -57.361 0.5000000000
19648  29.257  -55.094  -55.169 0.6999999881
132604  29.700  -55.033  -55.746 0.6000000238
20514  29.236  -54.174  -54.781 0.6000000238
20518  29.788  -54.348  -55.658 0.6000000238
20511  28.311  -54.464  -53.379 0.6999999881
21345  30.234  -53.351  -55.878 0.5000000000
23240  30.562  -51.022  -55.582 0.6000000238
24258  30.996  -50.284  -55.914 0.6000000238
24257  31.291  -49.526  -56.209 0.5000000000
26321  31.548  -47.646  -56.682 0.6000000238
28323  31.619  -46.467  -56.929 0.6000000238
29296  31.354  -45.466  -57.450 0.5000000000
21338  28.804  -53.069  -53.902 0.6999999881
21342  29.227  -53.349  -54.530 0.6999999881
21346  29.669  -52.720  -55.092 0.6000000238
22243  30.085  -51.811  -55.300 0.5000000000
25269  30.241  -49.588  -55.034 0.6000000238
24250  30.332  -50.316  -55.208 0.6000000238
25280  30.769  -49.124  -55.615 0.6000000238
27318  30.819  -47.297  -55.968 0.6000000238
29297  31.445  -45.459  -57.086 0.5000000000
16138  25.170  -59.761  -52.403 0.5000000000
128781  26.081  -58.858  -53.251 0.5000000000
16118  26.110  -59.342  -51.429 0.5000000000
16137  25.910  -59.171  -52.423 0.5000000000
17050  27.032  -58.069  -53.363 0.6999999881
17948  27.271  -57.442  -52.194 0.6999999881
17032  27.036  -58.080  -52.545 0.5000000000
17033  26.578  -58.647  -52.027 0.5000000000
18806  27.792  -57.011  -53.732 0.6999999881
126805  27.364  -57.517  -53.080 0.6999999881
18801  27.921  -56.132  -53.301 0.6999999881
12635  23.335  -63.309  -53.490 0.3000000119
22251  28.895  -52.419  -57.285 0.6999999881
20526  29.665  -54.424  -58.356 0.6000000238
23257  28.825  -51.280  -57.626 0.6999999881
24270  27.114  -50.168  -57.013 0.6999999881
17069  26.512  -58.426  -54.487 0.6000000238
119399  33.121  -51.868  -59.090 0.6000000238
124322  29.985  -47.769  -57.933 0.6999999881
27325  27.527  -47.367  -56.308 0.6000000238
134397  28.897  -47.188  -57.258 0.6999999881
28325  27.966  -46.520  -56.364 0.6000000238
27328  30.617  -46.831  -58.093 0.6999999881
28319  26.891  -46.599  -55.341 0.5000000000
28309  26.492  -46.356  -54.640 0.5000000000
29298  29.845  -44.728  -57.358 0.5000000000
21351  30.943  -53.487  -56.773 0.5000000000
22242  30.349  -52.477  -55.723 0.5000000000
26316  30.788  -48.253  -55.776 0.6000000238
133657  30.813  -46.545  -56.030 0.6000000238
112882  29.590  -53.574  -55.186 0.6000000238
133246  30.708  -49.788  -55.554 0.6000000238
129104  29.203  -52.647  -54.348 0.5000000000
17935  27.119  -57.382  -51.152 0.6000000238
17883  26.790  -57.277  -47.122 0.6000000238
17869  27.174  -57.350  -46.206 0.4000000060
132862  26.777  -57.326  -49.800 0.5000000000
18845  25.925  -57.197  -59.220 0.5000000000
17859  27.687  -57.567  -45.594 0.4000000060
18006  28.010  -57.198  -59.439 0.5000000000
18826  27.011  -56.414  -58.616 0.5000000000
17898  26.678  -57.294  -48.240 0.5000000000
114371  28.055  -57.036  -45.226 0.4000000060
18835  27.387  -56.864  -59.337 0.5000000000
19668  27.615  -55.820  -57.911 0.5000000000
19675  27.998  -56.355  -58.902 0.5000000000
18779  26.944  -56.979  -50.277 0.5000000000
112268  27.390  -56.637  -51.846 0.6000000238
19569  29.741  -56.219  -44.892 0.4000000060
19568  30.322  -55.499  -44.986 0.4000000060
18736  26.701  -56.471  -47.647 0.4000000060
19655  27.177  -55.250  -55.971 0.5000000000
18749  26.662  -56.422  -48.552 0.5000000000
19661  27.366  -55.505  -56.896 0.5000000000
18790  27.210  -56.420  -50.935 0.6000000238
19636  27.449  -55.780  -51.569 0.6000000238
18802  27.570  -56.792  -52.780 0.6000000238
20527  28.918  -54.777  -57.690 0.5000000000
21352  28.142  -53.880  -55.977 0.5000000000
20520  26.928  -54.831  -55.171 0.4000000060
117261  26.970  -56.195  -50.074 0.5000000000
127908  26.749  -55.933  -49.243 0.5000000000
19626  27.227  -55.564  -50.681 0.6000000238
128768  27.671  -55.266  -52.154 0.6000000238
18799  27.669  -55.985  -52.434 0.6000000238
20510  27.825  -54.461  -52.409 0.6000000238
19643  27.961  -55.292  -52.910 0.6000000238
125549  27.466  -56.607  -45.655 0.4000000060
18706  28.929  -55.954  -44.732 0.4000000060
21347  28.036  -52.994  -55.709 0.5000000000
21348  27.668  -53.571  -55.405 0.5000000000
21343  26.738  -53.320  -54.344 0.4000000060
127446  26.597  -54.313  -54.465 0.4000000060
123843  26.687  -55.617  -48.280 0.6000000238
20478  27.202  -54.705  -50.219 0.6000000238
20496  27.478  -54.819  -51.390 0.6000000238
114263  27.633  -54.018  -51.728 0.6000000238
20409  30.100  -54.894  -44.678 0.4000000060
22244  27.591  -52.257  -55.513 0.5000000000
130647  26.656  -52.430  -54.375 0.4000000060
22234  25.666  -52.443  -53.211 0.4000000060
127721  26.750  -55.701  -47.171 0.6000000238
125181  27.088  -55.711  -46.189 0.4000000060
20449  26.790  -54.671  -48.452 0.6000000238
19613  26.864  -55.103  -49.245 0.5000000000
21305  27.266  -53.751  -50.070 0.6000000238
20462  27.049  -54.243  -49.310 0.5000000000
20509  28.085  -53.823  -52.877 0.6000000238
19580  30.908  -55.362  -45.730 0.4000000060
19571  27.636  -55.668  -45.387 0.4000000060
112172  26.348  -51.716  -54.570 0.5000000000
23217  25.458  -51.780  -53.517 0.5000000000
23205  25.130  -52.039  -52.759 0.5000000000
20431  26.839  -54.828  -46.795 0.4000000060
20421  27.310  -54.892  -45.819 0.4000000060
119770  26.834  -54.027  -46.995 0.5000000000
21288  26.978  -53.720  -48.502 0.5000000000
22194  27.326  -52.961  -49.882 0.5000000000
21317  27.667  -53.309  -51.518 0.6000000238
21331  27.870  -53.578  -52.268 0.6000000238
116546  28.434  -53.529  -53.393 0.6000000238
126366  29.242  -54.050  -44.501 0.4000000060
20410  29.465  -54.733  -44.549 0.4000000060
117480  30.092  -54.106  -44.544 0.4000000060
21269  30.701  -53.648  -45.077 0.4000000060
24262  27.265  -50.717  -56.928 0.6000000238
127650  28.537  -53.503  -44.745 0.4000000060
20411  28.546  -54.582  -44.744 0.4000000060
122869  26.603  -51.452  -55.509 0.6000000238
133932  25.157  -51.436  -54.155 0.5000000000
23218  24.583  -51.521  -53.430 0.4000000060
125124  27.715  -54.069  -45.341 0.4000000060
130686  27.483  -52.460  -50.424 0.5000000000
130671  27.677  -52.406  -51.258 0.6000000238
21330  28.168  -53.118  -52.818 0.6000000238
22233  28.503  -52.821  -53.338 0.6000000238
119391  30.104  -52.826  -44.466 0.4000000060
24263  26.498  -50.445  -56.766 0.6000000238
23251  26.663  -50.994  -56.439 0.6000000238
130674  25.412  -51.343  -55.183 0.5000000000
23219  23.472  -51.487  -53.919 0.5000000000
21270  27.868  -53.187  -45.259 0.4000000060
21276  27.036  -53.353  -46.756 0.4000000060
21282  26.920  -53.528  -47.569 0.5000000000
22184  27.229  -52.773  -48.977 0.5000000000
112792  27.977  -52.035  -52.014 0.5000000000
22149  30.695  -52.760  -44.872 0.4000000060
117384  25.874  -50.702  -56.520 0.6000000238
23253  24.645  -51.100  -56.297 0.5000000000
23243  23.536  -51.247  -55.985 0.5000000000
119272  27.082  -53.008  -48.128 0.5000000000
118432  27.405  -52.158  -49.759 0.4000000060
23199  27.826  -51.509  -51.476 0.4000000060
22217  28.305  -52.216  -52.820 0.4000000060
23216  28.645  -51.343  -53.245 0.6000000238
22240  29.453  -51.928  -54.538 0.4000000060
23118  30.791  -52.001  -44.740 0.4000000060
22136  29.519  -52.440  -44.408 0.4000000060
23102  28.804  -51.900  -44.587 0.4000000060
129086  26.638  -48.810  -56.465 0.5000000000
24264  25.095  -50.762  -56.491 0.5000000000
23254  23.954  -51.157  -56.331 0.5000000000
112132  22.836  -51.054  -55.771 0.4000000060
25288  24.887  -50.375  -56.506 0.4000000060
23145  27.398  -51.273  -48.203 0.5000000000
23159  27.349  -51.799  -48.991 0.5000000000
23173  27.526  -51.324  -49.705 0.6000000238
131054  27.967  -50.853  -51.659 0.4000000060
23204  28.206  -51.273  -52.328 0.4000000060
23215  29.211  -51.264  -53.984 0.4000000060
115501  27.977  -50.231  -51.343 0.5000000000
26324  25.974  -49.197  -56.374 0.5000000000
25281  25.174  -49.590  -56.269 0.6000000238
26318  25.531  -48.705  -55.788 0.4000000060
128621  28.855  -50.031  -53.234 0.5000000000
23232  29.822  -51.004  -54.749 0.5000000000
120058  28.041  -49.347  -49.881 0.5000000000
24217  27.662  -50.888  -50.256 0.5000000000
24230  28.221  -50.393  -52.128 0.5000000000
25254  28.541  -49.825  -52.624 0.5000000000
23101  29.673  -51.680  -44.316 0.4000000060
27308  30.186  -47.844  -55.138 0.5000000000
24251  29.810  -50.119  -54.549 0.4000000060
25260  29.317  -49.862  -53.838 0.5000000000
25248  28.236  -49.613  -51.823 0.5000000000
25236  28.052  -49.478  -50.928 0.5000000000
26306  25.183  -48.269  -55.050 0.4000000060
27309  29.654  -47.291  -54.600 0.4000000060
26305  29.597  -48.358  -54.337 0.4000000060
26304  30.200  -48.769  -55.018 0.5000000000
25270  29.747  -49.305  -54.423 0.5000000000
25261  28.872  -49.281  -53.225 0.5000000000
120258  29.342  -49.073  -53.855 0.5000000000
117872  28.514  -49.045  -52.386 0.5000000000
118958  28.483  -48.215  -52.240 0.5000000000
26294  28.695  -48.587  -52.905 0.4000000060
20522  28.535  -54.322  -56.775 0.5000000000
22247  28.210  -52.206  -56.345 0.6000000238
23250  27.703  -51.281  -56.682 0.6000000238
18007  26.175  -57.650  -59.234 0.5000000000
26317  26.293  -48.357  -56.027 0.5000000000
22232  28.825  -52.174  -53.765 0.6000000238
20523  27.857  -54.809  -56.345 0.5000000000
19660  28.176  -55.192  -57.219 0.5000000000
22241  27.366  -52.891  -54.960 0.4000000060
21339  26.259  -52.829  -53.701 0.4000000060
116689  26.715  -55.035  -47.663 0.6000000238
128348  27.082  -52.021  -54.947 0.6000000238
23233  26.116  -52.053  -53.820 0.4000000060
23241  27.413  -51.582  -55.959 0.6000000238
132925  27.228  -51.776  -55.429 0.6000000238
23234  25.781  -51.569  -54.143 0.5000000000
123392  24.494  -51.854  -52.550 0.5000000000
22219  24.680  -52.385  -52.116 0.5000000000
23252  25.684  -51.043  -56.235 0.5000000000
23235  24.165  -51.393  -54.935 0.5000000000
23242  24.246  -51.338  -56.007 0.5000000000
23185  27.589  -51.652  -50.548 0.5000000000
23236  22.850  -51.404  -55.210 0.5000000000
120517  27.281  -51.908  -47.367 0.5000000000
117270  25.694  -50.168  -56.634 0.6000000238
116339  29.049  -48.476  -53.542 0.4000000060
10110  29.588  -66.577  -53.499 0.3000000119
10127  29.950  -66.828  -54.632 0.3000000119
9299  30.380  -67.230  -53.627 0.3000000119
10148  29.832  -66.938  -56.070 0.3000000119
10147  30.675  -67.299  -55.345 0.3000000119
135332  29.819  -66.542  -57.877 0.3000000119
10169  30.232  -66.990  -57.319 0.3000000119
9326  33.234  -67.397  -55.202 0.3000000119
9341  31.225  -67.449  -55.745 0.3000000119
10188  31.276  -66.783  -57.703 0.3000000119
120635  30.568  -66.282  -58.259 0.3000000119
9327  32.392  -67.265  -55.885 0.3000000119
10145  33.861  -66.468  -55.989 0.3000000119
10146  33.077  -66.637  -56.419 0.3000000119
9339  32.434  -66.727  -57.002 0.4000000060
10187  31.924  -66.149  -58.046 0.4000000060
11009  30.980  -64.872  -58.486 0.4000000060
11815  30.634  -64.219  -58.319 0.3000000119
10979  34.391  -65.359  -56.045 0.3000000119
10987  33.445  -65.426  -56.702 0.4000000060
11800  32.435  -64.981  -57.661 0.4000000060
10996  32.130  -65.496  -57.987 0.4000000060
11802  31.058  -64.078  -57.580 0.4000000060
120289  35.411  -64.922  -55.244 0.4000000060
11780  34.445  -65.111  -55.773 0.4000000060
12689  30.316  -63.688  -57.769 0.4000000060
116687  29.924  -63.474  -56.858 0.3000000119
11789  33.440  -65.039  -56.426 0.4000000060
11790  32.636  -64.778  -56.967 0.4000000060
10961  34.148  -65.118  -54.540 0.4000000060
12671  31.134  -64.016  -56.459 0.5000000000
11801  31.820  -64.505  -57.266 0.4000000060
13518  23.586  -62.300  -52.579 0.5000000000
11768  34.753  -64.986  -53.751 0.4000000060
119017  30.574  -63.702  -56.969 0.4000000060
12634  24.307  -63.453  -53.433 0.3000000119
12615  24.714  -63.130  -52.643 0.4000000060
113494  28.032  -63.372  -55.481 0.3000000119
17116  25.527  -57.892  -59.124 0.4000000060
17117  24.958  -57.542  -59.125 0.4000000060
16160  25.344  -59.332  -53.267 0.4000000060
16161  24.497  -60.106  -52.805 0.4000000060
112472  33.466  -64.982  -55.377 0.4000000060
11781  32.446  -64.748  -55.682 0.3000000119
11791  31.856  -64.491  -56.350 0.5000000000
15268  24.203  -60.947  -52.198 0.4000000060
133878  34.064  -65.159  -53.571 0.4000000060
12672  30.331  -63.637  -55.984 0.4000000060
13517  24.406  -62.584  -52.294 0.5000000000
12614  25.591  -63.251  -52.532 0.4000000060
12633  25.166  -63.436  -53.126 0.4000000060
113243  28.802  -63.328  -55.683 0.3000000119
12632  26.122  -63.502  -53.433 0.4000000060
18836  26.396  -56.858  -59.105 0.4000000060
17051  26.537  -58.450  -53.688 0.4000000060
122159  33.393  -65.122  -54.390 0.4000000060
127555  24.804  -60.435  -51.942 0.4000000060
14378  24.202  -61.861  -52.052 0.5000000000
112194  31.780  -64.575  -54.626 0.4000000060
11782  31.324  -64.253  -55.412 0.4000000060
13507  24.857  -62.162  -51.629 0.5000000000
11756  32.415  -64.870  -53.155 0.4000000060
11770  31.717  -64.597  -53.701 0.4000000060
12650  30.519  -63.798  -55.088 0.5000000000
124704  29.960  -63.572  -54.263 0.5000000000
15250  24.698  -61.344  -51.603 0.4000000060
13506  25.622  -62.349  -51.243 0.5000000000
122647  32.250  -64.660  -52.363 0.4000000060
12651  29.210  -63.392  -54.824 0.5000000000
13516  25.172  -62.764  -51.984 0.4000000060
12652  28.496  -63.391  -54.882 0.4000000060
12631  27.218  -63.366  -53.472 0.4000000060
118971  26.884  -63.481  -54.192 0.4000000060
12613  26.595  -63.267  -52.615 0.4000000060
16119  25.426  -59.903  -51.684 0.4000000060
15248  25.677  -60.184  -50.885 0.3000000119
134062  31.095  -64.241  -53.312 0.4000000060
11771  30.408  -63.814  -53.362 0.4000000060
14371  25.331  -61.630  -51.047 0.4000000060
22218  25.278  -52.818  -52.495 0.4000000060
11740  31.606  -64.356  -51.848 0.4000000060
11757  31.643  -64.503  -52.801 0.4000000060
113557  29.236  -63.356  -53.985 0.5000000000
118693  28.630  -63.327  -54.142 0.5000000000
13491  25.701  -61.965  -50.790 0.5000000000
12630  28.110  -63.279  -53.469 0.4000000060
13515  26.014  -62.981  -51.812 0.4000000060
13514  26.989  -62.978  -51.892 0.4000000060
17019  26.594  -58.756  -51.141 0.4000000060
15249  25.161  -60.747  -51.235 0.3000000119
11758  30.890  -64.100  -52.592 0.4000000060
12609  30.071  -63.617  -52.495 0.4000000060
15228  25.516  -60.982  -50.671 0.3000000119
11741  30.680  -63.891  -51.831 0.4000000060
12590  29.634  -63.375  -51.826 0.4000000060
12610  29.223  -63.254  -52.611 0.4000000060
12629  28.873  -63.242  -53.383 0.5000000000
12588  31.200  -63.999  -51.040 0.4000000060
12589  30.271  -63.572  -51.164 0.4000000060
12611  28.428  -63.151  -52.670 0.4000000060
12612  27.572  -63.199  -52.691 0.4000000060
13505  26.450  -62.571  -51.162 0.4000000060
17018  26.983  -58.106  -51.663 0.4000000060
11831  25.723  -64.044  -59.790 0.3000000119
9325  34.348  -67.152  -55.007 0.3000000119
10978  35.228  -65.506  -55.915 0.3000000119
11788  35.435  -65.239  -55.746 0.4000000060
11754  35.027  -64.685  -52.735 0.4000000060
11755  34.037  -64.982  -52.744 0.4000000060
112392  34.428  -64.568  -51.878 0.4000000060
11739  32.604  -64.533  -51.648 0.4000000060
15227  26.024  -60.661  -50.254 0.3000000119
11723  32.117  -64.301  -50.925 0.4000000060
16105  26.315  -59.607  -50.470 0.4000000060
14360  25.908  -61.533  -50.456 0.4000000060
12570  30.875  -63.665  -50.280 0.4000000060
125938  29.423  -63.182  -51.009 0.4000000060
12591  28.788  -63.007  -51.769 0.4000000060
13503  28.129  -62.771  -51.250 0.4000000060
13489  26.889  -62.264  -50.435 0.3000000119
13490  26.105  -62.131  -50.657 0.4000000060
12571  30.008  -63.371  -50.259 0.4000000060
113568  26.827  -58.211  -50.785 0.4000000060
119196  29.053  -66.270  -55.278 0.3000000119
122605  29.408  -66.733  -57.062 0.3000000119
11023  25.635  -64.266  -59.812 0.3000000119
127769  26.371  -64.019  -59.773 0.3000000119
10168  30.781  -67.289  -56.494 0.3000000119
9340  31.697  -67.214  -56.593 0.4000000060
10997  31.416  -65.645  -58.386 0.4000000060
10165  33.474  -65.916  -56.858 0.3000000119
10164  34.237  -65.711  -56.285 0.3000000119
10988  32.823  -65.540  -57.431 0.4000000060
11814  31.602  -64.767  -58.140 0.4000000060
132633  36.128  -64.978  -55.773 0.3000000119
11767  35.883  -64.578  -53.957 0.4000000060
134715  30.811  -63.888  -55.697 0.4000000060
12673  29.538  -63.407  -55.839 0.5000000000
12653  27.795  -63.393  -54.398 0.3000000119
112242  29.891  -63.521  -55.167 0.5000000000
118330  33.037  -64.890  -52.475 0.4000000060
13504  27.359  -62.680  -51.180 0.4000000060
112164  26.837  -59.135  -48.254 0.4000000060
16991  26.692  -58.801  -49.049 0.4000000060
113937  27.421  -59.379  -46.595 0.4000000060
114241  27.028  -58.051  -46.707 0.3000000119
117896  26.715  -58.318  -48.268 0.5000000000
17912  26.681  -57.809  -49.271 0.4000000060
17923  26.825  -57.699  -50.229 0.4000000060
123250  32.534  -59.065  -49.821 0.3000000119
129266  32.550  -59.502  -48.953 0.3000000119
17882  31.472  -57.732  -47.240 0.3000000119
16956  30.615  -58.486  -45.986 0.3000000119
17868  30.614  -57.192  -45.765 0.3000000119
18714  28.880  -56.895  -44.990 0.3000000119
16990  32.283  -58.867  -49.053 0.3000000119
118455  31.870  -57.810  -48.334 0.3000000119
123348  31.686  -57.129  -47.934 0.3000000119
132825  32.416  -58.327  -51.771 0.3000000119
17010  32.274  -57.808  -51.565 0.3000000119
18725  31.064  -56.716  -46.242 0.3000000119
113960  30.593  -56.314  -45.502 0.3000000119
17911  32.062  -57.471  -49.464 0.3000000119
133235  31.868  -56.202  -48.953 0.3000000119
18735  31.416  -56.750  -47.161 0.3000000119
127545  31.935  -56.544  -51.154 0.3000000119
18765  31.920  -56.536  -49.925 0.3000000119
20461  31.957  -54.630  -49.740 0.3000000119
18764  31.903  -55.845  -50.922 0.3000000119
19611  31.951  -54.971  -50.746 0.3000000119
17922  32.049  -56.933  -51.930 0.3000000119
19590  31.531  -55.962  -47.565 0.3000000119
123024  31.527  -55.112  -47.509 0.3000000119
21275  31.181  -53.937  -45.916 0.3000000119
19625  32.111  -55.336  -51.956 0.3000000119
19598  31.723  -55.639  -48.408 0.3000000119
127644  31.691  -53.736  -47.490 0.3000000119
20477  32.316  -54.438  -51.696 0.3000000119
130383  31.825  -54.674  -48.669 0.3000000119
21294  32.422  -53.329  -50.022 0.3000000119
21268  31.185  -53.052  -45.745 0.3000000119
20429  31.461  -54.298  -46.875 0.3000000119
118540  31.781  -52.707  -47.148 0.3000000119
22148  31.289  -52.118  -45.451 0.3000000119
23100  30.433  -51.521  -44.346 0.3000000119
116177  31.618  -51.383  -45.536 0.3000000119
24146  31.749  -50.742  -45.149 0.3000000119
24124  30.649  -50.881  -44.215 0.3000000119
16946  27.864  -58.511  -45.627 0.3000000119
16976  27.036  -58.899  -47.320 0.4000000060
18713  29.865  -57.063  -45.231 0.3000000119
120041  31.286  -55.063  -46.544 0.3000000119
16060  27.306  -59.758  -47.098 0.5000000000
17000  32.309  -58.168  -50.063 0.3000000119
18748  31.688  -56.431  -48.136 0.3000000119
128532  31.068  -57.983  -46.483 0.3000000119
16944  29.707  -58.579  -45.477 0.3000000119
16945  28.741  -58.577  -45.366 0.3000000119
113719  31.875  -56.928  -48.786 0.3000000119
17910  32.065  -57.235  -50.704 0.3000000119
124816  31.263  -55.906  -46.565 0.3000000119
19612  31.859  -55.496  -49.606 0.3000000119
21304  32.538  -53.576  -51.172 0.3000000119
22193  32.809  -52.828  -50.702 0.3000000119
20438  31.694  -54.292  -47.781 0.3000000119
20495  32.724  -54.454  -52.672 0.3000000119
21287  31.950  -53.676  -48.313 0.3000000119
14358  26.866  -61.814  -49.833 0.3000000119
13473  27.499  -62.144  -49.755 0.4000000060
13464  28.808  -62.447  -48.790 0.4000000060
14339  27.958  -62.040  -48.992 0.4000000060
14341  26.487  -61.218  -49.766 0.3000000119
14328  28.312  -61.907  -48.182 0.4000000060
13452  29.042  -62.320  -47.965 0.3000000119
14340  27.187  -61.465  -49.141 0.4000000060
129914  27.677  -61.500  -48.449 0.4000000060
14315  28.651  -61.732  -47.267 0.3000000119
15207  26.801  -60.726  -49.086 0.3000000119
14316  27.845  -61.257  -47.709 0.4000000060
16081  26.781  -59.832  -48.813 0.3000000119
15193  27.226  -60.738  -48.314 0.4000000060
15152  27.720  -60.101  -46.498 0.4000000060
15208  26.495  -60.258  -49.639 0.3000000119
16092  26.615  -59.290  -49.715 0.3000000119
17002  26.705  -58.442  -49.929 0.3000000119
11779  36.471  -64.694  -55.343 0.3000000119
13488  28.651  -62.802  -50.771 0.3000000119
125149  38.540  -63.629  -54.000 0.3000000119
129095  37.583  -64.501  -54.882 0.3000000119
119397  37.127  -64.490  -55.244 0.3000000119
13472  28.446  -62.538  -49.774 0.3000000119
13487  29.235  -62.996  -50.134 0.3000000119
133054  38.635  -62.356  -54.351 0.3000000119
12649  37.633  -63.868  -54.741 0.3000000119
13534  38.402  -62.453  -54.370 0.3000000119
11766  36.931  -64.091  -54.669 0.3000000119
11753  35.773  -64.274  -52.695 0.3000000119
15263  39.722  -60.466  -53.341 0.3000000119
14391  38.746  -61.565  -54.469 0.3000000119
14390  39.155  -61.021  -54.430 0.3000000119
125096  37.276  -63.227  -53.816 0.3000000119
13526  38.023  -62.783  -54.459 0.3000000119
11752  36.472  -63.871  -53.299 0.3000000119
15288  38.576  -60.096  -54.801 0.3000000119
14384  38.088  -61.582  -54.441 0.3000000119
13527  37.484  -62.230  -53.776 0.3000000119
11736  35.285  -64.144  -51.796 0.3000000119
117099  34.099  -64.389  -51.405 0.3000000119
135428  32.529  -64.002  -50.294 0.3000000119
15276  38.927  -59.812  -54.411 0.3000000119
12608  36.046  -63.675  -52.253 0.3000000119
13513  36.747  -62.682  -52.898 0.3000000119
11737  34.542  -64.123  -51.225 0.3000000119
12552  29.779  -63.148  -49.465 0.3000000119
15289  37.519  -59.807  -55.053 0.3000000119
16156  38.427  -59.447  -54.257 0.3000000119
15277  37.387  -60.456  -54.779 0.3000000119
14385  37.187  -61.235  -53.965 0.3000000119
12586  35.693  -63.312  -51.508 0.3000000119
12567  33.756  -63.748  -50.250 0.3000000119
12569  31.789  -63.895  -50.239 0.3000000119
12551  30.593  -63.421  -49.460 0.3000000119
12541  29.521  -62.809  -48.810 0.3000000119
114042  27.827  -62.516  -50.519 0.3000000119
15278  36.388  -60.336  -54.586 0.3000000119
13501  36.341  -62.400  -52.288 0.3000000119
12566  34.438  -63.651  -50.579 0.3000000119
12549  32.558  -63.572  -49.552 0.3000000119
12647  38.470  -63.021  -54.314 0.3000000119
125562  37.517  -64.216  -54.883 0.3000000119
9328  31.757  -67.614  -55.370 0.3000000119
10166  32.918  -66.182  -57.260 0.3000000119
10167  31.982  -66.654  -57.528 0.4000000060
10186  32.423  -66.130  -57.693 0.4000000060
10977  36.075  -65.119  -55.907 0.3000000119
11721  33.923  -64.164  -50.946 0.3000000119
11722  33.089  -64.223  -50.787 0.3000000119
11738  33.590  -64.589  -51.665 0.3000000119
11769  32.623  -64.959  -54.311 0.4000000060
11776  38.118  -63.969  -54.612 0.3000000119
11783  30.941  -64.128  -54.221 0.5000000000
11799  32.993  -65.067  -57.191 0.3000000119
11840  26.098  -63.983  -59.892 0.3000000119
12550  31.536  -63.556  -49.462 0.3000000119
12585  36.273  -63.017  -52.088 0.3000000119
12587  35.063  -63.562  -51.006 0.3000000119
12592  27.901  -63.003  -51.930 0.4000000060
12607  36.533  -63.277  -52.784 0.3000000119
12628  29.600  -63.452  -53.355 0.5000000000
12648  38.030  -63.440  -54.571 0.3000000119
12713  30.041  -64.108  -58.543 0.3000000119
13463  29.805  -62.690  -48.044 0.3000000119
13471  29.165  -62.779  -49.419 0.3000000119
14359  26.419  -61.823  -50.196 0.3000000119
14376  36.112  -61.728  -52.303 0.3000000119
14386  22.409  -61.751  -53.273 0.5000000000
15174  27.502  -60.458  -47.361 0.4000000060
15275  39.229  -60.395  -54.298 0.3000000119
15287  38.872  -60.715  -54.651 0.3000000119
16104  26.632  -58.850  -50.420 0.3000000119
16130  39.439  -60.048  -53.754 0.3000000119
16178  38.081  -59.568  -54.809 0.3000000119
16183  24.548  -59.393  -54.644 0.4000000060
16957  27.385  -58.725  -46.299 0.3000000119
17001  32.121  -58.204  -49.046 0.3000000119
17085  25.023  -58.894  -56.131 0.4000000060
17090  27.341  -58.154  -56.298 0.5000000000
17108  26.339  -58.323  -58.396 0.4000000060
17856  30.158  -57.834  -45.530 0.3000000119
17857  29.257  -57.804  -45.213 0.3000000119
17867  31.113  -57.363  -46.460 0.3000000119
17955  27.378  -57.643  -53.794 0.6999999881
17969  27.707  -57.841  -55.696 0.5000000000
17990  30.403  -56.996  -58.348 0.8000000119
17996  30.016  -57.344  -58.856 0.8000000119
17999  27.086  -57.673  -59.224 0.5000000000
18004  29.988  -57.221  -59.593 0.6999999881
18715  28.147  -56.295  -45.019 0.4000000060
18726  26.917  -56.521  -46.615 0.4000000060
18766  26.732  -56.839  -49.356 0.5000000000
18818  29.177  -57.133  -56.723 0.6000000238
18824  31.608  -56.139  -59.456 0.6999999881
18833  31.115  -56.675  -59.490 0.6999999881
18837  25.562  -56.860  -58.899 0.4000000060
18841  30.777  -56.766  -59.750 0.6999999881
18844  26.779  -57.267  -59.386 0.5000000000
19558  29.635  -55.442  -44.676 0.4000000060
19559  28.962  -55.253  -44.631 0.4000000060
19570  28.316  -55.467  -44.890 0.4000000060
19649  28.681  -55.691  -54.606 0.6999999881
19653  29.614  -55.602  -55.923 0.6000000238
19656  26.400  -55.562  -55.685 0.5000000000
19665  31.496  -56.002  -58.746 0.6999999881
19666  29.459  -55.278  -58.778 0.6999999881
19672  31.442  -55.755  -59.762 0.6000000238
19677  30.570  -56.436  -59.878 0.6999999881
20419  30.650  -54.602  -45.200 0.4000000060
20420  27.867  -54.946  -45.188 0.4000000060
20430  31.151  -54.654  -46.033 0.3000000119
20439  26.780  -54.309  -47.660 0.5000000000
20448  32.080  -53.911  -49.350 0.3000000119
20460  32.209  -54.134  -50.427 0.3000000119
20515  28.770  -53.891  -54.046 0.6999999881
20519  27.533  -54.390  -55.583 0.5000000000
20528  32.394  -54.511  -59.608 0.6000000238
20529  32.397  -54.775  -59.564 0.6000000238
21261  30.262  -53.341  -44.621 0.4000000060
21262  29.536  -53.293  -44.459 0.4000000060
21274  31.524  -53.326  -46.774 0.3000000119
21286  32.333  -53.120  -48.997 0.3000000119
21295  27.188  -53.495  -49.351 0.5000000000
21316  27.932  -52.772  -52.130 0.6000000238
21349  27.245  -53.875  -54.890 0.4000000060
21359  32.530  -54.029  -59.525 0.6000000238
21360  32.717  -53.493  -59.402 0.5000000000
22135  30.245  -52.220  -44.427 0.3000000119
22137  28.887  -52.741  -44.559 0.4000000060
22150  28.254  -52.596  -44.921 0.4000000060
22157  31.577  -52.502  -46.435 0.3000000119
22166  27.113  -52.754  -47.414 0.5000000000
22174  27.231  -52.253  -48.188 0.5000000000
22254  31.252  -52.863  -59.279 0.6000000238
23099  31.175  -51.313  -44.746 0.3000000119
23134  31.790  -51.755  -46.263 0.3000000119
23247  32.432  -51.594  -57.792 0.6000000238
23248  30.890  -51.794  -56.160 0.6000000238
23264  32.967  -51.942  -59.207 0.6000000238
24123  31.203  -50.394  -44.335 0.3000000119
24125  29.959  -50.941  -44.082 0.4000000060
24208  27.842  -50.202  -50.489 0.5000000000
24216  27.766  -50.880  -50.958 0.4000000060
24237  28.563  -50.576  -52.868 0.5000000000
24242  29.441  -50.572  -54.124 0.5000000000
24243  29.003  -50.604  -53.554 0.4000000060
24265  24.260  -50.854  -56.479 0.5000000000
24266  32.656  -50.308  -58.515 0.6000000238
24271  32.497  -50.211  -58.609 0.6000000238
25279  31.427  -48.653  -56.442 0.6000000238
25295  30.988  -49.976  -58.597 0.6999999881
26325  32.444  -48.193  -58.103 0.6999999881
26327  30.561  -48.494  -58.283 0.6999999881
27294  29.144  -47.619  -53.805 0.4000000060
27295  28.693  -47.869  -53.029 0.4000000060
27323  32.207  -47.134  -57.644 0.6000000238
27326  32.354  -47.534  -58.134 0.6999999881
27327  32.327  -46.947  -58.046 0.6000000238
27331  32.014  -47.473  -58.386 0.6999999881
28330  29.014  -46.571  -57.208 0.5000000000
29289  31.088  -44.864  -56.586 0.5000000000
29301  31.150  -45.412  -57.590 0.5000000000
29302  30.461  -45.389  -57.597 0.5000000000
30243  31.219  -44.732  -57.140 0.5000000000
112280  27.468  -53.140  -50.683 0.5000000000
113617  33.381  -65.130  -53.533 0.4000000060
114579  27.434  -53.956  -50.942 0.6000000238
117073  27.401  -58.054  -45.992 0.4000000060
117752  32.061  -46.495  -57.777 0.6000000238
122429  26.571  -58.550  -52.890 0.5000000000
122592  30.930  -54.812  -57.329 0.6999999881
123231  38.308  -60.629  -54.728 0.3000000119
123379  27.098  -54.077  -46.247 0.4000000060
123589  27.522  -51.054  -49.047 0.5000000000
124850  30.726  -57.777  -46.021 0.3000000119
125202  32.480  -58.598  -50.939 0.3000000119
126274  36.759  -61.888  -52.981 0.3000000119
126644  27.093  -59.814  -47.851 0.4000000060
127812  23.729  -61.436  -52.449 0.4000000060
127837  27.023  -55.496  -49.894 0.5000000000
129294  25.554  -57.497  -59.240 0.4000000060
130934  31.910  -49.767  -58.713 0.6000000238
131958  34.823  -63.161  -50.479 0.3000000119
132860  30.152  -63.610  -51.844 0.4000000060
132910  29.296  -62.574  -48.404 0.4000000060
134472  32.422  -54.860  -52.315 0.3000000119
135167  28.872  -51.780  -57.536 0.6999999881
135213  26.770  -57.971  -47.512 0.6000000238
