#!ascii label  , from subject sub-v1s11x0050164_ses-1 vox2ras=TkReg
1752
43049  -33.415  -21.772  49.188 0.0000000000
35405  -23.184  -29.726  56.590 0.0000000000
113718  -45.043  -10.755  47.703 0.0000000000
46123  -31.589  -18.353  39.674 0.0000000000
47959  -39.874  -16.746  50.237 0.0000000000
38900  -31.030  -26.691  54.763 0.0000000000
40024  -20.383  -24.447  41.184 0.0000000000
41081  -27.039  -24.006  37.926 0.0000000000
118012  -15.477  -26.625  59.211 0.0000000000
56785  -39.862  -8.133  38.941 0.0000000000
35521  -13.689  -28.479  42.190 0.0000000000
44089  -34.866  -20.564  46.237 0.0000000000
47024  -36.096  -18.228  44.593 0.0000000000
100872  -36.983  -19.005  51.022 0.0000000000
39891  -33.586  -25.779  53.196 0.0000000000
106201  -29.393  -24.375  46.909 0.0000000000
41006  -32.265  -23.731  45.994 0.0000000000
44203  -28.073  -20.476  39.098 0.0000000000
57688  -43.462  -6.720  36.497 0.0000000000
36195  -19.271  -28.850  57.764 0.0000000000
38005  -15.659  -26.444  50.412 0.0000000000
36268  -19.087  -28.244  49.797 0.0000000000
49781  -43.925  -14.991  48.658 0.0000000000
38878  -26.198  -25.833  55.441 0.0000000000
103288  -22.368  -26.106  49.191 0.0000000000
39919  -25.821  -24.747  48.686 0.0000000000
41043  -24.483  -23.862  39.580 0.0000000000
105961  -11.667  -24.196  59.850 0.0000000000
51805  -40.093  -12.056  50.758 0.0000000000
51863  -39.757  -12.603  45.198 0.0000000000
54019  -35.575  -9.930  41.199 0.0000000000
51972  -39.933  -12.348  39.598 0.0000000000
53074  -40.776  -12.356  34.848 0.0000000000
37065  -11.812  -26.986  51.332 0.0000000000
38123  -17.054  -26.491  41.677 0.0000000000
40979  -37.948  -23.338  49.789 0.0000000000
102198  -38.152  -21.166  48.717 0.0000000000
45030  -35.343  -20.042  49.561 0.0000000000
40950  -32.998  -23.601  50.658 0.0000000000
38965  -34.577  -26.342  49.297 0.0000000000
39925  -36.614  -25.088  49.636 0.0000000000
43095  -32.736  -21.807  46.302 0.0000000000
101505  -44.438  -12.306  44.299 0.0000000000
54912  -45.546  -8.882  45.977 0.0000000000
34551  -21.531  -30.601  57.559 0.0000000000
36222  -19.567  -28.746  54.328 0.0000000000
117904  -21.285  -29.669  53.296 0.0000000000
47107  -32.962  -17.754  38.874 0.0000000000
46994  -37.350  -17.651  47.887 0.0000000000
48015  -36.201  -16.157  45.259 0.0000000000
107169  -38.314  -15.542  47.243 0.0000000000
49804  -39.854  -14.764  46.252 0.0000000000
48877  -41.123  -15.839  48.918 0.0000000000
38881  -28.546  -25.321  54.800 0.0000000000
117923  -26.522  -26.299  52.630 0.0000000000
38926  -28.440  -25.526  51.632 0.0000000000
40008  -28.610  -24.612  43.317 0.0000000000
114418  -26.726  -24.576  43.686 0.0000000000
40072  -25.895  -24.874  38.331 0.0000000000
46103  -29.953  -18.754  40.050 0.0000000000
51835  -39.237  -12.615  47.587 0.0000000000
51969  -36.631  -12.247  39.744 0.0000000000
53050  -36.508  -11.144  36.760 0.0000000000
53032  -40.383  -12.407  37.220 0.0000000000
55035  -38.419  -9.307  35.351 0.0000000000
56854  -41.159  -7.300  32.331 0.0000000000
120693  -13.748  -25.292  59.903 0.0000000000
38872  -11.590  -25.684  55.623 0.0000000000
37898  -13.687  -26.190  55.404 0.0000000000
38062  -14.258  -26.296  46.419 0.0000000000
37121  -13.084  -26.910  47.241 0.0000000000
35507  -13.803  -29.644  43.186 0.0000000000
39012  -21.777  -25.498  45.654 0.0000000000
38076  -19.704  -26.759  45.409 0.0000000000
39038  -18.488  -25.587  41.241 0.0000000000
45104  -32.549  -19.115  43.398 0.0000000000
46079  -33.990  -18.555  41.517 0.0000000000
45076  -35.925  -19.770  44.732 0.0000000000
45057  -37.633  -19.573  47.646 0.0000000000
45961  -38.428  -18.690  51.141 0.0000000000
37922  -33.029  -27.536  54.335 0.0000000000
38928  -30.415  -25.763  51.531 0.0000000000
38945  -32.951  -26.518  50.332 0.0000000000
119935  -31.002  -24.608  46.291 0.0000000000
41016  -29.680  -23.654  42.483 0.0000000000
43182  -27.945  -22.279  39.276 0.0000000000
43150  -30.287  -21.866  42.895 0.0000000000
44126  -31.018  -20.006  43.503 0.0000000000
102403  -41.850  -7.806  38.232 0.0000000000
58536  -44.883  -5.776  40.058 0.0000000000
36984  -17.425  -27.898  58.658 0.0000000000
37917  -15.964  -26.884  54.769 0.0000000000
37025  -17.357  -27.450  54.488 0.0000000000
37080  -17.479  -27.239  50.537 0.0000000000
119183  -16.547  -26.528  46.465 0.0000000000
47071  -35.211  -17.517  41.486 0.0000000000
49838  -41.097  -14.383  44.943 0.0000000000
50833  -44.219  -13.613  47.672 0.0000000000
37006  -24.354  -27.384  56.550 0.0000000000
36244  -22.937  -28.000  53.116 0.0000000000
37056  -24.317  -26.997  52.920 0.0000000000
104277  -23.903  -25.335  49.093 0.0000000000
39992  -23.373  -24.663  44.574 0.0000000000
39936  -27.575  -24.479  48.350 0.0000000000
116357  -24.785  -24.482  44.385 0.0000000000
41020  -22.280  -23.784  41.162 0.0000000000
46931  -32.369  -16.893  51.134 0.0000000000
36975  -24.121  -27.431  59.378 0.0000000000
39816  -27.977  -24.576  57.979 0.0000000000
39833  -30.303  -24.381  56.796 0.0000000000
48852  -34.471  -15.144  49.958 0.0000000000
102530  -36.966  -15.823  51.039 0.0000000000
113653  -39.552  -15.416  53.290 0.0000000000
52783  -39.814  -11.379  52.706 0.0000000000
48838  -41.779  -15.359  52.012 0.0000000000
50793  -41.846  -14.066  49.815 0.0000000000
50821  -43.124  -13.164  48.644 0.0000000000
51866  -42.233  -11.739  46.155 0.0000000000
51894  -37.946  -12.325  42.892 0.0000000000
107511  -40.198  -12.406  42.762 0.0000000000
52933  -42.280  -11.300  43.722 0.0000000000
54007  -43.163  -11.025  41.845 0.0000000000
55969  -40.722  -8.355  34.708 0.0000000000
37895  -10.078  -26.346  55.540 0.0000000000
34620  -12.506  -30.020  48.460 0.0000000000
38003  -13.563  -26.465  50.530 0.0000000000
35475  -12.724  -29.114  46.989 0.0000000000
37094  -20.649  -27.938  49.157 0.0000000000
37135  -17.726  -27.207  45.165 0.0000000000
38121  -14.882  -26.876  41.594 0.0000000000
35580  -15.732  -29.191  37.611 0.0000000000
42005  -36.370  -22.773  50.429 0.0000000000
43051  -36.112  -21.847  50.245 0.0000000000
44061  -33.607  -20.420  48.796 0.0000000000
42026  -32.716  -22.394  49.975 0.0000000000
39912  -36.210  -25.445  50.746 0.0000000000
40967  -34.804  -23.109  49.987 0.0000000000
40969  -37.784  -24.063  49.993 0.0000000000
51867  -44.516  -12.420  46.748 0.0000000000
51868  -44.965  -11.540  46.424 0.0000000000
52904  -45.776  -9.749  46.347 0.0000000000
54888  -45.345  -9.449  46.655 0.0000000000
34552  -22.063  -30.594  57.253 0.0000000000
34579  -21.317  -30.072  55.069 0.0000000000
34572  -22.295  -30.253  55.409 0.0000000000
46146  -30.962  -18.022  38.059 0.0000000000
46135  -32.046  -18.085  38.901 0.0000000000
47958  -39.011  -16.921  49.717 0.0000000000
48887  -37.739  -16.076  47.444 0.0000000000
47977  -39.442  -16.244  49.188 0.0000000000
48876  -39.963  -15.712  48.647 0.0000000000
48864  -40.499  -16.249  49.588 0.0000000000
38882  -29.510  -25.374  55.026 0.0000000000
37940  -28.467  -26.356  53.787 0.0000000000
37942  -30.020  -26.646  53.770 0.0000000000
40044  -27.898  -24.428  39.969 0.0000000000
40031  -27.457  -24.857  40.929 0.0000000000
40073  -26.493  -24.848  38.028 0.0000000000
40106  -26.017  -25.116  36.549 0.0000000000
46122  -30.588  -18.460  39.446 0.0000000000
109901  -29.471  -18.455  38.292 0.0000000000
46145  -30.128  -18.065  37.736 0.0000000000
55007  -36.464  -10.041  37.359 0.0000000000
55938  -37.656  -9.086  37.134 0.0000000000
104114  -37.145  -10.051  35.912 0.0000000000
55927  -39.328  -8.509  37.469 0.0000000000
38804  -14.417  -25.819  59.968 0.0000000000
38857  -13.780  -25.856  56.906 0.0000000000
118375  -14.892  -26.294  57.381 0.0000000000
108177  -13.839  -26.697  44.219 0.0000000000
37134  -13.441  -27.318  44.591 0.0000000000
35522  -13.768  -29.395  42.304 0.0000000000
33855  -14.617  -30.950  41.777 0.0000000000
33873  -14.423  -30.442  40.958 0.0000000000
40001  -21.050  -24.907  43.184 0.0000000000
39022  -20.533  -25.386  43.650 0.0000000000
39039  -19.432  -25.071  41.508 0.0000000000
45074  -33.806  -19.753  45.072 0.0000000000
45089  -34.449  -19.554  44.457 0.0000000000
44106  -35.685  -20.215  45.581 0.0000000000
103811  -37.551  -20.168  50.284 0.0000000000
44063  -38.051  -20.395  48.340 0.0000000000
44034  -38.008  -19.917  50.088 0.0000000000
45031  -38.122  -19.366  49.673 0.0000000000
45947  -37.885  -18.918  51.345 0.0000000000
38909  -33.714  -26.703  53.739 0.0000000000
110867  -32.988  -27.524  51.949 0.0000000000
37991  -34.574  -27.681  51.862 0.0000000000
39962  -33.500  -24.731  47.467 0.0000000000
39961  -32.697  -25.043  47.479 0.0000000000
39989  -31.767  -24.088  45.621 0.0000000000
39998  -30.360  -24.241  44.130 0.0000000000
41008  -30.862  -23.659  44.258 0.0000000000
42105  -29.988  -22.749  42.586 0.0000000000
42093  -31.585  -22.659  45.044 0.0000000000
43096  -33.599  -21.447  46.631 0.0000000000
115105  -31.961  -20.846  45.231 0.0000000000
44117  -32.181  -20.105  44.852 0.0000000000
45103  -31.668  -19.429  43.537 0.0000000000
36183  -18.227  -28.528  58.992 0.0000000000
37004  -17.715  -27.611  56.194 0.0000000000
117889  -18.786  -28.244  56.123 0.0000000000
117370  -19.389  -28.533  51.841 0.0000000000
107428  -18.171  -27.695  51.880 0.0000000000
37081  -18.333  -27.786  50.124 0.0000000000
38042  -16.959  -26.839  48.070 0.0000000000
38056  -17.364  -27.084  47.273 0.0000000000
46052  -35.591  -18.696  43.202 0.0000000000
46080  -34.843  -18.260  41.375 0.0000000000
47037  -35.584  -17.761  43.227 0.0000000000
48916  -37.076  -15.036  44.683 0.0000000000
48933  -35.613  -15.788  42.523 0.0000000000
49849  -36.697  -14.902  42.868 0.0000000000
49792  -42.222  -15.261  47.569 0.0000000000
49820  -40.562  -14.588  45.615 0.0000000000
111198  -42.624  -14.644  46.653 0.0000000000
49822  -42.830  -14.275  46.069 0.0000000000
49794  -44.108  -14.327  48.204 0.0000000000
101593  -25.365  -26.328  55.943 0.0000000000
37027  -24.931  -27.526  54.402 0.0000000000
37028  -25.624  -27.165  54.577 0.0000000000
38924  -26.364  -25.562  51.278 0.0000000000
38922  -25.093  -25.677  51.180 0.0000000000
38980  -25.039  -24.916  48.737 0.0000000000
39008  -23.339  -25.130  46.702 0.0000000000
39953  -24.870  -24.703  47.079 0.0000000000
39923  -30.360  -24.675  49.395 0.0000000000
39907  -29.272  -24.744  49.938 0.0000000000
39957  -28.954  -24.339  47.661 0.0000000000
40029  -25.904  -24.504  41.890 0.0000000000
39995  -26.178  -24.517  44.334 0.0000000000
40040  -24.221  -23.999  41.323 0.0000000000
40016  -23.844  -24.320  43.118 0.0000000000
43189  -28.188  -21.374  39.522 0.0000000000
39818  -29.647  -24.261  57.666 0.0000000000
40867  -33.924  -23.999  56.427 0.0000000000
48850  -32.828  -16.059  50.060 0.0000000000
50779  -36.047  -13.907  51.026 0.0000000000
50765  -37.623  -13.651  51.923 0.0000000000
48837  -38.199  -15.464  52.355 0.0000000000
50766  -38.404  -13.855  52.377 0.0000000000
52806  -40.425  -11.856  51.884 0.0000000000
50751  -40.564  -13.752  52.636 0.0000000000
50767  -40.972  -13.490  51.905 0.0000000000
107041  -42.011  -14.711  51.445 0.0000000000
50791  -40.179  -12.933  50.186 0.0000000000
51849  -39.413  -12.666  46.809 0.0000000000
50819  -40.468  -13.100  47.982 0.0000000000
51850  -40.411  -12.742  46.714 0.0000000000
51852  -42.592  -12.090  47.289 0.0000000000
51864  -40.551  -12.546  45.785 0.0000000000
52963  -36.820  -11.971  41.871 0.0000000000
51971  -38.606  -12.484  39.875 0.0000000000
51934  -38.519  -12.521  41.342 0.0000000000
51936  -40.247  -12.306  41.318 0.0000000000
51898  -41.507  -11.775  43.771 0.0000000000
52964  -41.007  -11.982  41.587 0.0000000000
54006  -42.607  -11.176  42.368 0.0000000000
52979  -41.607  -11.699  40.994 0.0000000000
115833  -40.202  -12.441  36.401 0.0000000000
102603  -42.086  -11.886  38.816 0.0000000000
106241  -41.769  -12.272  36.951 0.0000000000
56797  -43.199  -7.198  37.515 0.0000000000
55942  -41.148  -8.184  36.104 0.0000000000
56814  -41.834  -7.675  35.125 0.0000000000
100002  -11.842  -26.280  54.170 0.0000000000
105891  -10.935  -26.319  54.447 0.0000000000
37064  -11.234  -27.260  51.830 0.0000000000
34612  -11.574  -29.804  49.835 0.0000000000
36267  -11.270  -28.674  49.882 0.0000000000
37958  -15.398  -26.605  52.523 0.0000000000
37957  -14.591  -26.544  52.862 0.0000000000
37980  -14.230  -26.407  51.253 0.0000000000
36286  -12.722  -28.160  46.630 0.0000000000
32865  -16.070  -32.370  43.717 0.0000000000
37069  -22.331  -27.405  51.560 0.0000000000
36252  -21.850  -28.245  51.866 0.0000000000
37095  -21.311  -27.357  49.415 0.0000000000
38095  -18.344  -26.620  43.509 0.0000000000
38075  -18.962  -27.145  45.097 0.0000000000
38094  -17.502  -26.709  43.439 0.0000000000
38081  -16.890  -26.703  43.929 0.0000000000
38122  -15.990  -26.671  41.435 0.0000000000
34779  -15.780  -30.722  37.995 0.0000000000
42071  -36.757  -22.464  48.210 0.0000000000
43099  -36.702  -21.008  46.954 0.0000000000
43065  -38.066  -21.991  48.805 0.0000000000
116066  -36.374  -20.386  50.322 0.0000000000
105494  -35.778  -19.331  49.904 0.0000000000
39899  -33.121  -24.504  51.763 0.0000000000
37992  -35.256  -27.366  51.460 0.0000000000
38947  -35.827  -26.226  51.193 0.0000000000
38967  -36.094  -25.783  49.701 0.0000000000
40989  -33.705  -23.945  47.299 0.0000000000
42083  -32.559  -22.917  46.272 0.0000000000
40991  -35.250  -23.344  48.029 0.0000000000
42070  -35.856  -22.865  48.117 0.0000000000
54919  -45.528  -8.869  45.042 0.0000000000
35396  -20.512  -30.001  57.482 0.0000000000
35412  -19.716  -28.986  56.280 0.0000000000
35413  -20.652  -29.706  55.336 0.0000000000
35441  -20.337  -29.292  52.838 0.0000000000
35451  -20.122  -28.994  51.902 0.0000000000
47003  -36.531  -17.700  46.311 0.0000000000
47012  -35.891  -17.158  45.045 0.0000000000
48002  -36.745  -16.720  46.643 0.0000000000
48897  -36.762  -15.868  45.993 0.0000000000
48906  -38.070  -14.870  45.731 0.0000000000
49818  -38.702  -14.615  45.137 0.0000000000
48900  -39.117  -15.150  46.929 0.0000000000
48890  -40.624  -15.444  47.973 0.0000000000
115820  -42.882  -15.684  48.775 0.0000000000
38879  -26.976  -25.149  55.386 0.0000000000
108336  -27.063  -26.610  54.079 0.0000000000
105491  -27.955  -26.285  54.099 0.0000000000
38925  -27.560  -25.634  51.729 0.0000000000
38940  -27.187  -25.005  50.335 0.0000000000
39996  -28.798  -24.586  44.408 0.0000000000
113570  -28.287  -24.492  45.485 0.0000000000
100310  -27.527  -24.645  43.312 0.0000000000
101355  -26.713  -24.724  41.381 0.0000000000
40071  -25.152  -24.309  39.056 0.0000000000
41078  -23.716  -23.622  37.505 0.0000000000
41099  -24.532  -24.306  37.060 0.0000000000
45174  -28.638  -19.742  39.396 0.0000000000
45193  -27.960  -19.160  37.565 0.0000000000
53930  -38.921  -10.210  48.624 0.0000000000
51816  -39.579  -12.294  49.599 0.0000000000
52857  -38.731  -11.451  48.125 0.0000000000
52885  -38.436  -11.708  46.336 0.0000000000
52899  -38.393  -11.921  45.407 0.0000000000
54973  -36.096  -9.250  40.029 0.0000000000
52995  -35.598  -10.977  39.787 0.0000000000
54050  -35.787  -10.579  38.709 0.0000000000
52007  -36.344  -11.784  38.186 0.0000000000
51990  -38.222  -12.407  38.519 0.0000000000
51992  -39.877  -12.368  38.716 0.0000000000
52019  -38.297  -12.276  36.583 0.0000000000
53052  -37.943  -11.929  35.468 0.0000000000
53103  -38.566  -11.400  33.990 0.0000000000
58570  -44.117  -5.874  35.714 0.0000000000
102633  -42.891  -6.669  35.060 0.0000000000
111024  -43.136  -5.937  34.022 0.0000000000
103002  -12.470  -24.444  60.037 0.0000000000
39810  -11.585  -24.801  57.862 0.0000000000
38820  -12.543  -25.075  57.883 0.0000000000
38873  -12.627  -25.859  55.453 0.0000000000
37913  -12.893  -26.344  54.056 0.0000000000
38039  -14.839  -26.268  48.774 0.0000000000
38038  -14.057  -26.319  48.771 0.0000000000
38061  -13.608  -26.579  46.753 0.0000000000
36296  -13.194  -28.047  45.035 0.0000000000
34700  -14.325  -30.458  43.448 0.0000000000
32882  -15.804  -32.336  42.817 0.0000000000
105128  -15.227  -31.686  42.333 0.0000000000
38997  -22.025  -25.881  47.526 0.0000000000
38058  -21.358  -26.533  47.955 0.0000000000
38085  -20.249  -26.148  44.946 0.0000000000
38109  -19.011  -26.039  42.992 0.0000000000
39037  -17.581  -26.070  40.910 0.0000000000
46077  -31.874  -18.596  41.404 0.0000000000
46106  -32.519  -18.467  40.781 0.0000000000
46063  -32.917  -18.808  42.506 0.0000000000
45106  -35.224  -19.144  43.346 0.0000000000
45077  -36.283  -19.473  44.787 0.0000000000
44077  -37.220  -20.510  46.784 0.0000000000
44092  -37.402  -19.983  46.704 0.0000000000
103057  -36.631  -18.690  45.824 0.0000000000
45990  -37.607  -18.618  48.245 0.0000000000
46982  -38.352  -17.486  49.244 0.0000000000
114287  -39.345  -17.866  51.611 0.0000000000
113017  -32.503  -27.329  54.722 0.0000000000
37943  -30.930  -27.137  53.797 0.0000000000
37965  -31.589  -27.249  53.064 0.0000000000
38944  -31.805  -25.887  50.594 0.0000000000
114011  -31.078  -24.706  48.538 0.0000000000
38964  -33.652  -26.492  49.570 0.0000000000
39960  -31.884  -24.933  47.681 0.0000000000
106200  -30.397  -24.526  46.729 0.0000000000
39997  -29.750  -24.510  44.386 0.0000000000
40022  -29.203  -24.177  42.283 0.0000000000
41045  -28.241  -23.848  39.966 0.0000000000
42139  -27.348  -23.158  38.358 0.0000000000
42116  -28.558  -23.200  40.463 0.0000000000
42117  -28.850  -22.011  40.796 0.0000000000
44178  -29.001  -20.790  40.665 0.0000000000
43114  -31.706  -21.639  45.162 0.0000000000
100513  -30.615  -20.931  43.365 0.0000000000
106522  -29.347  -20.008  40.795 0.0000000000
45136  -30.440  -19.215  41.644 0.0000000000
46076  -30.981  -18.671  41.190 0.0000000000
56786  -41.221  -7.898  38.835 0.0000000000
115433  -42.208  -7.499  40.081 0.0000000000
57655  -43.753  -6.844  39.666 0.0000000000
57667  -44.419  -6.331  38.257 0.0000000000
58555  -45.203  -5.483  37.224 0.0000000000
59422  -45.939  -4.755  36.246 0.0000000000
37859  -16.055  -27.017  58.885 0.0000000000
112952  -15.945  -26.764  57.280 0.0000000000
36992  -16.583  -27.079  57.424 0.0000000000
37015  -16.738  -27.210  55.060 0.0000000000
112698  -16.729  -27.010  52.681 0.0000000000
36230  -18.853  -28.222  54.033 0.0000000000
37052  -17.441  -27.331  52.304 0.0000000000
38006  -16.589  -26.729  50.492 0.0000000000
111423  -15.979  -26.437  48.208 0.0000000000
38063  -15.074  -26.144  46.192 0.0000000000
38079  -14.503  -26.328  43.907 0.0000000000
119346  -33.665  -18.198  40.266 0.0000000000
47093  -34.106  -17.852  39.954 0.0000000000
107159  -35.422  -16.645  42.854 0.0000000000
115639  -44.260  -13.135  47.003 0.0000000000
51839  -44.801  -11.393  47.922 0.0000000000
36204  -23.573  -29.092  56.279 0.0000000000
104415  -23.409  -29.071  55.164 0.0000000000
120233  -23.900  -28.504  55.173 0.0000000000
37039  -23.818  -27.626  53.396 0.0000000000
37983  -23.402  -26.334  51.248 0.0000000000
37937  -25.882  -26.511  52.834 0.0000000000
37984  -24.175  -25.779  50.889 0.0000000000
38028  -23.183  -25.664  49.408 0.0000000000
39007  -22.706  -25.453  47.071 0.0000000000
39018  -22.333  -25.151  45.261 0.0000000000
40014  -21.624  -24.492  42.625 0.0000000000
38927  -29.438  -25.490  51.468 0.0000000000
39906  -28.089  -24.781  50.008 0.0000000000
39935  -26.675  -24.563  48.289 0.0000000000
39975  -27.348  -24.441  46.179 0.0000000000
39974  -26.317  -24.521  46.536 0.0000000000
39973  -25.306  -24.597  46.392 0.0000000000
39993  -24.132  -24.543  44.467 0.0000000000
100494  -23.074  -24.413  43.391 0.0000000000
42147  -26.648  -22.869  36.843 0.0000000000
44031  -32.371  -20.561  50.085 0.0000000000
45011  -32.458  -19.178  49.663 0.0000000000
39730  -13.059  -24.436  62.270 0.0000000000
37830  -15.538  -27.068  60.865 0.0000000000
115392  -16.480  -28.131  61.356 0.0000000000
36155  -17.623  -28.757  60.839 0.0000000000
35382  -20.944  -30.461  59.166 0.0000000000
35370  -21.913  -30.051  59.449 0.0000000000
35385  -22.784  -29.767  58.439 0.0000000000
36186  -23.608  -28.182  58.759 0.0000000000
36995  -24.169  -27.397  57.611 0.0000000000
37887  -24.656  -26.768  57.364 0.0000000000
38861  -25.763  -25.623  56.538 0.0000000000
119315  -27.320  -24.961  58.510 0.0000000000
38846  -27.056  -24.823  57.396 0.0000000000
39831  -27.936  -24.422  56.736 0.0000000000
39850  -29.791  -24.647  55.792 0.0000000000
39851  -30.928  -24.783  56.098 0.0000000000
38884  -32.244  -26.310  55.495 0.0000000000
38885  -33.069  -26.211  55.511 0.0000000000
39866  -33.529  -25.283  55.222 0.0000000000
43019  -32.390  -21.174  51.504 0.0000000000
46963  -33.019  -17.743  48.788 0.0000000000
47956  -34.142  -17.043  48.957 0.0000000000
47938  -35.549  -16.622  49.851 0.0000000000
49744  -34.334  -14.154  51.165 0.0000000000
48853  -35.535  -15.152  50.207 0.0000000000
47916  -37.041  -16.915  51.321 0.0000000000
47917  -38.034  -17.459  52.466 0.0000000000
47898  -38.841  -17.411  53.136 0.0000000000
46917  -39.949  -17.572  52.721 0.0000000000
50750  -39.996  -13.611  53.137 0.0000000000
111156  -40.416  -15.503  53.058 0.0000000000
47919  -41.395  -17.009  52.123 0.0000000000
47961  -42.403  -16.620  50.659 0.0000000000
48867  -43.427  -15.739  50.185 0.0000000000
48868  -43.890  -15.110  49.488 0.0000000000
50804  -40.830  -13.408  48.879 0.0000000000
50805  -42.405  -13.691  49.170 0.0000000000
50807  -44.170  -13.847  49.130 0.0000000000
51823  -44.034  -13.183  48.702 0.0000000000
52871  -43.817  -11.532  47.855 0.0000000000
52886  -44.125  -10.677  47.620 0.0000000000
52914  -37.663  -11.581  44.214 0.0000000000
51879  -38.794  -12.455  44.006 0.0000000000
51933  -37.452  -12.391  41.225 0.0000000000
51895  -38.707  -12.510  43.182 0.0000000000
51880  -39.565  -12.567  44.258 0.0000000000
51882  -41.316  -12.056  44.545 0.0000000000
52917  -42.616  -11.055  44.769 0.0000000000
53963  -43.504  -10.246  45.513 0.0000000000
101614  -43.947  -9.836  44.791 0.0000000000
53996  -43.358  -10.681  42.736 0.0000000000
101296  -43.925  -10.565  42.211 0.0000000000
52998  -41.507  -11.941  39.286 0.0000000000
52981  -43.068  -11.432  40.002 0.0000000000
54021  -44.362  -10.903  40.765 0.0000000000
55928  -40.228  -8.358  37.208 0.0000000000
115626  -38.973  -9.241  34.800 0.0000000000
54121  -39.161  -10.637  33.175 0.0000000000
56826  -40.902  -8.010  33.901 0.0000000000
55069  -39.862  -9.846  32.422 0.0000000000
53091  -40.948  -12.157  33.908 0.0000000000
38855  -11.261  -25.343  56.525 0.0000000000
119540  -14.871  -26.550  54.798 0.0000000000
104095  -13.931  -26.493  53.645 0.0000000000
38002  -12.591  -26.729  50.780 0.0000000000
38037  -13.201  -26.627  48.884 0.0000000000
37091  -12.419  -27.132  49.296 0.0000000000
37090  -11.704  -27.784  49.693 0.0000000000
34633  -12.814  -29.828  47.541 0.0000000000
118751  -22.126  -29.150  53.261 0.0000000000
36251  -21.165  -28.681  51.245 0.0000000000
36269  -19.763  -28.450  49.658 0.0000000000
37118  -20.148  -27.211  47.194 0.0000000000
37117  -19.251  -27.848  47.559 0.0000000000
37116  -18.582  -27.679  47.243 0.0000000000
38074  -16.967  -26.700  45.717 0.0000000000
101026  -15.182  -26.233  43.481 0.0000000000
37153  -14.235  -27.141  42.077 0.0000000000
39067  -17.478  -25.784  39.108 0.0000000000
38152  -16.355  -26.794  39.229 0.0000000000
37198  -15.758  -27.412  39.074 0.0000000000
37188  -14.912  -27.955  39.875 0.0000000000
36334  -14.506  -28.495  40.224 0.0000000000
34746  -14.399  -29.898  40.364 0.0000000000
43050  -34.276  -21.694  49.313 0.0000000000
43063  -34.354  -20.960  49.131 0.0000000000
120471  -33.645  -21.183  48.969 0.0000000000
43048  -32.733  -21.642  49.531 0.0000000000
40966  -34.006  -23.305  49.869 0.0000000000
42028  -34.115  -22.482  49.503 0.0000000000
117813  -35.697  -23.235  50.354 0.0000000000
51854  -44.914  -11.460  47.489 0.0000000000
52887  -45.256  -10.464  47.082 0.0000000000
53953  -45.074  -10.010  47.250 0.0000000000
35404  -22.610  -30.300  56.911 0.0000000000
34563  -22.217  -30.479  56.289 0.0000000000
35414  -22.793  -30.177  56.012 0.0000000000
46134  -31.201  -18.215  38.832 0.0000000000
120719  -31.620  -17.962  38.345 0.0000000000
47976  -38.611  -16.478  48.781 0.0000000000
38899  -30.170  -26.216  54.701 0.0000000000
37919  -29.648  -26.384  54.205 0.0000000000
37920  -30.551  -26.766  54.294 0.0000000000
40057  -27.329  -24.616  39.234 0.0000000000
46133  -30.343  -18.304  38.598 0.0000000000
55893  -38.918  -8.169  39.357 0.0000000000
55910  -38.254  -8.531  38.627 0.0000000000
55911  -39.163  -8.391  38.361 0.0000000000
55926  -38.429  -8.675  37.735 0.0000000000
38822  -14.803  -26.065  59.008 0.0000000000
37857  -14.832  -26.179  58.054 0.0000000000
36316  -13.591  -27.886  42.837 0.0000000000
37143  -13.587  -27.365  43.655 0.0000000000
34729  -14.046  -30.023  41.652 0.0000000000
35533  -13.875  -29.048  41.448 0.0000000000
120788  -20.847  -24.735  42.549 0.0000000000
39040  -20.247  -24.822  42.105 0.0000000000
40023  -19.649  -24.647  40.734 0.0000000000
44105  -34.434  -20.158  45.686 0.0000000000
45013  -37.241  -19.596  50.788 0.0000000000
45014  -37.763  -19.342  50.800 0.0000000000
45960  -37.539  -19.081  51.120 0.0000000000
37966  -34.316  -27.577  52.592 0.0000000000
38916  -34.383  -26.905  52.860 0.0000000000
39981  -32.943  -24.383  46.834 0.0000000000
39980  -32.234  -24.298  46.290 0.0000000000
41009  -31.378  -23.694  44.925 0.0000000000
42098  -30.807  -22.861  43.918 0.0000000000
42099  -31.202  -23.023  44.476 0.0000000000
111204  -33.950  -20.680  46.292 0.0000000000
44103  -32.593  -20.534  45.508 0.0000000000
44104  -33.416  -20.282  45.703 0.0000000000
45073  -32.938  -19.952  45.231 0.0000000000
107237  -18.683  -28.529  58.224 0.0000000000
36194  -18.584  -28.235  57.359 0.0000000000
36257  -18.940  -28.237  50.621 0.0000000000
36248  -18.852  -28.175  51.451 0.0000000000
37106  -17.820  -27.441  48.641 0.0000000000
37093  -18.510  -27.881  49.206 0.0000000000
46039  -35.896  -18.495  43.825 0.0000000000
46066  -35.432  -18.290  42.671 0.0000000000
49833  -36.680  -15.039  43.800 0.0000000000
49806  -41.954  -14.960  46.848 0.0000000000
49793  -43.138  -14.908  47.562 0.0000000000
49807  -43.563  -14.278  47.135 0.0000000000
109806  -25.775  -26.839  55.105 0.0000000000
112345  -26.027  -24.856  49.419 0.0000000000
102837  -25.851  -25.085  50.039 0.0000000000
39000  -24.390  -24.893  47.556 0.0000000000
39934  -25.137  -24.754  47.938 0.0000000000
118790  -30.122  -24.474  48.421 0.0000000000
117639  -29.356  -24.393  48.245 0.0000000000
40041  -25.101  -24.216  40.725 0.0000000000
40028  -25.079  -24.261  41.606 0.0000000000
41028  -24.201  -23.799  40.389 0.0000000000
41042  -23.581  -23.554  39.708 0.0000000000
44202  -27.571  -20.410  38.323 0.0000000000
52840  -39.691  -11.179  50.192 0.0000000000
52826  -40.107  -10.931  51.297 0.0000000000
51806  -40.555  -12.755  51.367 0.0000000000
50780  -40.870  -13.467  50.823 0.0000000000
100902  -39.739  -12.647  46.089 0.0000000000
52961  -35.608  -10.315  41.701 0.0000000000
52962  -36.146  -11.238  41.695 0.0000000000
52976  -35.658  -10.926  40.611 0.0000000000
115193  -39.334  -12.451  39.938 0.0000000000
51954  -39.012  -12.515  40.552 0.0000000000
51955  -39.926  -12.364  40.479 0.0000000000
52978  -40.803  -12.115  40.745 0.0000000000
103122  -40.552  -12.183  40.031 0.0000000000
53054  -40.488  -12.419  35.732 0.0000000000
53055  -40.948  -12.387  36.615 0.0000000000
101093  -41.555  -12.312  35.867 0.0000000000
105764  -43.480  -6.907  37.125 0.0000000000
119193  -42.464  -7.446  36.208 0.0000000000
56805  -42.933  -6.988  35.978 0.0000000000
39771  -11.072  -24.222  59.292 0.0000000000
37977  -11.769  -26.831  52.054 0.0000000000
114964  -11.310  -27.007  52.238 0.0000000000
106423  -11.150  -27.646  51.160 0.0000000000
37077  -11.175  -28.104  50.447 0.0000000000
118152  -15.514  -26.558  51.846 0.0000000000
101706  -15.151  -26.430  51.183 0.0000000000
33808  -15.517  -31.745  44.079 0.0000000000
116705  -22.194  -26.743  50.322 0.0000000000
37083  -22.184  -27.079  50.886 0.0000000000
37096  -21.933  -26.704  49.699 0.0000000000
118552  -17.879  -26.563  43.085 0.0000000000
117142  -17.417  -26.540  42.610 0.0000000000
38107  -16.423  -26.550  42.329 0.0000000000
42050  -37.710  -22.811  48.972 0.0000000000
43064  -37.529  -22.028  48.268 0.0000000000
42030  -38.073  -22.860  49.977 0.0000000000
44046  -35.841  -20.960  50.002 0.0000000000
44032  -36.945  -21.340  50.421 0.0000000000
120465  -36.055  -19.890  50.184 0.0000000000
40937  -32.729  -23.608  51.284 0.0000000000
39910  -34.105  -25.232  51.433 0.0000000000
39909  -33.240  -24.258  51.044 0.0000000000
39913  -36.811  -25.235  50.325 0.0000000000
38949  -36.324  -25.900  50.271 0.0000000000
39942  -35.688  -25.044  49.072 0.0000000000
39941  -34.697  -25.051  48.431 0.0000000000
40977  -35.227  -24.185  48.360 0.0000000000
40990  -34.526  -23.581  47.714 0.0000000000
40978  -37.469  -23.780  49.488 0.0000000000
42049  -36.782  -23.325  48.667 0.0000000000
43079  -35.797  -22.121  47.694 0.0000000000
103700  -43.846  -12.873  44.423 0.0000000000
54901  -45.810  -9.158  46.288 0.0000000000
115741  -21.024  -30.475  57.787 0.0000000000
35403  -20.423  -29.660  56.372 0.0000000000
34561  -21.048  -30.337  56.955 0.0000000000
35425  -21.361  -29.897  54.336 0.0000000000
35424  -20.829  -29.718  54.435 0.0000000000
35434  -20.979  -29.726  53.550 0.0000000000
117919  -20.613  -29.280  52.304 0.0000000000
47119  -32.250  -17.717  38.213 0.0000000000
46993  -36.925  -17.631  47.102 0.0000000000
48016  -36.256  -16.875  45.867 0.0000000000
47989  -37.252  -16.737  47.397 0.0000000000
48888  -38.338  -15.996  47.977 0.0000000000
48898  -37.248  -16.002  46.795 0.0000000000
118134  -37.784  -15.591  46.860 0.0000000000
108000  -37.540  -15.384  46.242 0.0000000000
48899  -38.275  -15.173  46.501 0.0000000000
48891  -41.907  -15.587  48.221 0.0000000000
48878  -42.411  -16.027  49.186 0.0000000000
38880  -27.634  -25.480  54.790 0.0000000000
37903  -27.410  -26.144  54.444 0.0000000000
38897  -28.225  -25.917  54.361 0.0000000000
37962  -28.656  -26.282  53.203 0.0000000000
38914  -28.083  -25.991  52.488 0.0000000000
101174  -27.837  -25.217  50.927 0.0000000000
100311  -28.017  -24.636  44.000 0.0000000000
40020  -28.082  -24.686  42.362 0.0000000000
40056  -26.765  -24.900  39.603 0.0000000000
102435  -26.753  -24.830  40.510 0.0000000000
40055  -26.000  -24.781  39.253 0.0000000000
112153  -25.980  -24.624  40.151 0.0000000000
103264  -25.005  -24.332  38.401 0.0000000000
40089  -25.296  -24.650  37.693 0.0000000000
45175  -29.269  -19.195  39.720 0.0000000000
45184  -28.914  -18.971  38.889 0.0000000000
53962  -38.053  -10.900  45.869 0.0000000000
53951  -38.313  -10.489  46.726 0.0000000000
56774  -37.204  -7.923  40.389 0.0000000000
56761  -37.439  -7.606  41.012 0.0000000000
55891  -36.870  -8.372  39.992 0.0000000000
55908  -36.637  -8.972  39.427 0.0000000000
54987  -35.910  -9.959  39.279 0.0000000000
54988  -36.418  -9.621  38.514 0.0000000000
54064  -36.252  -10.714  37.327 0.0000000000
112654  -36.214  -11.247  37.564 0.0000000000
52008  -37.330  -12.197  37.843 0.0000000000
53031  -36.751  -11.686  37.083 0.0000000000
52009  -38.249  -12.353  37.594 0.0000000000
119728  -36.800  -11.398  36.502 0.0000000000
55034  -37.596  -9.961  35.150 0.0000000000
54094  -37.196  -10.695  35.524 0.0000000000
54105  -37.624  -10.608  34.846 0.0000000000
53088  -38.262  -11.656  34.598 0.0000000000
55044  -37.913  -10.300  34.536 0.0000000000
58576  -44.299  -5.464  35.015 0.0000000000
57707  -43.632  -5.985  34.995 0.0000000000
39773  -13.061  -24.908  59.367 0.0000000000
39792  -12.584  -24.848  58.637 0.0000000000
38821  -13.294  -25.240  58.501 0.0000000000
38874  -13.243  -25.825  56.206 0.0000000000
37897  -13.087  -26.163  54.831 0.0000000000
37914  -13.765  -26.367  54.551 0.0000000000
117217  -15.252  -26.308  48.267 0.0000000000
106218  -14.471  -26.285  47.898 0.0000000000
36305  -13.377  -28.128  44.207 0.0000000000
35495  -13.512  -28.953  43.784 0.0000000000
35485  -13.407  -28.965  44.757 0.0000000000
33833  -14.724  -31.066  42.837 0.0000000000
34716  -14.168  -30.278  42.526 0.0000000000
32920  -15.631  -32.376  40.471 0.0000000000
33856  -15.251  -31.830  41.293 0.0000000000
39006  -21.809  -25.724  46.589 0.0000000000
111415  -21.205  -25.876  45.987 0.0000000000
39011  -21.014  -25.757  45.273 0.0000000000
39030  -19.593  -25.406  42.496 0.0000000000
39021  -19.786  -25.696  43.325 0.0000000000
39029  -18.776  -25.741  42.155 0.0000000000
115943  -32.124  -18.736  42.099 0.0000000000
109094  -34.334  -19.320  43.747 0.0000000000
45090  -35.374  -19.464  44.105 0.0000000000
118969  -36.031  -19.426  44.238 0.0000000000
43081  -37.696  -21.257  47.746 0.0000000000
46017  -37.009  -19.431  46.179 0.0000000000
46018  -37.260  -19.265  46.879 0.0000000000
46005  -37.242  -18.568  47.409 0.0000000000
45974  -38.438  -18.478  50.199 0.0000000000
118140  -38.785  -17.661  50.205 0.0000000000
109134  -38.823  -18.169  51.085 0.0000000000
117412  -31.763  -27.535  53.799 0.0000000000
37042  -32.504  -27.697  53.436 0.0000000000
38010  -32.484  -26.792  51.268 0.0000000000
39924  -31.337  -24.965  49.300 0.0000000000
38963  -32.127  -25.588  49.669 0.0000000000
38012  -35.399  -27.199  50.739 0.0000000000
38030  -34.642  -27.084  50.119 0.0000000000
101999  -32.274  -24.740  46.869 0.0000000000
38982  -32.754  -25.328  48.188 0.0000000000
104658  -31.352  -24.667  46.822 0.0000000000
39959  -30.774  -24.575  47.633 0.0000000000
39978  -30.578  -24.545  45.758 0.0000000000
101122  -30.398  -24.460  44.879 0.0000000000
41011  -30.008  -23.925  43.048 0.0000000000
40009  -29.984  -24.252  43.526 0.0000000000
41023  -29.180  -23.727  41.789 0.0000000000
41022  -28.722  -23.877  41.133 0.0000000000
42110  -29.015  -23.004  41.274 0.0000000000
43149  -29.723  -21.845  42.122 0.0000000000
109827  -29.288  -22.224  41.503 0.0000000000
43161  -29.334  -21.368  41.395 0.0000000000
42084  -33.308  -22.375  46.801 0.0000000000
42094  -32.104  -22.243  45.711 0.0000000000
114997  -31.140  -20.608  43.906 0.0000000000
44144  -30.530  -20.095  42.805 0.0000000000
44159  -30.070  -20.082  41.984 0.0000000000
45135  -29.801  -19.625  41.221 0.0000000000
115119  -30.622  -19.477  42.319 0.0000000000
45121  -31.864  -18.951  42.815 0.0000000000
45137  -31.221  -18.878  42.105 0.0000000000
119616  -43.698  -6.686  40.522 0.0000000000
57656  -44.368  -6.383  39.307 0.0000000000
56780  -43.813  -6.874  38.717 0.0000000000
108209  -45.078  -5.687  38.055 0.0000000000
112884  -45.682  -5.216  37.851 0.0000000000
58564  -45.324  -5.182  36.405 0.0000000000
59415  -45.990  -4.855  37.111 0.0000000000
104672  -16.710  -27.326  58.361 0.0000000000
36993  -17.307  -27.521  57.707 0.0000000000
37016  -17.548  -27.529  55.326 0.0000000000
37003  -16.919  -27.227  55.912 0.0000000000
37036  -16.613  -27.061  53.477 0.0000000000
112236  -17.165  -27.341  53.829 0.0000000000
108929  -19.577  -28.756  55.051 0.0000000000
36221  -18.982  -28.300  54.907 0.0000000000
37053  -18.099  -27.706  52.746 0.0000000000
37066  -17.506  -27.310  51.464 0.0000000000
37079  -16.917  -26.925  51.147 0.0000000000
38025  -16.253  -26.550  49.598 0.0000000000
38041  -16.398  -26.601  48.781 0.0000000000
38055  -16.692  -26.658  47.152 0.0000000000
113795  -16.174  -26.476  47.595 0.0000000000
38064  -15.969  -26.255  45.948 0.0000000000
38072  -15.232  -26.072  45.320 0.0000000000
38080  -15.398  -26.132  44.370 0.0000000000
46107  -33.419  -18.434  40.820 0.0000000000
115156  -32.983  -18.312  40.197 0.0000000000
47070  -34.948  -17.850  40.872 0.0000000000
46108  -34.303  -18.194  40.697 0.0000000000
47094  -34.703  -17.590  40.307 0.0000000000
48028  -35.785  -16.405  44.494 0.0000000000
48041  -35.545  -16.593  43.674 0.0000000000
48945  -35.523  -15.817  41.697 0.0000000000
49819  -39.607  -14.583  45.388 0.0000000000
49821  -41.711  -14.590  45.895 0.0000000000
49839  -42.131  -14.187  44.983 0.0000000000
50832  -43.735  -13.757  46.550 0.0000000000
51853  -44.443  -12.482  47.768 0.0000000000
36205  -23.966  -28.286  56.245 0.0000000000
36213  -23.742  -28.785  55.692 0.0000000000
36214  -24.236  -28.118  55.460 0.0000000000
37040  -24.685  -27.368  53.665 0.0000000000
36234  -24.167  -27.896  54.138 0.0000000000
37055  -23.424  -27.265  52.631 0.0000000000
116597  -23.921  -26.554  52.069 0.0000000000
109254  -26.782  -26.495  53.227 0.0000000000
37938  -26.216  -26.844  53.784 0.0000000000
38937  -24.978  -25.350  50.208 0.0000000000
38958  -24.007  -25.458  49.894 0.0000000000
38009  -23.324  -25.906  50.377 0.0000000000
38998  -22.795  -25.615  47.952 0.0000000000
38978  -23.432  -25.427  48.508 0.0000000000
39971  -23.597  -24.919  46.004 0.0000000000
39984  -23.061  -24.902  45.288 0.0000000000
39991  -22.538  -24.854  44.535 0.0000000000
40003  -22.440  -24.645  43.744 0.0000000000
37989  -30.945  -26.429  52.254 0.0000000000
37988  -29.944  -26.048  52.318 0.0000000000
39922  -28.622  -24.558  49.310 0.0000000000
100578  -27.849  -24.546  49.108 0.0000000000
109850  -27.162  -24.572  48.887 0.0000000000
115221  -27.202  -24.572  44.310 0.0000000000
101123  -27.338  -24.503  45.216 0.0000000000
100640  -25.336  -24.475  43.975 0.0000000000
100348  -25.986  -24.483  45.182 0.0000000000
115954  -25.887  -24.517  45.867 0.0000000000
39986  -25.274  -24.532  45.531 0.0000000000
105571  -24.647  -24.550  45.049 0.0000000000
40026  -22.736  -23.954  41.836 0.0000000000
105106  -23.147  -24.169  42.556 0.0000000000
99795  -21.895  -24.107  41.879 0.0000000000
41026  -21.753  -23.668  40.472 0.0000000000
110321  -27.575  -22.432  38.713 0.0000000000
42148  -26.961  -23.048  37.625 0.0000000000
43196  -27.207  -22.183  38.141 0.0000000000
39748  -12.772  -24.436  61.066 0.0000000000
105214  -15.925  -27.698  61.661 0.0000000000
35368  -20.494  -30.079  59.868 0.0000000000
36197  -23.668  -28.076  57.862 0.0000000000
36985  -24.154  -27.467  58.559 0.0000000000
37888  -25.204  -26.199  57.062 0.0000000000
38844  -25.792  -25.763  57.773 0.0000000000
39798  -27.842  -24.689  58.904 0.0000000000
115132  -27.172  -24.651  56.155 0.0000000000
101858  -29.490  -24.354  56.717 0.0000000000
39835  -31.994  -24.945  56.453 0.0000000000
38863  -32.633  -25.604  55.980 0.0000000000
38864  -33.230  -25.447  56.002 0.0000000000
39853  -33.774  -24.661  55.841 0.0000000000
40890  -33.704  -24.251  55.228 0.0000000000
110360  -33.354  -25.045  54.481 0.0000000000
44023  -32.362  -20.440  50.968 0.0000000000
46947  -32.426  -17.342  50.335 0.0000000000
46979  -32.660  -18.097  48.996 0.0000000000
46962  -32.697  -17.461  49.308 0.0000000000
48851  -33.371  -15.468  50.141 0.0000000000
48861  -33.306  -16.219  49.581 0.0000000000
48862  -34.109  -15.841  49.541 0.0000000000
46965  -35.063  -17.283  49.370 0.0000000000
48863  -35.124  -15.820  49.768 0.0000000000
49763  -36.624  -14.376  51.033 0.0000000000
49762  -35.829  -14.475  50.642 0.0000000000
48854  -36.445  -15.114  50.677 0.0000000000
47939  -36.163  -16.000  50.376 0.0000000000
101760  -37.673  -16.242  51.947 0.0000000000
113942  -38.791  -15.797  53.125 0.0000000000
47918  -38.452  -16.585  52.918 0.0000000000
107354  -39.167  -16.574  53.391 0.0000000000
47899  -39.627  -17.273  53.182 0.0000000000
105980  -39.672  -10.636  52.504 0.0000000000
51772  -39.557  -12.684  52.934 0.0000000000
119278  -39.936  -12.081  52.897 0.0000000000
49734  -40.927  -14.928  52.617 0.0000000000
47901  -41.094  -16.158  52.558 0.0000000000
48839  -42.069  -16.320  51.677 0.0000000000
47941  -42.053  -16.842  51.364 0.0000000000
49771  -42.741  -14.872  50.641 0.0000000000
49766  -43.190  -15.617  50.612 0.0000000000
49772  -43.623  -15.074  50.059 0.0000000000
114311  -39.193  -12.394  48.463 0.0000000000
102141  -39.874  -13.072  49.148 0.0000000000
50803  -39.807  -13.004  48.208 0.0000000000
50820  -41.552  -13.123  48.200 0.0000000000
50806  -43.757  -13.757  49.229 0.0000000000
104192  -43.197  -11.170  47.023 0.0000000000
52872  -44.501  -11.209  47.940 0.0000000000
52946  -37.159  -11.857  42.650 0.0000000000
52930  -37.444  -11.768  43.423 0.0000000000
52931  -38.103  -12.215  43.716 0.0000000000
52996  -35.838  -11.640  39.862 0.0000000000
51951  -36.293  -12.039  40.384 0.0000000000
51952  -37.091  -12.381  40.460 0.0000000000
51915  -39.677  -12.482  41.990 0.0000000000
51914  -38.716  -12.544  42.249 0.0000000000
118712  -39.362  -12.556  42.723 0.0000000000
51896  -39.472  -12.563  43.430 0.0000000000
51897  -40.268  -12.445  43.644 0.0000000000
51881  -40.415  -12.453  44.407 0.0000000000
113783  -40.910  -12.169  43.896 0.0000000000
52916  -41.971  -11.563  44.361 0.0000000000
53972  -44.320  -9.515  45.713 0.0000000000
53983  -43.115  -10.623  44.243 0.0000000000
52966  -42.391  -11.372  41.477 0.0000000000
111051  -44.200  -10.140  43.183 0.0000000000
53013  -39.761  -12.420  37.770 0.0000000000
52997  -40.735  -12.176  39.213 0.0000000000
53014  -40.565  -12.326  38.186 0.0000000000
101094  -42.742  -11.638  39.165 0.0000000000
113879  -43.652  -11.185  40.604 0.0000000000
56794  -40.960  -8.051  37.878 0.0000000000
55929  -41.032  -8.155  36.902 0.0000000000
55956  -41.267  -8.102  35.361 0.0000000000
55955  -40.510  -8.470  35.462 0.0000000000
55968  -39.821  -8.860  34.603 0.0000000000
55046  -38.963  -9.581  33.972 0.0000000000
55981  -39.734  -9.117  33.601 0.0000000000
57715  -41.959  -6.961  33.648 0.0000000000
56827  -41.746  -7.441  34.280 0.0000000000
56839  -41.367  -7.382  33.340 0.0000000000
112762  -40.133  -9.277  32.134 0.0000000000
53118  -39.747  -11.052  32.834 0.0000000000
38837  -11.918  -25.137  57.139 0.0000000000
37932  -10.637  -27.101  53.206 0.0000000000
102146  -10.306  -26.879  54.151 0.0000000000
35459  -10.756  -29.149  51.051 0.0000000000
35468  -11.959  -29.872  49.250 0.0000000000
102412  -12.550  -30.426  49.262 0.0000000000
34621  -13.301  -30.840  48.899 0.0000000000
34622  -13.853  -31.048  48.288 0.0000000000
112504  -15.591  -26.657  56.081 0.0000000000
37900  -15.214  -26.612  55.312 0.0000000000
107801  -13.981  -26.471  52.110 0.0000000000
117186  -13.750  -26.502  52.808 0.0000000000
112163  -13.164  -26.503  52.290 0.0000000000
37979  -13.335  -26.491  51.447 0.0000000000
120857  -13.686  -26.445  48.197 0.0000000000
38051  -13.090  -26.752  48.001 0.0000000000
36282  -12.434  -28.217  47.531 0.0000000000
37105  -12.570  -27.183  48.486 0.0000000000
109773  -12.314  -27.784  48.180 0.0000000000
37104  -12.060  -27.804  48.833 0.0000000000
36278  -12.104  -28.472  48.371 0.0000000000
106040  -12.361  -29.167  47.908 0.0000000000
32883  -16.206  -32.877  42.256 0.0000000000
35427  -22.865  -29.114  54.415 0.0000000000
35435  -22.185  -29.474  53.768 0.0000000000
36232  -22.567  -28.778  53.541 0.0000000000
36260  -21.251  -28.192  50.548 0.0000000000
36259  -20.728  -28.537  50.430 0.0000000000
106281  -20.131  -28.641  50.295 0.0000000000
36280  -20.001  -28.328  48.979 0.0000000000
38067  -20.318  -26.734  46.596 0.0000000000
38057  -20.775  -26.636  47.236 0.0000000000
38066  -19.871  -26.883  46.084 0.0000000000
37130  -18.423  -27.413  45.556 0.0000000000
37125  -19.202  -27.380  45.951 0.0000000000
37124  -18.510  -27.569  46.384 0.0000000000
37123  -17.911  -27.432  46.851 0.0000000000
37129  -17.802  -27.336  46.016 0.0000000000
38106  -15.439  -26.549  42.235 0.0000000000
100312  -16.020  -26.338  43.701 0.0000000000
101294  -15.059  -26.372  42.838 0.0000000000
38105  -14.609  -26.683  42.442 0.0000000000
38159  -16.898  -26.376  38.504 0.0000000000
38153  -16.974  -26.269  39.547 0.0000000000
37205  -16.301  -27.677  37.479 0.0000000000
35581  -16.231  -29.611  37.261 0.0000000000
37197  -15.656  -27.983  38.300 0.0000000000
36347  -15.496  -28.730  38.036 0.0000000000
117389  -15.401  -27.578  39.645 0.0000000000
36342  -15.215  -28.694  38.692 0.0000000000
109251  -15.413  -30.858  38.625 0.0000000000
35552  -14.953  -29.509  39.068 0.0000000000
34763  -15.021  -30.463  39.178 0.0000000000
35551  -14.553  -29.263  39.893 0.0000000000
34762  -14.672  -29.989  39.700 0.0000000000
42006  -37.220  -23.137  50.463 0.0000000000
43035  -37.113  -22.368  50.444 0.0000000000
44045  -35.034  -20.736  49.436 0.0000000000
45045  -34.254  -19.673  48.836 0.0000000000
42004  -32.560  -22.780  50.672 0.0000000000
40951  -33.883  -24.175  50.514 0.0000000000
40965  -33.116  -23.164  50.089 0.0000000000
40952  -35.394  -24.175  50.516 0.0000000000
39914  -37.399  -24.603  50.083 0.0000000000
40968  -37.332  -24.631  49.845 0.0000000000
106990  -37.318  -24.400  50.342 0.0000000000
40954  -37.590  -23.728  50.323 0.0000000000
50844  -43.923  -13.208  46.008 0.0000000000
51883  -44.296  -12.525  45.415 0.0000000000
51884  -44.949  -11.508  45.239 0.0000000000
52903  -45.386  -10.703  46.175 0.0000000000
53954  -45.420  -9.657  46.740 0.0000000000
54900  -45.382  -9.192  46.418 0.0000000000
34562  -21.659  -30.502  56.609 0.0000000000
34580  -21.795  -30.140  54.807 0.0000000000
99958  -21.630  -29.800  53.904 0.0000000000
47990  -37.825  -16.798  48.236 0.0000000000
48875  -39.065  -15.816  48.352 0.0000000000
107227  -38.847  -15.545  47.659 0.0000000000
48865  -41.909  -16.435  49.875 0.0000000000
38898  -29.161  -25.946  54.458 0.0000000000
37918  -28.773  -26.224  54.132 0.0000000000
37941  -29.171  -26.437  53.774 0.0000000000
38915  -29.004  -25.913  52.387 0.0000000000
114313  -28.047  -24.765  41.386 0.0000000000
40043  -27.444  -24.817  40.105 0.0000000000
102982  -26.634  -24.875  38.733 0.0000000000
40090  -26.146  -24.998  37.378 0.0000000000
46121  -29.720  -18.646  39.188 0.0000000000
47126  -29.244  -18.195  37.249 0.0000000000
55892  -37.848  -8.304  39.508 0.0000000000
54989  -37.001  -9.163  38.450 0.0000000000
55008  -36.966  -9.425  37.632 0.0000000000
55021  -36.995  -9.719  36.688 0.0000000000
54078  -36.694  -10.535  36.459 0.0000000000
55022  -37.773  -9.355  36.109 0.0000000000
55953  -38.705  -8.910  36.076 0.0000000000
38803  -13.927  -25.469  59.162 0.0000000000
113074  -14.126  -25.706  58.316 0.0000000000
38839  -14.292  -25.955  57.525 0.0000000000
37883  -14.117  -26.164  56.182 0.0000000000
38071  -14.362  -26.258  45.598 0.0000000000
38070  -13.738  -26.659  45.062 0.0000000000
117183  -13.479  -28.213  43.474 0.0000000000
35506  -13.563  -28.766  42.937 0.0000000000
120920  -14.793  -31.157  40.868 0.0000000000
33874  -15.182  -31.642  40.254 0.0000000000
39023  -21.276  -25.117  43.924 0.0000000000
39016  -20.780  -25.582  44.447 0.0000000000
39031  -20.335  -25.144  42.885 0.0000000000
99878  -33.204  -19.288  43.969 0.0000000000
116583  -33.725  -19.482  44.405 0.0000000000
45075  -34.970  -19.755  44.960 0.0000000000
44047  -38.064  -20.803  49.624 0.0000000000
118268  -38.025  -20.849  48.014 0.0000000000
118395  -38.182  -20.672  48.954 0.0000000000
44048  -38.080  -20.166  49.223 0.0000000000
45046  -37.937  -19.497  48.707 0.0000000000
45015  -38.152  -19.186  50.597 0.0000000000
45948  -38.144  -18.847  51.330 0.0000000000
37944  -33.489  -27.352  53.941 0.0000000000
37059  -33.256  -27.835  53.115 0.0000000000
37060  -33.722  -27.717  53.159 0.0000000000
37071  -33.734  -27.836  52.423 0.0000000000
118414  -33.708  -27.512  51.312 0.0000000000
38983  -34.196  -25.597  48.491 0.0000000000
109507  -33.586  -25.779  48.711 0.0000000000
111492  -32.968  -24.895  47.232 0.0000000000
39979  -31.509  -24.487  46.083 0.0000000000
39999  -30.884  -24.175  44.637 0.0000000000
41012  -30.414  -23.632  43.551 0.0000000000
41017  -30.127  -23.378  42.965 0.0000000000
42104  -29.498  -22.886  41.947 0.0000000000
42101  -30.410  -22.752  43.244 0.0000000000
108494  -30.681  -21.950  43.655 0.0000000000
43115  -32.305  -21.296  45.718 0.0000000000
44088  -33.010  -20.914  46.150 0.0000000000
44127  -31.547  -20.003  44.154 0.0000000000
45120  -31.095  -19.397  42.895 0.0000000000
45087  -32.283  -19.493  44.164 0.0000000000
36994  -18.072  -27.963  58.009 0.0000000000
37005  -18.426  -28.011  56.496 0.0000000000
36211  -18.411  -27.972  55.632 0.0000000000
36241  -19.513  -28.671  52.555 0.0000000000
36240  -18.810  -28.175  53.130 0.0000000000
112562  -18.819  -28.127  52.270 0.0000000000
37067  -18.224  -27.718  51.017 0.0000000000
37092  -17.711  -27.374  49.587 0.0000000000
38026  -17.059  -26.920  49.107 0.0000000000
46065  -35.037  -18.750  42.628 0.0000000000
101462  -34.676  -18.528  41.968 0.0000000000
46081  -35.186  -18.232  42.044 0.0000000000
47055  -35.379  -17.593  42.363 0.0000000000
48915  -36.328  -15.560  44.587 0.0000000000
48914  -35.875  -15.732  43.866 0.0000000000
48922  -36.050  -15.394  43.152 0.0000000000
49805  -40.910  -14.864  46.463 0.0000000000
37018  -24.938  -27.087  55.746 0.0000000000
111875  -24.485  -27.678  55.772 0.0000000000
37017  -24.959  -27.515  55.120 0.0000000000
37041  -25.529  -27.168  53.918 0.0000000000
38923  -25.780  -25.737  51.445 0.0000000000
38938  -25.752  -25.414  50.788 0.0000000000
38959  -24.605  -25.183  49.277 0.0000000000
38999  -23.586  -25.200  47.564 0.0000000000
38979  -24.297  -25.085  48.378 0.0000000000
39009  -24.119  -24.838  46.782 0.0000000000
39908  -30.191  -24.971  50.329 0.0000000000
111171  -30.057  -25.317  50.956 0.0000000000
39938  -29.377  -24.479  48.982 0.0000000000
39937  -28.541  -24.425  48.482 0.0000000000
101654  -28.096  -24.419  47.678 0.0000000000
40018  -25.936  -24.504  42.698 0.0000000000
40006  -26.016  -24.520  43.480 0.0000000000
100440  -25.243  -24.406  43.201 0.0000000000
40017  -24.575  -24.324  42.934 0.0000000000
40005  -24.499  -24.428  43.706 0.0000000000
40027  -24.198  -24.189  42.254 0.0000000000
41021  -23.291  -23.745  41.065 0.0000000000
43188  -27.633  -21.450  38.738 0.0000000000
37860  -24.834  -26.865  59.039 0.0000000000
37844  -24.925  -26.640  59.651 0.0000000000
39799  -28.840  -24.365  58.505 0.0000000000
39817  -28.802  -24.380  57.318 0.0000000000
39837  -33.569  -24.821  56.238 0.0000000000
47915  -32.331  -16.201  51.328 0.0000000000
47937  -32.524  -16.448  50.499 0.0000000000
48834  -32.665  -15.732  50.726 0.0000000000
48835  -32.936  -14.990  50.954 0.0000000000
49760  -33.826  -14.709  50.610 0.0000000000
50764  -36.706  -13.614  51.494 0.0000000000
49746  -37.266  -14.212  51.466 0.0000000000
48836  -37.342  -15.061  51.386 0.0000000000
49747  -37.939  -14.450  51.997 0.0000000000
49748  -38.824  -14.706  52.795 0.0000000000
53911  -39.689  -9.961  51.214 0.0000000000
119456  -39.981  -10.482  51.733 0.0000000000
52784  -40.182  -11.946  52.572 0.0000000000
51773  -40.144  -12.776  52.832 0.0000000000
51787  -40.490  -12.730  52.317 0.0000000000
49749  -41.342  -14.342  52.081 0.0000000000
119498  -41.407  -14.001  51.405 0.0000000000
49764  -41.581  -14.135  50.609 0.0000000000
50818  -39.924  -12.914  47.438 0.0000000000
119913  -40.699  -12.936  47.475 0.0000000000
51836  -41.480  -12.697  47.281 0.0000000000
104271  -42.474  -12.698  47.969 0.0000000000
51851  -41.444  -12.374  46.382 0.0000000000
51865  -41.408  -12.172  45.453 0.0000000000
52945  -36.418  -11.191  42.466 0.0000000000
111177  -37.683  -12.444  39.793 0.0000000000
51953  -38.096  -12.488  40.533 0.0000000000
51935  -39.431  -12.473  41.211 0.0000000000
52932  -40.944  -12.086  43.226 0.0000000000
52947  -41.018  -11.964  42.420 0.0000000000
52948  -41.605  -11.627  42.995 0.0000000000
52949  -42.206  -11.316  42.870 0.0000000000
53995  -42.842  -10.890  43.238 0.0000000000
52965  -41.755  -11.555  42.092 0.0000000000
53033  -41.183  -12.306  37.572 0.0000000000
109471  -41.983  -12.118  37.909 0.0000000000
53016  -42.869  -11.813  38.261 0.0000000000
56796  -42.545  -7.570  37.637 0.0000000000
56795  -41.722  -7.905  37.328 0.0000000000
100483  -42.202  -7.700  36.755 0.0000000000
56804  -41.868  -7.814  35.957 0.0000000000
56853  -40.666  -8.017  31.809 0.0000000000
38854  -10.434  -25.472  56.896 0.0000000000
120312  -12.055  -25.840  55.155 0.0000000000
37912  -11.600  -25.992  54.872 0.0000000000
37933  -11.132  -26.573  53.629 0.0000000000
37050  -10.874  -27.285  52.425 0.0000000000
117003  -10.642  -27.953  51.920 0.0000000000
36256  -10.942  -28.775  50.526 0.0000000000
35467  -11.536  -29.269  49.491 0.0000000000
37936  -15.824  -26.793  53.861 0.0000000000
37916  -15.233  -26.643  54.483 0.0000000000
107374  -15.354  -26.646  53.207 0.0000000000
105787  -14.809  -26.488  51.969 0.0000000000
36289  -12.977  -28.024  45.826 0.0000000000
108609  -12.735  -27.533  47.096 0.0000000000
100121  -12.996  -28.841  46.137 0.0000000000
120009  -13.008  -29.741  46.991 0.0000000000
33753  -14.960  -31.245  45.572 0.0000000000
32842  -16.231  -32.362  44.564 0.0000000000
32866  -16.612  -33.025  43.263 0.0000000000
37054  -22.590  -27.701  52.325 0.0000000000
37068  -21.708  -27.838  51.069 0.0000000000
37082  -21.646  -27.443  50.262 0.0000000000
38084  -19.480  -26.548  44.609 0.0000000000
38083  -18.682  -26.880  44.343 0.0000000000
37136  -18.303  -27.242  44.869 0.0000000000
38082  -17.770  -27.044  44.260 0.0000000000
102133  -16.678  -26.582  43.146 0.0000000000
38140  -15.362  -26.985  40.955 0.0000000000
34795  -16.354  -30.383  37.466 0.0000000000
34794  -15.715  -29.940  37.750 0.0000000000
43098  -35.757  -21.418  47.198 0.0000000000
44090  -35.728  -20.781  46.509 0.0000000000
43080  -36.744  -21.724  47.653 0.0000000000
43052  -38.119  -21.915  49.620 0.0000000000
43036  -37.806  -22.178  50.189 0.0000000000
44033  -37.607  -21.183  50.098 0.0000000000
109543  -37.079  -20.406  50.551 0.0000000000
45012  -36.589  -19.689  50.565 0.0000000000
45959  -36.284  -18.972  50.423 0.0000000000
39900  -33.789  -25.598  52.343 0.0000000000
37967  -34.905  -27.279  52.075 0.0000000000
38930  -34.800  -26.495  52.075 0.0000000000
38931  -35.423  -26.830  51.598 0.0000000000
38031  -35.373  -26.790  50.007 0.0000000000
39911  -35.098  -25.288  50.933 0.0000000000
38014  -35.899  -26.365  50.041 0.0000000000
38966  -35.434  -26.290  49.575 0.0000000000
39940  -33.977  -25.075  47.944 0.0000000000
40998  -32.648  -23.776  46.412 0.0000000000
40999  -33.167  -23.389  46.819 0.0000000000
42068  -33.902  -22.937  47.311 0.0000000000
107525  -35.903  -23.580  48.436 0.0000000000
42069  -34.894  -22.631  47.629 0.0000000000
43078  -34.161  -22.000  47.193 0.0000000000
117650  -35.005  -21.827  47.344 0.0000000000
52918  -45.796  -10.475  45.276 0.0000000000
35395  -19.974  -29.664  58.199 0.0000000000
35402  -19.856  -29.242  57.119 0.0000000000
112637  -19.954  -29.128  55.573 0.0000000000
35423  -20.149  -29.224  54.745 0.0000000000
34570  -21.163  -30.201  55.977 0.0000000000
35433  -20.266  -29.282  53.853 0.0000000000
36249  -19.611  -28.638  51.093 0.0000000000
36258  -19.600  -28.525  50.335 0.0000000000
47013  -36.274  -17.938  45.450 0.0000000000
99984  -36.716  -15.501  45.220 0.0000000000
48905  -37.319  -15.171  45.471 0.0000000000
49817  -37.848  -14.722  44.911 0.0000000000
49803  -38.904  -14.764  46.009 0.0000000000
49790  -40.207  -15.123  47.101 0.0000000000
48889  -39.586  -15.443  47.765 0.0000000000
49791  -41.288  -15.221  47.305 0.0000000000
48892  -42.986  -15.366  48.246 0.0000000000
116815  -26.947  -25.870  54.858 0.0000000000
37902  -26.620  -26.414  54.678 0.0000000000
37939  -27.740  -26.342  53.386 0.0000000000
37961  -27.127  -26.101  52.468 0.0000000000
37987  -26.875  -25.717  51.728 0.0000000000
38939  -26.454  -25.213  50.558 0.0000000000
38961  -26.540  -24.881  49.847 0.0000000000
39976  -28.936  -24.407  46.213 0.0000000000
113595  -27.928  -24.591  44.682 0.0000000000
40030  -27.419  -24.754  41.776 0.0000000000
40019  -27.291  -24.681  42.526 0.0000000000
100439  -26.667  -24.644  42.209 0.0000000000
40042  -25.932  -24.505  41.037 0.0000000000
40054  -25.170  -24.250  39.859 0.0000000000
41059  -24.230  -23.747  38.859 0.0000000000
41079  -24.396  -23.947  37.968 0.0000000000
40104  -24.084  -24.288  36.031 0.0000000000
103894  -25.521  -24.941  36.994 0.0000000000
45182  -27.614  -19.749  37.856 0.0000000000
45183  -28.159  -19.555  38.481 0.0000000000
46143  -27.734  -18.992  36.746 0.0000000000
46132  -28.643  -18.762  37.952 0.0000000000
114460  -39.372  -10.014  49.752 0.0000000000
52858  -39.169  -11.334  49.112 0.0000000000
51822  -38.796  -12.171  47.675 0.0000000000
52870  -38.533  -11.505  47.234 0.0000000000
51834  -38.801  -12.321  46.957 0.0000000000
51848  -38.979  -12.440  45.975 0.0000000000
54972  -35.626  -9.405  41.024 0.0000000000
54034  -35.721  -10.385  39.744 0.0000000000
53011  -35.653  -10.992  38.846 0.0000000000
53012  -35.780  -11.446  38.967 0.0000000000
54051  -36.068  -10.325  38.118 0.0000000000
53030  -35.890  -11.265  38.288 0.0000000000
51988  -36.189  -11.994  39.099 0.0000000000
51989  -37.209  -12.312  38.906 0.0000000000
51970  -38.207  -12.451  39.267 0.0000000000
108224  -39.072  -12.458  39.178 0.0000000000
51991  -39.070  -12.434  38.225 0.0000000000
52010  -39.009  -12.419  37.397 0.0000000000
53071  -37.284  -11.339  35.594 0.0000000000
52020  -39.465  -12.424  36.714 0.0000000000
53053  -39.605  -12.414  35.773 0.0000000000
53072  -38.873  -12.194  35.103 0.0000000000
53089  -39.060  -11.996  34.290 0.0000000000
58562  -43.934  -6.256  36.301 0.0000000000
57697  -43.493  -6.414  35.754 0.0000000000
57706  -42.404  -6.771  34.228 0.0000000000
57716  -42.391  -6.384  33.390 0.0000000000
39772  -12.022  -24.448  59.116 0.0000000000
38856  -12.261  -25.494  56.311 0.0000000000
38838  -13.500  -25.524  57.687 0.0000000000
109051  -12.892  -25.447  57.015 0.0000000000
38894  -12.370  -26.060  54.741 0.0000000000
37934  -12.095  -26.449  53.347 0.0000000000
37955  -12.331  -26.575  52.534 0.0000000000
38024  -15.241  -26.333  49.558 0.0000000000
38023  -14.488  -26.316  49.391 0.0000000000
38052  -13.661  -26.478  47.518 0.0000000000
37122  -13.052  -27.236  46.394 0.0000000000
99833  -13.631  -26.632  45.919 0.0000000000
37128  -13.270  -27.283  45.449 0.0000000000
33807  -14.893  -31.178  43.702 0.0000000000
32901  -15.842  -32.639  41.345 0.0000000000
38044  -22.169  -26.058  48.370 0.0000000000
38043  -21.650  -26.615  48.896 0.0000000000
104887  -21.379  -26.156  47.183 0.0000000000
38068  -20.981  -26.204  46.577 0.0000000000
38077  -20.480  -26.330  45.835 0.0000000000
39015  -20.007  -25.928  44.132 0.0000000000
38096  -19.230  -26.302  43.810 0.0000000000
38108  -18.243  -26.314  42.711 0.0000000000
38124  -17.954  -26.192  41.886 0.0000000000
46105  -31.656  -18.478  40.587 0.0000000000
104758  -32.263  -18.363  40.150 0.0000000000
46078  -32.896  -18.609  41.583 0.0000000000
118937  -33.464  -18.679  41.993 0.0000000000
45105  -33.611  -19.080  43.157 0.0000000000
45122  -34.509  -19.067  43.013 0.0000000000
46064  -34.062  -18.802  42.376 0.0000000000
104978  -35.864  -19.152  43.728 0.0000000000
45091  -36.239  -19.031  44.257 0.0000000000
44091  -36.569  -20.387  46.112 0.0000000000
44078  -37.729  -20.464  47.483 0.0000000000
45063  -37.012  -20.043  45.966 0.0000000000
44107  -36.418  -19.940  45.357 0.0000000000
111343  -36.636  -19.499  45.462 0.0000000000
46030  -36.442  -18.884  44.984 0.0000000000
46004  -36.902  -18.561  46.627 0.0000000000
45991  -38.056  -18.543  49.126 0.0000000000
46981  -37.792  -17.783  48.578 0.0000000000
46966  -39.350  -17.472  50.730 0.0000000000
37904  -31.879  -26.935  55.052 0.0000000000
37921  -31.551  -27.261  54.403 0.0000000000
37058  -32.733  -27.620  52.704 0.0000000000
37990  -32.030  -26.933  52.115 0.0000000000
38929  -31.392  -26.187  51.405 0.0000000000
38962  -31.116  -25.136  50.055 0.0000000000
39958  -29.821  -24.406  47.615 0.0000000000
38029  -33.970  -27.193  50.410 0.0000000000
117965  -32.886  -26.101  49.607 0.0000000000
38981  -32.840  -25.751  49.038 0.0000000000
39939  -32.013  -25.188  48.717 0.0000000000
117579  -29.769  -24.503  46.174 0.0000000000
39977  -29.516  -24.533  45.309 0.0000000000
108547  -29.437  -24.501  43.742 0.0000000000
120308  -29.903  -24.413  43.931 0.0000000000
100486  -29.454  -24.327  42.955 0.0000000000
40021  -28.829  -24.487  42.523 0.0000000000
120255  -28.358  -24.456  41.075 0.0000000000
41029  -28.340  -24.176  40.515 0.0000000000
41044  -27.858  -23.946  39.404 0.0000000000
42129  -27.721  -23.165  39.028 0.0000000000
42130  -28.166  -23.123  39.663 0.0000000000
43183  -28.402  -22.216  39.969 0.0000000000
43169  -28.575  -21.368  40.175 0.0000000000
44194  -28.572  -20.581  39.848 0.0000000000
43128  -31.162  -22.043  44.427 0.0000000000
107485  -31.452  -20.892  44.580 0.0000000000
43138  -30.997  -21.282  43.988 0.0000000000
44143  -30.122  -20.941  42.528 0.0000000000
117019  -29.697  -20.922  41.907 0.0000000000
44158  -29.513  -20.450  41.344 0.0000000000
44195  -29.009  -19.904  40.186 0.0000000000
45159  -29.570  -19.371  40.489 0.0000000000
45160  -30.196  -18.939  40.862 0.0000000000
46104  -30.801  -18.573  40.313 0.0000000000
56777  -40.589  -7.942  39.409 0.0000000000
56778  -41.377  -7.738  39.787 0.0000000000
56787  -41.976  -7.666  39.146 0.0000000000
56779  -43.073  -7.160  40.163 0.0000000000
56788  -42.582  -7.533  38.620 0.0000000000
56789  -43.217  -7.268  38.228 0.0000000000
57678  -43.782  -6.816  37.779 0.0000000000
118135  -44.215  -6.437  37.619 0.0000000000
58537  -45.602  -5.107  39.886 0.0000000000
58547  -44.994  -5.776  39.000 0.0000000000
58554  -44.593  -6.057  37.443 0.0000000000
58563  -44.576  -5.820  36.539 0.0000000000
58571  -44.792  -5.349  35.708 0.0000000000
59427  -44.962  -4.940  34.961 0.0000000000
59429  -46.312  -4.455  35.655 0.0000000000
59437  -45.812  -4.489  34.826 0.0000000000
37858  -15.440  -26.538  58.462 0.0000000000
37871  -16.054  -26.821  58.005 0.0000000000
37886  -16.252  -26.898  56.547 0.0000000000
37901  -16.132  -26.888  55.607 0.0000000000
112334  -17.117  -27.319  56.791 0.0000000000
37024  -16.600  -27.137  54.258 0.0000000000
37959  -16.008  -26.794  53.006 0.0000000000
102553  -16.100  -26.723  52.213 0.0000000000
36203  -19.126  -28.543  56.682 0.0000000000
37026  -18.189  -27.823  54.686 0.0000000000
37038  -17.974  -27.693  53.728 0.0000000000
37037  -17.338  -27.345  53.137 0.0000000000
37051  -16.811  -26.960  51.869 0.0000000000
38040  -15.651  -26.381  48.859 0.0000000000
38054  -15.412  -26.314  47.642 0.0000000000
100499  -14.462  -26.255  44.738 0.0000000000
38091  -13.956  -26.723  43.525 0.0000000000
38104  -13.902  -27.051  42.800 0.0000000000
104206  -20.107  -24.256  40.311 0.0000000000
46124  -32.546  -18.179  39.568 0.0000000000
46125  -33.367  -18.004  39.686 0.0000000000
47108  -33.842  -17.591  39.242 0.0000000000
47023  -35.701  -17.443  44.180 0.0000000000
112306  -35.598  -15.956  43.241 0.0000000000
48055  -35.348  -16.596  42.028 0.0000000000
47095  -35.068  -17.151  40.724 0.0000000000
50843  -43.166  -13.792  45.479 0.0000000000
36196  -23.503  -28.859  57.083 0.0000000000
35415  -23.298  -29.527  55.819 0.0000000000
36233  -23.344  -28.319  53.871 0.0000000000
36224  -24.359  -28.012  54.840 0.0000000000
37982  -22.708  -26.788  51.279 0.0000000000
38008  -22.716  -26.464  50.700 0.0000000000
37029  -26.251  -26.839  54.455 0.0000000000
120430  -25.717  -26.842  53.469 0.0000000000
37057  -25.172  -26.866  53.228 0.0000000000
37985  -25.415  -26.091  51.925 0.0000000000
99866  -24.576  -26.106  51.666 0.0000000000
37960  -24.878  -26.499  52.445 0.0000000000
117972  -24.009  -26.162  51.474 0.0000000000
38977  -22.782  -25.721  48.694 0.0000000000
39013  -22.669  -25.259  46.081 0.0000000000
39017  -21.657  -25.262  44.739 0.0000000000
39990  -21.924  -24.907  44.078 0.0000000000
40002  -21.773  -24.730  43.432 0.0000000000
40013  -21.052  -24.433  41.926 0.0000000000
37963  -29.511  -26.383  53.121 0.0000000000
38942  -29.531  -25.090  50.687 0.0000000000
38941  -28.760  -25.102  50.777 0.0000000000
39921  -27.218  -24.708  49.558 0.0000000000
39920  -26.566  -24.694  49.117 0.0000000000
116030  -28.165  -24.419  46.373 0.0000000000
106202  -27.736  -24.452  46.968 0.0000000000
108528  -26.664  -24.496  44.941 0.0000000000
39987  -26.583  -24.476  45.664 0.0000000000
107508  -27.010  -24.496  46.958 0.0000000000
39955  -26.472  -24.545  47.426 0.0000000000
102082  -25.953  -24.619  47.911 0.0000000000
119336  -24.687  -24.684  46.554 0.0000000000
39972  -24.497  -24.682  45.938 0.0000000000
39985  -23.881  -24.703  45.223 0.0000000000
40004  -23.649  -24.491  43.877 0.0000000000
115899  -23.008  -24.592  44.027 0.0000000000
40015  -22.398  -24.420  43.019 0.0000000000
40025  -21.370  -24.040  41.202 0.0000000000
44210  -27.213  -20.311  37.543 0.0000000000
104108  -32.597  -20.676  49.370 0.0000000000
113788  -32.614  -20.083  49.144 0.0000000000
100446  -32.370  -19.784  50.349 0.0000000000
109404  -32.357  -18.194  50.764 0.0000000000
38782  -13.301  -24.862  60.392 0.0000000000
38769  -13.547  -24.934  61.479 0.0000000000
114854  -15.163  -26.471  59.975 0.0000000000
36972  -16.742  -27.772  59.550 0.0000000000
36154  -16.872  -28.289  60.665 0.0000000000
113515  -17.544  -28.306  59.437 0.0000000000
117869  -18.613  -29.009  59.597 0.0000000000
36184  -19.226  -29.229  59.056 0.0000000000
35367  -19.687  -29.840  60.042 0.0000000000
35381  -20.228  -30.062  59.230 0.0000000000
106410  -20.689  -30.338  58.429 0.0000000000
34541  -21.304  -30.610  58.414 0.0000000000
34542  -21.865  -30.650  58.190 0.0000000000
35397  -22.424  -30.388  57.866 0.0000000000
35398  -23.007  -29.763  57.510 0.0000000000
36185  -23.279  -28.951  58.114 0.0000000000
107976  -23.848  -27.951  57.048 0.0000000000
37872  -24.592  -26.950  58.249 0.0000000000
37007  -24.847  -26.719  56.467 0.0000000000
113047  -26.290  -25.297  57.296 0.0000000000
38862  -26.463  -25.088  56.276 0.0000000000
39848  -27.947  -24.677  55.473 0.0000000000
39832  -28.814  -24.386  56.096 0.0000000000
39849  -28.905  -24.763  55.361 0.0000000000
38883  -30.562  -25.529  55.352 0.0000000000
119178  -30.750  -26.245  54.998 0.0000000000
39834  -31.262  -24.400  57.021 0.0000000000
39852  -31.620  -25.530  55.774 0.0000000000
108180  -31.337  -26.262  55.238 0.0000000000
37905  -32.641  -26.873  55.177 0.0000000000
37923  -33.202  -27.019  54.843 0.0000000000
38865  -33.493  -25.469  55.678 0.0000000000
38886  -33.410  -26.172  55.104 0.0000000000
38901  -33.437  -26.717  54.475 0.0000000000
111913  -33.450  -26.024  54.555 0.0000000000
39880  -33.401  -25.761  53.922 0.0000000000
39879  -33.084  -24.892  53.560 0.0000000000
40906  -33.174  -23.927  54.173 0.0000000000
39890  -33.065  -24.711  52.638 0.0000000000
40921  -32.629  -23.750  52.136 0.0000000000
105318  -32.312  -21.988  51.076 0.0000000000
110771  -32.470  -21.867  50.274 0.0000000000
102331  -32.446  -21.197  49.934 0.0000000000
45028  -32.656  -19.444  48.998 0.0000000000
45988  -32.963  -18.585  48.714 0.0000000000
45989  -33.886  -18.785  48.667 0.0000000000
47954  -32.741  -16.682  49.705 0.0000000000
47975  -33.624  -17.523  48.783 0.0000000000
46964  -34.413  -17.971  48.864 0.0000000000
106396  -35.557  -18.338  49.711 0.0000000000
114522  -36.434  -18.344  50.629 0.0000000000
50761  -33.881  -13.797  51.905 0.0000000000
49745  -35.280  -13.984  51.032 0.0000000000
49761  -34.877  -14.536  50.495 0.0000000000
104173  -36.272  -16.919  50.498 0.0000000000
107129  -37.064  -18.390  51.253 0.0000000000
46932  -37.461  -17.995  51.734 0.0000000000
46933  -38.110  -18.291  52.207 0.0000000000
46915  -38.608  -17.933  52.648 0.0000000000
46950  -38.707  -18.274  52.004 0.0000000000
46916  -39.232  -17.801  52.801 0.0000000000
46934  -39.697  -17.775  52.247 0.0000000000
46951  -40.214  -17.387  51.405 0.0000000000
51771  -38.764  -12.152  52.820 0.0000000000
50749  -39.217  -13.684  52.872 0.0000000000
49732  -39.593  -14.382  53.145 0.0000000000
49733  -40.224  -14.565  53.106 0.0000000000
48825  -40.089  -16.407  53.225 0.0000000000
47900  -40.510  -17.091  52.764 0.0000000000
46935  -40.570  -17.437  52.223 0.0000000000
47940  -41.211  -17.163  51.665 0.0000000000
47960  -41.272  -16.828  50.760 0.0000000000
49765  -42.607  -15.612  51.247 0.0000000000
47942  -42.946  -16.317  50.920 0.0000000000
48866  -42.964  -16.344  50.108 0.0000000000
108684  -43.339  -15.781  49.480 0.0000000000
48879  -43.593  -15.416  48.977 0.0000000000
50792  -40.731  -13.569  49.822 0.0000000000
50794  -43.244  -14.367  49.779 0.0000000000
49773  -43.963  -14.420  49.412 0.0000000000
49782  -44.181  -14.374  49.047 0.0000000000
50822  -44.212  -13.461  48.537 0.0000000000
51837  -43.578  -12.433  48.194 0.0000000000
51838  -44.294  -12.222  48.042 0.0000000000
53941  -44.781  -10.630  47.742 0.0000000000
52915  -38.269  -12.076  44.529 0.0000000000
51862  -38.909  -12.405  44.894 0.0000000000
52977  -35.923  -11.435  40.827 0.0000000000
51932  -36.518  -12.032  41.077 0.0000000000
51913  -37.750  -12.370  42.049 0.0000000000
117536  -40.684  -12.434  45.045 0.0000000000
52900  -42.062  -11.583  45.151 0.0000000000
52901  -42.851  -10.995  45.889 0.0000000000
52902  -43.720  -10.318  46.789 0.0000000000
53952  -44.544  -10.008  47.285 0.0000000000
53964  -44.354  -9.664  46.486 0.0000000000
54911  -44.938  -9.171  46.222 0.0000000000
54918  -44.822  -9.161  45.409 0.0000000000
103219  -43.634  -10.297  43.712 0.0000000000
53984  -44.534  -9.561  44.293 0.0000000000
53997  -45.264  -9.452  43.652 0.0000000000
103226  -41.292  -11.889  40.067 0.0000000000
52980  -42.312  -11.486  40.595 0.0000000000
53015  -41.351  -12.137  38.504 0.0000000000
52999  -42.096  -11.662  39.759 0.0000000000
52967  -43.039  -11.243  40.972 0.0000000000
54020  -43.772  -10.916  41.337 0.0000000000
55912  -40.036  -8.262  38.079 0.0000000000
55940  -39.459  -8.625  36.585 0.0000000000
55954  -39.474  -8.794  35.593 0.0000000000
107093  -38.271  -9.762  34.575 0.0000000000
55045  -38.341  -10.257  34.019 0.0000000000
54120  -38.610  -10.825  33.678 0.0000000000
53104  -39.260  -11.481  33.516 0.0000000000
116079  -42.278  -7.222  34.851 0.0000000000
55970  -41.320  -7.937  34.700 0.0000000000
112276  -40.309  -8.598  34.038 0.0000000000
55997  -40.311  -8.651  32.340 0.0000000000
55982  -40.289  -8.590  33.242 0.0000000000
55056  -39.316  -9.845  33.083 0.0000000000
53105  -40.207  -11.730  33.260 0.0000000000
53090  -39.962  -12.189  34.043 0.0000000000
39791  -11.320  -24.499  58.525 0.0000000000
38836  -10.993  -24.989  57.340 0.0000000000
38871  -10.602  -25.750  56.009 0.0000000000
37896  -10.800  -26.033  55.199 0.0000000000
34614  -13.048  -30.957  49.835 0.0000000000
34605  -11.482  -30.045  50.367 0.0000000000
34613  -12.122  -30.417  49.980 0.0000000000
37885  -15.365  -26.542  56.843 0.0000000000
37884  -14.892  -26.438  56.144 0.0000000000
119156  -14.475  -26.385  55.611 0.0000000000
37915  -14.528  -26.513  54.373 0.0000000000
37956  -13.040  -26.459  53.112 0.0000000000
37978  -12.511  -26.651  51.734 0.0000000000
38004  -14.581  -26.352  50.277 0.0000000000
38022  -13.783  -26.403  49.609 0.0000000000
37114  -12.648  -27.337  47.746 0.0000000000
38021  -12.959  -26.684  49.853 0.0000000000
117034  -12.280  -27.087  50.039 0.0000000000
37078  -11.747  -27.336  50.552 0.0000000000
36277  -11.682  -28.563  49.125 0.0000000000
35472  -11.951  -29.241  48.733 0.0000000000
34634  -13.423  -30.271  47.087 0.0000000000
34635  -13.986  -30.925  47.575 0.0000000000
102784  -22.839  -29.782  55.222 0.0000000000
35426  -22.266  -29.882  54.571 0.0000000000
35443  -21.642  -29.420  53.109 0.0000000000
36243  -22.145  -28.661  52.759 0.0000000000
36242  -21.372  -29.046  52.245 0.0000000000
35452  -20.782  -29.129  51.893 0.0000000000
36250  -20.374  -28.848  51.039 0.0000000000
118051  -19.946  -28.739  50.662 0.0000000000
36279  -19.306  -28.213  48.990 0.0000000000
37110  -20.958  -27.260  48.612 0.0000000000
37109  -20.278  -27.852  48.405 0.0000000000
37126  -19.714  -27.272  46.626 0.0000000000
117744  -19.624  -27.567  47.179 0.0000000000
37108  -19.574  -28.076  48.287 0.0000000000
37107  -18.718  -27.904  48.204 0.0000000000
37115  -17.909  -27.472  47.700 0.0000000000
38065  -17.248  -26.941  46.581 0.0000000000
113825  -16.990  -26.740  44.746 0.0000000000
120573  -16.294  -26.388  44.360 0.0000000000
38073  -16.151  -26.276  45.083 0.0000000000
38092  -14.478  -26.491  43.152 0.0000000000
37169  -13.836  -27.681  42.134 0.0000000000
39053  -18.967  -25.026  40.584 0.0000000000
39052  -18.199  -25.478  40.327 0.0000000000
110290  -17.971  -25.440  39.573 0.0000000000
39051  -17.529  -25.847  39.985 0.0000000000
118067  -17.073  -26.276  40.290 0.0000000000
106053  -16.487  -26.623  40.064 0.0000000000
38158  -16.227  -27.156  38.368 0.0000000000
38142  -16.704  -26.526  40.842 0.0000000000
38141  -15.949  -26.867  40.573 0.0000000000
37183  -15.244  -27.348  40.326 0.0000000000
35565  -15.354  -29.375  38.228 0.0000000000
36341  -14.860  -28.637  39.469 0.0000000000
37182  -14.576  -27.807  40.595 0.0000000000
37170  -14.262  -27.580  41.396 0.0000000000
36329  -14.131  -28.354  40.951 0.0000000000
114224  -13.857  -28.203  41.597 0.0000000000
102401  -14.140  -29.724  41.002 0.0000000000
32939  -15.649  -32.165  39.595 0.0000000000
33778  -15.510  -31.694  44.913 0.0000000000
33834  -15.364  -31.718  43.251 0.0000000000
34571  -21.770  -30.380  55.665 0.0000000000
34778  -15.337  -30.162  38.441 0.0000000000
35442  -20.987  -29.560  52.683 0.0000000000
35460  -11.163  -29.378  50.288 0.0000000000
35541  -14.218  -29.122  40.632 0.0000000000
36212  -19.227  -28.524  55.738 0.0000000000
36223  -23.677  -28.482  54.622 0.0000000000
36231  -19.564  -28.747  53.440 0.0000000000
36270  -20.379  -28.393  49.719 0.0000000000
36271  -21.017  -28.057  49.896 0.0000000000
36973  -17.354  -28.424  60.090 0.0000000000
37030  -32.447  -27.647  54.126 0.0000000000
37043  -33.145  -27.735  53.720 0.0000000000
37063  -10.775  -28.438  51.116 0.0000000000
37070  -23.017  -26.919  51.896 0.0000000000
37119  -20.559  -27.207  47.854 0.0000000000
37171  -14.831  -27.303  40.964 0.0000000000
37189  -15.271  -28.027  39.163 0.0000000000
37190  -15.877  -27.113  39.827 0.0000000000
37869  -14.560  -26.220  56.830 0.0000000000
37870  -15.420  -26.524  57.666 0.0000000000
37899  -14.431  -26.451  55.010 0.0000000000
37935  -14.911  -26.581  53.742 0.0000000000
37954  -11.404  -26.773  52.735 0.0000000000
37964  -30.444  -26.689  53.094 0.0000000000
37981  -16.111  -26.635  51.315 0.0000000000
37986  -26.282  -26.004  52.037 0.0000000000
37993  -35.681  -26.767  51.123 0.0000000000
38007  -17.044  -26.904  49.879 0.0000000000
38011  -34.686  -27.536  50.986 0.0000000000
38013  -35.829  -26.556  50.529 0.0000000000
38027  -22.589  -26.190  49.977 0.0000000000
38053  -14.159  -26.327  47.112 0.0000000000
38093  -15.775  -26.391  42.945 0.0000000000
38163  -16.668  -26.894  37.713 0.0000000000
38943  -30.809  -25.496  50.805 0.0000000000
38946  -35.224  -26.137  51.509 0.0000000000
38948  -36.108  -26.051  50.706 0.0000000000
38960  -25.383  -25.003  49.391 0.0000000000
38984  -35.120  -25.787  49.027 0.0000000000
39001  -33.377  -25.201  47.877 0.0000000000
39926  -36.945  -25.313  50.031 0.0000000000
39954  -25.670  -24.608  47.213 0.0000000000
39956  -27.244  -24.479  47.620 0.0000000000
39963  -34.254  -24.469  47.827 0.0000000000
39988  -31.121  -24.344  45.249 0.0000000000
39994  -25.359  -24.481  44.744 0.0000000000
40007  -26.696  -24.589  42.987 0.0000000000
40032  -28.658  -24.373  41.779 0.0000000000
40105  -25.217  -25.021  36.380 0.0000000000
40953  -36.770  -23.797  50.527 0.0000000000
40955  -37.887  -23.590  50.083 0.0000000000
41005  -31.954  -23.271  45.574 0.0000000000
41060  -27.440  -24.021  38.696 0.0000000000
42007  -37.779  -23.033  50.264 0.0000000000
42027  -33.259  -22.490  49.574 0.0000000000
42029  -35.183  -22.364  49.864 0.0000000000
42051  -38.050  -22.620  49.514 0.0000000000
43034  -32.362  -21.214  50.606 0.0000000000
43062  -32.953  -21.035  48.905 0.0000000000
43097  -34.683  -21.208  46.817 0.0000000000
44060  -32.796  -20.207  48.879 0.0000000000
44062  -34.514  -20.354  49.072 0.0000000000
45029  -34.893  -19.010  49.121 0.0000000000
45044  -33.270  -19.506  48.695 0.0000000000
45088  -32.969  -19.597  44.673 0.0000000000
45946  -37.648  -18.660  51.549 0.0000000000
45958  -32.454  -18.250  49.755 0.0000000000
45973  -32.588  -18.687  49.126 0.0000000000
46948  -35.935  -17.524  50.157 0.0000000000
46949  -36.703  -17.710  50.970 0.0000000000
46980  -33.532  -18.090  48.669 0.0000000000
47955  -33.258  -16.964  49.073 0.0000000000
47957  -34.648  -16.462  49.373 0.0000000000
48934  -36.141  -15.209  42.521 0.0000000000
50763  -35.748  -13.503  51.572 0.0000000000
51916  -40.459  -12.248  42.002 0.0000000000
52018  -37.528  -12.116  37.026 0.0000000000
52029  -38.820  -12.328  35.887 0.0000000000
52805  -40.134  -11.018  52.207 0.0000000000
53029  -35.885  -10.885  38.073 0.0000000000
53051  -37.250  -11.736  36.261 0.0000000000
53070  -36.832  -11.150  36.105 0.0000000000
53073  -39.775  -12.333  34.935 0.0000000000
53087  -37.597  -11.193  34.947 0.0000000000
54106  -38.030  -10.899  34.290 0.0000000000
54136  -39.606  -10.394  32.719 0.0000000000
54887  -44.970  -9.471  46.816 0.0000000000
55055  -38.797  -10.215  33.518 0.0000000000
55909  -37.406  -8.743  38.953 0.0000000000
55925  -37.614  -8.924  38.052 0.0000000000
55939  -38.529  -8.783  36.830 0.0000000000
55941  -40.355  -8.455  36.315 0.0000000000
55996  -39.898  -9.235  32.760 0.0000000000
56806  -42.904  -7.246  36.814 0.0000000000
56815  -42.391  -7.339  35.532 0.0000000000
56838  -40.692  -7.931  32.819 0.0000000000
57679  -44.031  -6.467  37.031 0.0000000000
57728  -41.770  -6.777  32.874 0.0000000000
59428  -45.506  -4.845  35.634 0.0000000000
100177  -27.043  -25.391  51.087 0.0000000000
100786  -19.912  -27.726  47.720 0.0000000000
100851  -27.993  -24.710  40.624 0.0000000000
102012  -13.265  -30.502  47.958 0.0000000000
102132  -25.143  -24.343  42.426 0.0000000000
102294  -34.015  -27.364  53.222 0.0000000000
102945  -32.472  -19.965  49.540 0.0000000000
103177  -19.149  -27.653  46.803 0.0000000000
105163  -41.615  -7.972  36.605 0.0000000000
105618  -35.136  -21.424  49.605 0.0000000000
105754  -38.128  -18.610  51.741 0.0000000000
106151  -43.203  -7.249  39.124 0.0000000000
106217  -14.852  -26.249  47.016 0.0000000000
106897  -39.089  -12.549  41.679 0.0000000000
107256  -36.477  -24.258  49.129 0.0000000000
107483  -17.895  -27.716  57.082 0.0000000000
108469  -15.816  -26.308  46.865 0.0000000000
109214  -36.712  -24.726  50.537 0.0000000000
112139  -33.850  -16.449  49.224 0.0000000000
114225  -13.187  -28.637  45.472 0.0000000000
115015  -37.678  -24.083  50.145 0.0000000000
115649  -22.359  -24.209  42.388 0.0000000000
115978  -40.548  -8.081  38.623 0.0000000000
117318  -23.503  -23.998  41.819 0.0000000000
117683  -12.004  -24.688  58.386 0.0000000000
117739  -28.542  -24.373  46.976 0.0000000000
118195  -41.807  -11.661  40.363 0.0000000000
120600  -25.952  -27.028  54.246 0.0000000000
120898  -42.619  -7.454  39.412 0.0000000000
