#!ascii label  , from subject sub-v1s11x0050164_ses-1 vox2ras=TkReg
902
86470  40.656  28.493  -1.250 0.0000000000
89395  44.284  33.174  -0.380 0.0000000000
87628  52.315  30.771  2.673 0.0000000000
116390  38.718  29.422  2.404 0.0000000000
105616  41.636  29.589  4.427 0.0000000000
88872  39.584  32.851  -6.112 0.0000000000
91455  42.298  37.184  6.704 0.0000000000
91486  41.793  37.121  3.107 0.0000000000
87580  53.017  30.541  8.386 0.0000000000
85821  49.579  27.015  7.575 0.0000000000
116551  43.939  28.332  -6.922 0.0000000000
87693  46.213  30.745  -0.558 0.0000000000
104247  49.296  33.618  -0.600 0.0000000000
89323  48.859  33.631  5.726 0.0000000000
92910  43.854  40.477  1.491 0.0000000000
102706  41.897  35.144  -4.463 0.0000000000
116499  45.718  29.833  5.416 0.0000000000
87079  39.715  28.893  0.684 0.0000000000
85861  39.885  27.590  2.963 0.0000000000
87068  41.014  29.087  1.082 0.0000000000
87740  39.054  30.242  -3.873 0.0000000000
87709  37.989  30.900  -1.499 0.0000000000
105365  39.720  39.058  6.668 0.0000000000
116975  51.125  29.454  11.131 0.0000000000
114090  53.390  28.038  9.979 0.0000000000
85189  52.770  26.793  12.224 0.0000000000
93401  46.678  41.694  -1.544 0.0000000000
88325  44.203  30.905  -4.685 0.0000000000
88313  47.655  31.052  -4.275 0.0000000000
89406  46.969  33.063  -1.304 0.0000000000
116617  49.700  39.832  8.677 0.0000000000
90937  51.140  37.314  5.121 0.0000000000
115874  49.718  36.190  8.625 0.0000000000
88757  48.470  32.932  8.462 0.0000000000
89967  42.140  34.378  0.838 0.0000000000
112123  41.687  36.099  0.017 0.0000000000
89420  41.887  32.892  -2.379 0.0000000000
88334  41.718  31.042  -5.681 0.0000000000
87668  49.386  30.527  1.084 0.0000000000
103760  45.974  31.020  2.823 0.0000000000
87615  48.352  30.167  4.431 0.0000000000
86426  40.712  28.100  5.191 0.0000000000
85843  42.203  27.953  6.048 0.0000000000
91064  41.547  36.305  -7.278 0.0000000000
90528  39.579  35.509  -3.645 0.0000000000
89934  43.482  34.062  3.585 0.0000000000
89945  45.894  33.859  2.709 0.0000000000
92890  36.611  41.279  4.773 0.0000000000
92895  39.641  40.016  3.198 0.0000000000
90949  41.285  36.240  4.763 0.0000000000
87604  53.212  30.829  4.984 0.0000000000
87010  50.332  29.305  5.996 0.0000000000
118707  52.755  29.013  7.131 0.0000000000
85224  52.588  25.966  8.143 0.0000000000
86482  41.628  28.338  -4.003 0.0000000000
87707  42.802  30.136  -1.326 0.0000000000
87727  45.671  29.488  -4.257 0.0000000000
87702  48.745  30.717  -2.289 0.0000000000
88282  51.360  31.372  0.320 0.0000000000
89943  48.548  34.932  2.171 0.0000000000
89341  50.273  34.288  2.155 0.0000000000
115273  51.648  31.745  3.682 0.0000000000
88218  49.894  31.409  7.047 0.0000000000
88213  49.616  31.143  9.032 0.0000000000
93791  44.084  42.729  1.456 0.0000000000
92452  44.637  39.453  -1.745 0.0000000000
114264  42.488  37.579  -1.301 0.0000000000
91022  43.110  36.814  -5.052 0.0000000000
90060  42.056  34.335  -8.431 0.0000000000
87764  40.531  29.980  -8.104 0.0000000000
87669  43.106  31.066  1.621 0.0000000000
87044  43.707  30.083  4.903 0.0000000000
85252  44.606  27.027  5.898 0.0000000000
107423  47.617  28.127  6.940 0.0000000000
87085  39.692  29.157  -0.389 0.0000000000
86450  40.206  28.400  0.854 0.0000000000
86464  40.704  28.445  -0.496 0.0000000000
86484  40.117  29.043  -3.044 0.0000000000
87720  38.478  30.591  -2.672 0.0000000000
87094  39.129  29.817  -2.026 0.0000000000
87086  38.987  29.952  -0.784 0.0000000000
85784  51.600  28.432  12.486 0.0000000000
86363  52.665  28.285  12.816 0.0000000000
85161  52.280  27.325  14.141 0.0000000000
83977  42.846  24.513  6.862 0.0000000000
88846  44.629  32.388  -2.549 0.0000000000
88845  45.627  32.382  -2.808 0.0000000000
89394  45.361  33.189  -0.461 0.0000000000
91914  48.848  39.210  9.360 0.0000000000
91429  50.643  38.050  8.237 0.0000000000
101367  42.618  33.651  -0.029 0.0000000000
89397  42.021  33.863  -0.388 0.0000000000
89409  43.059  32.965  -1.246 0.0000000000
88317  42.875  31.726  -3.320 0.0000000000
87648  51.196  30.570  1.920 0.0000000000
103762  48.695  30.530  2.464 0.0000000000
116188  49.868  30.186  3.712 0.0000000000
87045  38.055  29.334  3.858 0.0000000000
85853  38.916  27.660  3.870 0.0000000000
87058  40.677  28.863  2.972 0.0000000000
86432  40.406  28.125  4.301 0.0000000000
86431  41.089  28.875  4.852 0.0000000000
85844  41.198  27.725  5.834 0.0000000000
87031  41.994  29.183  5.197 0.0000000000
90035  40.615  35.117  -7.063 0.0000000000
90552  40.363  36.077  -5.722 0.0000000000
119304  39.633  34.140  -5.234 0.0000000000
102239  38.570  30.171  1.839 0.0000000000
87639  37.782  30.166  3.484 0.0000000000
117376  42.927  35.167  5.475 0.0000000000
89903  44.173  34.591  5.087 0.0000000000
90931  43.665  36.442  6.555 0.0000000000
91939  40.896  38.018  6.729 0.0000000000
91458  40.139  37.804  6.158 0.0000000000
90933  41.806  36.530  6.229 0.0000000000
118677  42.580  34.732  3.981 0.0000000000
87585  53.365  30.500  7.101 0.0000000000
112506  53.579  30.111  6.254 0.0000000000
86994  54.151  30.017  7.649 0.0000000000
85204  53.424  25.994  9.746 0.0000000000
85809  53.483  26.959  8.962 0.0000000000
84614  53.959  24.433  8.307 0.0000000000
86488  42.961  27.817  -5.687 0.0000000000
87111  43.883  28.757  -4.232 0.0000000000
87118  45.153  28.520  -5.879 0.0000000000
110427  48.690  32.090  -2.156 0.0000000000
88305  48.303  30.796  -3.335 0.0000000000
121493  49.564  31.341  -1.640 0.0000000000
87690  50.260  30.834  -0.552 0.0000000000
88819  50.461  33.066  -0.197 0.0000000000
90450  46.683  35.369  5.263 0.0000000000
89944  47.109  34.248  2.307 0.0000000000
90449  48.057  35.865  4.933 0.0000000000
89899  50.532  35.912  5.055 0.0000000000
90462  50.786  36.684  3.660 0.0000000000
115415  49.665  34.249  3.623 0.0000000000
88789  50.068  33.147  3.168 0.0000000000
114367  49.485  32.982  4.141 0.0000000000
88234  50.316  31.761  5.003 0.0000000000
88771  48.703  32.861  6.339 0.0000000000
88758  47.673  32.828  9.207 0.0000000000
88214  48.812  31.780  8.974 0.0000000000
93371  43.886  41.520  1.466 0.0000000000
92919  45.850  40.922  0.606 0.0000000000
92419  44.807  40.234  1.074 0.0000000000
91956  40.663  38.659  3.429 0.0000000000
92409  40.921  39.446  2.858 0.0000000000
91485  42.331  37.681  2.457 0.0000000000
90519  41.392  35.201  -2.195 0.0000000000
91516  41.917  36.845  -0.596 0.0000000000
91530  41.818  36.629  -2.425 0.0000000000
103680  42.891  37.551  -3.560 0.0000000000
90539  42.717  36.006  -5.560 0.0000000000
90550  42.973  35.979  -6.910 0.0000000000
90034  42.194  34.476  -6.561 0.0000000000
87129  43.159  29.183  -7.283 0.0000000000
88346  41.461  30.814  -8.553 0.0000000000
86511  42.139  28.794  -8.037 0.0000000000
87120  40.799  28.637  -5.977 0.0000000000
87695  44.422  30.799  -1.106 0.0000000000
114527  43.353  30.955  0.091 0.0000000000
107652  44.687  31.234  1.031 0.0000000000
87617  45.848  30.560  4.384 0.0000000000
87634  44.661  30.955  3.501 0.0000000000
87027  45.065  29.680  5.429 0.0000000000
86422  43.999  28.626  5.801 0.0000000000
86421  44.850  28.867  5.791 0.0000000000
86412  50.216  28.733  6.800 0.0000000000
87011  49.020  28.922  6.541 0.0000000000
85822  48.692  27.297  7.400 0.0000000000
87059  39.372  28.864  1.744 0.0000000000
86439  39.398  27.714  3.037 0.0000000000
86451  39.938  28.230  1.421 0.0000000000
87069  40.461  28.521  1.415 0.0000000000
115215  41.192  29.634  2.595 0.0000000000
88328  39.316  31.282  -5.503 0.0000000000
87070  38.951  30.007  0.956 0.0000000000
87566  52.263  30.305  9.758 0.0000000000
86978  53.578  29.720  9.566 0.0000000000
86962  53.085  29.309  11.177 0.0000000000
85797  53.227  27.542  10.683 0.0000000000
87747  44.636  29.522  -6.397 0.0000000000
87125  46.300  29.416  -5.857 0.0000000000
88315  45.870  31.531  -4.297 0.0000000000
88844  47.191  32.246  -2.924 0.0000000000
89392  48.450  33.221  -0.959 0.0000000000
91441  49.240  38.284  7.208 0.0000000000
90938  49.974  37.160  4.858 0.0000000000
91439  50.994  37.990  6.524 0.0000000000
90429  51.039  36.884  6.783 0.0000000000
115911  49.912  35.520  6.366 0.0000000000
89316  48.697  33.706  6.910 0.0000000000
103852  48.918  34.990  8.696 0.0000000000
89876  47.760  34.246  8.985 0.0000000000
88759  46.662  32.848  9.112 0.0000000000
93363  41.611  40.904  1.924 0.0000000000
90482  42.103  35.785  2.465 0.0000000000
90976  42.238  36.443  1.792 0.0000000000
90495  41.739  35.447  0.600 0.0000000000
89985  41.457  34.419  -1.661 0.0000000000
101295  41.419  33.802  -3.147 0.0000000000
89442  41.604  33.546  -5.468 0.0000000000
116401  41.627  32.113  -4.001 0.0000000000
87738  42.433  30.600  -5.376 0.0000000000
87680  47.518  30.638  0.385 0.0000000000
107653  45.729  31.099  1.289 0.0000000000
102435  47.232  30.781  1.919 0.0000000000
103761  47.312  30.653  3.299 0.0000000000
87040  47.167  30.091  5.095 0.0000000000
83974  50.127  24.814  6.728 0.0000000000
84629  48.644  25.631  6.916 0.0000000000
120401  39.270  26.706  5.970 0.0000000000
85858  39.566  27.473  3.479 0.0000000000
85851  40.046  27.423  4.609 0.0000000000
85241  40.403  26.415  6.527 0.0000000000
85240  41.294  26.383  6.618 0.0000000000
85239  42.254  26.296  6.592 0.0000000000
85238  43.312  26.070  6.436 0.0000000000
91549  41.346  37.371  -6.026 0.0000000000
119462  40.151  36.802  -4.348 0.0000000000
89370  43.637  33.547  1.268 0.0000000000
89368  45.538  33.471  1.229 0.0000000000
89933  44.370  33.945  3.692 0.0000000000
90451  45.575  35.215  5.617 0.0000000000
90928  46.697  36.479  6.418 0.0000000000
91442  47.108  37.996  7.224 0.0000000000
92370  49.026  40.032  8.305 0.0000000000
92896  38.216  40.687  3.654 0.0000000000
92395  39.235  39.510  3.911 0.0000000000
91947  40.190  38.224  4.082 0.0000000000
105031  41.398  36.629  3.770 0.0000000000
90474  42.061  35.532  3.359 0.0000000000
89958  42.961  33.901  1.906 0.0000000000
87612  53.194  30.967  4.194 0.0000000000
87022  51.751  29.924  4.683 0.0000000000
87008  53.178  30.160  5.550 0.0000000000
86404  51.628  28.850  6.858 0.0000000000
85819  51.586  27.717  7.714 0.0000000000
86393  53.728  28.961  8.600 0.0000000000
85810  52.798  27.127  8.305 0.0000000000
85225  50.904  26.029  7.699 0.0000000000
86483  40.850  28.558  -3.503 0.0000000000
87092  41.595  28.862  -1.398 0.0000000000
86475  42.049  28.524  -3.379 0.0000000000
87719  44.032  29.939  -2.635 0.0000000000
87704  45.883  30.431  -2.461 0.0000000000
87726  46.812  29.601  -4.719 0.0000000000
120796  46.803  30.268  -3.114 0.0000000000
102674  47.104  30.530  -1.447 0.0000000000
107143  49.397  30.583  -0.312 0.0000000000
87678  50.957  30.831  0.194 0.0000000000
87665  52.198  31.097  1.693 0.0000000000
89367  46.611  33.608  0.927 0.0000000000
89366  47.921  33.935  0.657 0.0000000000
89365  48.965  34.601  0.785 0.0000000000
117183  50.347  36.542  3.535 0.0000000000
89930  50.225  35.347  2.823 0.0000000000
89364  50.273  34.712  0.541 0.0000000000
88796  50.789  33.304  1.612 0.0000000000
88795  51.634  32.141  2.090 0.0000000000
88255  52.855  31.039  3.246 0.0000000000
88244  52.057  31.531  4.254 0.0000000000
88222  51.465  31.203  6.240 0.0000000000
88217  51.027  31.006  7.327 0.0000000000
88768  48.613  32.853  7.459 0.0000000000
107036  49.725  31.273  8.144 0.0000000000
87581  51.512  30.638  8.882 0.0000000000
87555  50.020  30.366  10.032 0.0000000000
93376  46.777  41.870  0.745 0.0000000000
92948  46.290  40.746  -1.753 0.0000000000
92470  44.995  39.531  -3.409 0.0000000000
90987  42.189  36.902  0.352 0.0000000000
91993  43.818  38.786  0.137 0.0000000000
92001  43.811  38.797  -0.975 0.0000000000
92016  44.030  38.716  -3.595 0.0000000000
91537  44.215  38.068  -5.858 0.0000000000
91049  43.027  36.456  -7.295 0.0000000000
90570  42.370  35.625  -7.974 0.0000000000
89474  41.028  33.689  -8.313 0.0000000000
116334  41.695  32.776  -7.226 0.0000000000
88900  41.227  32.208  -8.763 0.0000000000
88340  39.650  31.275  -6.900 0.0000000000
87750  39.507  30.343  -5.962 0.0000000000
86491  40.224  29.093  -4.068 0.0000000000
87077  41.964  29.898  -0.084 0.0000000000
87670  42.246  30.566  1.449 0.0000000000
87637  41.890  30.379  2.977 0.0000000000
102433  44.931  31.276  1.960 0.0000000000
87635  43.763  30.960  3.408 0.0000000000
102359  42.684  29.826  4.847 0.0000000000
86423  43.152  28.618  5.783 0.0000000000
85253  43.692  27.015  6.178 0.0000000000
87039  49.446  29.809  4.778 0.0000000000
108766  48.237  29.698  5.393 0.0000000000
86414  47.052  28.426  6.568 0.0000000000
84630  47.712  25.856  6.514 0.0000000000
114429  45.812  27.269  6.076 0.0000000000
84574  52.205  26.460  13.905 0.0000000000
101221  51.968  25.764  11.373 0.0000000000
86471  40.012  28.840  -1.064 0.0000000000
86465  40.293  28.579  -0.469 0.0000000000
86478  39.939  29.088  -1.978 0.0000000000
87103  39.364  29.638  -2.748 0.0000000000
87093  39.438  29.498  -1.285 0.0000000000
85774  52.310  27.888  13.546 0.0000000000
88834  44.026  32.680  -1.743 0.0000000000
89408  44.827  32.927  -1.155 0.0000000000
89383  43.504  33.427  0.313 0.0000000000
89396  43.279  33.261  -0.507 0.0000000000
115061  43.915  32.990  -0.998 0.0000000000
111853  43.688  32.376  -2.402 0.0000000000
87629  51.010  30.402  2.885 0.0000000000
87052  38.426  29.363  3.099 0.0000000000
86440  38.672  28.375  3.407 0.0000000000
87051  40.808  28.966  3.958 0.0000000000
86425  41.575  28.485  5.525 0.0000000000
90050  40.419  34.214  -7.234 0.0000000000
90036  39.989  34.587  -6.020 0.0000000000
89459  39.754  33.756  -6.113 0.0000000000
87638  38.106  30.350  2.673 0.0000000000
90932  42.682  36.389  6.425 0.0000000000
90442  43.177  35.646  6.089 0.0000000000
91454  43.209  37.192  6.850 0.0000000000
91938  41.939  37.971  6.925 0.0000000000
91456  41.432  37.227  6.494 0.0000000000
90443  42.133  35.683  5.598 0.0000000000
87584  53.864  30.278  7.560 0.0000000000
87579  53.832  30.222  8.355 0.0000000000
85214  53.686  25.780  9.170 0.0000000000
86495  43.640  27.987  -6.638 0.0000000000
86487  44.061  28.097  -5.921 0.0000000000
86494  44.573  28.429  -6.505 0.0000000000
88824  49.138  32.678  -1.416 0.0000000000
88830  49.160  31.543  -1.976 0.0000000000
89391  49.883  33.113  -0.750 0.0000000000
88297  49.841  31.960  -1.290 0.0000000000
90438  47.276  35.975  5.805 0.0000000000
89915  47.615  35.374  4.402 0.0000000000
89900  49.699  34.790  4.593 0.0000000000
89333  49.141  33.430  4.810 0.0000000000
88779  48.850  32.893  5.526 0.0000000000
88745  47.079  32.223  9.327 0.0000000000
92912  42.755  40.928  1.648 0.0000000000
93372  43.055  41.931  1.508 0.0000000000
91955  41.527  38.004  3.145 0.0000000000
90527  41.553  35.267  -3.230 0.0000000000
91016  41.716  36.026  -2.855 0.0000000000
91023  42.203  36.036  -4.088 0.0000000000
90551  42.479  35.229  -6.047 0.0000000000
90018  41.792  34.392  -5.089 0.0000000000
110101  43.684  28.558  -7.091 0.0000000000
87136  42.658  28.879  -7.671 0.0000000000
86504  43.107  28.263  -7.335 0.0000000000
86505  42.159  28.172  -7.231 0.0000000000
87694  45.246  30.912  -0.715 0.0000000000
87683  44.320  31.115  -0.039 0.0000000000
87682  45.420  31.035  0.247 0.0000000000
87041  46.168  30.199  5.053 0.0000000000
87042  45.397  30.241  4.970 0.0000000000
103172  45.621  29.194  5.819 0.0000000000
86405  49.554  28.011  7.385 0.0000000000
86449  40.681  28.680  0.597 0.0000000000
120841  40.654  28.810  2.159 0.0000000000
87057  41.081  29.366  1.765 0.0000000000
87739  39.183  30.477  -4.757 0.0000000000
88862  38.979  31.521  -4.370 0.0000000000
88329  38.845  30.827  -3.949 0.0000000000
87708  38.485  30.416  -1.977 0.0000000000
87721  38.147  30.886  -2.165 0.0000000000
87080  39.102  29.940  0.054 0.0000000000
86963  52.296  29.733  10.838 0.0000000000
86979  53.098  29.822  10.256 0.0000000000
85772  52.994  27.983  12.795 0.0000000000
85783  53.111  27.962  11.828 0.0000000000
85199  52.956  26.928  11.338 0.0000000000
84589  53.113  26.032  10.447 0.0000000000
85200  52.629  26.180  11.380 0.0000000000
93814  46.669  42.170  -0.644 0.0000000000
93802  46.108  42.827  0.108 0.0000000000
87736  45.109  30.269  -5.783 0.0000000000
88324  45.550  30.913  -5.025 0.0000000000
112778  46.236  32.604  -2.369 0.0000000000
110958  46.450  32.270  -3.072 0.0000000000
88832  47.063  32.707  -2.055 0.0000000000
88825  47.992  32.768  -1.633 0.0000000000
89393  47.497  33.276  -0.787 0.0000000000
91929  49.690  39.052  7.807 0.0000000000
91440  50.342  38.124  6.922 0.0000000000
107531  50.507  38.471  7.621 0.0000000000
90907  50.288  36.998  8.520 0.0000000000
90906  50.918  37.364  7.577 0.0000000000
90920  50.372  36.477  7.925 0.0000000000
90430  50.167  35.945  7.200 0.0000000000
89886  49.093  34.752  7.644 0.0000000000
90414  49.522  35.626  8.287 0.0000000000
108084  48.277  35.029  8.992 0.0000000000
108769  47.198  34.964  8.888 0.0000000000
89304  47.258  33.519  9.040 0.0000000000
89877  46.693  34.244  8.815 0.0000000000
90488  42.146  34.994  2.014 0.0000000000
90489  42.002  35.616  1.499 0.0000000000
89960  41.963  34.902  1.143 0.0000000000
89410  42.119  33.204  -1.598 0.0000000000
89398  41.749  33.911  -1.112 0.0000000000
89411  41.617  33.619  -2.208 0.0000000000
89992  41.389  34.429  -2.559 0.0000000000
89421  41.596  32.854  -3.274 0.0000000000
120619  41.784  32.250  -3.426 0.0000000000
117681  43.669  31.443  -3.816 0.0000000000
88326  42.829  31.086  -4.273 0.0000000000
87737  43.657  30.378  -5.494 0.0000000000
87679  48.648  30.547  0.552 0.0000000000
115831  47.663  30.666  1.173 0.0000000000
102085  48.368  30.600  1.688 0.0000000000
87631  48.368  30.455  3.351 0.0000000000
87650  47.745  30.660  2.599 0.0000000000
87616  47.340  30.459  4.081 0.0000000000
85846  39.499  27.014  5.128 0.0000000000
85845  40.379  27.300  5.479 0.0000000000
85254  39.993  26.779  5.923 0.0000000000
85833  40.820  26.981  6.142 0.0000000000
85832  41.735  27.115  6.305 0.0000000000
85831  42.733  27.084  6.328 0.0000000000
91563  42.626  37.380  -6.806 0.0000000000
91050  41.970  36.867  -7.123 0.0000000000
90540  39.890  35.690  -4.777 0.0000000000
91035  40.344  36.645  -5.122 0.0000000000
91025  39.872  36.315  -4.124 0.0000000000
115334  39.670  36.213  -3.336 0.0000000000
89357  43.737  33.642  2.190 0.0000000000
89356  44.467  33.582  2.403 0.0000000000
89343  43.976  33.715  2.975 0.0000000000
90452  44.632  35.097  5.706 0.0000000000
90439  46.154  35.783  6.073 0.0000000000
91443  46.008  38.134  7.208 0.0000000000
91930  48.337  38.958  7.544 0.0000000000
92897  37.523  41.081  3.860 0.0000000000
92889  37.151  40.868  4.669 0.0000000000
104863  38.477  39.990  4.237 0.0000000000
92388  39.277  38.899  4.545 0.0000000000
91957  39.800  38.810  3.954 0.0000000000
90941  40.896  36.781  5.529 0.0000000000
90950  40.655  36.940  4.971 0.0000000000
91467  40.901  37.057  4.277 0.0000000000
103105  41.667  35.948  3.881 0.0000000000
110816  43.044  34.433  4.153 0.0000000000
89935  42.818  34.392  3.432 0.0000000000
89946  43.182  33.966  2.797 0.0000000000
87021  52.894  30.418  4.751 0.0000000000
86996  53.666  29.772  6.790 0.0000000000
86997  52.994  29.561  6.326 0.0000000000
120077  51.810  28.386  7.347 0.0000000000
86390  53.629  28.973  9.646 0.0000000000
86389  53.867  29.638  8.803 0.0000000000
113764  53.557  27.987  9.148 0.0000000000
85215  53.422  26.136  8.806 0.0000000000
110188  51.383  26.810  7.869 0.0000000000
84616  51.716  25.368  7.533 0.0000000000
83963  51.039  24.936  7.137 0.0000000000
83962  52.434  24.765  7.267 0.0000000000
86476  41.367  28.521  -2.871 0.0000000000
87100  43.411  29.292  -3.219 0.0000000000
87099  44.474  29.422  -3.670 0.0000000000
87705  44.692  30.465  -2.060 0.0000000000
87718  45.150  30.055  -3.123 0.0000000000
87734  47.120  30.049  -5.321 0.0000000000
87108  46.646  29.583  -5.392 0.0000000000
87725  47.434  29.924  -4.753 0.0000000000
87714  48.360  30.658  -3.115 0.0000000000
116326  47.830  30.376  -3.334 0.0000000000
87703  48.017  30.486  -2.409 0.0000000000
105707  46.997  30.433  -2.371 0.0000000000
102483  48.165  30.521  -1.502 0.0000000000
113488  48.516  30.537  -0.600 0.0000000000
115069  48.953  30.643  -1.570 0.0000000000
88283  50.909  31.199  -0.278 0.0000000000
87666  51.674  30.932  1.084 0.0000000000
88277  51.783  31.512  1.115 0.0000000000
89355  45.260  33.573  2.138 0.0000000000
89354  46.240  33.706  1.815 0.0000000000
112214  47.606  34.801  3.145 0.0000000000
89956  48.148  34.432  1.468 0.0000000000
89955  49.395  35.070  1.312 0.0000000000
90925  50.990  37.398  4.938 0.0000000000
90448  49.551  36.589  4.344 0.0000000000
90948  50.821  37.121  3.978 0.0000000000
89929  50.252  35.393  2.675 0.0000000000
90471  50.473  36.178  3.262 0.0000000000
89941  50.216  35.412  1.866 0.0000000000
89954  50.114  35.303  1.174 0.0000000000
89353  50.378  34.715  1.269 0.0000000000
89352  50.716  33.632  0.841 0.0000000000
88788  51.416  32.033  3.026 0.0000000000
117118  50.737  32.884  2.370 0.0000000000
88256  52.377  31.383  2.664 0.0000000000
110940  52.492  31.398  3.448 0.0000000000
88243  53.020  31.163  3.876 0.0000000000
88223  50.148  31.578  5.991 0.0000000000
88233  51.809  31.403  5.259 0.0000000000
89314  48.579  33.677  8.128 0.0000000000
88212  50.638  30.870  8.387 0.0000000000
87582  50.326  30.734  9.304 0.0000000000
87567  51.010  30.450  9.707 0.0000000000
93792  42.838  42.719  1.486 0.0000000000
94212  42.516  43.454  1.484 0.0000000000
93369  46.305  42.558  1.179 0.0000000000
92451  45.367  40.050  -1.086 0.0000000000
92928  46.113  40.686  -0.420 0.0000000000
92469  45.672  40.222  -2.561 0.0000000000
90988  41.964  36.260  0.929 0.0000000000
90975  42.410  37.057  1.251 0.0000000000
91515  42.493  37.436  -0.231 0.0000000000
114658  43.129  38.126  -0.338 0.0000000000
92009  43.223  38.283  -1.455 0.0000000000
121739  42.953  37.225  -4.232 0.0000000000
92026  43.521  38.107  -3.912 0.0000000000
92025  44.349  38.485  -5.088 0.0000000000
91538  43.618  37.632  -4.918 0.0000000000
91548  43.723  37.459  -6.065 0.0000000000
91034  43.269  36.708  -6.454 0.0000000000
90033  42.611  35.328  -7.357 0.0000000000
90560  42.765  35.896  -7.666 0.0000000000
90571  42.066  34.915  -8.411 0.0000000000
90049  41.397  34.596  -8.174 0.0000000000
90061  41.699  34.011  -8.550 0.0000000000
110389  41.499  32.643  -5.891 0.0000000000
88871  41.567  31.704  -6.600 0.0000000000
87148  41.259  30.230  -8.620 0.0000000000
88354  41.266  30.980  -8.823 0.0000000000
88347  40.981  31.430  -8.907 0.0000000000
88901  40.759  31.870  -8.635 0.0000000000
88348  40.370  31.016  -8.202 0.0000000000
87756  39.897  30.184  -7.188 0.0000000000
86490  41.044  28.422  -4.800 0.0000000000
115982  40.177  29.158  -5.115 0.0000000000
87091  42.271  29.306  -1.843 0.0000000000
87083  42.085  29.655  -0.929 0.0000000000
87684  42.755  30.758  0.668 0.0000000000
87655  42.511  30.781  2.335 0.0000000000
102434  46.330  30.986  2.025 0.0000000000
87652  45.170  31.134  2.780 0.0000000000
87619  44.155  30.592  4.232 0.0000000000
87620  43.210  30.499  4.138 0.0000000000
87029  43.412  29.369  5.432 0.0000000000
85841  43.972  27.799  6.000 0.0000000000
111379  43.580  28.233  5.926 0.0000000000
84643  44.242  26.165  6.036 0.0000000000
87038  50.897  29.952  4.307 0.0000000000
87023  50.516  29.625  5.133 0.0000000000
87012  47.914  28.727  6.583 0.0000000000
106074  48.272  29.236  6.091 0.0000000000
87025  47.292  29.292  6.023 0.0000000000
84639  48.290  25.191  6.070 0.0000000000
85235  48.116  26.506  7.116 0.0000000000
115421  40.095  28.597  0.166 0.0000000000
113263  40.490  28.563  0.094 0.0000000000
86458  40.963  28.611  -0.143 0.0000000000
87113  39.492  29.634  -3.574 0.0000000000
87114  38.885  30.142  -3.160 0.0000000000
87104  38.809  30.131  -2.560 0.0000000000
117819  38.860  30.053  -1.466 0.0000000000
87698  38.390  30.475  -1.164 0.0000000000
119426  51.360  28.937  11.740 0.0000000000
86368  52.387  29.028  11.838 0.0000000000
85773  52.639  27.797  13.411 0.0000000000
85174  52.711  27.258  13.208 0.0000000000
88316  43.970  31.946  -3.110 0.0000000000
88855  45.155  32.020  -3.379 0.0000000000
88833  45.231  32.680  -1.989 0.0000000000
89407  46.003  32.950  -1.413 0.0000000000
91913  49.681  39.377  9.101 0.0000000000
116919  50.252  38.804  8.347 0.0000000000
91418  49.362  38.397  9.201 0.0000000000
90908  49.269  36.501  9.006 0.0000000000
89371  42.696  33.859  0.891 0.0000000000
89976  42.092  34.085  0.239 0.0000000000
102167  42.411  33.466  -0.802 0.0000000000
88847  42.155  32.283  -2.917 0.0000000000
88835  42.769  32.629  -2.098 0.0000000000
87649  49.635  30.500  1.824 0.0000000000
87630  49.749  30.418  2.705 0.0000000000
86438  40.243  27.943  3.297 0.0000000000
86424  42.405  28.641  5.675 0.0000000000
91051  40.974  36.608  -6.373 0.0000000000
90553  40.190  35.387  -5.826 0.0000000000
90019  39.737  34.837  -5.024 0.0000000000
104720  39.600  34.984  -4.251 0.0000000000
109865  37.800  30.925  1.924 0.0000000000
87657  37.482  31.003  2.502 0.0000000000
89904  43.221  34.669  4.935 0.0000000000
89919  43.803  34.268  4.350 0.0000000000
90453  43.692  35.065  5.636 0.0000000000
90441  44.153  35.694  6.199 0.0000000000
91940  40.126  38.407  6.561 0.0000000000
91457  40.741  37.244  6.139 0.0000000000
90940  41.424  36.348  5.687 0.0000000000
90464  42.122  35.311  4.318 0.0000000000
90454  42.561  35.034  5.007 0.0000000000
87593  53.321  30.396  6.013 0.0000000000
87007  53.865  30.150  6.829 0.0000000000
86403  53.585  29.121  7.673 0.0000000000
85803  53.388  26.918  9.589 0.0000000000
84606  53.858  25.313  8.723 0.0000000000
84615  53.374  25.039  8.058 0.0000000000
86489  42.024  27.966  -5.128 0.0000000000
86481  42.460  28.209  -4.490 0.0000000000
86480  43.414  28.214  -4.894 0.0000000000
87119  44.315  28.385  -5.194 0.0000000000
87110  44.963  28.846  -4.787 0.0000000000
88843  48.032  31.393  -3.469 0.0000000000
88312  47.969  30.749  -3.963 0.0000000000
88842  48.603  31.383  -2.759 0.0000000000
88304  48.798  30.945  -2.618 0.0000000000
88291  49.324  30.943  -1.877 0.0000000000
87691  49.491  30.742  -1.121 0.0000000000
115832  49.881  31.135  -1.276 0.0000000000
88290  50.429  31.512  -0.770 0.0000000000
88814  51.091  32.505  0.452 0.0000000000
89932  46.487  34.540  3.865 0.0000000000
116081  46.482  34.271  3.169 0.0000000000
109296  47.292  34.946  3.949 0.0000000000
89931  48.402  35.451  3.556 0.0000000000
90447  51.172  37.081  4.530 0.0000000000
106062  50.764  36.330  3.989 0.0000000000
89914  50.520  35.894  3.387 0.0000000000
122160  50.040  34.345  2.816 0.0000000000
88245  50.425  32.123  4.019 0.0000000000
88778  49.344  32.505  4.901 0.0000000000
88770  49.228  32.226  5.747 0.0000000000
88767  49.060  32.059  6.733 0.0000000000
89303  48.185  33.482  8.976 0.0000000000
118516  48.447  32.610  8.987 0.0000000000
93370  45.086  42.133  1.362 0.0000000000
93377  45.751  41.574  1.169 0.0000000000
120786  45.273  40.909  1.083 0.0000000000
92442  45.177  40.040  0.135 0.0000000000
92394  40.084  39.427  3.334 0.0000000000
91972  41.407  38.821  2.855 0.0000000000
90998  41.500  36.017  -0.919 0.0000000000
91007  41.484  35.996  -1.856 0.0000000000
91522  41.781  36.787  -1.584 0.0000000000
91529  42.298  37.291  -2.471 0.0000000000
91015  42.366  36.829  -3.493 0.0000000000
90048  42.344  34.497  -7.827 0.0000000000
87749  42.295  30.174  -6.580 0.0000000000
115967  41.747  30.742  -6.870 0.0000000000
87755  41.969  30.020  -7.830 0.0000000000
87137  41.891  29.419  -8.188 0.0000000000
86512  41.390  29.139  -8.156 0.0000000000
87130  40.752  28.906  -7.004 0.0000000000
86497  41.369  28.389  -6.796 0.0000000000
108659  41.760  27.981  -6.057 0.0000000000
87706  43.690  30.385  -1.684 0.0000000000
87696  43.496  30.732  -0.736 0.0000000000
107651  43.706  31.162  0.874 0.0000000000
87632  46.467  30.726  3.642 0.0000000000
87633  45.514  30.879  3.577 0.0000000000
87618  45.020  30.612  4.299 0.0000000000
87043  44.591  30.194  4.936 0.0000000000
87028  44.263  29.521  5.429 0.0000000000
85840  44.693  27.980  5.897 0.0000000000
120429  49.242  28.490  7.010 0.0000000000
86413  48.489  28.224  7.111 0.0000000000
87060  39.081  28.404  2.612 0.0000000000
86444  39.806  27.921  2.216 0.0000000000
86443  40.161  28.037  2.293 0.0000000000
113121  40.046  28.137  1.605 0.0000000000
87050  41.353  29.724  3.506 0.0000000000
116277  39.491  32.013  -6.123 0.0000000000
89443  39.455  33.297  -4.968 0.0000000000
121851  38.757  32.088  -3.673 0.0000000000
87728  38.628  30.709  -3.314 0.0000000000
106648  38.490  30.420  -0.474 0.0000000000
87686  38.275  30.613  0.192 0.0000000000
92381  40.632  39.022  6.981 0.0000000000
91935  41.690  38.926  7.185 0.0000000000
87565  53.392  30.181  9.268 0.0000000000
86961  53.362  29.364  10.376 0.0000000000
121775  53.326  28.669  10.937 0.0000000000
86362  52.985  28.574  12.005 0.0000000000
107250  53.186  26.611  10.313 0.0000000000
84596  53.578  25.360  9.639 0.0000000000
87128  44.212  28.887  -6.877 0.0000000000
86502  45.069  28.730  -6.514 0.0000000000
87746  45.670  29.412  -6.246 0.0000000000
87735  46.252  30.111  -5.712 0.0000000000
88314  46.887  31.407  -4.408 0.0000000000
88853  47.122  31.798  -3.680 0.0000000000
88831  48.069  32.162  -2.621 0.0000000000
120144  48.253  37.181  6.502 0.0000000000
113175  48.953  37.039  5.842 0.0000000000
91449  49.423  37.673  6.444 0.0000000000
111958  50.754  37.718  5.861 0.0000000000
91448  51.112  37.553  5.645 0.0000000000
119981  50.984  37.952  7.259 0.0000000000
90924  51.180  37.589  6.488 0.0000000000
90436  51.264  37.289  5.618 0.0000000000
90437  50.896  36.541  5.840 0.0000000000
89890  49.284  34.615  6.067 0.0000000000
89875  48.489  34.323  8.750 0.0000000000
90967  42.201  36.747  2.508 0.0000000000
90504  41.482  35.164  -0.333 0.0000000000
89977  41.725  34.364  -0.351 0.0000000000
110145  41.512  34.580  -0.927 0.0000000000
90512  41.378  35.181  -1.278 0.0000000000
90001  41.519  34.281  -3.984 0.0000000000
89428  41.433  33.536  -4.139 0.0000000000
109207  41.436  32.679  -4.504 0.0000000000
88860  41.483  31.846  -5.061 0.0000000000
88318  42.062  31.753  -3.647 0.0000000000
88327  41.865  31.369  -4.543 0.0000000000
87748  43.332  29.728  -6.402 0.0000000000
87681  46.450  30.817  0.360 0.0000000000
107654  46.776  30.826  1.206 0.0000000000
87651  46.813  30.854  2.728 0.0000000000
117707  46.576  30.427  4.489 0.0000000000
87026  46.366  29.609  5.641 0.0000000000
85226  49.819  26.172  7.515 0.0000000000
85227  48.970  26.359  7.387 0.0000000000
84628  49.431  25.250  6.990 0.0000000000
121669  39.272  26.429  6.569 0.0000000000
85852  39.466  27.318  4.172 0.0000000000
85857  39.937  27.496  3.701 0.0000000000
84632  42.641  25.398  6.783 0.0000000000
103714  39.465  34.176  -4.314 0.0000000000
89382  44.691  33.350  0.556 0.0000000000
89369  44.555  33.480  1.637 0.0000000000
89342  44.890  33.716  2.960 0.0000000000
103182  45.487  34.115  3.647 0.0000000000
89918  44.747  34.317  4.426 0.0000000000
89917  45.688  34.534  4.479 0.0000000000
89901  45.892  34.886  5.052 0.0000000000
91450  47.302  37.163  6.743 0.0000000000
117373  48.207  37.777  7.057 0.0000000000
103911  38.964  40.321  3.410 0.0000000000
101267  37.803  40.430  4.494 0.0000000000
91478  40.746  37.782  3.817 0.0000000000
91941  39.575  38.426  6.111 0.0000000000
91468  40.247  37.607  4.683 0.0000000000
117837  41.272  37.315  3.607 0.0000000000
90959  41.868  36.283  3.190 0.0000000000
90473  42.393  34.893  3.427 0.0000000000
89947  42.570  34.488  2.569 0.0000000000
89959  42.395  34.398  1.554 0.0000000000
87613  52.888  30.825  3.540 0.0000000000
87614  51.644  30.356  3.513 0.0000000000
87037  52.391  30.384  4.122 0.0000000000
101840  51.855  29.727  5.310 0.0000000000
87009  51.721  29.367  6.135 0.0000000000
108136  50.766  28.222  7.340 0.0000000000
85820  50.457  27.455  7.642 0.0000000000
86987  54.074  30.001  8.224 0.0000000000
86392  54.008  29.666  7.984 0.0000000000
86394  53.354  28.128  8.486 0.0000000000
104279  52.713  28.249  7.767 0.0000000000
114067  50.350  26.686  7.682 0.0000000000
84617  50.234  25.421  7.281 0.0000000000
86477  40.735  28.556  -2.383 0.0000000000
86469  41.186  28.510  -1.826 0.0000000000
87102  41.757  28.696  -2.346 0.0000000000
87101  42.489  29.018  -2.826 0.0000000000
87112  42.905  28.608  -3.815 0.0000000000
87090  43.054  29.746  -2.262 0.0000000000
102975  46.059  30.649  -1.470 0.0000000000
87117  45.992  28.923  -5.993 0.0000000000
87109  46.009  29.090  -5.329 0.0000000000
87715  47.872  30.384  -3.935 0.0000000000
87716  47.505  29.889  -3.921 0.0000000000
87717  46.400  29.974  -3.685 0.0000000000
87692  47.287  30.594  -0.536 0.0000000000
102503  49.925  30.603  0.285 0.0000000000
87667  50.556  30.631  1.005 0.0000000000
87647  52.195  30.914  1.873 0.0000000000
89381  45.930  33.395  0.269 0.0000000000
106858  46.442  33.248  -0.606 0.0000000000
89957  47.161  33.938  1.456 0.0000000000
89380  47.075  33.494  0.037 0.0000000000
89379  48.266  33.630  -0.259 0.0000000000
113369  49.275  34.319  0.060 0.0000000000
90939  48.511  36.481  5.379 0.0000000000
90463  48.999  36.036  3.926 0.0000000000
102722  49.136  35.496  2.752 0.0000000000
89942  49.829  35.415  1.909 0.0000000000
103183  49.901  34.980  0.506 0.0000000000
89378  50.114  34.272  -0.195 0.0000000000
88815  50.535  33.818  0.206 0.0000000000
88806  51.427  32.336  1.314 0.0000000000
88267  52.146  31.470  1.878 0.0000000000
87646  52.493  31.094  2.327 0.0000000000
120290  53.155  30.982  3.741 0.0000000000
88232  53.062  31.142  4.629 0.0000000000
88221  52.938  31.075  5.488 0.0000000000
87594  52.628  30.873  6.549 0.0000000000
87586  52.074  30.758  7.731 0.0000000000
88219  48.898  32.044  8.004 0.0000000000
87554  51.168  30.082  10.380 0.0000000000
93382  47.082  41.851  -0.102 0.0000000000
92927  46.778  41.392  0.098 0.0000000000
105744  46.719  41.295  -0.913 0.0000000000
113988  46.154  40.375  -4.006 0.0000000000
92490  44.878  39.170  -4.619 0.0000000000
92911  42.999  39.821  1.783 0.0000000000
90966  42.492  37.135  1.954 0.0000000000
91496  42.751  37.720  1.655 0.0000000000
91984  43.746  38.826  1.030 0.0000000000
92420  43.908  39.551  1.362 0.0000000000
92432  44.347  39.420  0.629 0.0000000000
92443  44.500  39.375  -0.429 0.0000000000
92017  43.081  38.090  -2.608 0.0000000000
92008  43.871  38.830  -2.253 0.0000000000
92033  44.662  38.659  -5.988 0.0000000000
91572  42.768  36.667  -7.332 0.0000000000
91062  42.690  36.069  -7.675 0.0000000000
91063  42.285  36.212  -7.697 0.0000000000
90561  41.666  35.583  -7.884 0.0000000000
89475  40.140  33.306  -7.314 0.0000000000
89458  41.885  33.623  -6.966 0.0000000000
89473  42.030  33.527  -8.115 0.0000000000
88339  41.649  31.129  -7.868 0.0000000000
110913  41.663  32.412  -8.098 0.0000000000
89488  41.546  33.146  -8.473 0.0000000000
116096  41.351  33.169  -8.543 0.0000000000
88886  40.675  32.687  -8.328 0.0000000000
110732  39.810  32.371  -7.207 0.0000000000
103997  39.611  29.780  -5.288 0.0000000000
87131  40.006  29.412  -6.265 0.0000000000
87121  39.551  29.703  -4.447 0.0000000000
86463  41.080  28.481  -0.908 0.0000000000
87084  41.487  29.075  -0.515 0.0000000000
87078  41.368  29.319  0.408 0.0000000000
122066  42.330  30.375  0.232 0.0000000000
87685  42.000  30.220  0.663 0.0000000000
87671  41.525  29.895  1.252 0.0000000000
87656  41.689  30.225  2.081 0.0000000000
102682  44.030  31.282  1.788 0.0000000000
87653  44.336  31.216  2.667 0.0000000000
87654  43.423  31.134  2.527 0.0000000000
87636  42.814  30.773  3.252 0.0000000000
87049  42.208  30.265  3.907 0.0000000000
87030  42.724  29.176  5.443 0.0000000000
121457  42.738  28.285  5.917 0.0000000000
85842  43.161  27.881  6.081 0.0000000000
87024  49.215  29.426  5.693 0.0000000000
86420  46.324  28.797  6.189 0.0000000000
85828  47.810  27.438  7.153 0.0000000000
85249  46.852  26.074  6.141 0.0000000000
85236  47.294  26.696  6.758 0.0000000000
85829  47.074  27.595  6.768 0.0000000000
85839  45.525  28.211  6.048 0.0000000000
117872  45.200  27.432  5.877 0.0000000000
84584  52.348  26.324  12.519 0.0000000000
84585  51.383  25.707  12.579 0.0000000000
84618  49.355  25.738  7.269 0.0000000000
85188  52.958  27.467  12.404 0.0000000000
86486  45.335  28.698  -6.303 0.0000000000
86496  42.712  27.822  -6.557 0.0000000000
86503  44.474  28.605  -6.740 0.0000000000
86506  41.488  28.713  -7.646 0.0000000000
86977  53.861  30.020  8.880 0.0000000000
86995  54.021  29.887  7.273 0.0000000000
87006  54.080  30.110  7.340 0.0000000000
87126  45.654  28.922  -6.308 0.0000000000
87127  45.096  28.889  -6.641 0.0000000000
87138  40.895  29.255  -7.903 0.0000000000
87143  41.538  29.584  -8.339 0.0000000000
87144  40.994  29.748  -8.466 0.0000000000
87583  54.083  30.141  7.774 0.0000000000
87697  42.636  30.437  -0.316 0.0000000000
87733  47.594  30.351  -4.527 0.0000000000
87762  41.505  30.193  -8.478 0.0000000000
87763  40.938  30.541  -8.743 0.0000000000
88289  50.911  31.942  -0.276 0.0000000000
88306  43.041  32.164  -2.705 0.0000000000
88323  46.673  30.825  -5.094 0.0000000000
88823  50.344  32.344  -0.692 0.0000000000
88854  46.174  31.965  -3.595 0.0000000000
88899  41.368  31.769  -8.709 0.0000000000
88917  41.209  31.597  -8.914 0.0000000000
89902  45.103  34.701  5.117 0.0000000000
89916  46.567  34.885  4.548 0.0000000000
89920  42.681  34.791  4.498 0.0000000000
89968  41.773  34.708  0.362 0.0000000000
90047  42.413  35.301  -8.045 0.0000000000
90472  49.751  36.097  3.176 0.0000000000
90481  42.229  35.087  2.784 0.0000000000
90569  42.580  35.758  -7.827 0.0000000000
90926  50.164  37.466  5.488 0.0000000000
90934  41.210  36.772  6.067 0.0000000000
91417  50.095  38.659  8.794 0.0000000000
91912  49.904  39.380  8.697 0.0000000000
91928  50.005  39.279  8.305 0.0000000000
92369  49.602  39.776  8.505 0.0000000000
92909  44.759  41.112  1.309 0.0000000000
105090  44.726  31.524  -4.041 0.0000000000
106516  40.239  31.871  -7.927 0.0000000000
106996  45.219  30.694  -1.519 0.0000000000
107128  40.785  35.920  -6.742 0.0000000000
114514  41.464  34.576  -3.407 0.0000000000
116139  47.229  30.859  -4.975 0.0000000000
116145  45.612  31.155  2.164 0.0000000000
117253  40.340  29.491  -7.325 0.0000000000
120180  42.367  27.774  -5.859 0.0000000000
