#!ascii label  , from subject sub-v1s11x0050164_ses-1 vox2ras=TkReg
769
37282  34.772  -27.073  53.356 0.0000000000
53725  49.293  -10.358  33.276 0.0000000000
55931  58.148  -7.940  28.633 0.0000000000
49618  49.848  -15.067  41.262 0.0000000000
36338  39.733  -27.596  45.376 0.0000000000
34447  39.049  -28.468  50.271 0.0000000000
55898  53.674  -8.225  31.370 0.0000000000
118458  53.927  -7.868  36.629 0.0000000000
46604  47.382  -17.504  45.416 0.0000000000
37357  45.097  -26.341  45.660 0.0000000000
62675  58.519  -0.825  23.282 0.0000000000
121307  54.532  -7.298  23.893 0.0000000000
50598  46.249  -12.356  39.409 0.0000000000
55786  49.002  -8.777  39.152 0.0000000000
39303  38.369  -25.429  49.660 0.0000000000
36252  36.483  -27.187  51.537 0.0000000000
54835  51.197  -9.339  32.208 0.0000000000
56877  54.438  -7.534  33.863 0.0000000000
56856  52.140  -8.099  35.318 0.0000000000
41609  48.208  -23.022  40.617 0.0000000000
35352  42.754  -29.188  47.237 0.0000000000
36335  42.497  -28.136  45.246 0.0000000000
107487  45.237  -28.692  46.153 0.0000000000
108159  56.866  -2.299  24.585 0.0000000000
59786  59.096  -3.951  23.130 0.0000000000
59775  56.562  -3.946  25.226 0.0000000000
55947  54.586  -8.094  27.673 0.0000000000
116695  53.292  -8.210  25.716 0.0000000000
103100  57.454  -7.542  26.059 0.0000000000
57016  57.984  -8.381  23.928 0.0000000000
54914  57.343  -9.217  26.633 0.0000000000
121931  49.152  -15.815  43.685 0.0000000000
49608  47.015  -14.281  42.347 0.0000000000
52571  47.884  -12.664  42.084 0.0000000000
53643  46.417  -10.460  39.769 0.0000000000
52589  48.785  -11.620  40.953 0.0000000000
52614  51.165  -10.674  39.024 0.0000000000
50595  50.535  -14.165  39.375 0.0000000000
37329  40.494  -27.181  48.995 0.0000000000
109605  53.162  -8.856  29.232 0.0000000000
56903  56.651  -7.440  30.302 0.0000000000
56874  56.230  -7.894  32.788 0.0000000000
108125  55.406  -9.084  34.217 0.0000000000
41554  45.296  -22.238  46.161 0.0000000000
43622  46.857  -20.442  44.638 0.0000000000
44623  48.400  -19.355  41.882 0.0000000000
45665  50.603  -18.608  40.313 0.0000000000
46673  51.387  -17.437  39.257 0.0000000000
40472  43.750  -23.207  45.199 0.0000000000
121577  46.220  -24.850  45.693 0.0000000000
62689  58.028  -1.142  22.218 0.0000000000
117606  53.839  -5.018  25.251 0.0000000000
57940  56.100  -6.215  22.671 0.0000000000
56014  57.156  -8.659  22.687 0.0000000000
55861  49.015  -9.060  36.621 0.0000000000
56811  52.055  -8.156  38.030 0.0000000000
53673  52.588  -10.219  37.904 0.0000000000
35286  34.987  -27.694  52.804 0.0000000000
36239  35.858  -27.214  52.248 0.0000000000
35296  35.426  -27.897  51.987 0.0000000000
54836  50.058  -9.850  33.100 0.0000000000
55879  51.651  -8.699  33.609 0.0000000000
54825  50.341  -9.474  33.839 0.0000000000
35367  43.608  -29.116  46.667 0.0000000000
61685  55.291  -2.859  23.879 0.0000000000
61673  57.055  -2.881  25.107 0.0000000000
60722  55.167  -3.813  25.378 0.0000000000
56934  56.736  -7.278  28.374 0.0000000000
56957  56.586  -7.344  27.472 0.0000000000
103334  57.975  -7.578  27.306 0.0000000000
55961  58.233  -8.149  26.209 0.0000000000
48623  49.529  -15.543  42.899 0.0000000000
50523  48.827  -14.454  43.294 0.0000000000
50562  49.112  -13.587  42.381 0.0000000000
52579  48.603  -12.081  41.444 0.0000000000
51560  49.234  -12.841  41.199 0.0000000000
51571  49.643  -13.024  40.265 0.0000000000
49627  50.240  -14.809  40.079 0.0000000000
38269  39.488  -26.216  49.597 0.0000000000
35322  40.133  -27.950  50.138 0.0000000000
34458  41.304  -28.881  49.187 0.0000000000
54847  52.131  -9.158  31.056 0.0000000000
54868  51.625  -9.650  29.558 0.0000000000
55921  53.048  -8.888  29.905 0.0000000000
55905  54.649  -7.981  30.155 0.0000000000
56905  54.592  -7.867  31.045 0.0000000000
56893  56.075  -7.515  31.881 0.0000000000
56885  55.351  -7.522  32.408 0.0000000000
101809  54.105  -7.554  35.870 0.0000000000
119899  55.067  -7.670  34.901 0.0000000000
55858  54.787  -8.072  35.587 0.0000000000
53709  54.856  -9.295  34.487 0.0000000000
54792  54.340  -8.427  35.972 0.0000000000
41561  46.833  -23.211  44.985 0.0000000000
42635  46.120  -21.266  45.670 0.0000000000
120855  46.770  -22.122  43.962 0.0000000000
42664  47.711  -21.098  40.705 0.0000000000
44622  49.599  -18.481  41.467 0.0000000000
36333  44.537  -27.323  45.661 0.0000000000
38338  44.187  -25.479  44.816 0.0000000000
39364  44.572  -24.448  45.509 0.0000000000
109377  45.056  -23.822  45.934 0.0000000000
113310  45.630  -25.724  45.656 0.0000000000
63654  57.259  0.323  23.415 0.0000000000
62688  58.497  -0.889  22.870 0.0000000000
59802  58.587  -4.778  22.417 0.0000000000
101087  53.882  -7.509  24.451 0.0000000000
119687  52.540  -7.270  24.851 0.0000000000
57006  52.999  -6.871  24.517 0.0000000000
57922  53.065  -5.659  25.072 0.0000000000
57934  53.900  -6.321  24.009 0.0000000000
57933  54.924  -6.220  23.210 0.0000000000
57018  55.878  -6.790  22.965 0.0000000000
121986  57.761  -9.069  24.315 0.0000000000
56004  57.659  -8.493  23.292 0.0000000000
46606  46.029  -18.011  45.911 0.0000000000
47646  45.965  -16.740  44.750 0.0000000000
50587  47.182  -13.289  40.781 0.0000000000
48654  47.387  -15.019  40.148 0.0000000000
54725  47.808  -9.292  39.656 0.0000000000
54744  45.750  -9.524  38.035 0.0000000000
55806  47.098  -8.933  38.035 0.0000000000
54776  47.128  -9.154  36.135 0.0000000000
55821  48.657  -8.483  37.620 0.0000000000
111525  50.335  -8.376  37.222 0.0000000000
55802  50.549  -8.534  38.548 0.0000000000
51593  51.674  -11.984  38.401 0.0000000000
53657  52.279  -10.405  38.358 0.0000000000
52637  52.239  -11.209  38.140 0.0000000000
52647  51.813  -11.189  36.858 0.0000000000
37310  37.837  -26.513  50.748 0.0000000000
35308  38.057  -27.710  50.675 0.0000000000
34462  38.498  -28.610  49.906 0.0000000000
34450  37.113  -28.149  50.425 0.0000000000
55900  51.987  -8.976  31.966 0.0000000000
101798  54.461  -7.622  32.862 0.0000000000
55878  52.525  -8.203  33.672 0.0000000000
55868  52.729  -7.817  34.753 0.0000000000
56855  53.296  -7.579  36.279 0.0000000000
36310  41.398  -28.167  47.447 0.0000000000
36336  41.566  -28.145  45.112 0.0000000000
35384  42.570  -28.769  46.640 0.0000000000
35382  44.202  -28.482  46.221 0.0000000000
36320  44.928  -27.432  45.890 0.0000000000
37355  45.770  -26.613  45.706 0.0000000000
35381  45.724  -28.327  45.813 0.0000000000
62676  57.611  -0.517  23.697 0.0000000000
61681  59.013  -2.617  23.744 0.0000000000
61672  57.986  -2.790  24.959 0.0000000000
59774  57.619  -3.783  24.768 0.0000000000
59803  57.553  -4.894  22.945 0.0000000000
55948  53.772  -8.432  27.350 0.0000000000
115575  54.451  -8.152  26.994 0.0000000000
56974  55.353  -7.703  25.595 0.0000000000
56986  56.459  -7.550  25.316 0.0000000000
57004  56.691  -7.496  24.227 0.0000000000
56985  57.686  -7.785  25.117 0.0000000000
54926  57.886  -8.955  25.003 0.0000000000
47644  48.523  -16.757  44.500 0.0000000000
48605  47.474  -15.996  44.679 0.0000000000
49569  48.363  -15.512  44.103 0.0000000000
50545  47.578  -13.934  42.148 0.0000000000
51573  46.887  -12.299  40.408 0.0000000000
52615  45.827  -11.440  39.267 0.0000000000
53616  47.093  -11.284  40.595 0.0000000000
53628  48.019  -10.421  40.656 0.0000000000
54709  48.970  -9.985  39.891 0.0000000000
104440  50.047  -9.260  39.124 0.0000000000
53625  50.101  -10.730  39.456 0.0000000000
51585  50.708  -12.053  39.238 0.0000000000
50605  51.301  -13.003  38.540 0.0000000000
39324  38.410  -24.815  47.799 0.0000000000
38297  39.225  -25.624  47.594 0.0000000000
37358  40.130  -27.217  46.995 0.0000000000
36291  41.277  -28.239  48.582 0.0000000000
33571  42.373  -29.869  48.256 0.0000000000
55934  53.716  -8.543  28.750 0.0000000000
55918  55.661  -7.556  28.863 0.0000000000
56915  57.413  -7.505  29.480 0.0000000000
56902  57.306  -7.750  30.211 0.0000000000
55897  57.029  -8.505  31.443 0.0000000000
54822  56.523  -8.967  32.896 0.0000000000
56876  55.242  -7.560  33.318 0.0000000000
55877  55.777  -8.293  33.880 0.0000000000
43617  43.448  -20.957  45.801 0.0000000000
43606  45.240  -20.356  46.341 0.0000000000
44583  46.377  -19.519  45.706 0.0000000000
102725  47.463  -19.096  44.837 0.0000000000
42657  46.946  -21.646  42.359 0.0000000000
43628  47.497  -19.735  43.193 0.0000000000
44595  47.873  -18.693  44.249 0.0000000000
116246  48.791  -17.920  43.111 0.0000000000
46638  49.761  -17.326  42.119 0.0000000000
46637  50.123  -16.962  41.595 0.0000000000
105344  50.523  -16.329  40.493 0.0000000000
45664  51.000  -18.347  39.873 0.0000000000
40456  44.628  -22.998  45.936 0.0000000000
109256  45.729  -23.885  45.866 0.0000000000
39381  47.587  -24.492  44.553 0.0000000000
37366  47.127  -26.257  45.198 0.0000000000
38318  47.908  -25.919  44.570 0.0000000000
64583  57.159  0.230  20.961 0.0000000000
60723  54.156  -3.896  25.291 0.0000000000
58820  54.798  -4.618  25.010 0.0000000000
59789  55.852  -4.494  24.692 0.0000000000
57939  57.252  -6.456  21.992 0.0000000000
57017  57.668  -8.040  23.296 0.0000000000
102879  57.423  -8.121  22.687 0.0000000000
56026  56.845  -8.180  22.022 0.0000000000
121572  46.857  -15.759  42.139 0.0000000000
53714  47.316  -10.398  34.848 0.0000000000
107521  49.083  -10.006  35.036 0.0000000000
55860  50.533  -8.842  35.755 0.0000000000
55837  51.808  -7.903  36.810 0.0000000000
116826  52.810  -7.936  37.498 0.0000000000
54721  51.448  -9.357  38.760 0.0000000000
54741  52.702  -8.961  38.211 0.0000000000
103418  53.464  -8.590  37.190 0.0000000000
53702  52.931  -9.813  35.956 0.0000000000
48667  50.803  -15.779  39.601 0.0000000000
48690  51.198  -15.331  38.397 0.0000000000
36240  34.803  -27.400  53.213 0.0000000000
35287  34.545  -27.828  53.427 0.0000000000
103210  34.487  -27.485  53.629 0.0000000000
37281  35.172  -26.985  52.867 0.0000000000
118583  35.217  -27.307  52.725 0.0000000000
53712  49.707  -9.911  33.744 0.0000000000
60732  55.948  -3.013  24.935 0.0000000000
60733  54.801  -3.436  24.674 0.0000000000
56933  57.569  -7.386  28.687 0.0000000000
56956  57.595  -7.342  27.835 0.0000000000
56955  58.035  -7.686  28.079 0.0000000000
55945  58.228  -7.883  27.136 0.0000000000
54881  58.245  -8.198  27.953 0.0000000000
48642  49.807  -15.450  41.814 0.0000000000
50541  49.349  -14.359  42.556 0.0000000000
121818  49.605  -14.740  41.930 0.0000000000
51547  49.242  -13.340  41.797 0.0000000000
105075  49.628  -14.440  41.397 0.0000000000
50575  49.509  -13.742  41.057 0.0000000000
49617  50.122  -15.219  40.645 0.0000000000
117488  39.050  -27.975  50.472 0.0000000000
36263  39.480  -27.517  50.284 0.0000000000
35306  39.531  -28.302  50.360 0.0000000000
34460  39.477  -29.057  50.071 0.0000000000
55907  52.934  -8.766  30.775 0.0000000000
55906  53.745  -8.361  30.478 0.0000000000
56894  55.440  -7.533  31.566 0.0000000000
56895  54.524  -7.745  31.937 0.0000000000
56835  54.292  -7.798  36.133 0.0000000000
56854  54.707  -7.719  35.458 0.0000000000
54774  54.232  -8.042  36.401 0.0000000000
40485  47.362  -23.777  44.380 0.0000000000
41569  47.052  -22.944  44.193 0.0000000000
40503  47.580  -23.540  43.576 0.0000000000
37368  44.521  -26.432  45.273 0.0000000000
38321  44.900  -25.383  45.538 0.0000000000
38306  45.326  -25.335  45.673 0.0000000000
63647  58.012  0.022  23.356 0.0000000000
64563  57.553  0.939  23.070 0.0000000000
63653  58.221  0.020  22.990 0.0000000000
57020  53.884  -7.036  23.883 0.0000000000
57019  54.677  -6.841  23.470 0.0000000000
57005  55.568  -7.243  23.596 0.0000000000
54940  55.892  -9.669  24.169 0.0000000000
54939  57.116  -9.300  23.883 0.0000000000
46605  46.633  -17.750  45.651 0.0000000000
47631  46.367  -17.351  45.601 0.0000000000
47630  47.017  -17.063  45.487 0.0000000000
50588  46.814  -12.424  40.339 0.0000000000
50607  45.818  -12.813  38.549 0.0000000000
55787  48.137  -8.797  39.122 0.0000000000
54742  47.264  -9.141  38.997 0.0000000000
55805  47.753  -8.689  38.408 0.0000000000
55822  47.818  -8.648  37.569 0.0000000000
55804  48.595  -8.473  38.370 0.0000000000
101870  49.375  -8.317  37.961 0.0000000000
55803  49.602  -8.481  38.597 0.0000000000
51600  51.970  -11.933  38.033 0.0000000000
114776  51.556  -12.069  37.346 0.0000000000
38253  36.688  -26.300  51.405 0.0000000000
38261  37.277  -26.230  50.927 0.0000000000
37296  37.149  -26.719  51.283 0.0000000000
37295  37.857  -27.071  51.008 0.0000000000
36250  37.714  -27.493  50.861 0.0000000000
35294  37.139  -27.578  50.928 0.0000000000
53737  50.422  -9.812  32.331 0.0000000000
54849  50.722  -9.820  31.647 0.0000000000
55889  52.671  -8.392  32.605 0.0000000000
55890  51.813  -8.805  32.852 0.0000000000
55869  51.900  -8.393  34.387 0.0000000000
113383  52.825  -7.642  35.587 0.0000000000
35369  41.971  -28.621  47.316 0.0000000000
35385  41.675  -28.472  46.618 0.0000000000
35368  42.380  -28.866  47.461 0.0000000000
35366  44.464  -28.844  46.361 0.0000000000
102566  44.941  -28.075  46.063 0.0000000000
109724  45.400  -27.945  45.891 0.0000000000
61684  56.057  -2.110  23.703 0.0000000000
62677  56.525  -0.814  23.331 0.0000000000
62661  57.263  -1.469  24.077 0.0000000000
61683  57.805  -2.116  24.675 0.0000000000
60721  56.224  -3.627  25.276 0.0000000000
60720  57.254  -3.407  25.176 0.0000000000
59788  57.007  -4.395  24.215 0.0000000000
56973  56.286  -7.484  26.435 0.0000000000
121896  57.929  -7.755  25.874 0.0000000000
54913  57.995  -8.687  25.899 0.0000000000
55975  58.146  -8.424  25.284 0.0000000000
54927  57.141  -9.343  25.695 0.0000000000
46622  48.800  -17.047  43.907 0.0000000000
48616  48.518  -16.097  44.403 0.0000000000
48615  48.855  -15.581  43.957 0.0000000000
50543  48.689  -13.931  42.802 0.0000000000
51524  48.251  -13.868  42.665 0.0000000000
51538  47.887  -13.278  42.224 0.0000000000
51551  47.386  -12.955  41.440 0.0000000000
51550  47.881  -12.694  41.939 0.0000000000
52602  46.860  -11.809  40.417 0.0000000000
52581  48.023  -11.975  41.527 0.0000000000
53614  48.166  -11.093  40.960 0.0000000000
53613  48.639  -11.005  40.665 0.0000000000
53627  48.503  -10.457  40.417 0.0000000000
53626  49.117  -10.507  39.972 0.0000000000
52601  49.236  -11.232  40.174 0.0000000000
50596  50.354  -13.057  39.404 0.0000000000
121085  49.952  -12.380  39.713 0.0000000000
51584  51.140  -12.462  38.862 0.0000000000
114103  50.884  -13.309  38.928 0.0000000000
39314  37.718  -24.835  48.698 0.0000000000
105523  38.167  -24.776  48.111 0.0000000000
39313  38.335  -25.097  48.980 0.0000000000
37330  39.930  -26.632  49.340 0.0000000000
38290  39.170  -25.573  48.982 0.0000000000
37338  40.148  -26.617  48.835 0.0000000000
37347  39.759  -26.341  47.599 0.0000000000
36303  40.697  -27.282  48.452 0.0000000000
110057  41.159  -27.856  48.138 0.0000000000
36302  41.015  -27.805  48.621 0.0000000000
54867  52.461  -9.268  29.223 0.0000000000
54883  52.394  -9.178  28.315 0.0000000000
56917  55.671  -7.540  29.781 0.0000000000
55919  54.641  -8.038  29.265 0.0000000000
56916  56.763  -7.326  29.278 0.0000000000
56892  56.411  -7.782  32.056 0.0000000000
117280  56.898  -7.985  31.563 0.0000000000
55887  56.614  -8.316  32.316 0.0000000000
54834  56.685  -9.104  32.101 0.0000000000
56886  53.522  -7.839  33.269 0.0000000000
54807  55.376  -8.339  34.653 0.0000000000
56865  55.408  -7.890  34.473 0.0000000000
54823  55.808  -8.925  33.817 0.0000000000
42627  44.227  -21.408  46.182 0.0000000000
43607  44.422  -20.580  46.316 0.0000000000
42625  45.559  -21.320  46.124 0.0000000000
42643  46.556  -21.269  45.050 0.0000000000
43616  46.470  -20.419  45.384 0.0000000000
43615  47.004  -19.663  45.089 0.0000000000
41591  47.313  -22.656  42.160 0.0000000000
42665  47.256  -21.865  41.346 0.0000000000
43642  48.030  -20.046  41.304 0.0000000000
43634  47.690  -19.869  42.242 0.0000000000
104428  47.865  -19.060  43.564 0.0000000000
102685  48.332  -18.499  43.396 0.0000000000
45608  48.409  -18.062  43.972 0.0000000000
110255  48.705  -18.425  42.656 0.0000000000
44633  50.132  -18.826  40.721 0.0000000000
45635  49.696  -17.959  41.827 0.0000000000
45649  50.101  -18.262  41.043 0.0000000000
46649  50.126  -17.662  41.336 0.0000000000
46648  50.484  -17.314  40.817 0.0000000000
45648  50.557  -17.985  40.584 0.0000000000
36349  41.122  -27.683  44.487 0.0000000000
36348  42.089  -27.710  44.542 0.0000000000
40486  43.479  -23.465  44.719 0.0000000000
40473  43.306  -22.709  44.883 0.0000000000
107946  43.617  -22.516  45.348 0.0000000000
41563  43.678  -22.044  45.644 0.0000000000
40457  44.122  -22.873  45.623 0.0000000000
39337  45.701  -24.538  45.805 0.0000000000
119063  45.397  -24.089  45.863 0.0000000000
39363  46.264  -24.275  45.664 0.0000000000
40470  46.958  -24.005  45.176 0.0000000000
39362  46.975  -24.816  45.259 0.0000000000
37367  46.485  -26.881  45.512 0.0000000000
38336  48.433  -25.524  44.042 0.0000000000
63663  58.100  -0.059  22.529 0.0000000000
63664  57.602  -0.381  21.651 0.0000000000
62700  57.152  -1.569  21.451 0.0000000000
115005  59.016  -3.256  23.753 0.0000000000
55977  52.614  -8.158  25.664 0.0000000000
114409  53.165  -4.826  25.410 0.0000000000
59778  53.615  -4.298  25.401 0.0000000000
59777  54.490  -4.166  25.403 0.0000000000
58830  55.234  -5.470  23.478 0.0000000000
58829  56.523  -5.317  22.902 0.0000000000
57003  57.789  -7.918  24.030 0.0000000000
102595  56.996  -7.504  23.286 0.0000000000
103325  47.199  -15.340  43.395 0.0000000000
113033  46.827  -15.603  43.810 0.0000000000
48633  46.915  -15.174  42.618 0.0000000000
53630  46.131  -11.112  39.728 0.0000000000
54758  46.085  -9.079  37.176 0.0000000000
55862  48.039  -9.177  36.460 0.0000000000
54811  47.125  -9.606  35.521 0.0000000000
54796  47.815  -9.521  35.939 0.0000000000
54810  48.146  -10.114  35.336 0.0000000000
54795  48.809  -9.539  35.861 0.0000000000
54794  49.739  -9.466  35.304 0.0000000000
118636  49.636  -9.173  36.063 0.0000000000
56812  51.174  -8.126  38.053 0.0000000000
55838  51.175  -8.110  37.378 0.0000000000
56821  52.004  -7.933  37.506 0.0000000000
56837  52.660  -7.685  36.934 0.0000000000
53641  50.814  -9.985  39.108 0.0000000000
54722  50.583  -9.434  38.998 0.0000000000
53640  51.565  -10.022  38.848 0.0000000000
118522  52.177  -9.657  38.544 0.0000000000
54757  52.683  -9.559  38.138 0.0000000000
54756  53.096  -8.843  37.807 0.0000000000
53689  53.024  -9.312  37.514 0.0000000000
53690  52.778  -9.862  37.061 0.0000000000
52652  52.278  -10.458  36.406 0.0000000000
46660  51.072  -17.212  39.780 0.0000000000
47668  50.788  -16.460  39.973 0.0000000000
47676  51.148  -16.597  39.445 0.0000000000
38254  36.072  -26.202  51.818 0.0000000000
35295  36.258  -27.666  51.278 0.0000000000
36253  35.615  -27.454  52.120 0.0000000000
115604  50.950  -9.292  33.132 0.0000000000
55880  51.100  -8.966  34.077 0.0000000000
55870  51.287  -8.619  35.019 0.0000000000
34485  42.665  -29.452  47.713 0.0000000000
34500  43.229  -29.456  47.096 0.0000000000
34499  43.944  -29.553  46.740 0.0000000000
55932  55.559  -7.614  28.000 0.0000000000
55946  55.370  -7.745  27.162 0.0000000000
56972  57.493  -7.430  26.979 0.0000000000
56971  58.038  -7.742  26.494 0.0000000000
54897  58.125  -8.398  26.892 0.0000000000
47649  49.410  -16.184  43.190 0.0000000000
48614  49.252  -15.419  43.520 0.0000000000
49594  49.338  -14.842  43.138 0.0000000000
50542  49.046  -14.123  43.029 0.0000000000
51536  48.804  -13.395  42.375 0.0000000000
51549  48.514  -12.641  41.890 0.0000000000
51548  48.921  -12.802  41.896 0.0000000000
51561  49.071  -12.201  41.077 0.0000000000
51572  49.330  -12.115  40.472 0.0000000000
50586  49.897  -13.941  40.045 0.0000000000
38282  38.796  -25.740  49.735 0.0000000000
37319  39.350  -26.409  49.821 0.0000000000
109958  39.762  -26.721  49.642 0.0000000000
36293  40.225  -27.174  49.396 0.0000000000
36292  40.770  -27.690  49.051 0.0000000000
35321  40.665  -28.370  49.677 0.0000000000
54857  51.474  -9.652  30.445 0.0000000000
54856  52.284  -9.290  30.151 0.0000000000
55920  53.778  -8.456  29.621 0.0000000000
56904  55.579  -7.554  30.712 0.0000000000
101962  56.178  -7.497  31.177 0.0000000000
56884  55.917  -7.602  32.696 0.0000000000
56867  54.444  -7.524  34.910 0.0000000000
56866  55.132  -7.606  34.257 0.0000000000
55857  55.161  -7.879  35.071 0.0000000000
106940  54.963  -8.655  35.119 0.0000000000
54793  54.348  -9.033  35.427 0.0000000000
53701  53.609  -9.453  35.453 0.0000000000
41562  46.339  -22.715  45.501 0.0000000000
41553  45.893  -22.131  45.875 0.0000000000
109133  46.351  -21.929  45.410 0.0000000000
41570  46.707  -22.234  44.829 0.0000000000
42642  46.706  -21.322  44.258 0.0000000000
41631  47.782  -22.151  40.475 0.0000000000
44635  48.878  -19.447  41.161 0.0000000000
106476  48.960  -18.776  41.879 0.0000000000
44634  49.581  -19.054  41.013 0.0000000000
36334  43.591  -28.008  45.585 0.0000000000
36347  43.092  -27.584  44.799 0.0000000000
37369  43.727  -26.714  44.604 0.0000000000
38339  43.497  -25.074  44.051 0.0000000000
39365  43.895  -24.217  44.911 0.0000000000
39340  44.238  -23.684  45.495 0.0000000000
39339  44.662  -23.721  45.764 0.0000000000
110779  45.012  -24.502  45.777 0.0000000000
39338  45.313  -24.518  45.782 0.0000000000
38304  45.902  -25.246  45.753 0.0000000000
64569  57.628  1.390  22.618 0.0000000000
104361  57.963  0.741  22.611 0.0000000000
55976  54.150  -7.943  25.411 0.0000000000
56988  53.045  -7.815  24.990 0.0000000000
58831  54.410  -5.642  23.968 0.0000000000
54938  57.830  -8.835  23.802 0.0000000000
54949  57.284  -9.029  23.220 0.0000000000
45595  45.433  -18.336  46.001 0.0000000000
50576  47.276  -13.548  41.751 0.0000000000
49619  47.198  -14.531  41.886 0.0000000000
49629  47.352  -14.508  41.025 0.0000000000
49636  47.331  -14.138  39.853 0.0000000000
54712  47.195  -9.781  39.810 0.0000000000
54727  45.972  -9.995  38.953 0.0000000000
54743  46.485  -9.366  38.477 0.0000000000
118737  46.436  -9.094  37.758 0.0000000000
55823  46.892  -8.853  37.195 0.0000000000
54777  46.490  -8.953  36.412 0.0000000000
55841  47.424  -8.911  36.746 0.0000000000
55840  48.344  -8.761  37.042 0.0000000000
55839  49.353  -8.568  37.258 0.0000000000
101459  49.973  -8.762  36.608 0.0000000000
55820  50.214  -8.280  38.145 0.0000000000
55801  51.411  -8.515  38.411 0.0000000000
52613  51.391  -11.457  38.817 0.0000000000
52612  51.823  -10.556  38.673 0.0000000000
52625  51.913  -11.135  38.482 0.0000000000
52646  52.352  -10.756  37.482 0.0000000000
52638  52.093  -11.481  37.724 0.0000000000
39304  37.814  -25.121  49.553 0.0000000000
38272  37.496  -25.876  50.451 0.0000000000
38271  38.261  -25.814  50.016 0.0000000000
108086  38.439  -26.808  50.505 0.0000000000
36265  38.207  -27.485  50.692 0.0000000000
34448  38.420  -28.324  50.191 0.0000000000
34449  37.841  -28.190  50.254 0.0000000000
35310  36.248  -27.984  50.966 0.0000000000
54848  51.345  -9.511  31.354 0.0000000000
55899  52.794  -8.562  31.670 0.0000000000
55888  53.592  -8.064  32.287 0.0000000000
56878  53.529  -7.608  34.303 0.0000000000
102273  53.528  -7.525  35.321 0.0000000000
56836  53.787  -7.714  36.540 0.0000000000
40520  48.194  -24.010  42.923 0.0000000000
36322  40.894  -27.987  46.732 0.0000000000
36337  40.612  -28.012  45.164 0.0000000000
35398  41.159  -28.264  45.837 0.0000000000
35397  42.051  -28.449  45.820 0.0000000000
35396  42.863  -28.510  45.889 0.0000000000
111923  43.217  -28.965  46.777 0.0000000000
35383  43.542  -28.572  46.250 0.0000000000
36321  44.306  -28.044  45.978 0.0000000000
37356  45.372  -26.401  45.647 0.0000000000
36319  45.371  -27.301  45.792 0.0000000000
36318  45.949  -27.576  45.741 0.0000000000
35395  46.395  -28.493  45.463 0.0000000000
62660  58.236  -1.195  23.946 0.0000000000
62659  58.823  -1.765  23.597 0.0000000000
61682  58.527  -2.206  24.350 0.0000000000
60719  58.630  -2.928  24.458 0.0000000000
120416  58.056  -3.291  24.856 0.0000000000
60731  58.499  -3.556  24.213 0.0000000000
59787  58.153  -4.260  23.720 0.0000000000
105502  57.812  -5.560  22.111 0.0000000000
55949  52.914  -8.671  26.972 0.0000000000
55963  53.749  -8.294  26.422 0.0000000000
55962  54.883  -7.925  26.335 0.0000000000
56987  55.144  -7.548  24.568 0.0000000000
57002  58.097  -8.225  24.711 0.0000000000
56984  58.146  -8.002  25.638 0.0000000000
55991  58.046  -8.640  24.454 0.0000000000
104045  56.819  -9.471  24.794 0.0000000000
46613  47.916  -17.550  45.038 0.0000000000
47629  47.607  -16.800  45.238 0.0000000000
47638  48.123  -16.559  44.901 0.0000000000
111849  47.932  -15.868  44.539 0.0000000000
49582  47.712  -15.139  43.499 0.0000000000
49581  48.680  -14.944  43.640 0.0000000000
50525  48.022  -14.360  43.121 0.0000000000
49595  47.298  -14.481  42.638 0.0000000000
50563  47.403  -13.688  41.817 0.0000000000
108458  46.928  -12.736  40.825 0.0000000000
51574  46.499  -12.057  39.899 0.0000000000
51586  45.956  -11.871  39.320 0.0000000000
117084  46.659  -11.984  40.141 0.0000000000
53629  46.613  -11.160  40.204 0.0000000000
53607  47.768  -11.657  41.182 0.0000000000
53615  47.610  -11.090  40.846 0.0000000000
115015  47.257  -10.551  40.425 0.0000000000
54711  47.933  -9.802  40.231 0.0000000000
54710  48.519  -9.910  40.111 0.0000000000
54723  49.216  -9.396  39.480 0.0000000000
53642  49.799  -9.850  39.406 0.0000000000
121901  50.758  -11.309  39.231 0.0000000000
52600  49.971  -11.632  39.630 0.0000000000
37370  38.964  -26.751  45.793 0.0000000000
119384  38.895  -25.280  48.770 0.0000000000
38307  38.696  -25.448  46.745 0.0000000000
36324  39.394  -26.420  46.833 0.0000000000
36311  40.783  -27.555  47.651 0.0000000000
36301  41.678  -28.359  48.072 0.0000000000
35353  42.017  -28.781  48.031 0.0000000000
35338  41.027  -28.174  49.098 0.0000000000
34486  41.929  -29.113  48.402 0.0000000000
105089  53.941  -8.415  28.041 0.0000000000
55933  54.636  -8.055  28.435 0.0000000000
56932  57.864  -7.712  28.954 0.0000000000
55917  57.924  -7.987  29.293 0.0000000000
112070  57.667  -7.792  29.558 0.0000000000
55904  57.629  -8.052  30.050 0.0000000000
54845  57.398  -8.531  30.659 0.0000000000
101411  56.748  -7.668  31.167 0.0000000000
55896  57.295  -8.031  30.868 0.0000000000
56875  55.716  -7.858  33.546 0.0000000000
55876  56.256  -8.295  33.183 0.0000000000
117333  56.181  -8.786  33.434 0.0000000000
110317  43.669  -20.415  45.940 0.0000000000
44570  44.708  -19.772  46.349 0.0000000000
43605  45.906  -20.423  45.952 0.0000000000
44569  45.400  -19.412  46.223 0.0000000000
103242  46.012  -19.057  46.065 0.0000000000
44582  47.109  -18.846  45.389 0.0000000000
44581  47.622  -18.575  44.934 0.0000000000
40521  47.642  -23.296  42.839 0.0000000000
41580  47.073  -22.550  43.201 0.0000000000
42650  46.774  -21.442  43.339 0.0000000000
43635  47.322  -20.795  41.722 0.0000000000
106716  47.058  -20.603  42.717 0.0000000000
104754  46.959  -20.493  43.712 0.0000000000
44596  47.377  -19.599  44.220 0.0000000000
45593  47.970  -18.081  44.676 0.0000000000
46623  48.408  -17.471  44.455 0.0000000000
45607  48.700  -17.586  43.751 0.0000000000
46629  49.051  -17.324  43.288 0.0000000000
45636  49.196  -18.193  42.263 0.0000000000
45621  49.308  -17.637  42.569 0.0000000000
46628  49.435  -16.996  42.848 0.0000000000
47656  49.737  -16.604  42.374 0.0000000000
47655  49.972  -16.174  41.806 0.0000000000
48641  50.181  -15.803  41.032 0.0000000000
47662  50.355  -16.601  41.004 0.0000000000
111042  50.713  -16.944  40.347 0.0000000000
45663  51.319  -18.050  39.445 0.0000000000
45681  51.369  -18.690  39.363 0.0000000000
45680  51.505  -18.721  39.117 0.0000000000
36350  40.123  -27.568  44.567 0.0000000000
37380  41.713  -27.140  43.942 0.0000000000
42636  43.391  -21.492  45.573 0.0000000000
42628  43.755  -21.450  45.914 0.0000000000
41555  44.642  -22.237  46.155 0.0000000000
110714  45.104  -23.072  46.119 0.0000000000
40454  45.689  -23.089  45.919 0.0000000000
40471  46.291  -23.554  45.615 0.0000000000
113268  46.215  -26.014  45.626 0.0000000000
38320  46.601  -25.448  45.492 0.0000000000
38319  47.286  -25.516  45.077 0.0000000000
38337  47.750  -25.181  44.602 0.0000000000
37299  34.582  -26.601  53.063 0.0000000000
59776  55.489  -4.054  25.457 0.0000000000
57030  57.038  -7.465  22.568 0.0000000000
57029  57.006  -7.456  22.172 0.0000000000
57042  56.839  -7.385  21.593 0.0000000000
53726  48.478  -10.885  33.696 0.0000000000
47639  46.483  -16.312  44.941 0.0000000000
47650  46.381  -16.133  43.561 0.0000000000
54797  46.383  -9.086  35.706 0.0000000000
112112  48.198  -10.646  34.564 0.0000000000
53713  49.050  -10.314  34.222 0.0000000000
54809  49.741  -9.705  34.436 0.0000000000
54808  50.495  -9.193  34.739 0.0000000000
107025  50.913  -8.368  36.627 0.0000000000
55859  51.524  -8.240  35.952 0.0000000000
101436  52.402  -7.729  36.189 0.0000000000
107857  53.286  -7.710  36.925 0.0000000000
56820  53.484  -7.908  37.110 0.0000000000
55785  49.895  -8.896  39.007 0.0000000000
110784  50.827  -8.968  38.787 0.0000000000
55784  51.622  -8.854  38.574 0.0000000000
55783  52.163  -8.929  38.468 0.0000000000
55800  52.597  -8.426  38.001 0.0000000000
106886  53.094  -8.195  37.580 0.0000000000
55818  53.336  -8.299  37.443 0.0000000000
55836  53.740  -8.119  36.927 0.0000000000
119724  53.897  -8.350  36.634 0.0000000000
54775  53.614  -9.040  36.472 0.0000000000
48653  50.471  -15.672  40.197 0.0000000000
115477  50.580  -15.092  39.671 0.0000000000
47685  51.436  -16.755  38.975 0.0000000000
48678  51.156  -15.745  39.041 0.0000000000
49635  50.834  -14.916  39.184 0.0000000000
49640  51.123  -14.711  38.688 0.0000000000
34461  38.907  -28.827  49.891 0.0000000000
35307  38.516  -27.985  50.472 0.0000000000
35309  37.090  -27.923  50.616 0.0000000000
35337  41.478  -28.574  48.629 0.0000000000
36251  37.295  -27.236  51.122 0.0000000000
36264  38.791  -27.447  50.477 0.0000000000
36276  40.498  -27.722  49.537 0.0000000000
36277  40.005  -27.280  49.865 0.0000000000
36323  40.299  -27.865  46.011 0.0000000000
37297  36.245  -26.603  51.766 0.0000000000
37298  35.160  -26.651  52.763 0.0000000000
37339  39.633  -25.942  48.445 0.0000000000
37346  40.249  -26.784  48.032 0.0000000000
38260  38.338  -26.202  50.212 0.0000000000
38270  39.084  -26.002  49.761 0.0000000000
38280  39.636  -25.871  49.041 0.0000000000
38281  39.172  -25.834  49.522 0.0000000000
38305  45.537  -25.019  45.730 0.0000000000
39296  37.760  -25.484  50.071 0.0000000000
39312  38.812  -25.419  49.218 0.0000000000
40455  45.371  -23.634  45.954 0.0000000000
41556  44.147  -22.144  45.960 0.0000000000
41564  43.338  -22.058  45.271 0.0000000000
41610  47.747  -22.850  41.301 0.0000000000
42626  44.857  -21.356  46.342 0.0000000000
43608  43.913  -20.793  46.112 0.0000000000
43618  43.140  -21.053  45.378 0.0000000000
44568  46.501  -18.761  45.742 0.0000000000
44584  44.389  -19.394  46.124 0.0000000000
44609  48.216  -19.026  42.686 0.0000000000
44648  50.222  -19.426  40.304 0.0000000000
45584  46.913  -18.216  45.609 0.0000000000
45585  46.266  -18.396  45.847 0.0000000000
45586  45.690  -18.704  46.056 0.0000000000
45594  47.527  -18.128  45.267 0.0000000000
46612  48.208  -17.087  44.904 0.0000000000
46621  49.162  -16.797  43.447 0.0000000000
47628  47.777  -16.242  44.947 0.0000000000
47643  48.906  -16.294  43.891 0.0000000000
47645  46.409  -16.158  44.346 0.0000000000
47657  46.590  -16.138  42.635 0.0000000000
48594  47.271  -16.403  45.203 0.0000000000
48603  48.541  -15.701  44.197 0.0000000000
48604  48.235  -15.988  44.576 0.0000000000
48606  46.947  -16.041  44.897 0.0000000000
48617  46.892  -15.877  44.364 0.0000000000
48624  47.061  -15.058  43.143 0.0000000000
48632  49.697  -15.686  42.341 0.0000000000
49568  48.722  -15.315  43.947 0.0000000000
49570  47.823  -15.540  44.119 0.0000000000
49571  47.318  -15.734  44.159 0.0000000000
49580  49.190  -14.988  43.720 0.0000000000
49628  49.842  -14.573  40.722 0.0000000000
50512  48.210  -14.983  43.624 0.0000000000
50524  48.507  -14.435  43.186 0.0000000000
50526  47.750  -14.566  43.045 0.0000000000
50544  47.870  -13.989  42.552 0.0000000000
50561  49.410  -14.003  41.911 0.0000000000
51537  48.374  -13.250  42.305 0.0000000000
51539  47.562  -13.282  41.830 0.0000000000
51562  47.190  -12.511  40.899 0.0000000000
52580  48.216  -11.900  41.458 0.0000000000
52582  47.507  -12.267  41.259 0.0000000000
52590  48.456  -11.489  41.123 0.0000000000
52591  47.300  -11.760  40.856 0.0000000000
52603  46.376  -11.654  39.814 0.0000000000
54724  48.478  -9.287  39.702 0.0000000000
54726  46.620  -9.714  39.233 0.0000000000
54740  52.996  -8.517  37.812 0.0000000000
55819  50.595  -8.191  37.745 0.0000000000
55935  52.954  -8.960  28.700 0.0000000000
102873  49.682  -16.044  42.530 0.0000000000
103739  37.842  -26.133  50.433 0.0000000000
104230  37.553  -24.504  47.805 0.0000000000
105454  46.687  -16.643  45.318 0.0000000000
105870  52.018  -8.552  38.337 0.0000000000
106682  50.978  -13.955  38.814 0.0000000000
108082  37.180  -25.651  50.491 0.0000000000
108549  39.556  -27.124  50.136 0.0000000000
109637  49.575  -15.114  42.492 0.0000000000
112204  46.727  -15.523  43.295 0.0000000000
112583  47.229  -13.209  41.435 0.0000000000
112906  43.972  -27.302  45.157 0.0000000000
113157  50.865  -17.648  40.101 0.0000000000
113616  47.877  -17.088  45.180 0.0000000000
113818  45.770  -19.726  46.097 0.0000000000
114194  38.617  -25.077  48.507 0.0000000000
115158  49.969  -8.336  37.674 0.0000000000
117312  46.113  -16.960  45.340 0.0000000000
120337  39.661  -27.257  46.178 0.0000000000
120968  48.649  -10.304  34.794 0.0000000000
