#!ascii label  , from subject sub-v1s11x0050164_ses-1 vox2ras=TkReg
1091
23942  34.634  -42.472  -19.801 0.6000000238
23932  34.650  -42.482  -18.812 0.5000000000
25610  34.391  -40.381  -21.151 0.6999999881
25615  34.585  -40.669  -22.212 0.6000000238
26435  34.679  -40.085  -23.124 0.6000000238
110598  34.687  -39.164  -23.400 0.6000000238
101448  34.430  -41.189  -19.994 0.6999999881
101926  34.462  -41.115  -20.799 0.6000000238
120510  34.545  -41.066  -21.575 0.5000000000
24870  34.706  -41.473  -22.348 0.5000000000
24876  34.900  -41.135  -23.292 0.5000000000
26440  35.223  -39.785  -24.235 0.6000000238
24856  34.459  -41.685  -19.283 0.5000000000
22987  34.793  -43.191  -19.350 0.5000000000
119874  34.682  -42.491  -20.531 0.6000000238
22966  35.921  -43.725  -17.678 0.5000000000
22965  36.726  -43.676  -17.664 0.5000000000
28091  34.492  -37.397  -23.304 0.6000000238
27255  34.678  -38.265  -23.644 0.6999999881
106246  34.063  -38.899  -20.392 0.6000000238
109655  34.172  -39.167  -21.224 0.6999999881
27250  34.373  -38.534  -22.681 0.6000000238
25605  34.341  -40.510  -20.148 0.6000000238
119935  34.291  -39.772  -21.141 0.6999999881
110513  35.128  -39.050  -24.306 0.6000000238
24848  34.728  -41.755  -18.338 0.5000000000
103954  34.320  -39.909  -19.237 0.5000000000
26442  35.370  -39.400  -24.908 0.6000000238
23931  35.092  -42.451  -18.080 0.5000000000
27258  35.295  -38.906  -25.207 0.6000000238
115353  35.623  -42.428  -17.657 0.5000000000
27262  35.163  -38.859  -25.392 0.6000000238
112617  34.302  -38.410  -25.297 0.6999999881
27263  34.736  -38.892  -25.412 0.6000000238
27260  33.866  -38.923  -25.067 0.6000000238
27261  33.256  -38.216  -24.652 0.6000000238
27256  32.320  -38.695  -23.779 0.6000000238
28850  31.333  -36.238  -20.908 0.5000000000
29655  31.506  -35.229  -19.888 0.6999999881
30518  31.643  -34.712  -19.111 0.8000000119
101695  31.642  -35.520  -18.871 0.6999999881
28871  34.647  -36.757  -23.597 0.6000000238
28099  35.004  -37.557  -24.309 0.6999999881
28078  33.848  -37.617  -21.299 0.6999999881
27242  34.073  -38.422  -21.766 0.6999999881
28084  34.148  -37.691  -22.407 0.6000000238
28098  35.419  -37.538  -25.198 0.6999999881
26409  34.175  -39.017  -19.584 0.6000000238
27236  33.916  -38.340  -20.831 0.6000000238
26400  34.440  -39.050  -18.552 0.5000000000
115861  35.311  -37.232  -25.659 0.8000000119
28103  35.187  -38.113  -25.344 0.6000000238
107345  34.841  -40.223  -17.855 0.5000000000
25590  34.538  -40.483  -18.492 0.5000000000
28104  35.199  -37.470  -25.695 0.8000000119
23915  36.256  -42.867  -17.564 0.5000000000
28884  34.901  -36.901  -25.852 0.8000000119
28100  34.293  -37.635  -25.380 0.8000000119
113450  34.974  -38.275  -25.517 0.6999999881
28101  33.007  -37.229  -24.582 0.6999999881
28880  33.747  -36.698  -25.233 0.6999999881
28872  32.163  -36.785  -23.739 0.6999999881
28881  32.756  -36.315  -24.382 0.6999999881
28873  31.660  -36.194  -23.087 0.6000000238
28092  32.264  -37.719  -23.816 0.6000000238
113653  31.397  -35.944  -22.486 0.6999999881
117568  31.417  -36.664  -22.610 0.6999999881
28093  31.599  -37.272  -23.074 0.6000000238
105041  31.267  -35.639  -21.451 0.6999999881
28865  31.270  -36.552  -22.183 0.6000000238
105617  31.362  -35.514  -20.652 0.8000000119
108931  31.256  -36.375  -21.680 0.6000000238
105218  31.533  -34.585  -20.252 0.8999999762
29640  31.655  -34.964  -18.076 0.6999999881
31431  31.772  -33.967  -19.366 0.8000000119
29696  34.892  -36.034  -23.866 0.6000000238
28879  35.300  -36.861  -24.676 0.6999999881
29704  35.885  -36.263  -25.904 0.6999999881
28864  34.211  -36.817  -22.623 0.6000000238
103167  33.950  -36.129  -21.335 0.4000000060
29686  34.343  -36.057  -22.830 0.6000000238
28878  35.542  -36.821  -25.562 0.6999999881
28849  33.862  -36.785  -20.724 0.6000000238
28052  34.412  -37.497  -18.672 0.4000000060
27216  34.257  -38.270  -19.057 0.5000000000
27228  34.036  -38.289  -19.956 0.6000000238
28883  35.604  -36.703  -25.960 0.8000000119
26382  34.760  -39.423  -17.856 0.5000000000
25572  35.515  -40.703  -17.575 0.4000000060
113135  36.021  -41.300  -17.449 0.5000000000
30578  32.196  -34.624  -23.741 0.8000000119
29707  32.494  -35.453  -24.083 0.6999999881
29706  33.355  -35.766  -24.911 0.8000000119
29698  31.571  -35.298  -22.850 0.8000000119
29697  31.923  -35.362  -23.399 0.6999999881
30555  31.465  -34.485  -22.252 0.8999999762
29687  31.393  -35.173  -22.358 0.8999999762
29677  31.280  -35.067  -21.856 0.8999999762
28857  31.248  -35.782  -22.028 0.6000000238
117733  31.465  -34.366  -21.011 0.8999999762
113234  31.317  -34.935  -21.125 0.8999999762
31415  31.546  -33.584  -17.768 0.8000000119
30487  31.391  -34.338  -17.403 0.8000000119
30504  31.644  -34.098  -18.335 0.8000000119
29705  35.571  -36.249  -25.003 0.6999999881
30567  35.247  -35.409  -24.291 0.5000000000
29712  36.020  -35.929  -26.282 0.6999999881
29676  34.194  -35.598  -21.970 0.4000000060
30554  34.593  -35.073  -22.946 0.5000000000
29668  34.021  -35.968  -20.548 0.5000000000
104137  34.417  -35.899  -18.842 0.5000000000
117427  34.020  -37.024  -19.927 0.6000000238
112676  34.759  -36.066  -18.126 0.4000000060
28826  34.588  -36.715  -18.367 0.4000000060
111617  34.129  -35.234  -25.555 0.8000000119
29714  34.321  -36.189  -25.611 0.8000000119
27198  34.945  -38.152  -17.746 0.4000000060
120009  35.968  -40.254  -17.436 0.3000000119
119587  32.264  -33.290  -23.872 0.8000000119
113533  32.427  -33.824  -24.110 0.8000000119
30577  32.930  -34.755  -24.525 0.8000000119
31481  31.955  -33.936  -23.415 0.8000000119
31471  31.785  -33.807  -22.779 0.8999999762
30569  31.609  -34.533  -22.788 0.8999999762
117696  31.951  -33.506  -22.374 0.8999999762
31460  32.031  -33.492  -21.665 0.8999999762
30543  31.392  -34.454  -21.651 0.8999999762
31451  31.631  -33.938  -21.294 0.8999999762
32338  31.522  -32.885  -17.654 0.8000000119
31401  31.226  -33.492  -17.208 0.8000000119
103392  31.746  -33.945  -20.404 0.8999999762
32382  31.897  -33.212  -18.520 0.8000000119
31430  32.182  -33.310  -19.654 0.8000000119
30576  35.765  -35.743  -25.333 0.6000000238
30582  36.200  -35.296  -26.561 0.6000000238
30566  35.683  -34.876  -24.916 0.6000000238
114969  34.654  -34.292  -22.192 0.4000000060
115618  34.407  -34.801  -21.677 0.4000000060
29713  35.420  -35.449  -26.337 0.6999999881
30533  34.468  -34.571  -20.644 0.5000000000
30517  34.678  -34.320  -19.658 0.5000000000
113532  33.311  -33.829  -24.896 0.8000000119
31487  32.614  -33.025  -24.364 0.8000000119
111322  32.190  -33.252  -23.471 0.8000000119
31470  32.165  -33.098  -22.943 0.8999999762
110083  32.412  -33.001  -22.157 0.8999999762
31450  32.176  -33.414  -20.714 1.0000000000
30575  36.158  -35.667  -26.076 0.6000000238
30584  36.298  -34.931  -26.831 0.6000000238
31469  34.883  -34.103  -22.946 0.4000000060
31479  35.321  -33.955  -23.819 0.4000000060
31480  35.098  -34.645  -23.746 0.4000000060
113882  34.702  -34.021  -21.342 0.4000000060
31449  34.872  -33.776  -20.423 0.5000000000
31459  34.981  -33.596  -22.060 0.4000000060
30583  34.450  -34.340  -25.805 0.8000000119
31490  33.836  -33.332  -25.373 0.8000000119
32431  32.869  -32.351  -24.500 0.8000000119
32428  32.452  -32.660  -23.585 0.8000000119
32414  32.606  -32.895  -21.174 1.0000000000
32400  32.724  -32.607  -20.057 1.0000000000
32361  31.884  -32.242  -18.195 0.8000000119
119876  31.097  -32.854  -17.154 0.8000000119
113483  32.794  -31.894  -19.371 1.0000000000
33376  32.330  -31.590  -18.739 0.8000000119
32381  32.365  -32.481  -19.044 0.8000000119
111284  36.386  -34.846  -26.159 0.6000000238
30585  35.516  -34.719  -26.524 0.6999999881
31494  35.696  -33.927  -26.721 0.6999999881
32427  35.588  -33.155  -23.729 0.4000000060
31485  35.844  -33.885  -24.783 0.5000000000
32440  34.729  -32.683  -26.115 0.8000000119
31468  35.294  -33.329  -22.873 0.4000000060
31489  34.647  -33.555  -25.998 0.8000000119
31458  35.481  -32.738  -21.896 0.4000000060
32421  35.691  -32.572  -22.881 0.4000000060
31486  33.191  -32.705  -24.908 0.8000000119
32432  32.439  -32.765  -24.027 0.8000000119
32422  32.784  -32.427  -22.818 0.8999999762
33421  33.334  -31.773  -23.178 0.8000000119
32413  33.075  -32.391  -21.671 1.0000000000
32399  33.121  -32.287  -20.744 1.0000000000
109388  32.894  -31.000  -19.343 1.0000000000
33377  31.657  -31.335  -18.115 0.8999999762
33351  31.187  -32.065  -17.462 0.8000000119
34248  30.843  -31.059  -17.649 0.8999999762
34268  32.142  -30.713  -18.692 1.0000000000
35139  32.956  -29.344  -19.686 1.0000000000
34288  32.569  -30.082  -19.240 1.0000000000
35140  32.254  -29.368  -19.303 1.0000000000
31493  36.640  -34.475  -27.126 0.6999999881
117677  36.246  -33.809  -27.171 0.6999999881
31488  36.789  -34.393  -26.764 0.6000000238
30581  36.589  -34.754  -26.906 0.6000000238
32430  35.967  -32.941  -24.448 0.5000000000
116512  35.864  -32.514  -23.614 0.4000000060
32435  33.924  -32.550  -25.466 0.8000000119
32436  33.435  -31.836  -25.106 0.8000000119
33429  33.224  -31.789  -24.583 0.8000000119
33422  32.805  -32.163  -23.629 0.6999999881
33426  32.742  -32.244  -24.115 0.8000000119
33419  33.520  -31.776  -22.125 0.8999999762
34319  33.981  -31.185  -22.603 1.0000000000
33411  33.557  -31.602  -20.932 1.0000000000
34314  34.034  -30.960  -21.414 1.0000000000
34301  34.357  -30.229  -21.214 1.0000000000
33395  33.525  -30.944  -20.115 1.0000000000
34302  33.915  -30.292  -20.505 1.0000000000
35154  33.676  -29.377  -20.151 1.0000000000
34287  33.290  -30.144  -19.753 1.0000000000
34289  31.846  -29.944  -18.816 1.0000000000
34269  31.346  -30.496  -18.284 1.0000000000
36084  32.577  -28.768  -19.669 1.0000000000
32439  35.515  -32.816  -26.696 0.6999999881
31492  36.915  -34.390  -27.226 0.6999999881
31484  36.386  -33.703  -25.601 0.5000000000
33431  34.150  -31.742  -25.679 0.8000000119
113950  33.980  -31.202  -25.477 0.6999999881
34327  33.652  -31.199  -24.460 0.8000000119
34331  33.722  -31.182  -25.079 0.8000000119
34323  33.781  -31.208  -23.624 0.6999999881
33425  33.147  -31.711  -24.008 0.6999999881
34318  34.384  -30.618  -23.104 0.8999999762
35180  34.820  -30.123  -23.607 0.8000000119
35179  35.362  -29.503  -23.086 0.8000000119
35176  34.896  -29.976  -22.560 0.8000000119
34313  34.461  -30.480  -22.064 1.0000000000
35166  35.335  -29.233  -21.921 0.8999999762
36130  35.823  -28.832  -22.638 0.8000000119
35167  34.742  -29.772  -21.558 0.8999999762
36085  31.847  -28.703  -19.514 1.0000000000
119313  34.183  -28.132  -20.276 1.0000000000
37139  33.360  -28.318  -19.995 1.0000000000
37140  32.883  -27.717  -20.037 1.0000000000
31491  37.112  -33.969  -27.508 0.6999999881
31495  36.855  -34.069  -27.429 0.6999999881
32442  36.250  -33.115  -27.318 0.6999999881
33434  35.429  -31.683  -26.753 0.6999999881
32438  37.115  -34.054  -27.140 0.5000000000
33435  34.795  -31.885  -26.233 0.6999999881
32434  36.807  -33.368  -26.176 0.5000000000
34336  34.513  -30.989  -26.072 0.8000000119
34326  34.098  -30.590  -24.922 0.6999999881
34322  34.224  -30.657  -24.086 0.6999999881
35183  35.237  -29.658  -24.094 0.8000000119
106683  35.784  -29.054  -23.645 0.8000000119
36119  36.274  -28.280  -22.129 0.8000000119
36107  35.390  -28.553  -21.151 1.0000000000
36120  35.779  -28.608  -21.807 0.8000000119
35153  34.336  -29.589  -20.734 1.0000000000
36108  34.857  -29.087  -20.991 1.0000000000
108725  34.210  -28.802  -20.393 1.0000000000
36098  31.314  -28.141  -19.983 1.0000000000
116019  33.993  -27.659  -20.212 1.0000000000
38131  33.357  -27.189  -20.201 1.0000000000
36097  32.308  -28.045  -19.893 1.0000000000
111699  36.973  -33.570  -27.831 0.6999999881
34335  35.105  -30.484  -26.586 0.6000000238
119217  34.719  -30.285  -26.151 0.6999999881
34330  34.322  -30.576  -25.586 0.6999999881
35190  34.583  -30.061  -25.300 0.6999999881
36139  35.636  -29.241  -24.704 0.8000000119
35184  34.633  -30.128  -24.529 0.6999999881
36129  36.418  -28.403  -23.157 0.8000000119
36106  35.956  -28.071  -21.278 0.8000000119
37151  36.557  -27.657  -21.549 0.8000000119
36096  34.803  -28.350  -20.592 1.0000000000
37137  35.399  -27.835  -20.684 1.0000000000
37136  36.115  -27.295  -20.742 0.6999999881
37138  34.672  -27.645  -20.362 1.0000000000
110611  34.789  -26.221  -20.243 1.0000000000
38130  34.345  -26.993  -20.234 1.0000000000
109706  33.792  -26.239  -20.345 1.0000000000
110401  32.440  -27.324  -20.261 1.0000000000
37141  31.587  -27.518  -20.403 1.0000000000
121136  33.201  -26.529  -20.401 1.0000000000
33440  36.288  -32.141  -27.502 0.6999999881
111707  35.152  -29.848  -26.495 0.6000000238
35199  34.788  -29.930  -25.951 0.6999999881
112690  35.000  -29.718  -24.864 0.6999999881
107461  36.202  -28.712  -24.089 0.6999999881
37181  37.046  -27.840  -23.119 0.6999999881
37163  36.820  -27.808  -22.396 0.6999999881
37150  37.081  -27.303  -21.821 0.6999999881
38148  36.886  -26.977  -21.101 0.6999999881
38129  35.291  -27.013  -20.341 0.8999999762
110276  35.642  -26.257  -20.337 1.0000000000
37142  30.730  -27.750  -20.633 1.0000000000
38133  31.811  -26.825  -20.764 1.0000000000
34340  35.649  -30.918  -27.150 0.6000000238
35212  35.568  -30.013  -27.088 0.6000000238
35198  35.336  -29.466  -26.254 0.6000000238
35189  35.134  -29.594  -25.516 0.6000000238
36152  35.714  -29.087  -25.685 0.6999999881
36138  36.318  -28.709  -24.904 0.6999999881
37200  36.919  -28.190  -24.021 0.6999999881
37180  37.593  -27.464  -23.445 0.6999999881
37162  37.458  -27.248  -22.502 0.6999999881
104201  40.203  -21.667  -26.174 0.3000000119
38147  37.494  -26.661  -21.659 0.6999999881
42486  39.356  -21.435  -27.334 0.3000000119
38128  36.427  -26.419  -20.574 0.8000000119
35156  28.144  -29.063  -20.320 0.8999999762
120096  35.884  -26.755  -20.456 1.0000000000
107162  29.761  -28.474  -20.354 1.0000000000
37143  29.936  -28.032  -20.829 1.0000000000
39187  33.444  -25.332  -20.740 1.0000000000
38132  32.636  -26.650  -20.518 1.0000000000
39177  32.936  -26.010  -20.706 1.0000000000
34339  36.340  -30.903  -27.717 0.6000000238
35211  36.129  -29.537  -27.583 0.6000000238
35197  35.628  -29.350  -26.931 0.6000000238
36165  36.278  -28.852  -27.305 0.6000000238
113191  36.464  -28.641  -26.562 0.6999999881
36166  35.835  -28.945  -26.535 0.6000000238
36151  36.380  -28.660  -25.816 0.6999999881
37223  39.113  -27.553  -28.149 0.3000000119
38211  39.350  -27.272  -27.580 0.3000000119
41418  40.487  -23.186  -25.563 0.3000000119
42472  39.866  -22.476  -25.560 0.4000000060
42473  38.915  -21.877  -26.074 0.4000000060
35157  27.263  -29.219  -20.549 0.6999999881
43478  36.903  -21.320  -27.995 0.3000000119
42487  38.223  -21.547  -27.459 0.3000000119
38127  37.205  -26.237  -20.900 0.6999999881
105149  28.548  -28.658  -20.770 0.8999999762
112464  37.035  -21.687  -28.128 0.3000000119
36100  29.211  -28.382  -20.857 0.8999999762
42488  37.586  -21.539  -27.773 0.3000000119
42474  38.012  -21.643  -26.389 0.3000000119
39176  36.122  -25.609  -20.372 0.8000000119
107436  35.283  -25.470  -20.302 1.0000000000
37152  30.980  -27.110  -21.087 1.0000000000
105725  34.368  -25.376  -20.407 1.0000000000
38149  32.121  -26.144  -21.139 1.0000000000
39188  32.476  -25.262  -21.500 1.0000000000
36164  37.091  -28.449  -26.886 0.6999999881
37233  38.560  -27.988  -28.518 0.3000000119
36150  37.092  -28.334  -25.988 0.6999999881
37210  37.032  -28.258  -25.070 0.6999999881
37199  37.659  -27.669  -24.389 0.6999999881
109638  39.879  -26.801  -27.263 0.3000000119
38205  39.322  -27.064  -26.755 0.5000000000
38174  38.233  -26.986  -23.814 0.6999999881
38204  39.990  -26.357  -26.481 0.5000000000
38161  38.079  -26.690  -22.857 0.6999999881
40351  40.270  -24.766  -25.573 0.4000000060
39226  39.630  -25.513  -25.202 0.6000000238
40334  39.843  -24.383  -25.212 0.5000000000
120253  37.793  -26.686  -22.259 0.6999999881
40333  40.273  -23.979  -25.419 0.3000000119
39197  38.080  -26.088  -22.005 0.6999999881
103373  37.713  -21.221  -25.755 0.4000000060
40335  39.413  -24.080  -24.814 0.4000000060
103816  37.689  -25.967  -21.311 0.6999999881
35168  26.907  -28.955  -21.194 0.6999999881
44438  37.341  -21.012  -26.495 0.4000000060
42459  39.115  -22.755  -25.307 0.4000000060
43468  37.517  -21.363  -26.721 0.3000000119
43469  37.019  -21.086  -27.198 0.4000000060
42460  38.468  -22.325  -25.361 0.4000000060
39175  36.889  -25.613  -20.587 0.6999999881
39174  37.443  -25.580  -20.924 0.6999999881
110912  38.526  -22.739  -24.877 0.4000000060
42461  37.939  -21.861  -25.706 0.4000000060
40288  36.509  -24.874  -20.438 0.8000000119
37153  30.168  -27.452  -21.331 1.0000000000
40289  35.771  -24.906  -20.342 0.8999999762
118720  34.948  -24.397  -20.444 1.0000000000
40297  33.197  -24.575  -21.248 1.0000000000
118158  33.958  -24.603  -20.728 1.0000000000
39189  31.634  -25.778  -21.910 1.0000000000
40298  32.634  -24.442  -21.769 1.0000000000
39198  31.783  -25.212  -22.243 1.0000000000
36177  37.140  -28.564  -27.765 0.6000000238
37225  37.826  -28.089  -27.229 0.6000000238
37219  37.804  -27.986  -26.263 0.6999999881
37234  37.895  -28.212  -28.068 0.5000000000
37224  38.624  -27.666  -27.581 0.5000000000
37218  38.527  -27.551  -26.550 0.4000000060
37209  37.738  -27.823  -25.329 0.6999999881
38197  39.091  -26.965  -25.879 0.6000000238
37198  38.348  -27.217  -24.714 0.6999999881
107420  39.592  -26.490  -26.041 0.6000000238
38196  39.455  -26.206  -25.406 0.6000000238
38173  38.584  -26.164  -23.387 0.6999999881
113851  39.867  -25.050  -25.314 0.5000000000
40320  39.590  -24.911  -24.882 0.6000000238
38188  39.319  -25.735  -24.650 0.6000000238
38160  38.419  -25.912  -22.687 0.6000000238
44415  38.249  -20.803  -24.183 0.4000000060
41419  39.678  -23.493  -25.273 0.4000000060
40321  39.174  -24.626  -24.282 0.5000000000
39215  38.965  -25.486  -23.821 0.6000000238
44414  38.107  -20.749  -25.086 0.4000000060
43460  37.863  -21.707  -25.463 0.4000000060
122033  37.963  -21.293  -25.003 0.5000000000
41420  38.999  -23.228  -24.931 0.4000000060
41408  38.698  -23.218  -24.398 0.4000000060
39186  37.934  -25.198  -21.426 0.6999999881
36109  28.513  -28.298  -21.406 0.8999999762
36101  27.732  -28.713  -21.149 0.6999999881
40287  37.319  -24.807  -20.755 0.6999999881
42446  38.141  -22.222  -25.086 0.4000000060
37154  29.291  -27.818  -21.554 0.8999999762
38150  31.302  -26.451  -21.528 1.0000000000
38151  30.382  -26.756  -21.911 1.0000000000
122138  33.642  -24.047  -21.124 1.0000000000
38162  30.883  -26.115  -22.318 1.0000000000
42425  32.441  -22.579  -22.552 0.8999999762
41389  32.728  -23.198  -22.122 1.0000000000
41382  32.432  -23.957  -22.265 1.0000000000
40304  32.108  -24.659  -22.264 1.0000000000
40312  31.836  -24.199  -22.915 1.0000000000
41390  32.125  -23.402  -22.792 1.0000000000
37208  38.438  -27.412  -25.614 0.6999999881
105068  38.945  -26.713  -25.062 0.6000000238
38189  38.791  -26.435  -24.218 0.6999999881
45417  38.501  -19.961  -24.375 0.3000000119
39207  38.676  -25.310  -23.032 0.6000000238
44397  38.201  -20.043  -23.644 0.4000000060
40311  38.829  -24.587  -23.473 0.6000000238
39196  38.392  -25.234  -22.248 0.6000000238
101669  38.771  -23.865  -23.938 0.4000000060
113148  38.252  -21.248  -23.712 0.5000000000
103414  38.585  -23.100  -23.619 0.4000000060
40295  38.280  -24.419  -21.852 0.6000000238
43433  38.339  -21.813  -23.737 0.5000000000
42445  38.428  -22.458  -24.250 0.4000000060
109927  37.396  -23.994  -20.823 0.6000000238
108444  35.978  -24.176  -20.390 0.8999999762
113124  36.814  -24.104  -20.528 0.8000000119
37165  29.022  -27.383  -22.368 0.8999999762
37164  29.685  -27.235  -21.943 0.8999999762
116399  30.191  -26.362  -22.707 0.8999999762
40290  34.194  -23.944  -20.796 1.0000000000
41381  33.076  -23.790  -21.611 1.0000000000
39199  31.227  -25.519  -22.657 1.0000000000
40305  31.544  -24.904  -22.862 0.8999999762
42433  31.825  -22.751  -23.257 1.0000000000
41398  31.443  -23.653  -23.602 1.0000000000
40313  31.207  -24.523  -23.520 0.8999999762
106855  31.559  -22.027  -23.659 1.0000000000
42434  31.249  -22.849  -24.020 0.8999999762
45434  38.460  -20.093  -25.353 0.3000000119
44398  38.019  -20.586  -23.179 0.5000000000
103847  37.707  -20.895  -22.525 0.4000000060
41397  38.656  -23.773  -23.081 0.5000000000
42432  38.155  -21.453  -22.970 0.5000000000
41387  38.411  -23.696  -22.222 0.5000000000
42422  38.438  -22.964  -22.671 0.5000000000
40296  37.828  -24.255  -21.229 0.6000000238
42431  38.406  -22.301  -23.249 0.5000000000
43421  37.748  -21.440  -22.236 0.5000000000
42423  38.106  -22.135  -22.360 0.5000000000
41364  36.348  -23.424  -20.529 0.6000000238
41365  35.492  -23.445  -20.509 0.8999999762
41366  34.634  -23.387  -20.693 0.8999999762
42424  33.064  -22.413  -21.903 0.8999999762
109544  33.275  -23.043  -21.639 0.8999999762
43424  32.141  -21.928  -22.964 0.6999999881
39208  30.890  -25.216  -23.370 0.8999999762
101421  38.818  -19.495  -24.890 0.3000000119
45398  38.216  -19.293  -23.637 0.3000000119
46403  38.300  -18.470  -23.696 0.3000000119
45399  37.755  -19.668  -23.061 0.3000000119
46404  37.594  -18.695  -23.095 0.4000000060
44386  37.403  -20.205  -22.482 0.4000000060
40303  38.580  -24.491  -22.636 0.6000000238
43422  37.181  -20.905  -21.883 0.4000000060
41378  38.104  -23.731  -21.595 0.5000000000
43404  37.485  -21.919  -21.572 0.5000000000
42395  37.393  -22.714  -21.061 0.5000000000
41379  37.692  -23.479  -21.150 0.5000000000
41363  37.109  -23.384  -20.728 0.5000000000
42411  36.930  -22.112  -20.965 0.5000000000
42396  36.668  -22.722  -20.723 0.6000000238
43393  35.237  -21.794  -20.896 0.6999999881
42398  35.152  -22.578  -20.699 0.6999999881
116056  34.322  -22.744  -20.949 0.8000000119
39200  30.505  -25.852  -23.107 0.8999999762
42413  33.727  -22.493  -21.366 0.8999999762
41380  33.811  -23.337  -21.149 0.8999999762
40314  30.531  -24.877  -24.050 0.8999999762
40322  30.780  -24.209  -24.176 0.8999999762
45385  36.986  -19.291  -22.478 0.4000000060
46405  37.151  -17.828  -22.947 0.3000000119
46395  36.866  -18.455  -22.625 0.3000000119
45386  36.280  -19.359  -21.978 0.4000000060
106329  36.683  -20.021  -21.969 0.4000000060
45378  35.863  -19.841  -21.656 0.4000000060
43405  36.670  -21.429  -21.232 0.4000000060
44375  36.287  -20.621  -21.489 0.4000000060
43392  36.074  -22.051  -20.782 0.5000000000
42412  34.443  -22.033  -21.085 0.6000000238
41409  30.795  -23.531  -24.374 0.8999999762
116172  30.368  -24.018  -24.717 0.8999999762
112652  30.965  -22.131  -24.387 0.8999999762
43448  30.718  -21.451  -24.838 0.8000000119
42447  30.627  -22.877  -24.721 0.8000000119
44417  30.496  -20.806  -25.338 0.8000000119
105591  36.219  -18.689  -22.231 0.3000000119
46396  36.197  -17.813  -22.604 0.4000000060
45387  35.562  -19.074  -21.833 0.4000000060
44376  35.335  -20.480  -21.373 0.5000000000
45379  34.871  -19.632  -21.615 0.5000000000
44377  34.298  -20.477  -21.500 0.5000000000
43407  34.749  -21.218  -21.175 0.5000000000
112369  33.614  -21.455  -21.623 0.6999999881
116325  32.438  -21.281  -22.751 0.6999999881
44388  32.493  -20.628  -22.887 0.6999999881
43434  31.925  -21.146  -23.352 0.6999999881
44399  32.139  -20.365  -23.407 0.6999999881
43435  31.300  -21.322  -24.109 0.8000000119
44400  31.596  -20.502  -23.914 0.6999999881
47428  37.600  -17.101  -23.387 0.3000000119
47429  36.663  -17.080  -22.994 0.3000000119
46397  35.271  -18.283  -22.225 0.4000000060
117757  34.878  -18.897  -21.870 0.4000000060
46398  34.477  -18.570  -22.252 0.3000000119
45388  34.214  -19.160  -22.005 0.5000000000
45380  34.025  -19.812  -21.795 0.6000000238
45389  33.463  -19.578  -22.427 0.4000000060
44378  33.516  -20.412  -21.975 0.6999999881
43423  32.953  -20.965  -22.329 0.6999999881
109868  32.751  -21.765  -22.321 0.6999999881
44387  33.023  -20.280  -22.557 0.6999999881
107427  32.657  -19.800  -23.117 0.6000000238
47419  35.890  -17.057  -22.864 0.3000000119
47420  35.230  -17.411  -22.705 0.3000000119
115111  34.320  -17.906  -22.764 0.3000000119
47431  34.540  -17.114  -23.301 0.3000000119
46399  33.787  -18.695  -22.587 0.3000000119
46407  33.468  -18.211  -23.283 0.4000000060
102076  33.107  -18.968  -23.127 0.5000000000
45401  32.460  -19.070  -23.705 0.6000000238
49375  37.097  -15.623  -23.765 0.4000000060
101081  36.080  -16.477  -23.239 0.3000000119
49376  36.265  -15.811  -23.678 0.3000000119
47430  35.295  -16.719  -23.201 0.3000000119
48401  35.421  -16.057  -23.710 0.3000000119
48402  34.669  -16.425  -23.775 0.3000000119
47443  33.999  -16.836  -23.948 0.3000000119
46406  33.789  -17.494  -23.573 0.4000000060
47444  33.468  -17.185  -24.159 0.4000000060
45400  32.883  -18.482  -23.680 0.6000000238
105964  33.045  -17.787  -24.048 0.4000000060
48417  33.014  -17.181  -24.547 0.4000000060
46422  32.374  -18.382  -24.246 0.5000000000
45420  30.729  -20.016  -25.121 0.6999999881
43449  30.186  -21.566  -25.581 0.8000000119
103059  37.214  -14.900  -24.067 0.4000000060
49395  36.452  -15.157  -24.053 0.3000000119
49396  35.616  -15.362  -24.179 0.3000000119
48415  34.675  -15.689  -24.352 0.3000000119
48416  34.128  -16.275  -24.304 0.4000000060
111040  33.466  -16.583  -24.598 0.4000000060
48428  32.736  -16.759  -25.073 0.4000000060
47445  32.335  -17.562  -24.828 0.4000000060
45418  31.823  -19.076  -24.354 0.6000000238
45436  31.073  -19.111  -25.117 0.6999999881
46423  31.703  -18.344  -24.911 0.4000000060
47458  31.524  -17.658  -25.524 0.4000000060
46437  31.115  -18.330  -25.504 0.6000000238
46438  30.564  -18.709  -25.937 0.5000000000
45437  30.419  -19.544  -25.777 0.6000000238
110250  30.287  -20.249  -25.724 0.6999999881
109938  29.868  -20.002  -26.302 0.6999999881
121788  36.609  -14.593  -24.258 0.3000000119
50307  35.918  -14.676  -24.440 0.3000000119
50308  34.997  -14.785  -24.765 0.3000000119
49397  33.845  -15.850  -24.815 0.4000000060
48427  33.142  -16.034  -25.352 0.3000000119
102059  32.603  -15.862  -25.918 0.3000000119
48429  32.034  -16.908  -25.574 0.4000000060
115328  32.501  -16.358  -25.629 0.3000000119
48440  31.957  -16.223  -26.238 0.3000000119
47471  31.252  -16.989  -26.315 0.3000000119
48441  31.327  -16.320  -26.789 0.4000000060
46451  30.777  -17.861  -26.126 0.5000000000
45448  29.987  -19.178  -26.510 0.5000000000
105548  36.348  -14.051  -24.492 0.3000000119
50321  35.558  -14.051  -24.821 0.3000000119
49408  34.183  -15.178  -25.020 0.3000000119
49418  33.086  -15.276  -25.934 0.3000000119
49419  32.355  -15.457  -26.507 0.3000000119
49420  31.624  -15.688  -26.996 0.3000000119
48442  30.825  -16.642  -27.031 0.4000000060
46452  30.129  -18.284  -26.747 0.5000000000
47472  30.386  -17.332  -27.035 0.5000000000
51306  36.865  -13.424  -24.429 0.3000000119
51307  36.044  -13.350  -24.704 0.3000000119
50322  34.798  -14.055  -25.358 0.3000000119
117167  34.344  -14.576  -25.335 0.3000000119
50323  33.753  -14.844  -25.609 0.3000000119
50337  32.756  -14.715  -26.652 0.3000000119
101525  30.930  -16.022  -27.388 0.4000000060
119867  29.834  -17.105  -27.613 0.4000000060
48469  29.607  -15.814  -28.330 0.4000000060
46465  29.507  -17.744  -27.531 0.5000000000
48456  29.241  -16.731  -28.062 0.4000000060
104252  37.413  -12.886  -24.431 0.3000000119
51323  35.260  -13.363  -25.239 0.3000000119
108582  34.536  -13.403  -25.829 0.3000000119
50335  34.006  -14.119  -25.939 0.3000000119
50336  33.385  -14.588  -26.176 0.3000000119
119985  32.893  -13.656  -27.227 0.3000000119
49427  32.050  -14.954  -27.289 0.3000000119
50351  31.653  -14.374  -28.026 0.3000000119
49428  31.136  -15.199  -27.868 0.4000000060
48454  30.388  -15.707  -27.971 0.3000000119
52355  36.640  -12.594  -24.570 0.3000000119
122199  36.187  -12.042  -24.780 0.3000000119
52356  35.728  -12.638  -24.964 0.3000000119
52372  34.924  -12.586  -25.633 0.3000000119
52390  34.304  -12.842  -26.233 0.3000000119
51336  33.861  -13.391  -26.426 0.3000000119
50349  33.240  -13.974  -26.694 0.3000000119
52391  33.731  -12.703  -26.771 0.3000000119
50350  32.475  -14.111  -27.416 0.3000000119
53356  36.851  -11.729  -24.556 0.3000000119
102871  35.555  -11.922  -25.201 0.3000000119
53380  34.918  -11.785  -25.673 0.3000000119
51350  33.272  -13.283  -27.080 0.3000000119
51351  32.591  -13.290  -27.753 0.3000000119
53357  36.182  -11.364  -24.802 0.3000000119
53378  36.212  -10.541  -24.828 0.3000000119
53379  35.394  -11.075  -25.304 0.4000000060
53400  34.288  -12.076  -26.336 0.3000000119
53401  33.570  -12.015  -27.173 0.3000000119
106489  34.542  -11.184  -25.971 0.4000000060
54458  35.594  -10.276  -25.183 0.4000000060
54459  34.901  -10.373  -25.624 0.4000000060
44416  30.997  -20.645  -24.583 0.8000000119
45419  31.335  -19.835  -24.437 0.6999999881
110204  34.401  -39.202  -22.309 0.6000000238
27259  35.333  -38.463  -24.861 0.6000000238
25573  34.834  -41.006  -17.970 0.5000000000
24833  35.384  -41.668  -17.715 0.5000000000
107628  33.893  -36.874  -21.730 0.6000000238
119129  34.048  -36.273  -22.080 0.5000000000
28040  34.750  -37.419  -17.974 0.4000000060
28838  34.263  -36.830  -19.165 0.5000000000
112601  35.208  -38.909  -17.604 0.4000000060
103021  35.275  -36.199  -26.126 0.6999999881
30568  31.780  -34.706  -23.209 0.8999999762
29715  36.076  -35.406  -26.587 0.6999999881
111651  34.108  -36.299  -19.833 0.5000000000
30503  34.656  -34.880  -18.862 0.5000000000
110369  36.106  -39.076  -17.495 0.4000000060
31448  35.156  -33.297  -21.152 0.4000000060
33396  33.225  -31.753  -20.020 1.0000000000
120904  33.793  -30.924  -20.688 1.0000000000
39239  40.612  -25.470  -26.220 0.4000000060
35155  29.124  -28.864  -20.108 1.0000000000
39240  39.944  -25.687  -25.737 0.5000000000
43447  38.151  -21.686  -24.519 0.4000000060
112315  38.998  -23.808  -24.497 0.5000000000
41388  38.041  -22.912  -21.726 0.5000000000
42397  35.950  -22.816  -20.584 0.6999999881
43406  35.753  -21.228  -21.091 0.5000000000
45402  31.990  -19.762  -23.800 0.6999999881
49409  33.606  -15.443  -25.355 0.3000000119
105316  31.770  -38.127  -23.255 0.5000000000
104814  31.492  -38.040  -22.709 0.5000000000
26436  32.030  -39.750  -23.046 0.5000000000
27257  31.779  -38.875  -23.022 0.5000000000
25626  33.147  -40.084  -24.359 0.5000000000
26441  32.193  -39.417  -23.454 0.5000000000
24885  33.256  -40.695  -24.291 0.5000000000
25624  35.092  -40.397  -25.033 0.4000000060
26447  34.486  -39.467  -25.205 0.5000000000
25620  35.119  -40.778  -24.689 0.4000000060
25628  35.061  -39.812  -25.256 0.5000000000
25621  35.239  -40.623  -24.217 0.5000000000
26445  35.233  -39.354  -25.236 0.5000000000
33379  27.881  -30.867  -17.844 0.6999999881
33355  27.483  -31.481  -17.662 0.6999999881
34249  28.822  -30.814  -17.603 0.8000000119
33378  29.845  -30.884  -17.528 0.8000000119
34273  27.497  -30.471  -18.553 0.6999999881
34271  29.342  -30.253  -18.061 0.8999999762
34270  30.371  -30.225  -18.096 0.8999999762
35121  31.027  -29.781  -18.604 0.8999999762
34290  28.010  -29.892  -19.003 0.6000000238
34272  28.400  -30.311  -18.267 0.8000000119
35123  29.699  -29.812  -18.500 0.8999999762
35122  30.275  -29.652  -18.651 0.8999999762
35141  31.456  -29.288  -19.108 0.8999999762
34348  37.051  -31.573  -28.435 0.5000000000
33439  36.958  -32.641  -28.159 0.6000000238
35144  27.637  -29.532  -19.771 0.6000000238
35143  28.571  -29.408  -19.525 0.8999999762
35124  28.927  -29.800  -18.734 0.8999999762
35142  30.570  -29.237  -19.112 0.8999999762
36086  30.954  -28.709  -19.562 0.8999999762
36178  36.693  -29.071  -28.116 0.5000000000
35223  37.300  -29.647  -28.643 0.5000000000
35224  36.737  -30.100  -28.235 0.5000000000
34347  37.276  -30.730  -28.713 0.5000000000
112915  29.601  -29.350  -19.190 0.8999999762
36087  30.066  -28.785  -19.730 0.8999999762
36099  30.461  -28.315  -20.194 0.8999999762
111091  37.529  -28.734  -28.497 0.5000000000
36110  27.780  -28.255  -21.931 0.6000000238
36122  27.191  -28.132  -22.509 0.6000000238
37155  28.441  -27.850  -22.092 0.8000000119
36121  27.824  -27.889  -22.495 0.6999999881
37167  27.517  -27.649  -23.033 0.6999999881
37183  27.249  -27.330  -23.657 0.6999999881
38178  27.049  -26.961  -24.211 0.6999999881
37166  28.268  -27.496  -22.786 0.8000000119
37182  28.016  -27.171  -23.470 0.6999999881
38177  27.748  -26.810  -24.100 0.6999999881
38191  28.227  -26.295  -24.561 0.6999999881
38175  29.511  -26.248  -23.521 0.8000000119
38163  29.591  -26.811  -22.594 0.8000000119
39217  28.748  -25.707  -24.960 0.6999999881
38190  28.873  -26.107  -24.308 0.6999999881
39210  29.401  -25.670  -24.396 0.8000000119
116382  29.331  -25.314  -24.950 0.6999999881
39216  29.874  -25.157  -24.567 0.8000000119
40337  29.234  -24.484  -25.670 0.6000000238
39209  30.127  -25.506  -23.857 0.8000000119
40336  29.804  -24.169  -25.269 0.6000000238
108283  29.373  -23.975  -25.802 0.6000000238
41433  29.072  -23.177  -26.476 0.6000000238
40323  30.163  -24.573  -24.684 0.8000000119
42448  30.056  -22.929  -25.405 0.6000000238
42462  29.508  -22.994  -26.010 0.6000000238
42463  29.289  -22.297  -26.533 0.6000000238
41410  30.238  -23.531  -25.033 0.6999999881
112986  29.815  -22.294  -25.801 0.6000000238
44429  29.896  -20.887  -26.109 0.6999999881
43470  29.342  -21.349  -26.730 0.6000000238
43461  29.682  -21.694  -26.169 0.6000000238
112651  30.413  -22.219  -25.135 0.6999999881
23964  35.080  -41.988  -23.256 0.4000000060
116105  35.309  -40.085  -24.716 0.5000000000
26443  33.532  -39.554  -24.695 0.5000000000
26444  32.673  -39.503  -24.054 0.5000000000
120414  38.035  -28.374  -28.506 0.3000000119
25622  32.533  -40.219  -23.691 0.5000000000
25625  34.260  -40.340  -24.847 0.5000000000
38164  28.816  -26.961  -23.125 0.8000000119
38176  28.519  -26.598  -23.875 0.6999999881
39227  29.015  -25.102  -25.430 0.6999999881
40324  29.575  -24.833  -25.140 0.6999999881
32426  36.203  -32.148  -24.005 0.4000000060
33428  36.637  -31.707  -24.441 0.4000000060
32429  36.434  -32.608  -25.017 0.4000000060
33430  36.919  -32.114  -25.540 0.4000000060
32433  37.235  -33.129  -26.654 0.5000000000
34329  37.500  -31.185  -25.422 0.4000000060
32441  37.401  -33.579  -27.770 0.5000000000
33433  37.647  -32.828  -26.995 0.5000000000
34334  37.766  -31.678  -26.463 0.4000000060
34328  38.166  -30.686  -25.798 0.4000000060
32447  37.418  -33.500  -28.133 0.5000000000
32437  37.365  -33.714  -27.475 0.5000000000
33432  38.046  -32.619  -27.368 0.4000000060
34333  38.305  -31.225  -26.804 0.4000000060
35210  39.698  -30.283  -27.480 0.4000000060
34332  38.931  -30.742  -27.174 0.4000000060
35195  39.499  -29.808  -26.481 0.4000000060
35196  38.800  -30.233  -26.152 0.4000000060
33438  37.774  -33.514  -27.802 0.5000000000
34368  43.942  -32.024  -31.028 0.3000000119
34355  43.531  -31.281  -30.212 0.3000000119
34338  38.536  -32.137  -27.708 0.4000000060
35230  43.168  -30.476  -29.370 0.3000000119
34343  42.254  -30.765  -29.397 0.3000000119
35221  41.826  -30.030  -28.650 0.3000000119
35222  40.940  -30.498  -28.557 0.3000000119
34337  40.068  -31.024  -28.371 0.4000000060
33436  39.232  -31.812  -28.163 0.4000000060
35209  40.557  -29.827  -27.684 0.4000000060
33444  37.575  -33.027  -28.531 0.4000000060
32446  37.947  -33.473  -28.216 0.4000000060
33437  38.243  -33.416  -28.169 0.4000000060
34369  43.006  -32.474  -30.968 0.3000000119
33456  41.900  -33.161  -30.981 0.3000000119
34356  42.639  -31.617  -30.192 0.3000000119
34357  41.855  -32.310  -30.092 0.3000000119
34358  41.214  -32.884  -29.892 0.3000000119
34345  40.552  -32.255  -29.253 0.4000000060
34346  39.832  -32.548  -28.797 0.4000000060
34344  41.415  -31.326  -29.367 0.3000000119
33458  40.675  -32.653  -30.838 0.3000000119
33459  39.958  -33.442  -30.318 0.3000000119
32449  39.791  -33.932  -29.781 0.4000000060
32451  39.375  -33.526  -29.892 0.4000000060
32450  39.230  -33.671  -29.472 0.4000000060
33443  38.276  -33.378  -29.037 0.4000000060
33457  40.868  -33.421  -30.352 0.3000000119
32448  40.133  -33.904  -29.892 0.3000000119
32443  40.068  -33.984  -29.698 0.4000000060
32444  39.667  -33.795  -29.557 0.4000000060
32445  38.811  -33.568  -28.931 0.4000000060
33446  41.310  -33.191  -30.386 0.3000000119
33447  40.585  -33.749  -29.892 0.3000000119
33441  40.025  -33.691  -29.392 0.4000000060
33442  39.382  -33.501  -28.875 0.4000000060
110281  38.743  -33.203  -28.431 0.4000000060
35233  37.831  -30.690  -29.212 0.4000000060
113142  37.611  -32.048  -28.958 0.4000000060
34359  39.145  -30.717  -30.185 0.3000000119
34360  38.529  -31.438  -29.723 0.4000000060
34361  38.101  -32.192  -29.368 0.4000000060
33448  39.198  -32.374  -30.127 0.4000000060
33449  38.714  -32.957  -29.632 0.4000000060
39228  28.344  -25.316  -25.538 0.6000000238
114386  27.951  -25.943  -25.145 0.6000000238
40352  28.945  -23.950  -26.196 0.5000000000
40338  28.650  -24.655  -25.889 0.5000000000
44439  29.418  -20.504  -26.827 0.5000000000
45449  29.451  -19.686  -27.013 0.4000000060
52409  32.445  -12.523  -28.265 0.3000000119
53418  32.226  -11.792  -28.640 0.3000000119
53430  31.444  -11.464  -29.294 0.3000000119
106664  33.820  -11.263  -26.724 0.3000000119
53417  32.929  -11.972  -27.933 0.3000000119
117576  32.609  -11.385  -28.203 0.3000000119
115185  31.961  -10.956  -28.810 0.3000000119
54501  31.015  -10.394  -29.305 0.3000000119
54476  34.138  -10.409  -26.316 0.3000000119
55546  33.324  -10.374  -27.246 0.3000000119
106650  33.213  -11.319  -27.578 0.3000000119
54488  32.579  -10.678  -28.060 0.3000000119
54489  31.746  -9.984  -28.665 0.3000000119
106663  31.071  -9.236  -29.139 0.3000000119
55568  30.536  -8.918  -28.712 0.3000000119
55545  33.717  -9.525  -26.607 0.3000000119
117009  32.908  -9.294  -27.497 0.3000000119
55556  32.487  -9.873  -27.956 0.3000000119
56587  32.485  -8.413  -27.773 0.3000000119
55557  31.813  -8.891  -28.352 0.3000000119
55531  34.536  -9.582  -25.864 0.3000000119
56575  34.181  -8.715  -26.211 0.3000000119
56588  31.687  -7.673  -28.210 0.3000000119
57596  31.513  -6.992  -28.136 0.3000000119
105555  33.706  -7.823  -26.638 0.3000000119
110946  33.312  -8.592  -26.986 0.3000000119
112480  32.723  -7.684  -27.558 0.3000000119
57569  34.617  -7.947  -26.019 0.3000000119
57584  33.131  -6.924  -27.331 0.3000000119
57583  34.295  -7.104  -26.458 0.3000000119
58447  34.739  -6.217  -26.634 0.3000000119
108863  37.079  -31.277  -24.718 0.4000000060
34324  38.116  -30.376  -24.808 0.4000000060
34325  37.503  -30.694  -24.361 0.4000000060
35194  40.295  -29.422  -26.752 0.4000000060
35188  38.696  -29.948  -25.216 0.4000000060
35229  44.247  -30.387  -29.397 0.3000000119
35219  43.677  -29.699  -28.594 0.3000000119
35220  42.746  -29.808  -28.626 0.3000000119
112106  42.353  -29.293  -27.882 0.3000000119
35208  41.453  -29.499  -27.810 0.3000000119
34354  44.362  -31.281  -30.355 0.3000000119
114069  42.679  -32.846  -31.453 0.3000000119
33468  41.466  -32.875  -31.198 0.3000000119
33467  42.453  -32.744  -31.659 0.3000000119
36188  37.963  -29.296  -29.109 0.4000000060
35232  38.555  -29.957  -29.640 0.4000000060
34371  39.869  -31.737  -30.556 0.3000000119
38192  27.492  -26.455  -24.663 0.6000000238
56563  35.142  -8.712  -25.546 0.3000000119
120330  34.907  -7.510  -26.011 0.3000000119
57582  35.312  -7.107  -26.131 0.3000000119
33445  42.199  -32.957  -30.803 0.3000000119
55567  31.101  -8.281  -28.524 0.3000000119
57595  32.072  -6.890  -28.029 0.3000000119
32420  36.110  -31.949  -23.113 0.3000000119
33424  36.556  -31.477  -23.523 0.3000000119
29623  31.421  -35.332  -17.261 0.6000000238
30468  31.014  -34.917  -16.808 0.6999999881
33427  36.977  -31.030  -23.944 0.3000000119
27197  35.708  -38.266  -17.539 0.3000000119
28814  34.956  -36.642  -17.825 0.3000000119
31388  29.313  -33.912  -16.459 0.6999999881
32412  35.997  -31.963  -22.209 0.3000000119
120896  29.890  -34.304  -16.427 0.6999999881
30469  30.358  -34.636  -16.516 0.6999999881
33420  36.581  -31.292  -22.574 0.3000000119
33423  36.934  -30.938  -23.208 0.3000000119
31386  30.911  -34.084  -16.804 0.6999999881
34316  37.886  -29.969  -23.021 0.3000000119
34317  37.241  -30.533  -22.547 0.3000000119
34321  37.421  -30.523  -23.494 0.3000000119
35178  38.549  -29.557  -23.479 0.3000000119
35182  38.635  -29.740  -24.356 0.3000000119
34320  38.006  -30.104  -23.915 0.3000000119
29639  34.857  -35.355  -18.202 0.3000000119
31429  35.138  -33.560  -19.536 0.4000000060
32330  29.949  -33.135  -16.543 0.6999999881
105944  35.924  -32.047  -21.209 0.3000000119
112753  35.541  -32.650  -20.911 0.3000000119
31402  30.725  -33.320  -16.788 0.6999999881
33418  36.417  -31.404  -21.578 0.3000000119
35181  39.272  -29.144  -23.996 0.3000000119
30516  35.031  -34.032  -18.817 0.4000000060
32331  28.935  -32.998  -16.578 0.6999999881
32397  35.898  -32.238  -20.075 0.3000000119
32398  35.367  -33.058  -20.237 0.3000000119
34300  36.828  -30.845  -20.986 0.3000000119
33410  36.390  -31.460  -20.536 0.3000000119
32339  30.539  -32.549  -16.888 0.6999999881
34311  37.321  -30.379  -21.520 0.3000000119
35187  39.342  -29.559  -25.525 0.3000000119
36149  39.816  -28.966  -24.853 0.3000000119
109585  39.158  -29.456  -24.778 0.3000000119
32340  29.622  -32.323  -16.750 0.6999999881
33352  30.271  -31.706  -17.149 0.6999999881
34299  37.391  -30.348  -20.501 0.3000000119
33409  36.905  -30.864  -19.977 0.3000000119
35186  40.071  -29.161  -25.821 0.3000000119
33394  36.518  -31.526  -19.468 0.3000000119
36187  38.782  -28.877  -29.477 0.3000000119
114256  31.704  -36.273  -18.635 0.5000000000
29608  31.099  -35.755  -16.713 0.6999999881
28815  31.509  -36.209  -17.101 0.6000000238
28799  31.161  -36.478  -16.616 0.6000000238
103280  31.688  -35.837  -17.882 0.6000000238
30471  28.343  -34.627  -16.577 0.6999999881
29622  35.246  -35.809  -17.772 0.3000000119
31403  27.897  -32.902  -16.920 0.6999999881
30502  35.151  -34.559  -18.227 0.4000000060
32341  28.575  -32.177  -16.878 0.6999999881
110102  35.416  -33.401  -18.839 0.4000000060
32380  35.603  -32.876  -19.330 0.4000000060
33354  28.252  -31.452  -17.330 0.6999999881
32379  36.144  -32.247  -18.981 0.3000000119
32359  36.469  -32.553  -18.290 0.3000000119
33375  36.914  -31.697  -18.568 0.3000000119
33353  29.244  -31.517  -17.114 0.6999999881
33393  37.152  -30.984  -19.092 0.3000000119
31413  36.106  -33.169  -18.023 0.3000000119
27251  31.582  -38.699  -22.389 0.5000000000
103690  31.333  -36.862  -21.223 0.5000000000
28074  31.439  -37.544  -20.992 0.5000000000
28085  31.349  -37.294  -22.418 0.4000000060
25562  29.581  -40.611  -16.232 0.4000000060
24825  28.030  -41.258  -16.943 0.5000000000
28079  31.264  -37.226  -21.814 0.4000000060
102914  31.535  -36.951  -20.345 0.5000000000
23921  26.895  -42.521  -17.796 0.4000000060
22967  26.684  -43.058  -17.933 0.4000000060
102263  31.789  -37.091  -19.008 0.4000000060
111578  25.794  -43.091  -17.665 0.4000000060
24839  26.585  -41.922  -17.460 0.4000000060
25564  27.470  -40.542  -16.580 0.5000000000
25576  27.021  -41.289  -17.073 0.4000000060
26368  29.553  -39.846  -15.867 0.5000000000
118180  30.319  -37.852  -15.913 0.4000000060
28827  31.785  -36.784  -17.770 0.5000000000
104631  31.533  -37.115  -16.848 0.4000000060
28028  31.211  -37.906  -16.317 0.4000000060
22968  25.311  -43.940  -17.583 0.4000000060
23925  21.669  -43.173  -17.495 0.4000000060
25577  26.041  -41.154  -17.061 0.4000000060
108805  22.998  -41.218  -17.693 0.4000000060
25565  26.636  -40.597  -16.747 0.4000000060
25580  23.533  -40.584  -17.538 0.4000000060
26370  27.781  -39.701  -16.158 0.5000000000
108878  23.788  -39.043  -17.562 0.4000000060
26388  23.325  -39.781  -17.547 0.4000000060
26369  28.681  -39.369  -15.837 0.5000000000
113494  28.689  -38.531  -15.797 0.5000000000
27204  24.265  -38.358  -17.598 0.4000000060
27205  23.627  -38.183  -17.867 0.4000000060
110005  29.661  -38.781  -15.719 0.5000000000
28029  29.184  -37.697  -15.876 0.6000000238
110130  30.845  -37.091  -16.272 0.5000000000
109817  22.262  -43.992  -17.323 0.4000000060
24841  22.568  -42.205  -17.754 0.4000000060
111058  25.109  -42.365  -17.547 0.4000000060
105942  23.694  -41.516  -17.610 0.4000000060
26371  26.892  -39.860  -16.450 0.5000000000
105272  27.228  -39.161  -16.226 0.5000000000
108229  24.368  -39.231  -17.326 0.4000000060
26387  23.972  -39.873  -17.437 0.4000000060
109404  27.902  -38.843  -15.941 0.5000000000
28818  24.709  -36.916  -18.082 0.4000000060
108244  29.996  -36.981  -16.022 0.6000000238
28800  30.507  -36.235  -16.342 0.6000000238
115914  23.394  -42.474  -17.698 0.4000000060
24840  25.368  -41.482  -17.333 0.4000000060
109530  24.168  -42.187  -17.615 0.4000000060
106832  24.645  -41.459  -17.428 0.4000000060
26386  24.999  -39.582  -16.985 0.4000000060
27203  24.869  -38.637  -17.197 0.4000000060
27187  28.076  -37.980  -15.993 0.5000000000
28043  24.917  -37.693  -17.564 0.4000000060
29609  30.526  -35.382  -16.491 0.6000000238
115042  29.747  -36.339  -16.197 0.6000000238
28801  29.162  -36.741  -16.122 0.6000000238
111752  24.848  -43.329  -17.585 0.4000000060
25578  25.091  -40.636  -17.108 0.4000000060
25579  24.262  -40.670  -17.395 0.4000000060
104180  26.449  -39.096  -16.479 0.5000000000
26385  25.899  -40.007  -16.698 0.5000000000
27202  25.571  -38.952  -16.761 0.5000000000
27189  26.145  -38.258  -16.687 0.5000000000
113342  25.440  -38.171  -17.071 0.5000000000
115870  27.405  -37.430  -16.423 0.5000000000
27188  27.119  -38.342  -16.313 0.5000000000
120120  26.626  -37.661  -16.665 0.5000000000
113086  28.317  -37.111  -16.213 0.6000000238
105195  25.361  -36.950  -17.691 0.5000000000
28817  25.262  -36.294  -17.992 0.4000000060
120920  30.080  -35.110  -16.386 0.6000000238
118909  29.205  -36.099  -16.284 0.6000000238
28803  27.596  -36.592  -16.594 0.6000000238
28042  25.874  -37.429  -17.150 0.5000000000
28802  28.471  -36.276  -16.396 0.6000000238
28804  26.957  -36.233  -17.021 0.6000000238
28030  26.733  -36.946  -16.868 0.5000000000
29611  28.835  -35.506  -16.409 0.6000000238
30470  29.528  -34.813  -16.400 0.6000000238
32343  26.973  -32.827  -17.457 0.5000000000
31405  26.363  -33.559  -17.757 0.5000000000
31404  27.229  -33.721  -17.114 0.6000000238
30488  26.213  -34.921  -17.620 0.5000000000
29626  25.784  -35.647  -17.785 0.5000000000
116658  27.706  -35.634  -16.735 0.6000000238
28816  26.080  -36.433  -17.421 0.5000000000
29641  25.121  -35.609  -18.331 0.5000000000
32342  27.616  -32.110  -17.286 0.5000000000
32362  26.750  -31.969  -17.884 0.5000000000
29624  27.174  -34.698  -17.064 0.6000000238
29625  26.655  -35.592  -17.310 0.5000000000
31389  28.221  -33.711  -16.675 0.6000000238
119947  27.712  -34.182  -16.812 0.6000000238
28066  31.722  -37.799  -19.936 0.4000000060
28839  31.558  -36.117  -19.762 0.5000000000
106351  31.355  -37.972  -22.151 0.5000000000
27230  31.971  -38.594  -19.618 0.5000000000
107407  31.405  -37.951  -21.586 0.5000000000
25563  28.587  -40.404  -16.250 0.5000000000
23922  26.183  -42.472  -17.609 0.4000000060
116463  25.868  -41.868  -17.441 0.4000000060
104722  22.795  -40.540  -17.646 0.4000000060
23923  23.756  -43.260  -17.632 0.4000000060
24851  21.459  -42.241  -17.669 0.3000000119
108840  23.158  -38.998  -17.681 0.3000000119
113586  22.205  -41.370  -17.763 0.3000000119
114041  22.984  -38.391  -17.919 0.3000000119
25581  21.967  -40.603  -17.727 0.3000000119
27206  22.414  -38.971  -17.720 0.3000000119
26390  21.700  -39.787  -17.649 0.3000000119
22976  35.040  -43.173  -18.451 0.5000000000
23916  35.509  -43.098  -17.828 0.5000000000
23924  22.658  -43.243  -17.649 0.4000000060
24832  36.108  -41.997  -17.486 0.5000000000
24861  34.555  -41.876  -20.453 0.6000000238
24866  34.619  -41.704  -21.461 0.5000000000
25571  36.459  -40.652  -17.541 0.3000000119
25600  34.392  -40.814  -19.276 0.5000000000
25627  35.250  -39.945  -25.031 0.5000000000
26381  35.502  -39.778  -17.536 0.4000000060
26389  22.588  -39.765  -17.639 0.3000000119
26426  34.425  -39.875  -21.833 0.6000000238
26446  35.041  -39.287  -25.406 0.6000000238
27199  34.574  -38.191  -18.244 0.4000000060
27243  31.568  -38.600  -21.757 0.5000000000
28039  35.361  -37.377  -17.617 0.3000000119
28044  24.193  -37.539  -17.986 0.4000000060
28065  34.134  -37.587  -19.527 0.5000000000
28073  33.902  -37.609  -20.380 0.6000000238
29610  29.795  -35.635  -16.321 0.6000000238
29638  35.304  -35.050  -17.843 0.3000000119
31387  30.245  -33.887  -16.539 0.6999999881
31461  31.573  -33.931  -22.044 0.8999999762
32360  35.833  -32.946  -18.547 0.3000000119
34312  36.845  -30.866  -21.858 0.3000000119
41421  29.684  -23.548  -25.613 0.6000000238
41422  29.298  -23.564  -26.066 0.6000000238
48455  30.183  -16.503  -27.665 0.4000000060
106171  34.533  -41.147  -18.630 0.5000000000
106371  37.365  -32.120  -26.226 0.4000000060
107399  32.151  -36.015  -23.692 0.6999999881
107789  34.151  -35.373  -20.998 0.5000000000
111117  34.219  -39.667  -20.407 0.6000000238
114284  43.084  -32.815  -31.942 0.3000000119
115106  33.047  -38.970  -24.447 0.6000000238
116599  34.533  -39.816  -18.331 0.5000000000
116900  24.519  -40.000  -17.227 0.4000000060
117710  34.725  -38.754  -17.916 0.5000000000
118492  26.529  -34.241  -17.517 0.5000000000
122072  34.286  -35.307  -19.873 0.5000000000
122233  31.388  -35.046  -20.525 0.8000000119
