#!ascii label  , from subject sub-v1s11x0050164_ses-1 vox2ras=TkReg
1433
24730  27.063  -41.988  -8.904 0.8999999762
23826  26.564  -42.596  -9.375 0.8000000119
24740  26.709  -41.904  -9.780 0.8000000119
109897  24.593  -41.878  -10.567 0.6999999881
113336  24.586  -41.203  -10.671 0.8000000119
110332  26.595  -42.588  -8.546 0.8999999762
24739  27.329  -41.250  -9.460 1.0000000000
24754  26.656  -41.160  -10.240 1.0000000000
24755  25.737  -41.589  -10.399 0.8000000119
25491  24.080  -40.835  -10.922 0.8000000119
25490  25.232  -40.648  -10.684 0.8999999762
25507  24.005  -40.826  -11.181 0.8000000119
112585  24.344  -40.136  -11.430 0.6999999881
25522  24.120  -40.601  -11.569 0.6999999881
23808  25.276  -42.365  -7.480 0.8000000119
24715  26.742  -41.703  -8.042 0.8999999762
25467  27.184  -40.799  -8.041 0.8999999762
24716  25.874  -41.683  -7.500 0.8999999762
105430  23.358  -42.381  -7.041 0.8999999762
25488  27.341  -40.725  -10.093 1.0000000000
26309  25.976  -39.157  -11.237 1.0000000000
26293  25.358  -39.751  -10.915 0.8999999762
26310  24.794  -39.124  -11.384 0.8999999762
26294  24.378  -39.982  -11.134 0.8000000119
107929  24.478  -39.670  -11.933 0.6999999881
26266  27.641  -40.090  -8.257 0.8999999762
25450  26.333  -40.725  -7.458 0.8999999762
25451  25.215  -40.868  -7.235 0.8999999762
103694  23.723  -41.615  -7.043 0.8999999762
24729  27.621  -40.723  -8.804 0.8999999762
26292  27.616  -39.998  -10.317 1.0000000000
26311  24.590  -39.027  -11.775 0.8000000119
107924  24.588  -38.255  -12.514 0.8000000119
117186  24.696  -38.385  -13.144 0.8000000119
27167  24.146  -38.128  -14.394 0.8000000119
118038  25.451  -40.161  -7.124 0.8999999762
25453  23.137  -40.827  -6.829 0.8999999762
25454  22.141  -40.756  -6.795 0.8999999762
26267  27.047  -40.008  -7.567 0.8999999762
107602  23.594  -40.076  -6.825 0.8999999762
107601  22.627  -40.022  -6.796 0.8000000119
103692  21.560  -41.441  -6.835 0.8000000119
116672  27.940  -40.129  -8.972 0.8999999762
26256  22.135  -39.296  -6.899 0.6999999881
25455  21.258  -40.631  -6.993 0.6999999881
24718  20.601  -41.246  -7.128 0.6999999881
26280  28.098  -39.754  -9.546 0.8999999762
25456  20.541  -40.404  -7.277 0.6999999881
25457  19.856  -40.222  -7.530 0.6999999881
26291  28.290  -39.207  -10.170 1.0000000000
26259  19.517  -39.504  -7.753 0.6000000238
26308  27.601  -39.217  -11.034 1.0000000000
104277  26.707  -39.763  -10.873 1.0000000000
27130  25.318  -38.529  -11.602 0.8999999762
27129  26.734  -38.543  -11.620 1.0000000000
27968  25.978  -37.917  -11.990 0.8999999762
27969  24.915  -38.063  -11.991 0.8000000119
27131  24.693  -38.577  -11.776 0.8000000119
27146  24.433  -37.957  -12.788 0.8000000119
118589  24.282  -37.231  -13.571 0.8000000119
27159  24.266  -37.672  -13.606 0.8000000119
27160  23.788  -37.590  -14.431 0.8000000119
28002  23.878  -37.227  -14.163 0.8000000119
28011  23.180  -37.312  -14.884 0.8000000119
117244  26.923  -39.256  -7.277 0.8999999762
25452  24.160  -40.851  -7.042 0.8999999762
26252  26.108  -39.575  -7.102 0.8999999762
26253  24.986  -39.453  -6.828 0.8999999762
26255  23.086  -39.245  -6.719 0.8999999762
26265  28.087  -39.394  -8.626 0.8999999762
121333  21.041  -39.982  -7.142 0.6999999881
26279  28.389  -39.066  -9.388 0.8999999762
26257  21.301  -39.346  -7.155 0.6000000238
26258  20.431  -39.550  -7.408 0.6000000238
27091  19.045  -38.708  -8.086 0.5000000000
27112  28.556  -38.574  -10.786 1.0000000000
27931  19.569  -37.873  -7.824 0.5000000000
27128  28.053  -38.414  -11.557 1.0000000000
27967  27.386  -37.779  -12.151 1.0000000000
27987  25.457  -37.354  -12.488 0.8999999762
27988  24.663  -37.770  -12.511 0.8000000119
28749  25.435  -36.583  -13.088 0.8999999762
28750  24.844  -37.181  -12.818 0.8000000119
28001  24.466  -37.481  -13.041 0.8000000119
102214  25.254  -36.114  -13.670 0.8999999762
28769  24.648  -36.786  -13.372 0.8000000119
101227  24.139  -36.384  -14.504 0.8000000119
28788  23.083  -36.450  -15.320 0.8000000119
29599  23.411  -35.772  -15.745 0.8000000119
29600  22.603  -36.086  -15.930 0.8000000119
27079  24.426  -38.737  -6.668 0.8999999762
113940  27.614  -38.024  -7.565 0.8999999762
27080  23.161  -38.526  -6.722 0.6999999881
27081  22.488  -38.587  -6.860 0.8000000119
27088  28.378  -38.530  -8.716 0.8999999762
27928  28.175  -37.914  -8.070 0.8999999762
27083  20.823  -38.651  -7.364 0.6999999881
27084  19.942  -38.696  -7.626 0.6000000238
27922  21.226  -37.770  -7.356 0.6999999881
116438  20.680  -37.391  -7.556 0.6000000238
27930  20.095  -37.089  -7.787 0.5000000000
102981  19.339  -37.196  -8.124 0.5000000000
102027  28.785  -38.034  -11.279 1.0000000000
27985  28.178  -37.267  -12.413 1.0000000000
28747  27.398  -36.883  -12.709 1.0000000000
28748  26.327  -36.696  -12.837 0.8999999762
28746  28.401  -36.643  -12.747 1.0000000000
28767  27.040  -36.142  -13.174 0.8999999762
119975  25.686  -36.094  -13.463 0.8999999762
114163  26.186  -36.073  -13.326 0.8999999762
29577  25.293  -35.416  -14.345 0.8999999762
29589  24.520  -35.775  -14.795 0.8999999762
29598  24.199  -35.426  -15.527 0.8999999762
28768  25.873  -35.603  -13.737 0.8999999762
30461  23.797  -35.070  -16.233 0.8999999762
30448  24.905  -34.973  -15.174 0.8999999762
27077  26.402  -38.637  -6.981 0.8999999762
27078  25.408  -38.711  -6.770 0.8999999762
115561  23.677  -38.797  -6.664 0.8999999762
111615  24.777  -37.956  -6.695 0.8999999762
27918  24.196  -37.206  -6.807 1.0000000000
109978  22.874  -37.944  -6.847 0.8000000119
113094  26.781  -37.727  -7.110 0.8999999762
109784  22.112  -37.898  -7.064 0.6999999881
27098  28.764  -38.238  -9.663 0.8999999762
114082  28.564  -37.829  -8.729 0.8999999762
27921  21.923  -37.139  -7.333 0.6999999881
28696  21.044  -36.798  -7.613 0.6999999881
27948  29.067  -37.812  -10.605 1.0000000000
28706  19.539  -36.450  -8.337 0.5000000000
27965  29.230  -37.343  -11.371 1.0000000000
117967  28.948  -37.041  -12.218 1.0000000000
28745  29.249  -36.219  -12.588 1.0000000000
28766  27.841  -36.280  -13.099 1.0000000000
29574  28.540  -35.953  -13.143 1.0000000000
29573  29.248  -35.474  -13.099 1.0000000000
29575  27.726  -35.616  -13.401 0.8999999762
29576  26.762  -35.332  -13.612 0.8999999762
118754  26.156  -34.038  -14.663 0.8999999762
103713  22.856  -33.947  -19.981 0.6999999881
31453  22.479  -33.304  -20.143 0.8000000119
30534  21.519  -33.774  -19.478 0.8000000119
32387  21.426  -32.959  -19.425 0.8000000119
27929  27.648  -37.164  -7.591 0.8999999762
27916  26.656  -36.716  -7.193 1.0000000000
121651  26.020  -37.109  -6.823 1.0000000000
109799  24.638  -36.524  -6.946 1.0000000000
27920  22.566  -37.385  -7.099 0.6999999881
27939  29.196  -37.251  -9.825 0.8999999762
112225  28.395  -37.170  -8.284 0.8999999762
28705  20.369  -36.163  -8.068 0.6000000238
28722  29.651  -36.613  -10.953 1.0000000000
27938  29.392  -37.142  -10.573 0.8999999762
28713  29.165  -36.445  -9.233 0.8999999762
29527  19.452  -35.107  -9.266 0.4000000060
28735  29.534  -36.579  -11.806 1.0000000000
107788  28.609  -34.451  -13.702 1.0000000000
30430  27.635  -34.725  -13.741 1.0000000000
31364  27.910  -33.886  -14.011 1.0000000000
32347  22.104  -32.769  -18.437 0.8999999762
31417  24.424  -33.946  -19.229 0.6000000238
121827  23.450  -34.107  -19.732 0.6000000238
121879  22.936  -33.494  -20.130 0.8000000119
113723  21.832  -33.028  -19.937 0.8000000119
31418  21.136  -33.977  -18.677 0.8999999762
110884  21.756  -33.594  -18.247 0.8999999762
28701  28.678  -36.441  -8.575 0.8999999762
28702  28.100  -36.406  -7.987 0.8999999762
28693  23.675  -36.361  -7.161 0.8000000119
28694  22.679  -36.694  -7.278 0.6999999881
28695  21.923  -36.281  -7.583 0.6999999881
29516  21.402  -35.114  -8.306 0.6000000238
29526  20.171  -34.887  -8.963 0.4000000060
29547  29.889  -35.975  -11.370 1.0000000000
28712  29.486  -36.506  -10.070 0.8999999762
29559  29.765  -35.494  -12.542 1.0000000000
30420  29.871  -34.838  -13.069 1.0000000000
30429  29.490  -34.285  -13.571 1.0000000000
31363  28.874  -33.681  -13.963 1.0000000000
31376  28.081  -32.972  -14.314 1.0000000000
31392  23.474  -33.296  -17.514 0.8999999762
32345  23.622  -32.372  -17.707 0.8999999762
32346  22.936  -32.770  -18.000 0.8999999762
32365  21.569  -32.454  -18.906 0.8999999762
32364  25.554  -32.699  -18.667 0.6000000238
108116  24.965  -33.330  -18.956 0.6000000238
31433  23.879  -33.725  -19.595 0.6000000238
32385  23.713  -32.898  -19.890 0.8000000119
32386  21.507  -32.267  -19.329 0.8999999762
28690  26.509  -35.980  -7.356 0.8999999762
28691  25.620  -36.211  -7.053 0.8999999762
28692  24.570  -35.767  -7.221 0.6999999881
29513  26.946  -35.430  -7.594 0.8999999762
29497  26.106  -35.379  -7.392 0.8999999762
29501  22.761  -35.741  -7.555 0.6000000238
29524  29.462  -35.702  -9.590 1.0000000000
29525  28.957  -35.540  -8.777 1.0000000000
29511  28.405  -35.826  -8.303 1.0000000000
29514  22.983  -34.840  -7.881 0.6000000238
29502  21.969  -35.482  -7.867 0.6000000238
115135  21.543  -34.510  -8.601 0.5000000000
30406  30.075  -35.230  -10.960 1.0000000000
30393  30.132  -34.433  -10.522 1.0000000000
117974  30.178  -34.941  -12.362 1.0000000000
30428  30.163  -34.147  -13.303 1.0000000000
31362  29.935  -33.536  -13.798 1.0000000000
32299  29.224  -32.918  -14.199 1.0000000000
32311  28.672  -32.186  -14.466 1.0000000000
32312  27.738  -32.083  -14.607 1.0000000000
110403  27.150  -32.666  -14.595 1.0000000000
33332  26.655  -31.568  -15.292 1.0000000000
32323  26.154  -32.100  -15.412 1.0000000000
33342  25.961  -31.540  -15.776 1.0000000000
32324  25.666  -32.281  -15.803 0.8999999762
32314  25.987  -32.783  -15.287 0.8999999762
32334  24.232  -32.731  -17.163 0.8999999762
33359  21.946  -31.801  -18.748 0.8999999762
33400  21.479  -31.499  -19.731 0.8999999762
33381  26.315  -31.496  -18.576 0.6000000238
122229  26.075  -32.175  -18.435 0.6000000238
32383  24.953  -32.486  -19.196 0.6000000238
31432  24.387  -33.144  -19.443 0.6000000238
32402  23.094  -32.234  -20.304 0.8000000119
32403  22.192  -32.433  -20.334 0.8000000119
30368  27.480  -34.741  -7.867 0.8999999762
30353  25.818  -34.759  -7.504 0.6999999881
29500  23.717  -35.358  -7.487 0.6000000238
30355  23.862  -34.523  -7.746 0.6000000238
113404  29.304  -34.119  -9.131 0.8999999762
121922  22.654  -34.238  -8.306 0.6000000238
29515  22.143  -34.764  -8.213 0.5000000000
30394  29.817  -35.058  -10.049 1.0000000000
30405  30.365  -34.575  -11.566 1.0000000000
30419  30.465  -34.228  -12.539 1.0000000000
32298  30.064  -32.813  -14.095 1.0000000000
32310  29.680  -32.257  -14.369 1.0000000000
33330  29.256  -31.566  -14.644 1.0000000000
33331  27.418  -31.423  -14.968 1.0000000000
33347  25.343  -31.722  -16.399 1.0000000000
33356  24.433  -31.215  -17.388 0.8999999762
33357  23.726  -31.548  -17.814 0.8999999762
33358  22.860  -31.941  -18.269 0.8999999762
113078  21.814  -30.961  -19.008 0.8999999762
33397  25.861  -31.062  -19.186 0.6000000238
33382  25.590  -31.893  -18.907 0.6000000238
33398  25.032  -31.492  -19.568 0.6000000238
33399  24.271  -31.461  -20.082 0.6999999881
33413  23.470  -31.424  -20.416 0.6999999881
33414  22.413  -31.362  -20.535 0.6999999881
33415  21.713  -31.517  -20.191 0.8000000119
112830  21.407  -30.787  -20.034 0.8999999762
33380  27.065  -31.146  -18.203 0.6000000238
34306  23.070  -30.587  -20.718 0.6999999881
119989  21.742  -30.802  -20.359 0.8999999762
114288  24.546  -34.258  -7.702 0.6999999881
30371  23.336  -34.034  -8.143 0.6000000238
114287  28.035  -34.270  -8.231 0.8999999762
120676  27.526  -34.149  -8.021 0.8000000119
31291  26.626  -33.331  -7.929 0.6999999881
106369  29.713  -34.263  -9.722 0.8999999762
31308  29.004  -33.594  -8.839 0.8000000119
31322  30.432  -33.773  -10.871 1.0000000000
31323  30.045  -33.640  -10.062 0.8000000119
113414  30.990  -32.649  -11.855 0.8999999762
32261  30.698  -33.031  -11.180 0.8000000119
31352  30.840  -33.393  -12.218 1.0000000000
32297  30.633  -32.920  -13.612 1.0000000000
33318  30.615  -32.237  -14.102 1.0000000000
33329  30.141  -31.723  -14.480 1.0000000000
108591  28.268  -31.455  -14.760 1.0000000000
33341  27.089  -30.791  -15.370 1.0000000000
34239  25.730  -30.890  -16.292 1.0000000000
34245  25.118  -31.022  -16.924 0.8999999762
34251  23.874  -30.765  -17.864 0.8999999762
34252  23.134  -31.063  -18.302 0.8999999762
34253  22.464  -30.542  -18.730 0.8999999762
34305  24.040  -30.690  -20.557 0.6999999881
34294  21.438  -30.204  -19.894 0.8999999762
34273  27.497  -30.471  -18.553 0.6000000238
34274  26.647  -30.723  -18.853 0.6000000238
34307  22.132  -30.340  -20.639 0.6999999881
30354  25.201  -34.470  -7.570 0.6999999881
30370  24.144  -33.766  -7.983 0.6000000238
112844  28.581  -33.034  -8.669 0.8000000119
31290  27.513  -33.594  -8.137 0.8000000119
32219  26.326  -32.512  -8.300 0.6999999881
31278  25.046  -33.637  -7.822 0.6999999881
32246  29.851  -32.754  -9.694 0.6999999881
108586  29.136  -32.849  -9.042 0.8000000119
32245  30.380  -32.375  -10.377 0.6999999881
107957  30.813  -32.114  -11.127 0.6999999881
33317  31.464  -31.493  -13.067 0.8000000119
119057  31.225  -31.766  -13.795 0.8000000119
34223  31.125  -30.728  -14.583 0.8000000119
33328  30.875  -31.472  -14.332 0.8999999762
34224  30.114  -30.983  -14.843 0.8999999762
34225  28.892  -30.854  -15.049 1.0000000000
34226  27.901  -30.792  -15.165 1.0000000000
111228  26.391  -30.824  -15.767 1.0000000000
34243  26.155  -30.105  -16.278 1.0000000000
34237  27.562  -30.171  -15.569 1.0000000000
34238  26.830  -30.171  -15.800 1.0000000000
34244  25.443  -30.253  -16.840 1.0000000000
35106  25.212  -29.561  -17.448 1.0000000000
34250  24.650  -30.372  -17.480 0.8999999762
119034  23.984  -30.153  -18.024 0.8999999762
111535  23.313  -30.322  -18.379 0.8999999762
35109  22.700  -29.771  -18.852 0.8999999762
34292  26.286  -30.324  -19.557 0.6000000238
33412  24.816  -30.707  -20.200 0.6000000238
36089  21.741  -29.053  -19.813 0.8999999762
102489  21.558  -30.042  -20.236 0.8999999762
34315  23.696  -29.878  -20.951 0.6999999881
117789  21.961  -29.453  -20.605 0.8999999762
35173  21.897  -28.734  -20.675 0.8999999762
32217  27.879  -32.923  -8.416 0.6999999881
102896  27.125  -32.901  -8.235 0.6000000238
31293  24.544  -32.963  -8.251 0.6000000238
33264  29.886  -31.782  -9.777 0.6999999881
32218  27.275  -32.265  -8.517 0.6000000238
33279  30.868  -31.288  -11.076 0.6999999881
33297  31.414  -30.938  -12.283 0.6999999881
34213  31.528  -31.045  -13.824 0.8000000119
34234  30.728  -30.210  -15.183 0.8000000119
34235  29.583  -30.090  -15.400 0.8000000119
34236  28.441  -30.177  -15.451 1.0000000000
35100  27.001  -29.194  -16.473 1.0000000000
35092  26.712  -29.694  -16.205 1.0000000000
35102  25.802  -29.660  -16.825 1.0000000000
36053  26.635  -28.797  -17.003 1.0000000000
35101  26.359  -29.410  -16.627 1.0000000000
36061  25.382  -28.789  -17.832 1.0000000000
109238  24.687  -28.473  -18.539 1.0000000000
35125  24.067  -29.066  -18.537 1.0000000000
35126  23.037  -28.991  -18.995 0.8999999762
34293  25.514  -30.577  -19.836 0.6000000238
35127  22.241  -29.256  -19.339 0.8999999762
34291  27.118  -30.070  -19.273 0.6000000238
34304  25.315  -30.135  -20.419 0.6999999881
36088  21.920  -28.371  -20.159 0.8999999762
106232  24.717  -29.948  -20.812 0.6999999881
35172  23.178  -29.055  -21.295 0.6999999881
109970  22.280  -28.806  -21.016 0.8999999762
33245  25.646  -31.870  -8.609 0.5000000000
33252  28.442  -31.348  -9.185 0.6000000238
33253  27.466  -31.466  -8.857 0.5000000000
33251  29.270  -31.302  -9.500 0.6999999881
34163  30.449  -30.817  -10.531 0.6999999881
33278  31.148  -30.968  -11.586 0.6999999881
34212  31.727  -30.218  -13.310 0.6999999881
34233  31.395  -30.097  -14.807 0.8000000119
35087  31.402  -29.472  -15.286 0.8000000119
36042  31.015  -28.908  -15.863 0.8000000119
35088  30.430  -29.483  -15.617 0.8000000119
36043  30.228  -28.919  -16.016 0.8000000119
35089  29.528  -29.251  -15.878 0.8000000119
35098  28.657  -29.008  -16.245 0.8999999762
35099  27.737  -29.102  -16.359 1.0000000000
104172  29.622  -28.541  -16.411 0.8000000119
36051  28.158  -28.506  -16.735 0.8999999762
36052  27.385  -28.634  -16.850 1.0000000000
36073  26.190  -28.380  -17.713 1.0000000000
35105  25.923  -29.079  -17.197 1.0000000000
37104  24.161  -27.893  -19.259 1.0000000000
36074  23.699  -28.443  -19.066 0.8999999762
118152  22.903  -28.371  -19.432 0.8999999762
37106  22.413  -28.025  -19.927 0.8999999762
37105  23.211  -27.895  -19.625 0.8999999762
37123  22.186  -27.777  -20.604 0.8999999762
35145  26.766  -29.710  -20.024 0.6000000238
34303  25.955  -29.913  -20.256 0.6000000238
122042  25.022  -29.475  -21.216 0.6999999881
36114  23.706  -28.427  -21.679 0.8000000119
36116  22.097  -28.059  -21.143 0.8999999762
35157  27.263  -29.219  -20.549 0.6000000238
35170  25.278  -29.088  -21.592 0.6999999881
35171  24.370  -29.235  -21.389 0.6999999881
36115  22.592  -28.135  -21.429 0.8000000119
37144  22.272  -27.569  -21.238 0.8999999762
37156  22.434  -27.295  -21.567 0.8999999762
34156  27.583  -30.576  -9.330 0.5000000000
34164  29.840  -30.822  -9.923 0.6999999881
35018  28.103  -29.855  -9.702 0.5000000000
34175  30.168  -30.037  -10.484 0.6999999881
34173  31.167  -30.283  -11.698 0.6999999881
34174  30.792  -30.503  -11.039 0.6999999881
35050  31.693  -29.327  -12.760 0.6999999881
35069  32.121  -29.070  -14.187 0.6999999881
35080  31.826  -29.603  -14.534 0.6999999881
36049  31.350  -28.345  -16.061 0.8000000119
37081  30.222  -27.861  -16.756 0.8000000119
37083  28.600  -27.969  -17.126 0.8000000119
36059  27.832  -28.063  -17.277 0.8999999762
36060  27.050  -28.244  -17.441 1.0000000000
37102  26.104  -27.767  -18.536 1.0000000000
115177  25.509  -28.253  -18.280 1.0000000000
37088  29.812  -27.381  -17.270 0.8000000119
37090  28.391  -27.395  -17.733 0.8000000119
37092  26.766  -27.882  -17.985 0.8999999762
37119  25.566  -27.382  -19.389 1.0000000000
37103  25.114  -27.852  -18.902 1.0000000000
37118  26.490  -27.238  -19.218 0.8999999762
37120  24.596  -27.392  -19.645 1.0000000000
37121  23.608  -27.364  -19.930 1.0000000000
38115  23.096  -26.877  -20.679 1.0000000000
38139  22.430  -27.099  -21.047 0.8999999762
35159  25.563  -29.543  -20.966 0.6999999881
38138  22.945  -26.245  -21.358 0.8999999762
35158  26.427  -29.367  -20.776 0.6000000238
37172  22.617  -26.657  -21.868 0.8999999762
35169  26.164  -28.933  -21.600 0.6999999881
36113  24.748  -28.591  -21.957 0.6999999881
36126  23.105  -27.590  -21.833 0.6999999881
110951  23.533  -27.261  -22.277 0.8000000119
36125  24.146  -27.919  -22.166 0.6999999881
37171  22.740  -26.923  -22.036 0.8000000119
38166  22.799  -26.112  -22.061 0.8999999762
118074  28.766  -29.937  -9.789 0.5000000000
35038  30.722  -29.683  -11.177 0.6999999881
36006  31.735  -28.502  -12.681 0.6999999881
35037  31.233  -29.472  -11.875 0.6999999881
36025  32.064  -28.658  -13.449 0.6999999881
36024  32.287  -28.439  -14.327 0.6999999881
35079  32.087  -28.963  -14.872 0.6999999881
37072  32.362  -27.601  -15.449 0.6999999881
115662  32.111  -28.127  -15.516 0.6999999881
37073  31.877  -27.971  -15.913 0.8000000119
36050  30.639  -28.400  -16.308 0.8000000119
37080  31.239  -27.728  -16.506 0.8000000119
38090  30.655  -27.202  -17.091 0.8000000119
38097  29.346  -26.886  -17.797 0.8000000119
38096  30.861  -26.489  -17.460 0.8000000119
105712  29.341  -26.338  -18.370 0.8000000119
37100  27.841  -27.103  -18.451 0.8000000119
120730  27.338  -26.948  -19.142 0.8999999762
38112  25.922  -26.917  -19.940 0.8999999762
38113  24.998  -26.967  -20.177 1.0000000000
39156  28.963  -26.144  -18.986 0.8000000119
38111  28.158  -26.517  -19.156 0.8000000119
38114  24.015  -26.849  -20.346 1.0000000000
35168  26.907  -28.955  -21.194 0.6000000238
106149  23.451  -26.346  -20.945 1.0000000000
36112  25.607  -28.588  -22.216 0.6999999881
38152  22.766  -26.177  -21.948 0.8999999762
39195  22.953  -25.685  -21.851 1.0000000000
36124  25.057  -28.093  -22.534 0.6999999881
37170  24.357  -27.417  -22.685 0.8000000119
38165  23.446  -26.481  -22.540 0.8000000119
37058  31.931  -27.802  -12.908 0.6999999881
114124  32.306  -27.833  -13.756 0.6999999881
37065  32.456  -27.691  -14.592 0.6999999881
113014  32.528  -26.836  -15.742 0.6999999881
37079  32.076  -27.274  -16.223 0.6999999881
38088  32.330  -26.344  -16.477 0.6999999881
38089  31.507  -26.869  -16.870 0.8000000119
38103  30.104  -26.183  -18.009 0.8000000119
39151  31.005  -25.760  -17.877 0.8000000119
39155  29.685  -25.778  -18.721 0.8000000119
118703  27.598  -26.529  -19.738 0.8999999762
102762  26.811  -26.806  -19.843 0.8999999762
119420  28.087  -26.300  -19.715 0.8000000119
38134  27.125  -26.398  -20.445 0.8999999762
38136  25.329  -26.543  -20.573 0.8999999762
39181  26.431  -26.070  -21.249 0.8999999762
38137  24.306  -26.254  -20.874 1.0000000000
36111  27.020  -28.588  -21.835 0.6000000238
39183  23.934  -25.507  -21.490 0.8999999762
110484  25.864  -28.101  -22.847 0.6999999881
39194  23.324  -25.123  -21.984 0.8999999762
37186  24.486  -26.749  -23.208 0.8000000119
38181  23.130  -25.453  -22.491 0.8999999762
39204  23.360  -24.857  -22.504 0.8000000119
37057  32.186  -27.231  -13.346 0.6999999881
104541  32.474  -27.073  -13.996 0.6999999881
105568  32.853  -26.017  -15.596 0.6999999881
39149  32.371  -25.518  -17.041 0.6999999881
39146  32.791  -25.594  -16.368 0.6999999881
39150  31.752  -25.308  -17.690 0.6999999881
39165  28.584  -25.951  -19.772 0.8000000119
39166  27.926  -26.155  -20.212 0.8000000119
39179  28.392  -25.632  -20.598 0.8000000119
39190  28.119  -25.399  -21.433 0.8000000119
39182  25.120  -25.935  -21.248 0.8999999762
36123  26.407  -28.386  -22.397 0.6000000238
39180  27.542  -25.928  -20.992 0.8000000119
39191  26.961  -25.543  -21.936 0.8999999762
39192  25.573  -25.378  -21.897 0.8999999762
39193  24.236  -25.035  -21.889 0.8999999762
36122  27.191  -28.132  -22.509 0.6000000238
37169  25.287  -27.579  -23.094 0.6999999881
39211  24.543  -25.827  -23.777 0.6999999881
39212  23.513  -24.804  -23.143 0.8000000119
121040  32.855  -26.002  -14.763 0.6999999881
39139  33.155  -25.044  -15.912 0.6999999881
40254  32.954  -24.948  -16.763 0.6999999881
39164  29.351  -25.543  -19.468 0.8000000119
39178  29.105  -25.302  -20.239 0.8000000119
40293  28.880  -25.007  -20.993 0.8000000119
39202  26.013  -24.992  -22.461 0.8999999762
37168  26.676  -27.818  -23.103 0.6000000238
39203  24.736  -24.457  -22.463 0.8999999762
107574  26.021  -27.647  -23.350 0.6999999881
38179  25.810  -26.280  -24.297 0.6999999881
39221  24.138  -24.573  -23.910 0.8000000119
40309  23.594  -24.247  -22.959 0.8000000119
39220  25.099  -25.327  -24.498 0.6999999881
40246  33.131  -24.616  -15.244 0.6999999881
37167  27.517  -27.649  -23.033 0.6000000238
109376  27.833  -25.108  -22.166 0.8000000119
40307  25.721  -24.255  -23.030 0.8999999762
37183  27.249  -27.330  -23.657 0.6000000238
115080  24.616  -23.923  -23.062 0.8999999762
37185  25.614  -26.994  -23.718 0.8000000119
40308  23.957  -24.030  -22.969 0.8999999762
40317  23.834  -24.056  -23.437 0.8000000119
40326  24.102  -23.859  -24.009 0.8000000119
41404  24.198  -23.635  -23.799 0.8000000119
37184  26.531  -27.334  -23.733 0.6999999881
40315  26.950  -24.281  -23.448 0.8000000119
38178  27.049  -26.961  -24.211 0.5000000000
120898  26.397  -26.869  -24.132 0.6000000238
38193  26.728  -26.486  -24.613 0.6000000238
41403  24.623  -23.317  -23.940 0.8000000119
39219  26.217  -25.789  -24.868 0.6000000238
39231  25.591  -24.929  -25.109 0.6000000238
40325  24.619  -24.261  -24.563 0.6999999881
41412  24.493  -23.473  -24.472 0.8000000119
41395  23.885  -23.935  -23.301 0.8000000119
40341  25.120  -23.843  -25.230 0.6000000238
40316  25.919  -23.716  -23.575 0.8000000119
41402  25.394  -23.202  -23.989 0.8999999762
39218  27.141  -26.027  -25.149 0.6000000238
41411  24.681  -23.059  -24.474 0.8000000119
42438  25.018  -22.757  -24.487 0.8000000119
120697  25.205  -23.261  -25.595 0.6000000238
41401  26.758  -23.462  -24.052 0.8000000119
42437  25.968  -22.723  -24.481 0.8000000119
40340  27.020  -24.772  -25.838 0.6000000238
41423  26.114  -23.829  -25.864 0.6000000238
42452  24.966  -22.246  -25.194 0.6999999881
42451  25.548  -22.134  -24.978 0.8000000119
42478  26.109  -22.548  -26.513 0.6000000238
42464  25.010  -22.030  -25.718 0.6000000238
43462  25.106  -21.651  -25.792 0.6999999881
40354  27.344  -24.104  -26.255 0.6000000238
41436  26.625  -23.279  -26.430 0.6000000238
42435  28.454  -22.547  -24.236 0.8000000119
42450  26.696  -22.237  -24.943 0.8000000119
39229  27.558  -25.431  -25.556 0.6000000238
42449  27.803  -22.255  -24.810 0.8000000119
39228  28.344  -25.316  -25.538 0.5000000000
43452  26.365  -21.580  -25.398 0.8000000119
40339  27.921  -24.805  -25.982 0.6000000238
43453  25.412  -21.562  -25.603 0.6000000238
40338  28.650  -24.655  -25.889 0.5000000000
41435  27.708  -23.427  -26.651 0.6000000238
42479  25.385  -21.934  -26.269 0.6000000238
42477  27.050  -22.699  -26.846 0.6000000238
42492  26.237  -21.976  -26.826 0.6000000238
43484  25.576  -21.293  -26.518 0.6000000238
43450  28.326  -21.633  -24.656 0.8000000119
43451  27.449  -21.785  -25.147 0.8000000119
44402  28.979  -20.941  -23.963 0.8000000119
44418  28.457  -20.798  -24.741 0.6999999881
44419  27.535  -21.017  -25.381 0.6999999881
40353  28.247  -24.104  -26.328 0.6000000238
120729  25.717  -20.639  -26.273 0.6000000238
44420  26.077  -20.669  -25.894 0.6000000238
42475  28.658  -22.561  -26.877 0.5000000000
44440  26.033  -20.255  -26.578 0.6000000238
42490  28.111  -21.915  -27.303 0.5000000000
42491  27.230  -22.003  -27.214 0.6000000238
43483  26.359  -21.266  -27.128 0.6000000238
43480  28.816  -21.705  -27.112 0.5000000000
113061  28.950  -20.046  -24.374 0.6999999881
112049  28.168  -20.233  -25.211 0.6000000238
45424  26.806  -19.753  -26.101 0.6000000238
103645  27.270  -20.216  -25.703 0.6000000238
45438  26.495  -19.173  -26.569 0.6000000238
45423  27.726  -19.568  -25.593 0.6000000238
43481  28.261  -21.070  -27.519 0.5000000000
43482  27.343  -21.190  -27.497 0.6000000238
45462  26.799  -19.512  -27.423 0.6000000238
44453  26.454  -20.369  -27.233 0.6000000238
44430  26.194  -20.045  -26.469 0.6000000238
46426  27.219  -18.923  -26.070 0.6000000238
44451  28.425  -20.232  -27.590 0.6000000238
45461  27.754  -19.466  -27.722 0.6000000238
44450  28.946  -20.868  -27.287 0.5000000000
108662  29.041  -20.158  -27.336 0.4000000060
45460  28.731  -19.360  -27.571 0.5000000000
45422  28.504  -19.599  -25.058 0.6000000238
46425  28.348  -18.875  -25.363 0.6000000238
45463  26.422  -18.961  -27.145 0.6000000238
46454  26.500  -18.717  -26.933 0.6000000238
46439  27.721  -18.209  -25.991 0.6000000238
108895  27.152  -18.663  -27.516 0.6000000238
46477  27.213  -18.013  -27.482 0.6000000238
102597  28.013  -18.625  -27.824 0.6000000238
46466  28.766  -18.337  -27.728 0.5000000000
46453  29.459  -18.793  -27.229 0.4000000060
47462  26.881  -17.975  -27.004 0.6000000238
47448  28.744  -17.952  -25.329 0.5000000000
46424  29.207  -18.637  -24.640 0.5000000000
46468  26.776  -18.348  -27.205 0.6000000238
47461  27.354  -17.780  -26.562 0.5000000000
46467  27.684  -17.946  -27.758 0.6000000238
47486  28.189  -17.915  -27.921 0.5000000000
47485  28.646  -17.416  -27.968 0.4000000060
47447  29.369  -17.442  -25.048 0.4000000060
47488  27.119  -17.842  -27.334 0.6000000238
47487  27.348  -17.371  -27.315 0.5000000000
47501  28.042  -17.238  -27.983 0.4000000060
47502  27.644  -17.368  -27.662 0.6000000238
48458  27.763  -16.668  -27.711 0.6000000238
48444  27.569  -16.873  -27.110 0.4000000060
47500  28.415  -16.526  -28.223 0.4000000060
48471  28.367  -15.763  -28.306 0.4000000060
49413  28.478  -15.810  -26.687 0.4000000060
48472  28.073  -16.484  -28.030 0.4000000060
48443  27.974  -16.105  -27.479 0.4000000060
48456  29.241  -16.731  -28.062 0.4000000060
48457  28.090  -15.917  -28.126 0.4000000060
48418  30.335  -16.563  -24.673 0.4000000060
48431  29.012  -16.351  -25.882 0.4000000060
49421  28.292  -15.364  -27.614 0.4000000060
49439  28.637  -15.218  -28.567 0.4000000060
49429  28.492  -15.205  -28.432 0.4000000060
104727  28.389  -14.982  -28.257 0.4000000060
48430  29.896  -16.119  -25.423 0.4000000060
49412  29.354  -15.606  -26.133 0.4000000060
50365  28.860  -14.552  -28.833 0.3000000119
50340  28.527  -14.674  -27.824 0.4000000060
50327  28.818  -15.074  -26.908 0.4000000060
49411  30.217  -15.353  -25.633 0.4000000060
50326  29.695  -14.850  -26.363 0.4000000060
30508  20.911  -34.491  -18.731 0.8000000119
31406  21.231  -34.055  -18.256 0.8999999762
31394  21.838  -34.243  -17.780 0.8999999762
30474  22.420  -34.891  -17.139 0.8999999762
30431  26.864  -34.566  -13.950 0.8999999762
31377  27.215  -33.467  -14.323 1.0000000000
30460  24.537  -34.647  -15.945 0.8999999762
30447  25.608  -34.490  -14.857 0.8999999762
114997  25.819  -33.644  -15.157 0.8999999762
31378  26.477  -33.265  -14.731 1.0000000000
30472  24.106  -34.329  -16.632 0.8999999762
30459  25.225  -34.144  -15.593 0.8999999762
110078  24.745  -33.816  -16.282 0.8999999762
120054  23.663  -34.022  -17.150 0.8999999762
32332  25.220  -32.477  -16.287 0.8999999762
47460  28.050  -17.481  -26.072 0.4000000060
48432  28.119  -16.660  -26.446 0.4000000060
47459  28.796  -17.106  -25.613 0.4000000060
47446  29.985  -17.292  -24.507 0.4000000060
119183  27.274  -41.328  -8.596 0.8999999762
25489  26.609  -40.399  -10.571 1.0000000000
24717  24.774  -41.627  -7.258 0.8999999762
25479  27.699  -40.449  -9.547 1.0000000000
27132  24.633  -38.292  -12.226 0.8000000119
27089  27.938  -38.661  -7.951 0.8999999762
27986  26.515  -37.329  -12.437 0.8999999762
28780  23.517  -36.781  -14.643 0.8000000119
27966  28.519  -37.724  -11.906 1.0000000000
28779  24.658  -36.228  -14.084 0.8999999762
29590  23.826  -36.142  -15.095 0.8000000119
30473  23.331  -34.650  -16.865 0.8999999762
29612  22.935  -35.381  -16.430 0.8000000119
112917  25.774  -37.873  -6.771 0.8999999762
27917  25.176  -37.133  -6.766 1.0000000000
28704  21.200  -35.841  -7.915 0.6000000238
29518  19.838  -35.623  -8.653 0.4000000060
29517  20.645  -35.382  -8.444 0.4000000060
108687  28.516  -35.206  -13.454 1.0000000000
30446  26.675  -34.028  -14.328 0.8999999762
29645  20.848  -34.858  -18.824 0.6999999881
32404  21.612  -32.269  -19.875 0.8000000119
29512  27.800  -35.610  -7.890 0.8999999762
31393  22.903  -34.117  -17.446 0.8999999762
30519  23.866  -34.517  -19.442 0.6000000238
32348  21.449  -33.363  -18.618 0.8999999762
29499  24.523  -34.934  -7.496 0.6999999881
30373  20.908  -34.682  -8.762 0.4000000060
108031  24.199  -33.539  -16.911 0.8999999762
109451  21.560  -30.805  -19.605 0.8999999762
32384  24.353  -32.276  -19.677 0.6999999881
32401  23.802  -32.078  -20.064 0.6999999881
30369  26.538  -34.718  -7.609 0.8000000119
30367  28.306  -35.083  -8.279 0.8999999762
31390  25.380  -33.163  -15.862 0.8999999762
33348  24.823  -31.634  -16.972 0.8999999762
32344  24.306  -31.959  -17.328 0.8999999762
31391  24.767  -32.982  -16.538 0.8999999762
110035  22.395  -31.246  -18.596 0.8999999762
31307  29.517  -33.527  -9.399 0.8000000119
31294  23.616  -33.268  -8.416 0.5000000000
31335  30.631  -33.815  -11.670 1.0000000000
33298  31.218  -31.834  -12.082 0.8000000119
32282  31.093  -32.843  -12.743 0.8999999762
106259  31.224  -32.267  -13.286 0.8999999762
36103  21.723  -28.846  -20.275 0.8999999762
35160  22.666  -29.700  -20.917 0.8000000119
116340  25.349  -32.578  -8.283 0.6000000238
32231  29.193  -32.035  -9.269 0.8000000119
33263  30.411  -31.520  -10.407 0.6999999881
33316  31.613  -30.803  -12.975 0.6999999881
35090  28.051  -29.596  -15.856 1.0000000000
36062  24.760  -29.096  -18.045 1.0000000000
36102  21.990  -28.214  -20.715 0.8999999762
33244  26.530  -31.671  -8.679 0.6000000238
32220  24.711  -32.085  -8.678 0.5000000000
34192  31.510  -30.178  -12.453 0.6999999881
117614  28.826  -29.604  -15.736 0.8999999762
33254  26.659  -30.936  -9.077 0.5000000000
35070  31.921  -29.552  -13.726 0.6999999881
37122  22.736  -27.489  -20.315 0.8999999762
101796  29.350  -30.010  -9.987 0.6000000238
35027  28.740  -29.423  -10.087 0.5000000000
37091  27.481  -27.672  -17.876 0.8999999762
108510  30.158  -26.827  -17.540 0.8000000119
38104  28.660  -26.707  -18.384 0.8000000119
39205  23.057  -25.523  -22.125 0.8999999762
35026  29.528  -29.398  -10.382 0.5000000000
35989  30.699  -28.742  -11.414 0.6999999881
38135  26.152  -26.503  -20.563 0.8999999762
38180  23.686  -25.813  -23.064 0.8000000119
111349  32.669  -26.811  -14.903 0.6999999881
39163  30.035  -25.146  -19.145 0.8000000119
40301  23.676  -24.510  -22.473 0.8999999762
39132  33.039  -25.313  -15.030 0.6999999881
39201  26.966  -24.924  -22.741 0.8999999762
102204  32.682  -25.457  -14.204 0.6000000238
41424  24.792  -22.818  -25.218 0.6999999881
103641  25.377  -22.764  -25.996 0.6000000238
43471  25.121  -21.368  -26.036 0.6000000238
42476  27.953  -22.710  -27.002 0.6000000238
45450  26.295  -19.451  -26.823 0.6000000238
46440  26.906  -18.437  -26.578 0.6000000238
48419  29.593  -16.835  -25.203 0.4000000060
107302  30.658  -15.804  -24.914 0.4000000060
20340  23.845  -45.652  -11.793 0.4000000060
20341  22.785  -45.733  -11.586 0.4000000060
20342  22.350  -46.273  -11.326 0.4000000060
103063  23.627  -44.853  -11.945 0.4000000060
116165  22.671  -45.570  -11.269 0.4000000060
20330  22.354  -46.260  -11.047 0.4000000060
21998  23.008  -44.338  -11.650 0.3000000119
21183  22.589  -45.028  -11.525 0.4000000060
22911  23.480  -43.533  -11.708 0.4000000060
109219  24.029  -42.711  -11.807 0.4000000060
112352  24.654  -41.900  -11.937 0.4000000060
24787  26.612  -40.941  -12.508 0.4000000060
20329  22.926  -46.081  -10.676 0.5000000000
19464  22.964  -46.951  -10.244 0.4000000060
105688  22.850  -44.412  -11.340 0.4000000060
21981  22.635  -44.909  -11.332 0.4000000060
24772  25.378  -41.215  -12.150 0.5000000000
25520  26.150  -40.195  -12.760 0.5000000000
26334  26.133  -39.544  -13.692 0.6000000238
25534  26.517  -40.056  -13.434 0.5000000000
26344  26.057  -39.504  -14.095 0.6000000238
25543  25.083  -40.010  -15.105 0.4000000060
21151  23.778  -45.939  -10.073 0.5000000000
20315  23.673  -46.643  -9.618 0.5000000000
19452  23.148  -47.607  -9.356 0.5000000000
115130  22.783  -48.290  -8.973 0.5000000000
21980  22.765  -44.727  -11.154 0.6000000238
21164  23.562  -45.146  -10.500 0.6000000238
21979  23.378  -44.109  -10.830 0.6000000238
22892  23.118  -43.665  -11.306 0.5000000000
110662  23.431  -42.725  -11.317 0.5000000000
23861  23.777  -42.094  -11.661 0.4000000060
24773  24.304  -41.108  -11.845 0.6000000238
25521  24.797  -40.147  -12.164 0.6000000238
26323  25.568  -39.449  -12.886 0.6000000238
26335  25.476  -38.932  -13.610 0.6000000238
26336  24.907  -38.495  -14.086 0.6000000238
26347  23.801  -38.659  -15.165 0.6000000238
26345  25.449  -39.297  -14.448 0.6000000238
26346  24.560  -39.044  -14.964 0.6000000238
118832  23.199  -38.797  -15.459 0.6000000238
20301  24.298  -46.210  -8.918 0.5000000000
118486  23.509  -47.198  -9.183 0.5000000000
19431  23.243  -47.495  -8.483 0.5000000000
18587  22.152  -48.411  -7.883 0.5000000000
115700  24.446  -44.964  -9.954 0.6000000238
116220  23.409  -42.678  -11.098 0.6000000238
22891  24.570  -43.361  -10.428 0.6000000238
23844  23.479  -41.896  -11.144 0.5000000000
24757  23.474  -41.702  -11.137 0.6000000238
24774  23.629  -41.421  -11.281 0.6000000238
26324  24.735  -38.766  -12.510 0.6000000238
27169  22.388  -38.532  -15.657 0.6999999881
20302  23.731  -46.735  -8.365 0.6000000238
20288  23.023  -46.921  -7.696 0.5000000000
19433  21.718  -47.665  -7.400 0.5000000000
21150  24.463  -45.573  -9.422 0.6000000238
20290  21.158  -46.869  -7.168 0.5000000000
19434  20.788  -47.696  -7.275 0.5000000000
21137  25.100  -45.014  -8.785 0.6000000238
24756  23.717  -41.612  -10.868 0.6000000238
103300  22.619  -37.753  -15.340 0.6999999881
21125  24.086  -45.923  -8.026 0.6000000238
117792  23.375  -46.147  -7.631 0.6000000238
21126  22.545  -46.189  -7.294 0.6000000238
116543  22.901  -45.592  -7.276 0.6000000238
110651  21.589  -46.090  -7.067 0.6000000238
20291  20.187  -46.863  -7.169 0.6000000238
21942  25.003  -44.383  -7.896 0.6000000238
20292  19.220  -46.829  -7.334 0.5000000000
21966  25.006  -44.383  -9.791 0.6000000238
103600  18.716  -46.056  -7.627 0.6000000238
28021  21.829  -37.227  -15.700 0.6999999881
21943  24.209  -44.596  -7.560 0.6000000238
21127  22.074  -45.374  -7.024 0.6000000238
22858  25.324  -43.593  -7.802 0.6000000238
21944  22.718  -44.843  -7.085 0.6000000238
107634  21.077  -45.215  -6.905 0.6000000238
110830  19.620  -45.981  -7.254 0.6000000238
22870  25.679  -44.139  -8.585 0.6000000238
108793  20.065  -45.143  -7.078 0.6000000238
22869  25.736  -43.737  -9.432 0.6000000238
23841  25.924  -42.373  -10.121 0.6000000238
121814  21.940  -36.382  -16.075 0.6999999881
29601  21.345  -36.422  -16.517 0.6999999881
23817  26.045  -43.261  -8.321 0.6000000238
107592  22.613  -43.888  -6.949 0.6999999881
21945  21.661  -44.390  -6.862 0.6999999881
114857  26.369  -43.268  -9.079 0.6000000238
30475  21.461  -35.075  -17.446 0.6999999881
107593  23.630  -43.825  -7.207 0.6999999881
104414  25.554  -42.937  -7.745 0.6999999881
107307  24.847  -43.017  -7.436 0.6999999881
108269  23.044  -43.110  -6.970 0.6999999881
118430  21.740  -43.551  -6.795 0.6999999881
21946  20.557  -44.363  -6.949 0.6000000238
22859  20.958  -43.594  -6.832 0.6999999881
108485  20.491  -42.834  -6.941 0.6000000238
21947  19.638  -44.337  -7.297 0.5000000000
30491  20.913  -34.559  -18.268 0.8000000119
108270  23.955  -43.075  -7.212 0.6999999881
117625  22.598  -42.484  -6.866 0.6999999881
108268  21.353  -42.891  -6.784 0.6999999881
22860  19.152  -43.637  -7.618 0.5000000000
105941  20.979  -42.112  -6.847 0.6999999881
106436  19.625  -42.802  -7.355 0.6000000238
40300  28.675  -24.765  -21.819 0.6999999881
39154  30.445  -25.441  -18.476 0.6999999881
40276  29.755  -24.904  -19.887 0.6999999881
40261  31.781  -24.702  -18.053 0.6000000238
40292  29.510  -24.616  -20.603 0.6999999881
40299  29.326  -24.347  -21.337 0.6999999881
119056  28.151  -24.512  -22.774 0.6999999881
40274  30.929  -24.250  -19.228 0.6999999881
40291  30.137  -24.225  -20.249 0.6999999881
40253  33.199  -24.445  -16.435 0.6000000238
40306  29.211  -23.983  -22.184 0.6999999881
41392  28.757  -23.781  -22.977 0.6999999881
104815  28.007  -23.348  -24.226 0.6999999881
109267  32.657  -24.015  -17.686 0.6000000238
40265  32.143  -24.139  -18.122 0.6000000238
42385  31.829  -22.985  -19.277 0.6000000238
41351  30.747  -23.883  -19.806 0.6999999881
41369  29.851  -23.909  -20.921 0.6999999881
41391  29.289  -23.154  -22.687 0.6999999881
42426  29.236  -22.278  -23.168 0.6999999881
41399  28.704  -23.220  -23.551 0.6999999881
41345  32.981  -23.559  -17.543 0.6000000238
41347  32.604  -23.516  -18.114 0.6000000238
42388  32.356  -22.137  -19.261 0.5000000000
41367  31.220  -23.193  -19.945 0.6000000238
43396  30.890  -21.930  -21.000 0.5000000000
42414  30.010  -22.521  -21.662 0.6999999881
43425  29.861  -20.854  -22.504 0.6999999881
43437  28.950  -21.729  -23.837 0.6999999881
49436  30.937  -14.506  -28.514 0.3000000119
49437  30.116  -14.992  -28.603 0.3000000119
48470  29.038  -15.942  -28.466 0.3000000119
19474  22.821  -46.650  -11.676 0.4000000060
19475  22.214  -47.046  -11.340 0.4000000060
19466  21.702  -47.351  -11.519 0.4000000060
22910  24.972  -43.562  -11.806 0.4000000060
19465  22.070  -47.000  -11.042 0.4000000060
23860  25.478  -42.594  -11.830 0.4000000060
23878  26.152  -41.732  -12.014 0.4000000060
23877  27.380  -41.688  -12.374 0.4000000060
25542  25.979  -40.140  -14.619 0.4000000060
17742  22.128  -48.800  -9.541 0.4000000060
112661  23.602  -39.379  -15.437 0.5000000000
17743  21.610  -49.467  -8.782 0.5000000000
26348  22.644  -39.435  -15.663 0.6000000238
18588  21.541  -48.955  -7.888 0.5000000000
113828  19.498  -48.765  -7.352 0.5000000000
28013  21.838  -37.842  -15.773 0.6000000238
19435  19.728  -47.802  -7.244 0.5000000000
20293  18.397  -46.829  -7.670 0.4000000060
28790  21.557  -36.875  -15.991 0.6999999881
21128  19.005  -45.043  -7.590 0.5000000000
29614  21.112  -35.847  -17.204 0.6999999881
122092  19.100  -44.309  -7.620 0.5000000000
109603  20.825  -35.968  -17.685 0.8000000119
29627  20.798  -35.167  -18.310 0.6999999881
21957  17.960  -44.102  -8.662 0.5000000000
22871  18.804  -42.729  -7.938 0.6000000238
35988  31.345  -28.665  -12.092 0.6000000238
110419  31.509  -28.053  -12.318 0.6000000238
42381  33.117  -22.830  -17.820 0.5000000000
43381  32.986  -22.101  -18.447 0.5000000000
43389  31.975  -21.802  -19.951 0.5000000000
118871  31.290  -21.390  -20.841 0.5000000000
44380  30.469  -20.662  -21.994 0.5000000000
44401  29.564  -20.251  -23.291 0.5000000000
50363  30.335  -14.153  -29.038 0.3000000119
49438  29.197  -14.994  -28.786 0.3000000119
23827  25.840  -43.066  -9.787 0.6000000238
23842  25.027  -42.703  -10.386 0.6000000238
23843  23.832  -42.260  -10.775 0.6000000238
103693  22.613  -41.675  -6.847 0.8000000119
27168  23.295  -38.048  -15.086 0.6999999881
28789  22.303  -36.754  -15.566 0.6999999881
29613  21.956  -35.727  -16.650 0.6999999881
39153  31.175  -25.043  -18.266 0.6999999881
41400  27.988  -23.922  -23.669 0.6999999881
48469  29.607  -15.814  -28.330 0.3000000119
30476  20.857  -35.135  -17.809 0.8000000119
29644  21.100  -35.536  -18.714 0.6999999881
40275  30.380  -24.529  -19.531 0.6999999881
21182  22.882  -44.985  -11.794 0.4000000060
21997  24.104  -44.276  -11.911 0.3000000119
19453  22.691  -47.636  -10.081 0.5000000000
25519  27.068  -40.668  -13.127 0.3000000119
110766  20.042  -43.587  -7.098 0.6000000238
41384  29.665  -23.165  -21.926 0.6999999881
40266  31.433  -24.317  -18.647 0.6999999881
41348  31.969  -23.586  -18.677 0.6000000238
41350  31.351  -23.708  -19.268 0.6999999881
41368  30.497  -23.375  -20.572 0.6999999881
42384  32.508  -22.867  -18.622 0.6000000238
42389  31.652  -22.443  -19.934 0.5000000000
42399  31.052  -22.595  -20.555 0.6000000238
41383  30.008  -23.195  -21.269 0.6999999881
42415  29.655  -22.435  -22.284 0.6999999881
43395  31.450  -21.907  -20.464 0.5000000000
106807  30.377  -21.918  -21.527 0.5000000000
43409  30.180  -21.368  -21.973 0.5000000000
45391  30.247  -20.095  -22.542 0.5000000000
43436  29.387  -21.255  -23.145 0.6999999881
42380  33.430  -22.452  -17.126 0.5000000000
43394  31.848  -21.263  -20.355 0.5000000000
44370  31.513  -20.666  -20.928 0.5000000000
45390  30.652  -19.383  -22.433 0.5000000000
28805  20.734  -36.679  -16.982 0.6000000238
28819  20.695  -36.710  -17.488 0.6000000238
28840  23.222  -35.882  -19.220 0.5000000000
114543  21.243  -36.250  -18.520 0.6000000238
28842  21.800  -35.620  -19.226 0.6000000238
29642  24.432  -35.475  -18.804 0.5000000000
29657  23.504  -35.218  -19.421 0.5000000000
29658  22.575  -35.304  -19.511 0.6000000238
25468  19.089  -40.299  -7.945 0.5000000000
30521  22.301  -34.491  -19.718 0.6000000238
30506  25.070  -34.901  -18.580 0.5000000000
29656  24.031  -35.136  -19.202 0.5000000000
31416  25.632  -33.480  -18.401 0.5000000000
26268  18.883  -39.543  -8.175 0.4000000060
26269  18.374  -39.205  -8.578 0.4000000060
30507  24.455  -34.691  -19.025 0.5000000000
32363  26.211  -32.787  -18.100 0.5000000000
108518  25.034  -34.126  -18.755 0.5000000000
27932  18.830  -37.758  -8.274 0.4000000060
28707  18.763  -36.871  -8.557 0.4000000060
31295  22.819  -33.576  -8.584 0.4000000060
30372  22.032  -33.960  -8.714 0.4000000060
30386  21.245  -34.045  -9.049 0.4000000060
109331  20.512  -34.220  -9.317 0.3000000119
35019  27.150  -29.724  -9.647 0.4000000060
109063  26.028  -30.619  -9.271 0.4000000060
32221  23.884  -32.522  -8.745 0.4000000060
31309  23.076  -32.835  -8.911 0.4000000060
35029  26.702  -29.050  -9.886 0.4000000060
32233  24.059  -31.955  -9.073 0.4000000060
111504  23.818  -31.402  -9.442 0.4000000060
32234  23.397  -32.152  -9.268 0.4000000060
31310  22.302  -33.191  -9.147 0.4000000060
30385  21.637  -33.497  -9.294 0.4000000060
33255  25.886  -31.180  -8.971 0.4000000060
34158  25.369  -30.749  -9.305 0.4000000060
33256  25.118  -31.395  -9.003 0.4000000060
35028  27.708  -29.056  -10.070 0.4000000060
35021  25.700  -30.004  -9.547 0.4000000060
34159  24.814  -30.265  -9.575 0.4000000060
111211  24.611  -30.992  -9.349 0.4000000060
34165  24.254  -29.931  -9.869 0.4000000060
34160  24.048  -30.586  -9.680 0.4000000060
32235  22.581  -32.440  -9.513 0.4000000060
35031  23.932  -29.363  -10.224 0.4000000060
33266  22.497  -31.168  -10.312 0.4000000060
35039  30.154  -29.160  -10.791 0.4000000060
35976  26.968  -28.372  -10.282 0.4000000060
35977  26.149  -28.486  -10.164 0.4000000060
35030  25.859  -29.165  -9.813 0.4000000060
35974  29.438  -28.707  -10.657 0.4000000060
102714  28.591  -28.748  -10.410 0.4000000060
35975  27.839  -28.220  -10.473 0.4000000060
36992  26.341  -27.797  -10.534 0.4000000060
35978  25.338  -28.586  -10.212 0.4000000060
115450  24.897  -29.383  -9.886 0.4000000060
114604  24.410  -28.544  -10.398 0.4000000060
35032  23.020  -29.524  -10.583 0.4000000060
37015  31.036  -27.948  -11.802 0.5000000000
110011  29.600  -28.110  -11.022 0.5000000000
37017  29.355  -27.481  -11.248 0.4000000060
35992  27.929  -27.573  -10.811 0.4000000060
36991  27.166  -27.629  -10.645 0.4000000060
37016  30.261  -27.837  -11.368 0.5000000000
37018  28.443  -27.213  -11.209 0.4000000060
37019  27.476  -26.928  -11.148 0.4000000060
37020  26.529  -27.043  -10.942 0.4000000060
37044  29.987  -26.935  -11.515 0.4000000060
38031  29.071  -26.739  -11.517 0.4000000060
38032  28.170  -26.488  -11.527 0.4000000060
38033  26.746  -26.358  -11.434 0.4000000060
39083  29.717  -25.718  -12.081 0.4000000060
39113  29.763  -24.963  -12.502 0.4000000060
113447  29.068  -25.363  -12.297 0.4000000060
39084  28.271  -25.306  -12.269 0.4000000060
40175  27.812  -24.702  -12.700 0.4000000060
37041  31.802  -26.920  -12.803 0.5000000000
39082  31.077  -25.732  -12.436 0.5000000000
110031  30.394  -25.527  -12.301 0.4000000060
39114  28.740  -24.776  -12.625 0.4000000060
40197  27.373  -24.242  -13.311 0.3000000119
38075  32.586  -26.273  -14.094 0.5000000000
106488  30.456  -26.254  -11.953 0.5000000000
38052  29.650  -26.302  -11.725 0.4000000060
38053  28.832  -25.946  -11.858 0.4000000060
39060  27.010  -25.762  -11.867 0.4000000060
38054  27.842  -25.836  -11.893 0.4000000060
39111  31.617  -25.110  -12.982 0.5000000000
39112  30.770  -24.944  -12.600 0.5000000000
40195  29.279  -24.187  -12.924 0.4000000060
40227  32.771  -24.563  -14.423 0.5000000000
40174  31.194  -24.263  -13.004 0.5000000000
40194  30.285  -24.199  -12.826 0.4000000060
41277  29.770  -23.514  -13.247 0.4000000060
109688  28.813  -23.598  -13.505 0.4000000060
40196  28.300  -24.185  -13.147 0.3000000119
41279  27.832  -23.604  -13.823 0.3000000119
41280  26.883  -23.806  -13.873 0.3000000119
40193  32.291  -24.051  -13.826 0.5000000000
40226  33.039  -23.931  -14.983 0.5000000000
42282  31.128  -22.842  -13.587 0.3000000119
41276  30.738  -23.523  -13.225 0.4000000060
41278  28.480  -23.168  -14.060 0.3000000119
41299  27.164  -23.300  -14.434 0.3000000119
41300  26.401  -23.488  -14.449 0.3000000119
41274  32.293  -23.275  -14.060 0.3000000119
41297  32.643  -23.768  -14.373 0.4000000060
41322  32.862  -23.078  -14.758 0.4000000060
116709  33.220  -23.445  -15.440 0.4000000060
112526  33.287  -23.876  -16.503 0.4000000060
41344  33.307  -23.266  -16.961 0.4000000060
42305  30.668  -22.194  -13.872 0.3000000119
42283  30.234  -22.840  -13.547 0.3000000119
42284  29.268  -22.918  -13.865 0.3000000119
41298  27.889  -23.013  -14.486 0.3000000119
41323  26.043  -23.121  -15.044 0.3000000119
118762  25.539  -23.637  -14.550 0.3000000119
42281  31.809  -22.855  -13.851 0.3000000119
42307  27.275  -22.730  -15.012 0.3000000119
42308  26.686  -23.060  -14.859 0.3000000119
41324  25.281  -23.168  -15.290 0.3000000119
43308  33.321  -21.877  -15.762 0.3000000119
42363  33.420  -22.558  -16.376 0.4000000060
43362  33.427  -21.905  -17.677 0.4000000060
43380  33.337  -21.310  -18.303 0.4000000060
43388  32.538  -21.232  -19.624 0.4000000060
43408  30.805  -21.204  -21.418 0.4000000060
41325  24.505  -23.197  -15.455 0.3000000119
43293  31.870  -21.714  -14.265 0.3000000119
42304  31.514  -22.228  -13.963 0.3000000119
42303  32.295  -22.386  -14.309 0.3000000119
43309  32.949  -21.175  -15.239 0.3000000119
43335  33.499  -21.639  -16.713 0.3000000119
43361  33.549  -21.005  -17.513 0.4000000060
112041  33.675  -19.616  -18.100 0.3000000119
44346  33.539  -20.462  -18.236 0.4000000060
44347  33.208  -20.822  -18.962 0.4000000060
44369  32.328  -20.566  -20.228 0.4000000060
45370  32.117  -19.890  -20.756 0.4000000060
103715  31.425  -19.924  -21.416 0.4000000060
44379  31.003  -20.487  -21.560 0.4000000060
45383  30.818  -19.965  -21.963 0.4000000060
42333  32.938  -22.113  -14.983 0.3000000119
45352  33.453  -19.870  -19.032 0.3000000119
45369  32.688  -19.105  -20.568 0.4000000060
47422  31.484  -18.033  -22.434 0.4000000060
46400  31.046  -18.717  -22.407 0.4000000060
45403  30.157  -18.677  -23.416 0.4000000060
45404  29.509  -19.241  -23.853 0.5000000000
46344  33.407  -18.894  -19.659 0.3000000119
101220  32.861  -19.810  -19.987 0.3000000119
46386  32.539  -18.353  -21.225 0.4000000060
47404  32.093  -17.968  -21.911 0.4000000060
46387  31.704  -18.598  -21.864 0.4000000060
47423  30.788  -18.160  -23.036 0.4000000060
47433  30.270  -17.899  -23.822 0.3000000119
46408  29.741  -18.482  -24.016 0.3000000119
47434  29.559  -17.948  -24.534 0.3000000119
45351  33.686  -18.916  -18.596 0.3000000119
46365  33.533  -17.937  -19.865 0.3000000119
46366  33.145  -18.398  -20.421 0.3000000119
101431  33.283  -17.608  -20.721 0.3000000119
101239  32.729  -17.424  -21.624 0.3000000119
47421  32.065  -17.393  -22.361 0.3000000119
47432  31.344  -17.366  -23.066 0.3000000119
120603  30.777  -17.612  -23.421 0.3000000119
48405  30.718  -17.035  -23.825 0.3000000119
48404  31.514  -16.526  -23.481 0.3000000119
47377  33.599  -17.277  -19.286 0.3000000119
112108  33.623  -17.239  -20.000 0.3000000119
47403  33.335  -16.918  -21.212 0.3000000119
115219  33.058  -16.896  -21.679 0.3000000119
48388  32.709  -16.753  -22.164 0.3000000119
101987  32.050  -16.726  -22.824 0.3000000119
101766  31.049  -16.186  -24.168 0.3000000119
49379  31.769  -15.766  -23.809 0.3000000119
49410  31.025  -15.068  -25.177 0.3000000119
37043  30.774  -27.136  -11.795 0.5000000000
37042  31.408  -27.385  -12.266 0.5000000000
28791  21.007  -36.975  -16.415 0.6000000238
104424  20.502  -37.322  -17.107 0.5000000000
107470  20.647  -37.087  -17.581 0.5000000000
28830  22.944  -36.571  -18.905 0.5000000000
28831  21.953  -36.683  -18.711 0.5000000000
30489  25.566  -35.081  -18.085 0.5000000000
120952  24.112  -36.105  -18.780 0.5000000000
28829  23.642  -36.333  -18.849 0.5000000000
24719  19.779  -41.338  -7.456 0.6000000238
120431  20.068  -40.796  -7.400 0.6000000238
111384  19.094  -41.182  -7.882 0.5000000000
23819  18.507  -41.817  -8.378 0.5000000000
107504  18.514  -40.848  -8.499 0.5000000000
25469  18.439  -40.005  -8.592 0.5000000000
27099  18.281  -38.398  -8.560 0.4000000060
27940  18.098  -37.533  -8.718 0.4000000060
31311  20.907  -33.472  -9.701 0.4000000060
106374  21.669  -32.796  -9.805 0.4000000060
119911  22.412  -29.998  -10.817 0.4000000060
37021  25.585  -27.275  -10.849 0.4000000060
35980  23.509  -28.702  -10.591 0.4000000060
35994  22.748  -28.713  -10.940 0.4000000060
36993  25.000  -27.904  -10.569 0.4000000060
36994  24.339  -27.825  -10.704 0.4000000060
38034  25.886  -26.478  -11.380 0.4000000060
114355  24.193  -26.731  -11.461 0.4000000060
39085  27.384  -25.233  -12.285 0.4000000060
40176  26.940  -24.727  -12.806 0.4000000060
39061  26.177  -25.781  -11.839 0.4000000060
39086  26.535  -25.244  -12.353 0.4000000060
40198  26.535  -24.361  -13.419 0.3000000119
41281  26.082  -23.973  -13.919 0.3000000119
40199  25.351  -24.229  -13.895 0.3000000119
30505  25.736  -34.326  -18.090 0.5000000000
28714  18.916  -35.865  -8.964 0.4000000060
34167  22.101  -30.618  -10.772 0.4000000060
35040  22.289  -29.394  -11.086 0.4000000060
37022  24.657  -27.271  -10.984 0.4000000060
30520  23.145  -34.641  -19.726 0.5000000000
38050  32.212  -26.536  -13.380 0.5000000000
40245  33.291  -24.122  -15.828 0.5000000000
39110  32.240  -25.700  -13.451 0.5000000000
115837  32.924  -21.524  -18.925 0.4000000060
116896  30.104  -19.417  -23.042 0.4000000060
45382  31.245  -19.300  -21.902 0.4000000060
28841  22.403  -36.052  -19.170 0.6000000238
29643  23.847  -35.697  -19.088 0.5000000000
33265  23.264  -30.888  -9.941 0.4000000060
33257  22.936  -31.671  -9.758 0.4000000060
32247  22.106  -31.947  -10.124 0.4000000060
35990  30.067  -28.504  -11.021 0.5000000000
35991  28.760  -27.991  -10.786 0.4000000060
35979  23.842  -28.086  -10.691 0.4000000060
114414  27.438  -26.271  -11.563 0.4000000060
39081  31.715  -26.073  -12.840 0.5000000000
38051  31.236  -26.565  -12.290 0.5000000000
107864  31.828  -24.365  -13.356 0.5000000000
107224  32.297  -24.852  -13.625 0.5000000000
41275  31.655  -23.593  -13.523 0.4000000060
44268  32.384  -20.865  -14.819 0.3000000119
45381  31.957  -19.218  -21.320 0.4000000060
46343  33.686  -18.078  -18.974 0.3000000119
110222  33.648  -16.227  -20.954 0.3000000119
49399  31.367  -15.455  -24.477 0.3000000119
35993  23.201  -28.028  -10.904 0.4000000060
121438  18.311  -45.529  -8.025 0.4000000060
21139  17.724  -45.485  -8.549 0.4000000060
102886  17.555  -44.759  -8.985 0.3000000119
114101  18.192  -44.858  -8.300 0.4000000060
26349  21.619  -39.443  -15.904 0.5000000000
22872  18.389  -43.456  -8.314 0.5000000000
22873  17.799  -43.320  -9.105 0.3000000119
27177  21.341  -38.692  -16.066 0.5000000000
112773  20.634  -38.822  -16.427 0.5000000000
26357  20.742  -39.527  -16.231 0.5000000000
23818  19.291  -41.987  -7.661 0.5000000000
23820  18.153  -42.650  -8.720 0.4000000060
27170  21.100  -38.165  -16.244 0.5000000000
26358  20.268  -39.590  -16.611 0.5000000000
27208  20.164  -38.734  -17.011 0.3000000119
28031  20.658  -37.438  -16.695 0.5000000000
112569  20.374  -38.081  -16.921 0.4000000060
112962  20.466  -37.906  -17.183 0.4000000060
27207  21.515  -38.888  -17.617 0.3000000119
27221  20.637  -38.619  -17.310 0.3000000119
27220  22.291  -38.121  -18.036 0.3000000119
119202  21.393  -38.120  -17.761 0.3000000119
117726  23.719  -37.436  -18.242 0.3000000119
27219  23.167  -37.738  -18.224 0.3000000119
28056  22.632  -37.279  -18.492 0.4000000060
28058  20.937  -37.629  -17.646 0.4000000060
26281  17.818  -39.630  -9.196 0.3000000119
28828  24.592  -36.202  -18.447 0.4000000060
28054  24.063  -36.792  -18.467 0.4000000060
28055  23.418  -37.024  -18.562 0.4000000060
113972  17.861  -38.897  -8.922 0.3000000119
103412  17.963  -36.513  -9.125 0.3000000119
31324  20.923  -32.844  -10.241 0.3000000119
33267  21.709  -31.356  -10.697 0.3000000119
32248  21.208  -32.153  -10.563 0.3000000119
33280  20.988  -31.472  -11.204 0.3000000119
34176  21.851  -30.048  -11.218 0.3000000119
35995  22.056  -28.676  -11.378 0.3000000119
37023  23.805  -27.433  -11.071 0.3000000119
113695  22.998  -27.421  -11.316 0.3000000119
37024  22.517  -28.027  -11.268 0.3000000119
37025  21.805  -27.918  -11.639 0.3000000119
121199  21.244  -28.089  -11.910 0.3000000119
38035  25.012  -26.609  -11.412 0.3000000119
38036  23.435  -26.811  -11.545 0.3000000119
38037  22.688  -26.872  -11.649 0.3000000119
39087  25.673  -25.305  -12.475 0.3000000119
39062  25.304  -25.889  -11.891 0.3000000119
38055  24.450  -26.077  -11.920 0.3000000119
39089  23.738  -25.724  -12.396 0.3000000119
38056  23.135  -26.272  -11.984 0.3000000119
39088  24.696  -25.396  -12.589 0.3000000119
39115  23.996  -25.170  -12.956 0.3000000119
39116  23.276  -25.177  -12.954 0.3000000119
40177  26.123  -24.818  -12.977 0.3000000119
40178  25.254  -24.778  -13.202 0.3000000119
40200  23.788  -24.676  -13.564 0.3000000119
27100  17.596  -38.253  -8.986 0.3000000119
23828  17.922  -41.980  -9.150 0.3000000119
25480  17.965  -40.463  -9.196 0.3000000119
17757  21.477  -48.968  -10.203 0.4000000060
17758  21.098  -49.791  -9.674 0.4000000060
16141  19.200  -51.194  -9.062 0.4000000060
16916  18.834  -50.797  -8.171 0.3000000119
109428  20.777  -49.943  -8.459 0.4000000060
17744  20.088  -50.242  -8.250 0.4000000060
17736  19.016  -49.492  -7.476 0.4000000060
25533  27.160  -40.651  -13.819 0.3000000119
17735  20.053  -49.584  -7.674 0.4000000060
17737  18.165  -49.404  -7.503 0.3000000119
114570  17.775  -48.005  -7.712 0.3000000119
18590  18.656  -48.782  -7.387 0.4000000060
19442  16.864  -47.626  -8.670 0.3000000119
18603  17.159  -48.340  -8.017 0.3000000119
20316  16.915  -46.368  -9.318 0.3000000119
113402  18.358  -48.106  -7.470 0.4000000060
20294  17.810  -46.960  -7.991 0.3000000119
20303  17.922  -46.237  -8.130 0.3000000119
16942  20.467  -49.916  -10.345 0.4000000060
16914  20.447  -50.401  -9.124 0.4000000060
21152  17.164  -45.497  -9.381 0.3000000119
18629  22.204  -48.012  -10.388 0.3000000119
20317  16.556  -46.895  -10.062 0.3000000119
16904  19.352  -50.201  -7.854 0.3000000119
16915  19.670  -50.679  -8.621 0.4000000060
16929  19.929  -50.727  -9.694 0.4000000060
16943  19.815  -50.129  -10.883 0.4000000060
17734  20.969  -49.419  -7.900 0.4000000060
18589  20.581  -48.678  -7.443 0.4000000060
18591  17.893  -48.641  -7.552 0.3000000119
18602  22.154  -48.903  -8.540 0.5000000000
18617  21.621  -48.260  -10.612 0.3000000119
19432  22.619  -47.704  -7.843 0.5000000000
19436  18.082  -47.478  -7.683 0.4000000060
19441  17.483  -47.523  -8.073 0.3000000119
20289  22.139  -46.928  -7.316 0.6000000238
20304  17.288  -46.824  -8.565 0.3000000119
21124  24.293  -45.286  -7.841 0.6000000238
21138  24.580  -45.536  -8.385 0.6000000238
21165  22.842  -45.291  -10.892 0.4000000060
21948  18.617  -44.234  -7.990 0.4000000060
21956  24.695  -44.982  -7.999 0.6000000238
21999  22.620  -44.716  -11.474 0.4000000060
23807  26.102  -42.444  -7.866 0.8999999762
23809  24.326  -42.350  -7.240 0.8999999762
23810  20.106  -42.044  -7.172 0.6000000238
23862  23.399  -41.974  -11.248 0.5000000000
24741  17.965  -41.263  -9.179 0.3000000119
24786  27.475  -41.233  -12.885 0.4000000060
25492  23.652  -41.371  -11.040 0.6000000238
25541  26.531  -39.984  -14.010 0.3000000119
25544  24.058  -40.132  -15.434 0.5000000000
26254  24.038  -39.408  -6.728 0.8999999762
26372  20.095  -39.517  -16.888 0.3000000119
26402  20.693  -39.775  -17.362 0.3000000119
27082  21.672  -38.597  -7.117 0.6000000238
27090  27.252  -38.621  -7.367 0.8999999762
27178  20.641  -38.129  -16.568 0.5000000000
27190  20.270  -38.839  -16.789 0.4000000060
27919  23.272  -37.265  -6.951 0.6999999881
27923  20.374  -37.908  -7.554 0.6000000238
27927  28.863  -37.238  -9.002 0.8999999762
28012  22.423  -37.274  -15.354 0.6999999881
28022  21.202  -37.505  -16.178 0.5000000000
28057  21.688  -37.462  -18.213 0.5000000000
28703  27.299  -36.213  -7.572 1.0000000000
28770  24.138  -36.796  -13.984 0.8000000119
28832  20.723  -36.205  -18.062 0.6999999881
29498  25.299  -35.249  -7.360 0.6999999881
29535  29.767  -35.851  -10.477 1.0000000000
29546  30.092  -35.401  -11.844 1.0000000000
29659  21.456  -34.928  -19.275 0.6999999881
29660  20.988  -34.432  -19.023 0.6999999881
30383  29.378  -34.844  -9.266 1.0000000000
30384  28.819  -34.446  -8.673 0.8999999762
30432  26.158  -34.755  -14.172 0.8999999762
30490  21.072  -34.562  -17.893 0.8000000119
30522  21.523  -34.180  -19.404 0.8000000119
31277  25.996  -33.998  -7.673 0.6999999881
31289  28.333  -33.644  -8.460 0.8000000119
31292  25.760  -33.129  -7.930 0.6999999881
31361  30.636  -33.579  -13.128 1.0000000000
31365  27.232  -34.117  -14.060 1.0000000000
31434  22.024  -33.761  -19.832 0.8000000119
31435  21.122  -33.761  -19.093 0.8000000119
31452  22.967  -33.033  -20.217 0.8000000119
32232  28.318  -32.243  -8.783 0.6999999881
32313  26.569  -32.384  -15.010 1.0000000000
32333  24.786  -32.240  -16.770 0.8999999762
32366  21.312  -33.130  -18.983 0.8999999762
33383  21.628  -31.600  -19.229 0.8999999762
34155  28.796  -30.533  -9.562 0.5000000000
34157  26.568  -30.246  -9.415 0.4000000060
34166  23.549  -30.119  -10.126 0.4000000060
34222  31.648  -30.253  -14.172 0.8000000119
34275  21.777  -29.990  -19.425 0.8999999762
35020  26.384  -29.632  -9.642 0.4000000060
35091  27.290  -29.641  -16.006 1.0000000000
35107  24.396  -29.655  -17.990 1.0000000000
35108  23.597  -29.657  -18.453 0.8999999762
35146  21.501  -29.544  -20.006 0.8999999762
35161  21.667  -29.293  -20.335 0.8999999762
36040  32.288  -28.283  -15.075 0.6999999881
36041  31.787  -28.610  -15.551 0.6999999881
36075  22.280  -28.629  -19.607 0.8999999762
37082  29.351  -27.947  -16.940 0.8000000119
37089  29.090  -27.516  -17.384 0.8000000119
37101  27.021  -27.455  -18.528 0.8999999762
38095  31.660  -26.062  -17.260 0.8000000119
38153  22.551  -26.873  -21.681 0.8999999762
39184  23.352  -25.779  -21.507 1.0000000000
39230  26.654  -25.342  -25.411 0.6000000238
40259  33.036  -24.134  -17.075 0.6000000238
40260  32.429  -24.702  -17.522 0.6000000238
40267  30.713  -24.771  -18.864 0.6999999881
41336  33.363  -23.347  -16.125 0.5000000000
41393  24.970  -23.583  -23.465 0.8999999762
41394  24.248  -23.743  -23.451 0.8999999762
41434  28.484  -23.355  -26.614 0.6000000238
42332  33.257  -22.733  -15.550 0.4000000060
42400  30.457  -22.581  -21.102 0.5000000000
42436  27.293  -22.823  -24.569 0.8000000119
43410  29.973  -21.961  -21.965 0.5000000000
43426  29.703  -21.663  -22.464 0.6999999881
44360  32.907  -20.461  -19.568 0.4000000060
44431  25.306  -21.079  -26.010 0.6000000238
44441  25.497  -20.856  -26.225 0.6000000238
44452  27.506  -20.321  -27.636 0.6000000238
44454  25.823  -20.737  -26.700 0.6000000238
45421  28.969  -19.277  -24.656 0.6000000238
46401  30.530  -18.857  -22.834 0.4000000060
47473  27.280  -17.426  -26.956 0.5000000000
48433  27.617  -17.221  -26.625 0.5000000000
50362  31.251  -13.734  -28.754 0.3000000119
50364  29.413  -14.382  -29.092 0.3000000119
102811  29.782  -35.978  -12.071 1.0000000000
103135  22.496  -33.468  -17.928 0.8999999762
103303  22.852  -36.921  -15.076 0.8000000119
104542  26.248  -19.602  -27.057 0.6000000238
104833  25.419  -40.625  -12.306 0.5000000000
105020  27.959  -22.538  -14.926 0.3000000119
105429  21.863  -42.263  -6.776 0.8000000119
106251  23.334  -33.567  -19.932 0.8000000119
106305  21.078  -36.866  -18.145 0.6000000238
106708  23.628  -45.306  -7.489 0.6000000238
107141  24.513  -43.753  -7.476 0.6999999881
107454  17.366  -46.070  -8.740 0.4000000060
108238  24.554  -40.127  -6.975 0.8999999762
109583  26.113  -24.601  -25.540 0.6000000238
109824  26.971  -34.059  -7.802 0.8000000119
109979  23.748  -38.057  -6.698 1.0000000000
110287  22.800  -30.391  -10.423 0.4000000060
110650  20.606  -46.019  -7.045 0.6000000238
111360  27.548  -39.355  -7.774 0.8999999762
111713  30.333  -33.109  -10.393 0.8000000119
113001  28.858  -28.397  -16.698 0.8000000119
113952  22.185  -43.027  -6.799 0.6999999881
114368  28.088  -15.585  -27.898 0.4000000060
114545  24.399  -38.061  -13.317 0.8000000119
114714  25.685  -28.009  -10.455 0.4000000060
114864  18.785  -47.530  -7.402 0.4000000060
115204  22.462  -35.208  -7.864 0.6000000238
115359  21.363  -48.299  -7.500 0.5000000000
115929  18.999  -48.202  -7.312 0.4000000060
116692  21.553  -33.440  -19.543 0.8000000119
116923  21.735  -39.995  -6.931 0.6999999881
117061  29.080  -29.072  -10.388 0.5000000000
117396  23.915  -41.331  -10.830 0.8000000119
117485  19.571  -40.771  -7.626 0.5000000000
117830  23.382  -44.500  -7.231 0.6000000238
118399  27.081  -32.005  -14.865 1.0000000000
118811  21.659  -36.056  -18.946 0.6000000238
120261  23.791  -26.299  -11.860 0.3000000119
120404  24.467  -31.563  -9.115 0.4000000060
120653  29.634  -23.721  -21.517 0.6999999881
120971  25.161  -33.052  -8.044 0.6000000238
121603  26.101  -43.670  -8.869 0.6000000238
121963  29.190  -34.881  -13.409 1.0000000000
