#!ascii label  , from subject sub-v1s11x0050163_ses-1 vox2ras=TkReg
2082
56329  52.791  -26.528  18.187 0.0000000000
37088  41.094  -45.526  29.681 0.0000000000
32990  29.638  -49.205  32.157 0.0000000000
115078  22.485  -52.581  33.059 0.0000000000
25453  39.111  -56.081  31.106 0.0000000000
34148  33.114  -48.157  23.083 0.0000000000
117147  50.623  -29.461  17.124 0.0000000000
62985  49.949  -19.898  16.777 0.0000000000
113979  51.251  -34.869  28.270 0.0000000000
47444  41.538  -35.551  26.562 0.0000000000
43600  32.825  -39.682  20.299 0.0000000000
28542  30.831  -54.270  35.177 0.0000000000
30819  25.891  -52.087  31.087 0.0000000000
27459  27.199  -54.590  36.385 0.0000000000
28638  33.650  -53.354  31.048 0.0000000000
49435  56.487  -33.831  26.896 0.0000000000
36045  44.244  -46.598  34.750 0.0000000000
120317  45.982  -40.503  34.203 0.0000000000
46438  43.442  -36.194  32.856 0.0000000000
42434  42.396  -40.642  27.357 0.0000000000
44620  38.287  -38.209  22.298 0.0000000000
40377  37.535  -42.442  24.620 0.0000000000
36210  28.196  -46.410  23.483 0.0000000000
38266  28.564  -43.796  19.849 0.0000000000
58364  47.011  -24.381  18.152 0.0000000000
60315  47.834  -22.431  11.762 0.0000000000
36170  25.763  -46.649  26.459 0.0000000000
33040  23.255  -49.220  27.962 0.0000000000
31999  41.179  -50.964  29.492 0.0000000000
35138  37.554  -47.687  25.847 0.0000000000
30892  36.242  -51.380  27.212 0.0000000000
33063  30.472  -49.404  27.037 0.0000000000
54471  55.455  -28.428  16.779 0.0000000000
26375  23.536  -55.330  39.084 0.0000000000
29647  18.710  -52.625  35.534 0.0000000000
60253  51.369  -22.130  22.107 0.0000000000
54385  53.699  -28.737  21.948 0.0000000000
123303  57.697  -31.592  20.907 0.0000000000
50485  51.973  -32.443  22.283 0.0000000000
51393  48.119  -31.222  23.100 0.0000000000
48310  48.386  -34.538  34.937 0.0000000000
50400  45.919  -32.636  28.242 0.0000000000
51410  42.036  -31.135  22.998 0.0000000000
49518  37.835  -33.008  20.814 0.0000000000
38232  33.410  -44.230  20.866 0.0000000000
27434  31.623  -54.758  37.748 0.0000000000
27478  29.201  -54.253  35.154 0.0000000000
125908  30.002  -54.388  38.984 0.0000000000
26397  32.912  -55.094  35.809 0.0000000000
36094  43.609  -46.373  32.436 0.0000000000
39194  44.194  -43.386  32.104 0.0000000000
42376  44.516  -40.508  31.023 0.0000000000
40308  41.951  -42.659  28.343 0.0000000000
40357  40.234  -42.071  25.826 0.0000000000
39247  39.837  -43.837  27.444 0.0000000000
36234  25.755  -46.651  22.722 0.0000000000
37203  25.962  -45.758  21.120 0.0000000000
56332  49.433  -26.371  18.612 0.0000000000
57407  49.235  -25.438  15.802 0.0000000000
58385  52.253  -24.928  16.175 0.0000000000
35113  27.834  -47.493  29.091 0.0000000000
35130  24.984  -47.441  27.746 0.0000000000
33027  26.036  -48.870  30.007 0.0000000000
120686  24.105  -52.834  31.182 0.0000000000
30853  23.507  -51.690  29.398 0.0000000000
30820  21.998  -51.625  30.742 0.0000000000
31975  20.217  -50.610  31.097 0.0000000000
30800  43.439  -51.618  32.118 0.0000000000
28643  40.543  -53.341  29.440 0.0000000000
30889  38.761  -51.516  27.297 0.0000000000
119763  38.035  -53.499  29.039 0.0000000000
30817  32.219  -51.026  31.895 0.0000000000
30875  31.816  -51.037  28.859 0.0000000000
33025  30.437  -49.399  29.266 0.0000000000
120758  28.704  -47.966  26.751 0.0000000000
113738  53.014  -29.371  16.477 0.0000000000
55409  52.471  -27.461  14.584 0.0000000000
54490  50.759  -28.587  14.487 0.0000000000
28534  17.334  -53.608  36.498 0.0000000000
130430  58.308  -29.933  20.786 0.0000000000
52337  58.228  -31.090  23.220 0.0000000000
47442  54.287  -35.160  27.653 0.0000000000
115002  54.257  -33.974  24.545 0.0000000000
49494  51.922  -33.602  24.343 0.0000000000
50488  50.171  -32.263  22.686 0.0000000000
50441  49.551  -32.410  25.451 0.0000000000
47414  42.951  -35.398  29.197 0.0000000000
49386  44.074  -33.377  30.533 0.0000000000
49425  42.828  -33.452  27.749 0.0000000000
50445  44.151  -32.047  25.986 0.0000000000
50448  41.818  -32.638  25.299 0.0000000000
51425  39.798  -31.674  21.525 0.0000000000
49507  39.421  -33.733  23.370 0.0000000000
46527  35.637  -36.478  20.023 0.0000000000
34145  35.800  -48.900  23.007 0.0000000000
36206  35.542  -45.926  23.498 0.0000000000
35229  34.017  -47.217  20.668 0.0000000000
39378  28.637  -43.146  17.585 0.0000000000
64766  52.156  -17.292  14.002 0.0000000000
63879  50.099  -18.221  14.554 0.0000000000
30792  30.584  -51.122  33.841 0.0000000000
31973  27.100  -50.836  31.865 0.0000000000
29671  28.650  -52.648  33.351 0.0000000000
27517  26.790  -54.297  33.286 0.0000000000
27501  24.697  -54.191  34.485 0.0000000000
25434  36.617  -56.594  33.580 0.0000000000
27539  35.857  -55.541  30.978 0.0000000000
27515  34.556  -55.015  33.569 0.0000000000
28557  33.205  -52.928  33.956 0.0000000000
51358  57.367  -31.373  26.091 0.0000000000
116308  52.975  -36.199  30.950 0.0000000000
45487  44.211  -38.319  33.840 0.0000000000
44496  43.925  -38.037  30.320 0.0000000000
45537  41.871  -37.663  26.994 0.0000000000
46498  39.967  -36.740  24.298 0.0000000000
43541  40.247  -39.564  24.435 0.0000000000
42491  38.684  -40.251  23.330 0.0000000000
41435  35.208  -41.019  22.152 0.0000000000
36208  29.992  -46.468  23.329 0.0000000000
37197  31.305  -45.948  20.778 0.0000000000
37200  28.348  -44.805  21.821 0.0000000000
122886  47.892  -20.809  16.970 0.0000000000
135742  47.204  -20.098  14.022 0.0000000000
59350  46.737  -23.220  14.573 0.0000000000
32003  24.970  -50.210  29.722 0.0000000000
34038  43.559  -48.748  32.220 0.0000000000
122068  41.338  -47.930  30.078 0.0000000000
36158  38.858  -46.755  27.674 0.0000000000
34080  39.267  -48.765  27.721 0.0000000000
32062  37.464  -50.294  25.217 0.0000000000
33075  34.312  -49.672  25.434 0.0000000000
29753  34.923  -52.703  29.298 0.0000000000
32035  33.364  -50.485  27.583 0.0000000000
34112  32.093  -48.534  25.312 0.0000000000
34114  29.647  -48.097  25.379 0.0000000000
119136  27.212  -46.884  24.905 0.0000000000
57361  56.488  -25.947  18.153 0.0000000000
58370  54.828  -24.847  17.129 0.0000000000
56366  54.611  -26.407  15.778 0.0000000000
27439  25.636  -55.056  38.091 0.0000000000
28529  22.729  -53.813  36.228 0.0000000000
27443  21.421  -54.232  37.777 0.0000000000
136300  20.482  -51.921  34.264 0.0000000000
62067  48.021  -20.244  19.523 0.0000000000
123327  49.363  -23.354  20.821 0.0000000000
56294  50.379  -26.324  20.781 0.0000000000
55335  53.363  -28.137  19.798 0.0000000000
54440  56.956  -27.626  19.850 0.0000000000
53489  57.316  -29.435  18.086 0.0000000000
52418  53.781  -30.244  18.624 0.0000000000
50467  57.236  -33.156  23.887 0.0000000000
51416  54.362  -31.480  21.215 0.0000000000
52399  51.367  -30.701  20.005 0.0000000000
113677  49.847  -31.758  20.192 0.0000000000
133764  48.426  -31.424  20.960 0.0000000000
47381  50.273  -35.888  31.923 0.0000000000
49314  44.887  -33.929  34.202 0.0000000000
127575  47.465  -33.640  31.313 0.0000000000
49422  48.369  -33.582  28.556 0.0000000000
50444  46.988  -31.944  26.057 0.0000000000
52341  45.494  -30.732  23.483 0.0000000000
47482  37.949  -35.203  21.808 0.0000000000
38181  36.582  -44.887  25.313 0.0000000000
39312  35.105  -43.355  23.225 0.0000000000
40426  32.869  -42.196  20.673 0.0000000000
37225  31.245  -44.944  18.855 0.0000000000
40447  31.284  -42.801  18.257 0.0000000000
27435  30.758  -54.714  38.033 0.0000000000
28496  30.830  -53.729  39.213 0.0000000000
37073  42.029  -45.612  30.798 0.0000000000
38090  43.845  -44.866  32.310 0.0000000000
38109  42.533  -43.994  30.656 0.0000000000
39205  42.630  -43.257  30.225 0.0000000000
39217  41.683  -43.674  29.362 0.0000000000
39246  40.546  -43.525  27.730 0.0000000000
132383  40.606  -44.439  28.686 0.0000000000
56330  50.878  -26.817  18.456 0.0000000000
57381  51.013  -26.079  17.218 0.0000000000
57380  51.989  -25.903  17.305 0.0000000000
130762  28.511  -48.197  30.812 0.0000000000
34061  26.527  -48.150  29.716 0.0000000000
34053  27.627  -48.507  31.002 0.0000000000
29688  22.964  -52.543  32.100 0.0000000000
29705  22.593  -52.126  31.255 0.0000000000
30821  21.631  -51.554  31.514 0.0000000000
30837  21.150  -51.044  30.686 0.0000000000
30807  21.178  -51.517  32.387 0.0000000000
26413  39.092  -55.732  32.869 0.0000000000
27528  40.722  -54.935  31.809 0.0000000000
27544  41.594  -54.258  30.735 0.0000000000
27546  39.878  -55.023  30.439 0.0000000000
29736  38.991  -53.208  28.899 0.0000000000
27547  38.424  -54.979  30.156 0.0000000000
31971  31.144  -49.934  31.767 0.0000000000
31984  31.167  -49.878  30.740 0.0000000000
33017  29.574  -48.443  30.665 0.0000000000
130847  29.133  -48.106  29.914 0.0000000000
53506  52.091  -29.442  16.995 0.0000000000
53527  51.668  -29.144  15.786 0.0000000000
53528  50.744  -29.192  15.797 0.0000000000
54349  57.209  -28.285  25.342 0.0000000000
53411  56.965  -29.980  23.681 0.0000000000
53393  57.500  -29.235  25.067 0.0000000000
48409  52.788  -35.170  27.699 0.0000000000
116118  53.298  -34.636  26.289 0.0000000000
49452  51.481  -33.876  26.199 0.0000000000
49475  50.989  -33.203  25.613 0.0000000000
49453  50.498  -33.398  26.461 0.0000000000
117209  42.457  -35.867  27.960 0.0000000000
48394  42.953  -34.433  28.918 0.0000000000
48432  41.911  -34.627  26.980 0.0000000000
49476  42.088  -33.001  26.065 0.0000000000
135545  41.212  -34.067  25.845 0.0000000000
49497  40.380  -33.710  24.523 0.0000000000
48450  40.458  -34.602  24.970 0.0000000000
34146  34.421  -48.950  22.891 0.0000000000
34168  34.933  -48.186  21.883 0.0000000000
35206  33.485  -47.858  21.490 0.0000000000
134848  50.754  -18.478  15.467 0.0000000000
63872  49.987  -18.976  15.542 0.0000000000
29652  30.735  -52.917  34.308 0.0000000000
136838  29.072  -52.122  33.586 0.0000000000
29653  29.874  -53.125  34.072 0.0000000000
27458  28.201  -54.562  36.600 0.0000000000
28562  28.109  -54.098  33.937 0.0000000000
116796  27.081  -54.540  34.843 0.0000000000
27518  25.922  -54.448  33.328 0.0000000000
27480  26.223  -54.582  35.141 0.0000000000
26394  36.266  -55.663  35.065 0.0000000000
114995  35.483  -56.262  33.474 0.0000000000
129954  34.784  -55.882  34.962 0.0000000000
27475  32.209  -54.731  35.508 0.0000000000
27495  33.241  -54.306  34.601 0.0000000000
123000  31.993  -53.498  34.566 0.0000000000
29669  32.081  -51.904  34.207 0.0000000000
41238  46.559  -41.879  34.740 0.0000000000
42339  45.758  -40.312  36.477 0.0000000000
44423  45.265  -39.400  36.639 0.0000000000
44435  44.392  -38.494  35.600 0.0000000000
44451  45.115  -39.402  34.541 0.0000000000
42406  43.611  -40.339  29.439 0.0000000000
43469  44.108  -39.473  30.255 0.0000000000
43485  43.368  -39.693  28.930 0.0000000000
44527  43.172  -38.199  28.803 0.0000000000
128115  42.002  -39.233  26.923 0.0000000000
44561  41.321  -38.546  26.085 0.0000000000
43524  41.804  -39.948  26.452 0.0000000000
40358  39.495  -42.282  25.586 0.0000000000
41385  39.572  -41.210  24.550 0.0000000000
41387  37.908  -41.716  24.219 0.0000000000
42493  36.988  -40.894  23.009 0.0000000000
41403  36.672  -41.639  23.435 0.0000000000
36209  29.095  -46.380  23.453 0.0000000000
36230  29.461  -45.899  22.819 0.0000000000
37182  27.997  -45.282  22.429 0.0000000000
60282  47.038  -22.013  18.120 0.0000000000
61169  46.652  -21.977  16.150 0.0000000000
125798  46.421  -23.516  16.759 0.0000000000
58411  49.405  -24.510  14.406 0.0000000000
133054  25.572  -46.773  25.814 0.0000000000
35141  24.995  -47.094  26.300 0.0000000000
30818  26.612  -51.693  31.585 0.0000000000
31985  25.908  -50.693  30.779 0.0000000000
30834  25.432  -51.480  30.543 0.0000000000
30877  22.458  -51.264  28.505 0.0000000000
30876  23.138  -51.382  28.881 0.0000000000
30830  42.237  -51.715  30.442 0.0000000000
117102  43.392  -50.332  31.853 0.0000000000
31982  42.010  -50.188  30.523 0.0000000000
34047  42.360  -48.726  31.064 0.0000000000
33024  40.727  -49.229  29.347 0.0000000000
34067  40.168  -48.543  28.771 0.0000000000
33035  40.195  -49.595  28.684 0.0000000000
30890  37.882  -51.663  27.066 0.0000000000
30903  38.427  -51.204  26.773 0.0000000000
32051  36.724  -51.001  25.944 0.0000000000
32064  35.923  -50.495  25.119 0.0000000000
121753  35.154  -50.575  26.454 0.0000000000
27551  34.696  -54.430  30.945 0.0000000000
28648  35.205  -53.531  29.773 0.0000000000
29718  33.549  -52.952  30.064 0.0000000000
32018  31.460  -50.575  28.438 0.0000000000
32017  32.203  -50.830  28.281 0.0000000000
33050  31.980  -49.759  27.018 0.0000000000
33062  32.668  -49.461  26.463 0.0000000000
122139  31.188  -48.733  25.883 0.0000000000
34132  30.328  -47.829  24.969 0.0000000000
123031  29.709  -48.573  26.037 0.0000000000
36159  27.370  -46.821  27.199 0.0000000000
35139  28.254  -47.493  26.056 0.0000000000
36180  27.002  -46.621  25.638 0.0000000000
136396  56.420  -26.595  17.554 0.0000000000
56361  55.796  -26.449  16.999 0.0000000000
55403  54.354  -27.269  15.977 0.0000000000
56371  52.700  -26.637  14.186 0.0000000000
26374  24.457  -55.411  39.115 0.0000000000
27462  24.582  -54.606  36.705 0.0000000000
27441  23.488  -54.687  37.527 0.0000000000
115069  18.985  -53.723  37.279 0.0000000000
28531  20.336  -53.181  36.422 0.0000000000
28546  20.864  -52.965  35.874 0.0000000000
29655  20.203  -52.160  34.977 0.0000000000
30796  19.099  -51.327  33.592 0.0000000000
30775  18.803  -51.749  34.307 0.0000000000
62956  48.557  -18.484  19.207 0.0000000000
61131  49.690  -21.108  21.104 0.0000000000
60254  50.587  -22.198  21.690 0.0000000000
59285  49.740  -24.062  21.075 0.0000000000
59284  50.425  -23.900  21.569 0.0000000000
123658  53.177  -27.066  22.852 0.0000000000
56280  52.086  -26.957  22.112 0.0000000000
54404  53.656  -28.814  20.940 0.0000000000
54441  55.458  -27.889  19.834 0.0000000000
54424  54.997  -28.828  20.171 0.0000000000
133503  59.087  -30.240  20.606 0.0000000000
53475  58.260  -28.970  19.541 0.0000000000
52394  57.792  -30.228  18.865 0.0000000000
52416  55.946  -30.316  18.166 0.0000000000
51447  56.113  -31.019  19.575 0.0000000000
51359  56.945  -32.139  26.523 0.0000000000
50438  57.941  -32.717  25.145 0.0000000000
49470  56.995  -33.695  25.539 0.0000000000
50470  53.398  -33.097  23.316 0.0000000000
50483  54.359  -32.377  22.585 0.0000000000
130585  53.177  -31.694  21.901 0.0000000000
52380  52.999  -30.717  20.324 0.0000000000
113680  51.774  -31.556  21.207 0.0000000000
51448  50.582  -31.197  20.130 0.0000000000
51419  50.966  -32.020  21.366 0.0000000000
51392  48.857  -31.553  23.345 0.0000000000
51421  49.018  -31.707  21.452 0.0000000000
51422  48.145  -31.095  21.690 0.0000000000
52365  47.377  -30.690  21.983 0.0000000000
48339  49.257  -34.974  33.449 0.0000000000
120482  43.315  -35.713  34.218 0.0000000000
118319  43.555  -34.601  35.085 0.0000000000
48325  43.514  -34.685  33.163 0.0000000000
49404  44.601  -32.923  29.846 0.0000000000
49363  45.235  -33.388  31.397 0.0000000000
49384  46.582  -33.283  30.282 0.0000000000
121479  48.127  -33.730  30.178 0.0000000000
49423  47.077  -33.145  28.833 0.0000000000
50412  47.966  -32.857  27.233 0.0000000000
50414  46.380  -32.445  27.358 0.0000000000
51384  43.515  -31.503  24.690 0.0000000000
129020  44.631  -31.122  24.261 0.0000000000
52343  43.656  -30.801  23.437 0.0000000000
52355  44.269  -30.249  22.166 0.0000000000
52370  42.646  -30.394  21.780 0.0000000000
52371  41.613  -30.673  21.546 0.0000000000
50499  39.036  -32.095  21.183 0.0000000000
51440  39.397  -31.231  19.992 0.0000000000
45579  39.120  -37.239  23.235 0.0000000000
46510  38.878  -36.387  23.033 0.0000000000
123499  38.103  -36.703  22.032 0.0000000000
48479  35.775  -34.927  19.379 0.0000000000
35125  38.339  -47.177  27.060 0.0000000000
37124  38.335  -45.533  27.165 0.0000000000
36178  36.880  -46.377  25.562 0.0000000000
37179  34.606  -45.413  22.278 0.0000000000
37165  35.275  -45.078  23.575 0.0000000000
38215  34.365  -44.392  22.224 0.0000000000
40407  34.299  -42.537  22.138 0.0000000000
39343  33.210  -43.240  20.874 0.0000000000
38253  30.296  -44.625  19.970 0.0000000000
37214  31.519  -45.870  19.870 0.0000000000
38264  30.037  -44.205  19.297 0.0000000000
39376  30.238  -43.194  17.568 0.0000000000
119636  31.386  -41.896  18.703 0.0000000000
61185  46.775  -21.073  13.227 0.0000000000
63014  47.428  -19.920  12.618 0.0000000000
58392  55.678  -24.271  15.950 0.0000000000
27455  31.478  -54.986  36.790 0.0000000000
28543  29.957  -54.238  35.246 0.0000000000
27477  30.571  -54.645  36.240 0.0000000000
114870  29.114  -54.666  37.647 0.0000000000
27436  28.054  -54.692  37.784 0.0000000000
27454  32.296  -55.075  36.395 0.0000000000
36076  44.529  -46.572  33.259 0.0000000000
37038  45.410  -45.214  34.295 0.0000000000
117906  45.209  -45.142  33.527 0.0000000000
39182  45.387  -43.692  33.195 0.0000000000
41261  45.810  -41.546  32.976 0.0000000000
42364  45.466  -40.407  32.535 0.0000000000
120213  44.538  -41.885  31.721 0.0000000000
123289  43.110  -42.056  29.720 0.0000000000
40307  42.537  -41.911  28.393 0.0000000000
41343  41.619  -41.371  26.513 0.0000000000
40320  41.606  -42.467  27.548 0.0000000000
40339  39.777  -42.616  26.149 0.0000000000
39279  38.356  -43.238  25.826 0.0000000000
36233  26.606  -46.078  22.653 0.0000000000
37183  27.220  -45.444  22.363 0.0000000000
36250  25.809  -46.143  21.905 0.0000000000
57366  48.261  -25.519  18.672 0.0000000000
137450  47.416  -25.080  16.815 0.0000000000
57401  49.682  -25.776  16.513 0.0000000000
57406  50.247  -25.349  15.858 0.0000000000
36155  27.252  -46.963  28.007 0.0000000000
35129  25.313  -46.904  27.086 0.0000000000
118268  25.665  -47.446  28.314 0.0000000000
34071  25.159  -47.962  28.554 0.0000000000
34072  24.572  -48.589  28.680 0.0000000000
29703  24.864  -52.986  31.094 0.0000000000
30835  24.656  -51.887  30.182 0.0000000000
29723  23.476  -52.363  30.591 0.0000000000
29724  22.681  -51.920  30.272 0.0000000000
32007  19.354  -50.380  29.620 0.0000000000
29716  42.698  -52.973  30.744 0.0000000000
29733  41.361  -52.366  29.572 0.0000000000
134712  40.154  -51.112  28.468 0.0000000000
29748  39.914  -52.119  28.458 0.0000000000
124182  38.251  -52.785  28.521 0.0000000000
29751  36.783  -52.409  28.440 0.0000000000
30816  32.660  -51.847  31.580 0.0000000000
29720  32.916  -52.434  30.179 0.0000000000
30832  32.056  -51.364  30.376 0.0000000000
32001  31.427  -50.660  29.179 0.0000000000
33037  30.361  -49.501  28.502 0.0000000000
33064  29.794  -48.893  26.823 0.0000000000
34069  29.613  -48.681  28.386 0.0000000000
35118  28.403  -47.580  28.275 0.0000000000
54473  54.311  -28.969  16.207 0.0000000000
54481  54.113  -28.238  15.986 0.0000000000
54482  52.814  -28.604  15.429 0.0000000000
54489  51.560  -28.422  14.686 0.0000000000
28520  18.468  -54.016  37.983 0.0000000000
28547  18.125  -53.293  36.141 0.0000000000
29658  17.621  -52.558  34.594 0.0000000000
28567  17.059  -53.076  34.976 0.0000000000
54366  54.812  -28.618  23.319 0.0000000000
53443  55.966  -30.028  21.185 0.0000000000
53412  56.047  -29.798  23.239 0.0000000000
52352  58.025  -30.502  21.798 0.0000000000
123253  59.166  -31.045  21.863 0.0000000000
48426  55.372  -34.805  27.140 0.0000000000
127956  56.242  -34.186  25.967 0.0000000000
48446  54.209  -34.373  25.418 0.0000000000
49472  53.310  -34.146  24.691 0.0000000000
49505  51.964  -33.366  23.543 0.0000000000
50486  51.376  -32.585  22.403 0.0000000000
50455  51.375  -33.007  23.868 0.0000000000
50457  49.878  -32.236  24.391 0.0000000000
51378  49.041  -31.711  24.159 0.0000000000
47390  43.358  -35.543  30.796 0.0000000000
48358  43.395  -34.736  31.492 0.0000000000
48369  43.335  -34.616  30.530 0.0000000000
49406  43.401  -33.584  29.344 0.0000000000
49424  44.177  -32.672  28.564 0.0000000000
113930  44.805  -32.292  27.037 0.0000000000
50432  43.642  -32.403  26.518 0.0000000000
50447  42.587  -32.406  25.622 0.0000000000
51400  41.786  -31.644  23.668 0.0000000000
51411  41.308  -31.203  22.365 0.0000000000
50475  41.023  -32.035  23.580 0.0000000000
50490  39.513  -32.698  22.640 0.0000000000
49512  38.529  -33.674  22.178 0.0000000000
43583  37.024  -38.651  21.567 0.0000000000
45591  37.005  -37.035  21.030 0.0000000000
46522  35.688  -37.156  20.372 0.0000000000
46528  34.376  -36.436  19.389 0.0000000000
117212  33.536  -35.625  18.061 0.0000000000
35168  36.603  -48.002  24.076 0.0000000000
36191  36.246  -47.161  23.928 0.0000000000
35187  35.771  -47.464  23.112 0.0000000000
36225  34.794  -46.998  21.882 0.0000000000
37213  33.397  -46.036  20.000 0.0000000000
132133  29.120  -43.512  18.731 0.0000000000
137272  27.879  -43.530  17.933 0.0000000000
132021  51.998  -18.238  15.882 0.0000000000
116717  50.898  -17.861  14.573 0.0000000000
64773  49.800  -18.077  12.817 0.0000000000
31959  29.688  -49.920  32.836 0.0000000000
31960  28.274  -50.178  32.590 0.0000000000
118181  28.875  -50.496  33.048 0.0000000000
29684  28.038  -52.190  32.834 0.0000000000
29685  27.429  -52.814  32.353 0.0000000000
28561  28.697  -53.744  34.016 0.0000000000
135655  27.572  -53.513  32.792 0.0000000000
28603  26.139  -53.392  31.799 0.0000000000
28604  25.434  -53.785  32.053 0.0000000000
28586  24.574  -53.871  32.990 0.0000000000
28587  23.800  -53.474  33.228 0.0000000000
25448  37.963  -56.641  31.724 0.0000000000
26437  36.803  -55.733  30.771 0.0000000000
26420  36.306  -56.568  32.262 0.0000000000
27529  35.151  -55.437  31.990 0.0000000000
28600  34.318  -54.133  31.921 0.0000000000
27494  34.009  -54.958  34.524 0.0000000000
27516  33.954  -54.153  33.909 0.0000000000
29682  33.446  -52.744  33.058 0.0000000000
30790  32.445  -51.492  33.384 0.0000000000
31940  31.334  -50.671  33.197 0.0000000000
53508  49.886  -29.550  17.228 0.0000000000
113736  49.768  -29.225  15.782 0.0000000000
137145  48.573  -29.570  16.253 0.0000000000
53356  57.504  -29.519  26.047 0.0000000000
49419  55.575  -33.867  28.072 0.0000000000
48388  54.665  -35.087  28.533 0.0000000000
47412  53.910  -35.996  28.891 0.0000000000
47413  52.400  -36.141  29.239 0.0000000000
45476  43.518  -37.269  34.781 0.0000000000
125772  43.527  -36.938  33.333 0.0000000000
43442  44.943  -39.254  32.104 0.0000000000
45494  44.263  -37.972  32.158 0.0000000000
45502  43.878  -37.201  31.555 0.0000000000
45512  43.552  -37.284  29.882 0.0000000000
46472  42.538  -36.714  28.050 0.0000000000
122067  41.563  -36.987  26.545 0.0000000000
119988  40.755  -36.332  25.453 0.0000000000
45549  41.051  -37.138  25.783 0.0000000000
44575  40.503  -38.159  24.923 0.0000000000
44607  39.298  -38.611  23.361 0.0000000000
42463  40.956  -40.614  25.368 0.0000000000
42490  39.363  -40.148  23.724 0.0000000000
43557  38.511  -39.545  22.820 0.0000000000
43571  37.060  -39.814  22.214 0.0000000000
43585  35.864  -39.604  21.617 0.0000000000
42545  34.241  -40.197  21.285 0.0000000000
35189  31.477  -47.275  23.512 0.0000000000
36227  31.924  -46.862  21.962 0.0000000000
36228  31.179  -46.380  22.280 0.0000000000
124502  30.090  -45.147  21.456 0.0000000000
38255  28.243  -44.076  20.489 0.0000000000
37201  27.447  -44.918  21.847 0.0000000000
38256  27.415  -44.382  20.487 0.0000000000
62087  48.521  -20.441  16.745 0.0000000000
62992  48.523  -19.763  15.382 0.0000000000
62102  47.218  -20.748  15.444 0.0000000000
61176  46.486  -21.822  14.424 0.0000000000
60305  47.023  -22.471  13.329 0.0000000000
58399  47.635  -24.657  15.166 0.0000000000
59348  47.954  -23.781  13.693 0.0000000000
132102  26.386  -49.988  31.040 0.0000000000
33028  25.359  -49.371  29.758 0.0000000000
33039  23.981  -49.281  28.639 0.0000000000
30852  24.206  -51.509  29.592 0.0000000000
32020  23.484  -50.116  28.525 0.0000000000
123246  44.474  -48.157  33.033 0.0000000000
34021  43.771  -47.932  32.420 0.0000000000
36113  42.568  -47.012  31.395 0.0000000000
36135  40.897  -46.432  29.634 0.0000000000
37107  39.856  -45.877  28.535 0.0000000000
36150  40.238  -46.787  28.960 0.0000000000
35124  39.071  -47.810  27.670 0.0000000000
119400  38.469  -48.141  26.902 0.0000000000
32031  39.365  -50.479  27.474 0.0000000000
33059  38.595  -49.751  26.491 0.0000000000
34109  37.820  -49.215  25.497 0.0000000000
33086  36.662  -49.683  24.194 0.0000000000
133376  35.292  -49.674  23.919 0.0000000000
33089  34.055  -49.031  23.897 0.0000000000
27555  36.641  -54.347  29.806 0.0000000000
29739  35.704  -52.990  29.313 0.0000000000
30872  35.174  -51.754  28.345 0.0000000000
113698  32.933  -51.792  29.079 0.0000000000
119880  34.209  -51.478  28.391 0.0000000000
32034  34.415  -50.557  27.172 0.0000000000
33060  34.385  -50.081  26.336 0.0000000000
34111  32.883  -48.724  25.014 0.0000000000
114541  32.775  -48.261  23.871 0.0000000000
35170  30.956  -47.535  24.404 0.0000000000
134253  30.205  -47.370  24.418 0.0000000000
35192  28.706  -46.854  23.905 0.0000000000
34115  28.973  -48.100  25.823 0.0000000000
35155  28.428  -47.568  25.232 0.0000000000
36193  27.944  -46.957  23.990 0.0000000000
36212  26.356  -46.659  23.435 0.0000000000
56328  54.289  -26.471  18.575 0.0000000000
57378  54.268  -25.350  17.616 0.0000000000
57377  55.244  -25.296  17.619 0.0000000000
56367  53.802  -26.685  15.223 0.0000000000
114966  53.143  -26.000  13.727 0.0000000000
53529  49.257  -29.134  14.929 0.0000000000
132873  29.507  -53.398  39.983 0.0000000000
27399  28.882  -54.339  39.499 0.0000000000
27417  27.706  -54.803  38.732 0.0000000000
27418  26.852  -55.001  38.950 0.0000000000
115285  26.744  -54.707  37.146 0.0000000000
132082  24.851  -54.485  36.068 0.0000000000
27502  24.001  -54.016  35.163 0.0000000000
131362  22.690  -53.263  34.627 0.0000000000
27442  22.324  -54.596  38.076 0.0000000000
124218  22.290  -53.918  36.701 0.0000000000
28566  21.861  -52.850  34.767 0.0000000000
115751  21.748  -52.445  33.859 0.0000000000
30794  20.728  -51.560  33.169 0.0000000000
63856  49.553  -19.631  17.398 0.0000000000
62966  48.224  -19.953  17.914 0.0000000000
62074  47.696  -20.324  18.872 0.0000000000
60271  47.950  -21.945  19.739 0.0000000000
62949  49.308  -19.255  20.449 0.0000000000
60264  48.837  -21.668  20.546 0.0000000000
59307  48.006  -23.074  19.692 0.0000000000
57346  48.892  -25.061  19.986 0.0000000000
56313  49.430  -26.230  19.563 0.0000000000
131601  50.854  -27.088  19.228 0.0000000000
57334  51.137  -25.393  21.825 0.0000000000
55337  51.718  -27.616  20.559 0.0000000000
56310  52.660  -27.258  18.788 0.0000000000
137073  54.825  -26.868  18.990 0.0000000000
56307  57.051  -26.518  19.105 0.0000000000
55370  57.484  -27.007  18.478 0.0000000000
54423  57.193  -28.475  20.055 0.0000000000
54438  58.167  -27.787  19.282 0.0000000000
53502  56.623  -29.082  17.478 0.0000000000
53504  54.692  -29.593  17.055 0.0000000000
52436  54.232  -30.006  17.735 0.0000000000
53492  52.095  -29.583  17.866 0.0000000000
52323  58.155  -30.773  24.994 0.0000000000
50454  58.500  -32.234  23.790 0.0000000000
50480  57.981  -32.386  22.509 0.0000000000
49501  56.234  -33.410  24.198 0.0000000000
50482  55.357  -32.447  22.485 0.0000000000
121248  56.349  -31.719  20.993 0.0000000000
52379  53.987  -30.775  20.091 0.0000000000
52397  53.380  -30.438  19.490 0.0000000000
53493  51.186  -29.754  18.406 0.0000000000
52421  50.587  -30.227  19.030 0.0000000000
115585  49.417  -31.133  19.187 0.0000000000
50502  50.201  -32.143  21.227 0.0000000000
115130  49.213  -32.131  20.171 0.0000000000
46445  51.458  -36.708  31.729 0.0000000000
48377  50.676  -35.469  29.489 0.0000000000
49313  46.601  -33.789  34.261 0.0000000000
117609  44.187  -33.898  32.307 0.0000000000
49347  46.205  -33.586  32.539 0.0000000000
48341  47.810  -33.955  32.854 0.0000000000
48356  48.799  -34.388  31.609 0.0000000000
48379  48.994  -34.278  29.717 0.0000000000
48392  49.624  -34.122  28.455 0.0000000000
49455  48.935  -32.990  26.919 0.0000000000
50442  48.521  -32.084  25.509 0.0000000000
51380  47.491  -31.373  24.480 0.0000000000
51360  45.799  -31.868  26.152 0.0000000000
51381  46.112  -31.348  24.921 0.0000000000
52340  46.460  -30.822  23.429 0.0000000000
122651  45.844  -30.248  22.066 0.0000000000
52372  40.844  -30.844  21.077 0.0000000000
52409  39.829  -30.773  19.251 0.0000000000
48460  39.695  -35.009  24.045 0.0000000000
48466  38.428  -34.747  22.395 0.0000000000
49519  37.486  -33.973  20.989 0.0000000000
46520  37.019  -36.160  20.942 0.0000000000
48473  36.799  -34.912  20.441 0.0000000000
38143  39.728  -45.131  28.216 0.0000000000
38173  38.249  -44.568  26.743 0.0000000000
39280  37.606  -43.599  25.623 0.0000000000
37149  36.188  -45.567  24.760 0.0000000000
116623  36.330  -44.210  24.881 0.0000000000
39304  36.098  -43.138  24.091 0.0000000000
40396  35.085  -42.449  22.829 0.0000000000
41436  34.137  -41.742  21.796 0.0000000000
42547  32.949  -40.522  20.635 0.0000000000
36261  31.969  -46.471  20.331 0.0000000000
36270  32.883  -46.239  19.610 0.0000000000
38252  32.478  -44.695  19.407 0.0000000000
39367  30.553  -43.810  18.205 0.0000000000
38277  31.581  -44.315  18.655 0.0000000000
133591  32.459  -43.802  19.656 0.0000000000
137473  32.486  -42.616  20.077 0.0000000000
41457  31.955  -41.166  19.774 0.0000000000
62999  48.494  -19.156  14.473 0.0000000000
63890  48.554  -18.834  12.634 0.0000000000
63894  49.488  -18.695  11.482 0.0000000000
58383  54.310  -24.552  16.523 0.0000000000
37074  41.573  -45.306  30.178 0.0000000000
125152  42.527  -44.783  31.083 0.0000000000
38110  41.998  -44.692  30.421 0.0000000000
38123  42.088  -43.892  29.992 0.0000000000
38124  41.448  -44.577  29.709 0.0000000000
38141  41.074  -44.098  29.045 0.0000000000
38125  40.779  -44.898  29.190 0.0000000000
56348  52.193  -26.368  17.818 0.0000000000
56349  51.364  -26.496  17.823 0.0000000000
33007  29.086  -48.619  31.571 0.0000000000
34042  28.044  -48.843  31.592 0.0000000000
29689  22.069  -52.048  32.243 0.0000000000
25446  39.329  -56.084  31.538 0.0000000000
26412  39.964  -55.361  32.301 0.0000000000
131405  39.642  -55.774  31.123 0.0000000000
26433  40.150  -55.357  30.873 0.0000000000
130173  39.198  -55.210  30.451 0.0000000000
28634  39.298  -54.701  30.074 0.0000000000
26435  38.777  -55.709  30.733 0.0000000000
33006  30.530  -49.341  31.459 0.0000000000
125110  29.948  -48.791  31.314 0.0000000000
53515  51.253  -29.352  16.557 0.0000000000
54335  57.412  -28.499  25.653 0.0000000000
48410  51.669  -34.668  27.687 0.0000000000
48430  52.083  -34.474  26.891 0.0000000000
48431  51.101  -34.100  27.036 0.0000000000
123142  42.360  -35.002  27.727 0.0000000000
49458  41.697  -33.814  26.315 0.0000000000
48433  41.359  -34.702  26.218 0.0000000000
48449  40.898  -34.701  25.588 0.0000000000
34159  33.819  -48.435  22.298 0.0000000000
34160  32.945  -47.866  22.388 0.0000000000
62984  50.636  -19.634  16.847 0.0000000000
62990  50.277  -19.606  16.413 0.0000000000
121283  31.180  -53.598  34.587 0.0000000000
28559  30.340  -53.697  34.532 0.0000000000
114133  27.633  -54.496  35.589 0.0000000000
114356  26.882  -54.581  35.629 0.0000000000
27473  36.355  -54.647  35.469 0.0000000000
25428  35.768  -56.049  34.693 0.0000000000
26405  35.194  -55.896  35.122 0.0000000000
133541  31.637  -54.249  35.021 0.0000000000
126989  31.605  -52.734  34.383 0.0000000000
42349  46.398  -41.211  34.629 0.0000000000
41234  46.426  -41.464  35.345 0.0000000000
125025  46.327  -40.914  35.374 0.0000000000
43401  45.584  -39.860  36.234 0.0000000000
136284  45.602  -39.921  35.663 0.0000000000
43416  45.111  -39.381  35.630 0.0000000000
43428  45.607  -40.017  34.939 0.0000000000
42421  43.181  -40.448  28.670 0.0000000000
43486  42.923  -39.866  28.242 0.0000000000
127989  42.527  -39.287  27.704 0.0000000000
43523  42.290  -39.982  27.087 0.0000000000
40376  38.334  -42.144  24.805 0.0000000000
41402  37.472  -41.313  23.611 0.0000000000
40389  37.108  -42.033  24.025 0.0000000000
36231  28.554  -45.813  22.958 0.0000000000
36232  27.612  -45.889  22.941 0.0000000000
59313  46.902  -23.102  18.334 0.0000000000
132410  46.710  -22.581  17.599 0.0000000000
59314  46.552  -23.475  17.527 0.0000000000
30833  26.046  -51.345  31.092 0.0000000000
130729  41.761  -50.928  30.174 0.0000000000
31981  42.429  -50.885  30.790 0.0000000000
33012  41.895  -49.336  30.529 0.0000000000
33023  41.379  -49.949  29.859 0.0000000000
131771  40.673  -50.215  29.179 0.0000000000
30891  36.966  -51.656  27.336 0.0000000000
30905  37.099  -51.341  26.550 0.0000000000
30906  36.184  -51.076  26.521 0.0000000000
32052  35.929  -50.777  25.885 0.0000000000
136383  35.666  -50.845  26.501 0.0000000000
28620  34.246  -53.974  31.190 0.0000000000
28637  34.061  -53.608  30.615 0.0000000000
29719  33.474  -53.000  30.571 0.0000000000
32038  31.048  -50.218  27.971 0.0000000000
32037  31.652  -50.324  27.764 0.0000000000
33051  31.096  -49.845  27.367 0.0000000000
34093  31.134  -49.368  26.622 0.0000000000
34094  30.411  -48.952  26.323 0.0000000000
36169  26.655  -46.568  26.581 0.0000000000
117950  27.551  -46.862  26.301 0.0000000000
36181  26.207  -46.563  25.758 0.0000000000
55387  55.937  -27.424  17.183 0.0000000000
55398  55.043  -27.613  16.508 0.0000000000
26358  24.899  -55.335  40.080 0.0000000000
27420  23.951  -55.152  38.227 0.0000000000
29635  19.057  -52.938  36.154 0.0000000000
28532  19.466  -53.300  36.634 0.0000000000
29634  19.751  -52.884  36.105 0.0000000000
29645  20.293  -52.663  35.720 0.0000000000
29646  19.554  -52.511  35.591 0.0000000000
29656  19.240  -52.090  34.953 0.0000000000
29657  18.375  -52.302  34.849 0.0000000000
63824  49.435  -17.496  19.641 0.0000000000
61123  51.301  -21.247  21.880 0.0000000000
61124  50.487  -21.243  21.520 0.0000000000
128588  50.797  -23.024  21.944 0.0000000000
55304  53.350  -27.851  22.560 0.0000000000
55316  53.022  -28.275  21.675 0.0000000000
135133  54.248  -28.920  20.482 0.0000000000
54403  54.464  -29.292  20.955 0.0000000000
51428  58.246  -31.007  20.168 0.0000000000
51445  58.558  -30.286  19.611 0.0000000000
51446  57.386  -30.774  19.487 0.0000000000
52395  56.610  -30.555  18.835 0.0000000000
51429  56.886  -31.333  20.206 0.0000000000
50425  57.016  -33.217  26.374 0.0000000000
50439  57.330  -33.267  25.686 0.0000000000
49450  56.730  -33.826  26.262 0.0000000000
50471  52.654  -32.816  22.857 0.0000000000
51406  52.872  -32.101  22.387 0.0000000000
51418  52.437  -31.740  21.748 0.0000000000
50495  51.626  -32.025  21.756 0.0000000000
50496  51.302  -32.336  21.934 0.0000000000
51408  48.549  -31.348  22.335 0.0000000000
51409  47.896  -31.001  22.412 0.0000000000
52339  47.302  -30.864  22.871 0.0000000000
121957  48.872  -34.828  34.321 0.0000000000
47355  43.319  -35.397  33.405 0.0000000000
48312  43.427  -34.780  34.182 0.0000000000
50388  45.517  -32.763  29.133 0.0000000000
116388  45.637  -33.038  30.063 0.0000000000
49403  46.441  -33.075  29.449 0.0000000000
129964  46.367  -32.876  28.767 0.0000000000
50399  46.783  -32.824  28.151 0.0000000000
51398  43.077  -31.260  24.014 0.0000000000
51397  43.955  -31.136  24.136 0.0000000000
52344  42.843  -30.905  23.235 0.0000000000
52356  43.385  -30.497  22.561 0.0000000000
52357  42.573  -30.713  22.594 0.0000000000
52358  42.018  -30.785  22.282 0.0000000000
50504  38.440  -32.395  20.800 0.0000000000
50503  38.791  -31.818  20.416 0.0000000000
117193  38.005  -32.246  19.982 0.0000000000
44619  38.917  -38.019  22.916 0.0000000000
45580  38.528  -37.177  22.537 0.0000000000
45585  37.945  -37.396  21.898 0.0000000000
124762  37.715  -47.070  26.380 0.0000000000
115100  37.234  -47.076  25.728 0.0000000000
37195  34.128  -45.317  21.556 0.0000000000
38231  33.844  -44.520  21.469 0.0000000000
39325  33.854  -43.519  21.701 0.0000000000
38254  29.282  -44.067  20.218 0.0000000000
38265  29.214  -43.726  19.362 0.0000000000
60316  47.426  -21.688  11.934 0.0000000000
61193  47.785  -21.826  11.074 0.0000000000
120327  30.897  -54.873  37.229 0.0000000000
116546  30.001  -54.622  38.263 0.0000000000
27415  29.379  -54.505  38.766 0.0000000000
27433  32.521  -54.611  37.627 0.0000000000
132363  32.147  -55.018  37.157 0.0000000000
36077  44.202  -46.336  32.922 0.0000000000
36062  45.116  -45.963  33.586 0.0000000000
37051  44.050  -45.654  32.678 0.0000000000
38098  43.670  -44.100  31.900 0.0000000000
38097  44.347  -44.145  32.474 0.0000000000
39183  44.841  -43.509  32.666 0.0000000000
40235  45.700  -42.390  33.090 0.0000000000
40251  44.831  -42.648  32.376 0.0000000000
41262  45.224  -41.759  32.370 0.0000000000
40269  44.061  -42.647  31.642 0.0000000000
39216  42.272  -43.166  29.584 0.0000000000
40286  43.192  -42.539  30.429 0.0000000000
40298  42.526  -42.452  29.121 0.0000000000
41312  43.037  -41.645  29.046 0.0000000000
40319  42.144  -42.073  27.804 0.0000000000
39263  40.274  -43.212  27.148 0.0000000000
39264  39.609  -43.274  26.703 0.0000000000
40340  39.111  -42.924  26.030 0.0000000000
39265  38.729  -43.657  26.450 0.0000000000
35222  25.086  -46.941  21.972 0.0000000000
114106  48.837  -26.056  18.171 0.0000000000
57383  48.300  -25.656  17.539 0.0000000000
57382  49.519  -26.296  17.829 0.0000000000
57399  51.644  -25.506  16.664 0.0000000000
57400  50.654  -25.671  16.563 0.0000000000
58386  51.260  -25.137  15.998 0.0000000000
58395  51.839  -24.582  15.484 0.0000000000
116977  27.245  -47.264  28.616 0.0000000000
35120  26.485  -47.186  28.384 0.0000000000
35114  26.900  -47.535  29.183 0.0000000000
34062  25.988  -47.829  29.054 0.0000000000
135597  25.977  -48.357  29.533 0.0000000000
34063  25.378  -48.594  29.304 0.0000000000
28623  24.663  -53.390  31.746 0.0000000000
29722  24.349  -52.490  30.572 0.0000000000
117794  21.914  -51.473  29.941 0.0000000000
31988  21.111  -50.917  29.576 0.0000000000
31989  20.280  -50.511  30.099 0.0000000000
31990  19.465  -50.379  30.624 0.0000000000
28574  42.385  -52.925  32.486 0.0000000000
117714  41.155  -53.909  30.059 0.0000000000
28633  42.038  -53.508  30.411 0.0000000000
29717  41.387  -53.064  29.730 0.0000000000
131862  42.052  -52.598  30.184 0.0000000000
29734  40.694  -52.451  29.091 0.0000000000
29735  39.879  -52.863  28.858 0.0000000000
29750  37.600  -52.480  28.259 0.0000000000
29737  37.353  -52.951  28.740 0.0000000000
124897  32.231  -51.404  31.083 0.0000000000
33016  30.438  -49.137  30.410 0.0000000000
32002  31.000  -49.987  29.684 0.0000000000
32019  30.853  -50.086  28.653 0.0000000000
33053  29.987  -49.195  28.079 0.0000000000
33038  29.985  -48.958  28.813 0.0000000000
127744  28.737  -47.848  29.131 0.0000000000
35119  27.729  -47.263  28.357 0.0000000000
53514  54.076  -29.285  16.492 0.0000000000
54474  53.506  -28.988  15.895 0.0000000000
54484  51.190  -28.884  15.177 0.0000000000
54483  52.050  -28.751  15.283 0.0000000000
55411  51.130  -28.069  13.997 0.0000000000
54495  50.405  -28.304  13.717 0.0000000000
115161  18.081  -53.799  37.055 0.0000000000
28548  17.247  -53.306  35.752 0.0000000000
53413  55.233  -29.543  22.848 0.0000000000
54365  55.577  -28.906  23.661 0.0000000000
53410  57.754  -30.183  24.162 0.0000000000
52338  57.756  -30.712  22.949 0.0000000000
52351  58.773  -30.790  22.089 0.0000000000
52350  58.738  -31.319  22.654 0.0000000000
48427  54.716  -35.018  27.010 0.0000000000
132200  55.227  -34.572  26.334 0.0000000000
115034  54.069  -34.661  26.243 0.0000000000
49473  52.527  -34.064  24.935 0.0000000000
48447  53.267  -34.413  25.555 0.0000000000
49493  52.568  -33.757  24.119 0.0000000000
50472  51.392  -32.888  23.037 0.0000000000
50426  50.249  -32.841  25.801 0.0000000000
50440  50.464  -32.664  25.074 0.0000000000
50458  49.098  -31.944  24.872 0.0000000000
47402  43.267  -35.498  29.953 0.0000000000
48395  42.668  -34.282  28.177 0.0000000000
127015  43.124  -33.549  28.518 0.0000000000
49405  43.953  -32.888  29.295 0.0000000000
50417  43.561  -32.824  27.990 0.0000000000
115822  43.986  -32.479  27.188 0.0000000000
49441  43.163  -32.789  27.154 0.0000000000
50459  42.366  -32.059  24.915 0.0000000000
50460  41.568  -32.234  24.407 0.0000000000
50461  40.668  -32.748  24.105 0.0000000000
49506  39.977  -33.275  23.760 0.0000000000
50477  39.605  -33.070  23.191 0.0000000000
50491  38.968  -32.959  22.243 0.0000000000
49511  39.141  -33.365  22.766 0.0000000000
44628  36.377  -38.206  21.143 0.0000000000
120037  35.721  -37.903  20.763 0.0000000000
46529  33.571  -36.696  19.148 0.0000000000
46534  33.899  -35.984  18.780 0.0000000000
46535  33.169  -36.291  18.499 0.0000000000
34144  36.286  -48.595  23.477 0.0000000000
35186  36.198  -47.952  23.431 0.0000000000
34156  35.818  -48.274  22.875 0.0000000000
35219  34.242  -47.511  21.062 0.0000000000
35218  34.627  -47.654  21.556 0.0000000000
36246  34.360  -47.023  20.982 0.0000000000
37212  33.903  -46.157  20.891 0.0000000000
36258  33.764  -46.763  20.444 0.0000000000
64763  51.312  -18.120  15.367 0.0000000000
64768  50.444  -17.773  13.543 0.0000000000
63886  49.527  -18.247  13.648 0.0000000000
31942  29.636  -50.761  33.418 0.0000000000
31943  28.799  -51.582  33.302 0.0000000000
29672  28.010  -53.001  32.889 0.0000000000
28560  29.420  -53.801  34.415 0.0000000000
27498  27.340  -54.363  33.990 0.0000000000
132084  27.565  -54.027  33.291 0.0000000000
28583  27.054  -53.932  32.793 0.0000000000
28602  26.917  -53.497  32.314 0.0000000000
28584  26.264  -54.076  32.514 0.0000000000
27519  25.057  -54.218  33.554 0.0000000000
28563  24.225  -53.848  33.794 0.0000000000
25426  37.071  -56.273  33.976 0.0000000000
26403  37.416  -55.514  34.136 0.0000000000
25425  37.662  -56.166  33.617 0.0000000000
25432  38.239  -56.373  32.980 0.0000000000
25440  37.675  -56.778  32.482 0.0000000000
25449  37.109  -56.750  31.951 0.0000000000
25441  36.839  -56.856  32.792 0.0000000000
26415  34.961  -55.838  33.770 0.0000000000
26421  35.631  -56.181  32.569 0.0000000000
26422  35.108  -55.614  32.948 0.0000000000
27530  34.697  -54.859  32.408 0.0000000000
26396  33.647  -55.317  35.861 0.0000000000
26406  34.189  -55.543  35.217 0.0000000000
26407  33.446  -55.065  35.219 0.0000000000
28558  32.776  -53.516  34.389 0.0000000000
131375  33.413  -53.602  34.107 0.0000000000
28581  33.758  -53.425  33.445 0.0000000000
29683  33.018  -52.051  32.564 0.0000000000
29668  32.906  -52.155  33.766 0.0000000000
30772  31.154  -51.914  34.300 0.0000000000
30791  31.628  -51.237  33.756 0.0000000000
31941  30.641  -50.235  32.873 0.0000000000
137557  49.162  -29.747  17.299 0.0000000000
49420  55.002  -34.233  28.606 0.0000000000
48375  54.490  -34.578  29.287 0.0000000000
47400  53.702  -35.867  30.005 0.0000000000
47388  53.208  -36.593  30.193 0.0000000000
116277  53.291  -36.390  29.515 0.0000000000
46461  52.582  -36.672  30.185 0.0000000000
38042  45.589  -44.393  34.892 0.0000000000
45475  43.932  -38.100  34.723 0.0000000000
45463  43.797  -37.725  35.546 0.0000000000
45488  43.685  -37.545  33.965 0.0000000000
115856  43.932  -37.757  33.091 0.0000000000
42375  45.118  -40.466  31.840 0.0000000000
43447  45.223  -39.908  32.123 0.0000000000
43448  44.869  -39.802  31.518 0.0000000000
44510  43.888  -38.797  29.937 0.0000000000
132274  44.424  -38.612  31.259 0.0000000000
45501  44.267  -38.029  31.176 0.0000000000
45507  43.801  -37.254  30.693 0.0000000000
44528  42.689  -38.335  28.089 0.0000000000
45519  42.811  -37.510  28.426 0.0000000000
45527  42.393  -37.564  27.690 0.0000000000
120703  42.061  -36.760  27.290 0.0000000000
45538  41.403  -37.816  26.277 0.0000000000
128313  41.076  -39.091  25.642 0.0000000000
121207  40.613  -38.900  25.019 0.0000000000
44606  39.714  -38.219  23.901 0.0000000000
43555  39.730  -39.064  23.882 0.0000000000
41344  40.946  -41.816  26.144 0.0000000000
41361  41.186  -41.187  25.869 0.0000000000
41362  40.636  -41.391  25.504 0.0000000000
42476  39.134  -40.761  23.962 0.0000000000
43556  39.201  -39.485  23.354 0.0000000000
42511  38.116  -40.061  22.812 0.0000000000
43570  37.816  -39.540  22.384 0.0000000000
41419  36.012  -40.780  22.408 0.0000000000
42530  36.326  -40.066  22.041 0.0000000000
42531  35.545  -40.325  21.877 0.0000000000
43586  35.038  -39.835  21.451 0.0000000000
42532  34.789  -40.592  21.711 0.0000000000
36207  30.848  -46.656  23.072 0.0000000000
133933  31.515  -46.869  22.736 0.0000000000
37181  28.908  -45.321  22.339 0.0000000000
37180  29.826  -45.468  22.131 0.0000000000
37199  29.286  -44.918  21.671 0.0000000000
38234  28.779  -44.412  21.111 0.0000000000
37202  26.583  -45.397  21.754 0.0000000000
130359  26.435  -45.218  20.996 0.0000000000
37216  26.679  -44.922  20.311 0.0000000000
130278  27.136  -44.425  19.829 0.0000000000
62098  47.649  -20.801  16.297 0.0000000000
60299  46.455  -22.464  15.527 0.0000000000
61174  46.553  -21.754  15.288 0.0000000000
124893  46.479  -22.498  14.853 0.0000000000
60306  46.621  -21.796  13.632 0.0000000000
60301  46.640  -22.504  14.094 0.0000000000
58387  48.255  -25.287  15.882 0.0000000000
58388  47.320  -24.841  16.189 0.0000000000
58398  48.750  -24.993  15.076 0.0000000000
59347  48.964  -24.048  13.702 0.0000000000
119070  24.656  -47.290  27.013 0.0000000000
34096  24.220  -47.595  26.482 0.0000000000
31972  27.622  -49.863  31.988 0.0000000000
33009  26.910  -50.133  31.534 0.0000000000
31986  25.403  -50.698  30.241 0.0000000000
33019  25.768  -49.876  30.339 0.0000000000
33029  24.716  -49.340  29.254 0.0000000000
32004  24.225  -50.143  29.096 0.0000000000
30836  23.908  -52.120  29.945 0.0000000000
133096  22.491  -50.815  27.958 0.0000000000
32021  23.064  -50.872  28.429 0.0000000000
30782  43.279  -51.528  32.840 0.0000000000
31951  43.642  -50.947  32.625 0.0000000000
32999  43.436  -49.584  32.010 0.0000000000
32983  44.081  -49.855  32.830 0.0000000000
32998  43.972  -49.351  32.604 0.0000000000
34020  44.195  -48.549  32.741 0.0000000000
119273  44.338  -47.878  32.844 0.0000000000
34048  41.758  -48.497  30.495 0.0000000000
35095  41.995  -47.688  30.832 0.0000000000
35108  41.386  -47.017  30.192 0.0000000000
35109  40.822  -47.345  29.574 0.0000000000
34068  39.660  -49.141  28.186 0.0000000000
133863  39.570  -48.369  28.189 0.0000000000
33049  38.784  -48.949  27.098 0.0000000000
30867  39.805  -51.453  28.197 0.0000000000
32016  39.757  -50.801  28.060 0.0000000000
30888  39.380  -51.181  27.583 0.0000000000
32050  37.567  -50.822  25.804 0.0000000000
32049  38.403  -50.609  26.378 0.0000000000
32061  38.107  -49.950  25.666 0.0000000000
33073  37.536  -49.703  25.063 0.0000000000
135489  37.160  -49.511  24.561 0.0000000000
32072  37.065  -50.106  24.679 0.0000000000
33074  35.353  -50.049  24.659 0.0000000000
33088  34.575  -49.509  24.377 0.0000000000
33098  34.875  -49.393  23.427 0.0000000000
27548  37.242  -55.064  30.183 0.0000000000
27549  36.174  -55.055  30.368 0.0000000000
29752  35.776  -52.358  28.767 0.0000000000
135966  35.090  -52.211  28.814 0.0000000000
30850  32.596  -51.876  29.575 0.0000000000
30874  32.370  -51.431  28.926 0.0000000000
135306  32.783  -50.712  27.971 0.0000000000
30873  33.162  -51.204  28.386 0.0000000000
30894  33.998  -50.921  27.896 0.0000000000
32053  33.731  -50.078  26.890 0.0000000000
121972  32.001  -49.088  26.222 0.0000000000
33077  32.903  -49.109  25.702 0.0000000000
34130  32.557  -48.420  24.598 0.0000000000
35169  31.914  -47.951  24.343 0.0000000000
35171  29.580  -47.583  24.760 0.0000000000
35191  29.558  -46.992  24.048 0.0000000000
35172  28.721  -47.328  24.519 0.0000000000
137184  29.227  -48.467  27.033 0.0000000000
34095  29.287  -48.445  26.464 0.0000000000
35156  27.714  -47.145  25.412 0.0000000000
35173  27.853  -47.206  24.610 0.0000000000
36194  27.014  -46.823  24.166 0.0000000000
56327  55.357  -26.183  18.598 0.0000000000
57363  54.804  -25.700  18.159 0.0000000000
57362  55.784  -25.658  18.132 0.0000000000
56365  55.454  -25.851  16.492 0.0000000000
57396  55.722  -25.470  17.097 0.0000000000
55405  52.959  -27.935  15.147 0.0000000000
55404  53.633  -27.540  15.514 0.0000000000
55408  53.122  -27.096  14.890 0.0000000000
134082  53.674  -25.650  13.379 0.0000000000
53530  48.838  -29.388  15.758 0.0000000000
29594  30.268  -52.462  39.626 0.0000000000
28498  29.023  -53.733  40.043 0.0000000000
28499  28.408  -54.043  40.185 0.0000000000
118955  28.122  -54.590  39.531 0.0000000000
131201  26.119  -55.158  38.716 0.0000000000
27438  26.413  -54.923  37.996 0.0000000000
115284  25.919  -54.809  37.216 0.0000000000
27461  25.370  -54.660  36.543 0.0000000000
136931  23.362  -54.149  36.326 0.0000000000
27483  24.079  -54.304  36.011 0.0000000000
28528  23.323  -53.858  35.692 0.0000000000
117800  23.288  -53.615  34.918 0.0000000000
27444  20.391  -54.098  37.872 0.0000000000
27423  20.835  -54.507  38.641 0.0000000000
27422  21.744  -54.726  38.745 0.0000000000
27465  22.228  -54.220  37.306 0.0000000000
28530  21.649  -53.784  36.903 0.0000000000
29644  20.980  -52.606  35.274 0.0000000000
28545  21.541  -53.117  35.642 0.0000000000
124016  21.052  -52.303  34.496 0.0000000000
29675  21.002  -51.969  33.781 0.0000000000
134447  20.388  -51.654  33.776 0.0000000000
30809  19.340  -50.938  32.814 0.0000000000
29677  17.466  -52.176  33.794 0.0000000000
63855  50.031  -19.002  17.528 0.0000000000
62979  48.824  -20.086  17.401 0.0000000000
62965  48.644  -19.039  18.233 0.0000000000
62955  48.506  -19.349  19.737 0.0000000000
62068  47.997  -19.519  18.774 0.0000000000
61143  47.680  -20.992  19.282 0.0000000000
120773  50.302  -17.994  20.596 0.0000000000
62942  50.410  -19.145  20.974 0.0000000000
60255  49.679  -22.228  21.164 0.0000000000
60263  48.699  -22.665  20.413 0.0000000000
59293  48.637  -24.428  19.938 0.0000000000
59292  49.133  -24.259  20.459 0.0000000000
58345  50.107  -24.739  21.207 0.0000000000
58353  49.504  -24.874  20.637 0.0000000000
136189  49.763  -26.134  20.298 0.0000000000
56295  50.140  -26.698  19.910 0.0000000000
58333  51.517  -24.519  22.217 0.0000000000
57322  51.863  -25.296  22.351 0.0000000000
55317  52.308  -27.788  21.374 0.0000000000
55318  51.662  -27.157  21.479 0.0000000000
55357  52.567  -27.869  19.560 0.0000000000
55356  53.731  -27.378  19.071 0.0000000000
138004  54.522  -27.312  19.264 0.0000000000
55355  56.437  -27.032  19.515 0.0000000000
56325  57.209  -26.498  18.724 0.0000000000
55353  57.888  -27.029  19.106 0.0000000000
114781  57.145  -29.530  20.591 0.0000000000
132215  57.878  -29.642  18.591 0.0000000000
53488  58.183  -28.749  18.841 0.0000000000
127259  57.489  -28.617  18.261 0.0000000000
53503  55.659  -29.499  17.134 0.0000000000
53490  56.336  -29.862  17.659 0.0000000000
52417  54.826  -30.331  18.360 0.0000000000
53491  53.086  -29.810  18.068 0.0000000000
52317  57.069  -30.163  26.564 0.0000000000
128503  57.759  -30.024  25.375 0.0000000000
52316  57.655  -30.572  25.687 0.0000000000
49490  58.016  -32.902  24.443 0.0000000000
125052  58.389  -32.170  24.546 0.0000000000
50466  58.073  -32.626  23.497 0.0000000000
50465  58.699  -32.159  22.956 0.0000000000
49471  55.272  -34.177  25.285 0.0000000000
49492  56.284  -33.830  25.075 0.0000000000
119029  55.271  -33.681  24.422 0.0000000000
51404  54.635  -31.896  21.858 0.0000000000
51403  55.826  -32.106  21.739 0.0000000000
113844  55.205  -31.623  21.131 0.0000000000
51431  54.613  -31.252  20.575 0.0000000000
52381  52.031  -30.910  20.526 0.0000000000
52398  52.314  -30.362  19.641 0.0000000000
52419  52.166  -29.893  18.729 0.0000000000
52420  51.398  -30.184  19.261 0.0000000000
132118  50.333  -29.923  18.428 0.0000000000
52401  50.027  -30.949  19.555 0.0000000000
51449  49.302  -31.861  19.707 0.0000000000
50487  50.795  -32.527  22.496 0.0000000000
50497  50.819  -32.343  21.851 0.0000000000
50498  50.228  -32.263  21.953 0.0000000000
51420  49.556  -32.025  20.824 0.0000000000
51437  48.968  -32.087  20.459 0.0000000000
51450  48.734  -32.304  19.721 0.0000000000
122672  50.434  -35.950  32.815 0.0000000000
124786  50.807  -36.409  31.659 0.0000000000
120464  50.892  -36.156  30.363 0.0000000000
47389  50.276  -35.854  30.928 0.0000000000
48311  44.059  -34.230  34.659 0.0000000000
49302  44.993  -33.805  35.186 0.0000000000
49301  45.896  -33.721  34.733 0.0000000000
49349  43.734  -34.063  31.725 0.0000000000
49364  44.347  -33.573  31.432 0.0000000000
115864  46.029  -33.452  31.699 0.0000000000
115431  47.032  -33.660  32.035 0.0000000000
49346  47.012  -33.708  32.962 0.0000000000
48340  48.667  -34.410  32.591 0.0000000000
48357  47.993  -33.915  31.889 0.0000000000
49401  48.330  -33.739  29.398 0.0000000000
136202  48.587  -33.967  29.951 0.0000000000
48393  48.998  -34.029  28.941 0.0000000000
117444  49.768  -34.691  29.342 0.0000000000
49421  48.983  -33.736  28.267 0.0000000000
49438  49.449  -33.615  27.657 0.0000000000
49439  48.544  -33.349  27.781 0.0000000000
50428  47.256  -32.378  26.686 0.0000000000
119375  48.205  -32.499  26.374 0.0000000000
50443  47.643  -32.049  25.872 0.0000000000
51366  47.746  -31.660  25.122 0.0000000000
121412  47.158  -31.735  25.553 0.0000000000
50431  44.326  -32.244  26.589 0.0000000000
50430  45.631  -32.169  26.808 0.0000000000
51361  44.989  -31.947  26.235 0.0000000000
51396  45.147  -30.985  24.056 0.0000000000
51382  45.175  -31.290  24.745 0.0000000000
51395  45.853  -31.032  24.171 0.0000000000
116050  46.711  -31.173  24.303 0.0000000000
132306  45.885  -30.529  22.843 0.0000000000
53446  44.033  -29.730  20.790 0.0000000000
116476  40.517  -31.494  22.048 0.0000000000
51423  40.939  -31.086  21.703 0.0000000000
51424  40.430  -31.239  21.430 0.0000000000
51453  39.132  -31.132  19.046 0.0000000000
52429  39.641  -30.834  18.536 0.0000000000
47469  40.290  -36.099  24.770 0.0000000000
47470  39.767  -35.883  24.171 0.0000000000
47479  38.289  -35.554  22.250 0.0000000000
121242  38.675  -35.564  22.771 0.0000000000
48468  37.971  -34.315  21.697 0.0000000000
48469  37.516  -34.862  21.254 0.0000000000
46521  36.336  -36.519  20.492 0.0000000000
48486  35.986  -34.224  19.167 0.0000000000
48478  36.330  -34.790  19.887 0.0000000000
49523  36.450  -33.963  19.643 0.0000000000
37123  39.104  -45.737  27.811 0.0000000000
37132  37.661  -45.439  26.552 0.0000000000
38180  37.387  -44.533  26.005 0.0000000000
39266  38.031  -43.897  26.174 0.0000000000
136900  35.767  -46.685  23.496 0.0000000000
36179  36.460  -46.494  24.810 0.0000000000
36192  35.965  -46.195  24.132 0.0000000000
38201  35.260  -44.169  23.567 0.0000000000
38189  35.577  -44.649  24.079 0.0000000000
39296  35.830  -43.964  24.305 0.0000000000
39295  36.497  -43.525  24.690 0.0000000000
39305  35.581  -43.469  23.748 0.0000000000
40391  35.671  -42.789  23.494 0.0000000000
40408  33.613  -42.459  21.449 0.0000000000
41437  33.522  -41.548  21.294 0.0000000000
42546  33.555  -40.710  21.121 0.0000000000
41446  33.061  -41.246  20.857 0.0000000000
36248  31.564  -46.411  21.336 0.0000000000
36247  32.315  -47.028  20.918 0.0000000000
37224  31.805  -45.528  19.166 0.0000000000
36271  32.272  -46.191  19.597 0.0000000000
37223  32.750  -45.596  19.470 0.0000000000
38262  32.188  -45.272  19.103 0.0000000000
39368  29.583  -43.404  17.980 0.0000000000
38280  29.929  -43.843  18.611 0.0000000000
39366  31.027  -43.632  18.139 0.0000000000
39357  31.661  -43.477  18.686 0.0000000000
39356  32.067  -44.079  19.033 0.0000000000
119245  32.206  -43.101  19.485 0.0000000000
40437  31.763  -42.527  19.036 0.0000000000
41468  31.029  -41.159  18.463 0.0000000000
132890  31.755  -41.744  19.328 0.0000000000
42561  31.757  -40.372  19.491 0.0000000000
64760  52.967  -17.191  14.295 0.0000000000
62993  47.679  -20.196  15.143 0.0000000000
63000  47.693  -19.756  14.408 0.0000000000
63006  47.909  -19.247  13.039 0.0000000000
63889  49.272  -18.514  12.283 0.0000000000
57397  53.756  -24.997  17.044 0.0000000000
28509  31.292  -54.213  38.609 0.0000000000
27414  30.552  -54.320  38.779 0.0000000000
27397  30.287  -54.042  39.334 0.0000000000
36095  42.933  -46.324  31.815 0.0000000000
37060  43.351  -45.606  32.080 0.0000000000
120517  43.191  -44.840  31.667 0.0000000000
38099  43.064  -44.061  31.285 0.0000000000
131848  43.519  -42.754  31.093 0.0000000000
39204  43.059  -43.318  30.867 0.0000000000
39230  41.942  -43.041  29.039 0.0000000000
39245  41.235  -43.128  27.983 0.0000000000
39231  41.443  -43.392  28.694 0.0000000000
39232  40.831  -43.806  28.385 0.0000000000
38158  40.171  -44.346  28.130 0.0000000000
56331  50.310  -26.537  17.968 0.0000000000
57398  52.663  -25.282  16.848 0.0000000000
34059  28.254  -47.874  29.902 0.0000000000
34060  27.366  -47.876  29.857 0.0000000000
124515  27.740  -48.140  30.450 0.0000000000
34054  26.940  -48.534  30.484 0.0000000000
29704  23.781  -53.009  31.903 0.0000000000
120251  23.388  -52.599  31.384 0.0000000000
30822  20.759  -51.049  31.690 0.0000000000
27511  41.193  -54.381  32.151 0.0000000000
27537  41.447  -54.416  31.487 0.0000000000
27538  40.825  -54.943  31.093 0.0000000000
27545  40.681  -54.694  30.521 0.0000000000
28644  40.056  -54.202  29.879 0.0000000000
133535  39.693  -53.543  29.271 0.0000000000
28645  38.890  -54.076  29.508 0.0000000000
134419  37.706  -54.289  29.592 0.0000000000
31970  31.758  -50.653  31.139 0.0000000000
33026  29.897  -48.662  29.687 0.0000000000
53526  52.569  -29.078  15.807 0.0000000000
122256  52.127  -29.303  16.285 0.0000000000
54485  50.274  -28.946  15.087 0.0000000000
28535  16.583  -53.643  36.732 0.0000000000
54350  56.714  -28.245  24.809 0.0000000000
54364  56.347  -29.126  24.088 0.0000000000
53394  57.111  -29.201  24.610 0.0000000000
48408  53.571  -35.152  27.436 0.0000000000
48428  53.827  -34.979  26.889 0.0000000000
48429  53.006  -34.792  26.843 0.0000000000
48448  52.470  -34.326  25.958 0.0000000000
49474  51.789  -33.714  25.280 0.0000000000
49495  51.270  -33.082  24.750 0.0000000000
46467  42.772  -36.097  28.643 0.0000000000
47415  42.660  -35.202  28.454 0.0000000000
48413  42.389  -34.131  27.521 0.0000000000
49457  42.382  -33.428  26.909 0.0000000000
49477  41.447  -33.371  25.637 0.0000000000
49496  41.078  -33.037  24.919 0.0000000000
49478  40.860  -33.870  25.288 0.0000000000
48459  40.069  -34.558  24.448 0.0000000000
33107  35.208  -49.101  22.718 0.0000000000
34157  35.337  -48.511  22.419 0.0000000000
34158  34.736  -48.622  22.174 0.0000000000
34169  34.306  -48.073  21.483 0.0000000000
35220  33.822  -47.587  20.893 0.0000000000
64749  51.394  -18.723  16.070 0.0000000000
30773  30.201  -52.158  34.186 0.0000000000
30793  29.572  -51.660  33.815 0.0000000000
29670  29.378  -52.535  33.798 0.0000000000
29654  29.055  -53.260  33.790 0.0000000000
27479  28.506  -54.381  35.462 0.0000000000
27497  28.654  -54.135  34.584 0.0000000000
113996  27.899  -54.366  34.704 0.0000000000
27499  26.428  -54.534  34.152 0.0000000000
137335  25.929  -54.557  34.571 0.0000000000
134467  25.447  -54.449  34.905 0.0000000000
26404  36.783  -55.782  34.451 0.0000000000
25427  36.404  -56.195  34.300 0.0000000000
25435  35.926  -56.410  33.941 0.0000000000
26414  35.232  -56.107  34.368 0.0000000000
26408  32.800  -54.734  35.188 0.0000000000
27496  32.397  -54.208  34.850 0.0000000000
29651  32.436  -52.731  34.275 0.0000000000
39115  46.329  -42.992  34.818 0.0000000000
40209  46.413  -42.238  35.228 0.0000000000
41224  45.708  -40.882  36.682 0.0000000000
44424  44.777  -38.810  36.548 0.0000000000
45454  44.158  -38.044  36.450 0.0000000000
44452  44.576  -38.809  34.673 0.0000000000
44463  44.775  -39.019  33.764 0.0000000000
42392  43.949  -40.519  30.211 0.0000000000
123247  44.236  -40.029  30.441 0.0000000000
42405  43.958  -39.983  29.982 0.0000000000
43470  43.752  -39.533  29.622 0.0000000000
119330  43.460  -38.890  29.231 0.0000000000
44511  43.565  -38.092  29.543 0.0000000000
130993  43.011  -39.046  28.514 0.0000000000
44545  42.196  -38.426  27.351 0.0000000000
44560  41.704  -38.478  26.662 0.0000000000
128332  41.527  -39.209  26.263 0.0000000000
43532  40.816  -39.753  25.130 0.0000000000
41363  39.925  -41.635  25.193 0.0000000000
41364  39.149  -41.888  24.966 0.0000000000
41386  38.746  -41.454  24.370 0.0000000000
41401  38.306  -41.012  23.780 0.0000000000
42492  37.846  -40.617  23.197 0.0000000000
122878  36.268  -41.279  22.899 0.0000000000
61153  47.413  -21.267  17.502 0.0000000000
61168  47.252  -21.324  16.613 0.0000000000
61154  46.909  -21.898  17.059 0.0000000000
59322  46.373  -22.936  16.098 0.0000000000
59334  46.508  -23.289  15.392 0.0000000000
58397  49.829  -24.966  15.137 0.0000000000
34083  24.090  -47.861  27.321 0.0000000000
31974  26.473  -50.776  31.345 0.0000000000
31987  24.872  -51.142  29.908 0.0000000000
30854  22.703  -51.651  29.389 0.0000000000
30815  43.152  -51.807  31.485 0.0000000000
31966  43.630  -50.931  32.043 0.0000000000
31967  43.056  -50.948  31.427 0.0000000000
33011  42.669  -49.877  31.259 0.0000000000
121246  42.977  -48.989  31.656 0.0000000000
34056  41.330  -48.850  29.936 0.0000000000
34057  40.780  -48.248  29.474 0.0000000000
30904  37.938  -51.217  26.409 0.0000000000
32063  36.753  -50.617  25.228 0.0000000000
32065  35.161  -50.301  25.647 0.0000000000
27550  35.297  -54.852  30.663 0.0000000000
28636  34.786  -54.083  30.377 0.0000000000
28649  34.301  -53.329  29.932 0.0000000000
29740  33.945  -52.586  29.462 0.0000000000
32036  32.464  -50.346  27.604 0.0000000000
32054  32.970  -49.869  27.024 0.0000000000
34131  31.158  -48.111  25.124 0.0000000000
34113  30.377  -48.420  25.614 0.0000000000
35140  28.052  -47.259  26.929 0.0000000000
117285  26.522  -46.718  24.950 0.0000000000
36182  25.789  -46.802  25.113 0.0000000000
56347  56.290  -25.946  17.655 0.0000000000
56362  55.048  -26.713  16.363 0.0000000000
55414  52.038  -27.047  13.906 0.0000000000
56377  51.720  -26.891  13.212 0.0000000000
27419  25.441  -55.322  39.144 0.0000000000
121795  24.822  -55.169  38.206 0.0000000000
117419  25.106  -54.880  37.356 0.0000000000
27440  24.294  -54.831  37.462 0.0000000000
27463  23.788  -54.467  36.822 0.0000000000
27464  22.940  -54.281  36.906 0.0000000000
27445  19.442  -54.061  37.948 0.0000000000
28519  19.912  -53.638  37.223 0.0000000000
28518  20.821  -53.669  37.094 0.0000000000
120154  21.199  -53.318  36.366 0.0000000000
30774  19.740  -51.671  34.217 0.0000000000
62055  50.467  -20.217  21.322 0.0000000000
121541  50.084  -23.147  21.412 0.0000000000
58344  50.765  -24.633  21.727 0.0000000000
132409  52.916  -25.810  22.885 0.0000000000
56270  52.244  -26.032  22.481 0.0000000000
55305  52.691  -27.475  22.269 0.0000000000
54405  53.067  -28.412  20.678 0.0000000000
54442  54.375  -27.785  19.556 0.0000000000
54425  54.113  -28.470  20.150 0.0000000000
120310  56.155  -28.378  20.077 0.0000000000
133446  58.980  -30.140  20.794 0.0000000000
53458  58.761  -29.712  20.259 0.0000000000
53474  58.919  -29.853  19.946 0.0000000000
52414  58.453  -29.565  19.230 0.0000000000
52415  57.032  -30.134  18.217 0.0000000000
113731  55.444  -30.619  18.995 0.0000000000
50424  57.524  -32.500  25.824 0.0000000000
49469  57.579  -33.250  25.158 0.0000000000
49491  57.152  -33.438  24.765 0.0000000000
49502  54.351  -33.338  23.741 0.0000000000
123498  54.096  -32.813  23.107 0.0000000000
51405  53.714  -31.936  22.222 0.0000000000
51417  53.773  -31.568  21.591 0.0000000000
51432  53.642  -31.180  20.897 0.0000000000
121860  53.134  -31.428  21.445 0.0000000000
51433  52.661  -31.217  21.037 0.0000000000
51434  51.157  -31.399  20.671 0.0000000000
51435  50.363  -31.825  20.734 0.0000000000
50474  49.678  -31.964  23.408 0.0000000000
51407  49.403  -31.786  22.429 0.0000000000
51438  48.227  -31.712  20.170 0.0000000000
52382  47.563  -30.825  20.948 0.0000000000
47369  49.986  -35.616  33.410 0.0000000000
48355  49.583  -35.217  32.450 0.0000000000
131484  43.219  -35.241  35.142 0.0000000000
48301  43.397  -34.684  35.865 0.0000000000
48324  44.007  -34.263  33.705 0.0000000000
49385  44.914  -33.197  30.715 0.0000000000
115397  45.845  -33.274  30.883 0.0000000000
117488  46.733  -33.451  31.124 0.0000000000
49383  47.415  -33.529  30.579 0.0000000000
49402  47.401  -33.400  29.645 0.0000000000
116626  47.763  -33.423  28.896 0.0000000000
49440  47.668  -33.155  28.133 0.0000000000
50413  47.216  -32.719  27.521 0.0000000000
50429  46.416  -32.079  26.453 0.0000000000
51370  43.843  -31.756  25.336 0.0000000000
51369  44.663  -31.642  25.449 0.0000000000
51383  44.296  -31.404  24.773 0.0000000000
52342  44.581  -30.780  23.590 0.0000000000
52354  45.039  -30.405  22.703 0.0000000000
137669  44.174  -30.507  22.918 0.0000000000
52369  43.636  -30.126  21.611 0.0000000000
52385  43.158  -29.925  20.861 0.0000000000
52387  41.423  -30.443  20.598 0.0000000000
115202  39.408  -31.571  20.789 0.0000000000
51454  38.623  -31.600  19.595 0.0000000000
45573  39.634  -37.383  23.827 0.0000000000
46506  39.441  -36.535  23.668 0.0000000000
46511  38.416  -36.236  22.409 0.0000000000
46514  37.988  -36.019  21.884 0.0000000000
125016  35.156  -36.094  19.557 0.0000000000
47490  35.902  -35.697  19.849 0.0000000000
47491  35.299  -35.342  19.207 0.0000000000
134734  38.478  -46.294  27.365 0.0000000000
36167  37.933  -46.297  26.853 0.0000000000
36168  37.372  -46.300  26.207 0.0000000000
37133  37.026  -45.540  25.885 0.0000000000
37178  35.067  -45.666  22.908 0.0000000000
38214  34.834  -44.771  22.963 0.0000000000
116932  34.762  -43.994  22.950 0.0000000000
39313  34.522  -43.358  22.558 0.0000000000
37198  30.695  -45.289  20.614 0.0000000000
37215  31.057  -45.249  19.472 0.0000000000
39390  28.830  -42.794  16.956 0.0000000000
39377  29.473  -43.027  17.391 0.0000000000
39375  30.701  -42.788  17.657 0.0000000000
62113  46.920  -20.479  13.700 0.0000000000
63007  47.386  -19.819  13.517 0.0000000000
58381  55.575  -24.947  16.649 0.0000000000
58382  55.295  -24.602  16.536 0.0000000000
114534  55.684  -24.641  16.191 0.0000000000
27457  29.384  -54.506  36.225 0.0000000000
27456  30.122  -54.733  37.276 0.0000000000
115286  27.482  -54.649  37.164 0.0000000000
26389  33.156  -55.148  36.413 0.0000000000
131990  32.802  -55.035  37.007 0.0000000000
27476  31.465  -54.731  35.832 0.0000000000
36063  44.679  -46.640  33.557 0.0000000000
36055  45.278  -46.022  33.859 0.0000000000
37045  45.470  -45.217  33.835 0.0000000000
38080  45.707  -44.495  33.809 0.0000000000
38089  44.654  -44.888  32.942 0.0000000000
38088  45.345  -44.377  33.391 0.0000000000
133336  46.170  -43.367  33.881 0.0000000000
40234  46.304  -42.644  33.833 0.0000000000
41249  46.211  -41.945  33.533 0.0000000000
42355  46.161  -41.198  33.652 0.0000000000
115510  45.712  -40.407  33.310 0.0000000000
41278  44.899  -41.143  31.726 0.0000000000
41295  44.375  -41.321  31.192 0.0000000000
135335  43.518  -41.784  30.294 0.0000000000
41296  43.966  -41.199  30.571 0.0000000000
41311  43.504  -41.206  29.753 0.0000000000
41323  42.910  -41.166  28.461 0.0000000000
41330  42.433  -41.354  27.731 0.0000000000
41342  42.115  -41.176  27.071 0.0000000000
41331  41.919  -41.800  27.205 0.0000000000
40337  41.302  -42.192  26.822 0.0000000000
40321  40.916  -42.855  27.290 0.0000000000
40338  40.451  -42.581  26.571 0.0000000000
40359  38.725  -42.540  25.418 0.0000000000
40360  37.939  -42.835  25.242 0.0000000000
36211  27.244  -46.470  23.467 0.0000000000
36251  25.372  -46.456  21.117 0.0000000000
114809  24.848  -47.245  21.004 0.0000000000
58363  47.741  -24.680  18.868 0.0000000000
57367  47.684  -25.232  18.138 0.0000000000
57402  48.759  -25.669  16.583 0.0000000000
114002  50.052  -26.163  17.179 0.0000000000
58396  50.851  -24.771  15.303 0.0000000000
36160  26.597  -46.759  27.530 0.0000000000
36161  26.000  -46.665  27.099 0.0000000000
35128  25.816  -47.007  27.712 0.0000000000
117626  24.486  -48.015  28.092 0.0000000000
34073  23.877  -48.506  28.027 0.0000000000
29702  25.629  -52.840  31.271 0.0000000000
29721  25.150  -52.358  30.724 0.0000000000
114629  23.270  -51.992  29.891 0.0000000000
30855  21.869  -51.342  29.039 0.0000000000
28619  42.153  -53.947  31.245 0.0000000000
29698  42.935  -52.927  31.313 0.0000000000
29715  42.955  -52.526  31.203 0.0000000000
30829  42.702  -52.292  30.837 0.0000000000
30846  41.594  -51.767  29.821 0.0000000000
30847  41.001  -51.749  29.203 0.0000000000
32000  40.593  -51.058  28.918 0.0000000000
30866  40.385  -51.674  28.691 0.0000000000
30868  39.280  -51.830  27.889 0.0000000000
29749  39.150  -52.504  28.351 0.0000000000
30869  38.341  -52.168  27.829 0.0000000000
30870  37.312  -52.026  27.828 0.0000000000
30871  36.271  -51.783  28.006 0.0000000000
29700  33.055  -52.630  31.003 0.0000000000
30831  32.552  -51.956  30.650 0.0000000000
117137  32.398  -51.834  30.038 0.0000000000
30851  31.979  -51.330  29.553 0.0000000000
31983  31.551  -50.680  30.080 0.0000000000
33052  30.526  -49.710  27.829 0.0000000000
132983  30.063  -49.228  27.453 0.0000000000
34081  29.523  -48.700  27.657 0.0000000000
34082  28.905  -48.071  27.590 0.0000000000
34058  29.445  -48.355  29.061 0.0000000000
34070  29.122  -48.165  28.365 0.0000000000
35126  28.393  -47.579  27.472 0.0000000000
35127  27.888  -47.177  27.728 0.0000000000
54472  54.760  -28.587  16.389 0.0000000000
132964  53.396  -28.330  15.585 0.0000000000
54488  52.303  -28.210  14.896 0.0000000000
55410  51.801  -27.777  14.309 0.0000000000
28533  18.737  -53.434  36.663 0.0000000000
29648  17.832  -52.885  35.324 0.0000000000
29659  16.984  -52.782  34.299 0.0000000000
122716  16.512  -53.416  35.379 0.0000000000
54367  54.051  -28.243  22.947 0.0000000000
53430  54.499  -29.272  22.251 0.0000000000
130194  55.218  -29.981  21.930 0.0000000000
53429  55.946  -30.243  22.218 0.0000000000
52364  57.064  -30.267  21.430 0.0000000000
53428  56.895  -30.459  22.595 0.0000000000
52363  58.811  -30.373  21.249 0.0000000000
51414  59.325  -30.955  21.284 0.0000000000
51415  59.049  -31.219  20.933 0.0000000000
49451  56.027  -34.410  26.835 0.0000000000
49503  53.361  -33.648  23.972 0.0000000000
49504  52.588  -33.351  23.434 0.0000000000
49510  51.957  -33.030  22.868 0.0000000000
50473  50.598  -32.532  23.417 0.0000000000
50456  50.727  -32.662  24.306 0.0000000000
122390  48.184  -31.416  24.040 0.0000000000
49299  47.778  -34.039  35.593 0.0000000000
47382  43.387  -35.639  31.546 0.0000000000
47370  43.352  -35.301  32.403 0.0000000000
49365  43.614  -33.922  31.016 0.0000000000
48380  43.185  -34.539  29.691 0.0000000000
49387  43.505  -33.803  30.193 0.0000000000
124538  43.829  -33.230  29.877 0.0000000000
50389  44.641  -32.694  29.057 0.0000000000
50401  45.023  -32.565  28.405 0.0000000000
50415  45.381  -32.420  27.610 0.0000000000
50416  44.484  -32.509  27.801 0.0000000000
49456  42.850  -32.665  26.372 0.0000000000
50446  43.370  -32.210  25.832 0.0000000000
51371  43.076  -31.881  25.201 0.0000000000
51386  42.336  -31.664  24.230 0.0000000000
51399  42.418  -31.319  23.633 0.0000000000
120664  41.364  -31.543  23.097 0.0000000000
51412  40.706  -31.770  22.810 0.0000000000
50476  40.187  -32.489  23.234 0.0000000000
50489  39.982  -32.055  22.385 0.0000000000
115113  39.303  -32.379  21.928 0.0000000000
50500  38.560  -32.840  21.545 0.0000000000
44627  37.610  -38.076  21.714 0.0000000000
136948  37.445  -37.422  21.467 0.0000000000
45586  37.020  -37.826  21.245 0.0000000000
45592  36.389  -37.442  20.837 0.0000000000
45602  34.990  -36.871  19.901 0.0000000000
120074  34.642  -35.710  19.014 0.0000000000
35152  37.174  -47.937  24.990 0.0000000000
35153  36.663  -47.335  24.606 0.0000000000
122352  35.295  -46.701  22.770 0.0000000000
35205  35.309  -47.795  22.227 0.0000000000
36226  34.429  -46.214  21.637 0.0000000000
37196  33.594  -45.223  20.816 0.0000000000
39358  28.465  -43.635  19.182 0.0000000000
39369  28.525  -43.449  18.378 0.0000000000
113764  27.879  -43.185  17.018 0.0000000000
64761  52.404  -17.500  15.003 0.0000000000
64762  51.648  -17.641  14.768 0.0000000000
64767  51.340  -17.502  13.802 0.0000000000
64772  50.606  -17.786  12.523 0.0000000000
63888  50.038  -18.219  11.993 0.0000000000
119244  48.220  -22.614  11.213 0.0000000000
33008  28.571  -49.306  32.224 0.0000000000
32991  28.975  -49.725  32.710 0.0000000000
31961  27.681  -50.768  32.318 0.0000000000
126524  28.137  -51.171  32.754 0.0000000000
134306  27.414  -51.726  32.235 0.0000000000
30806  26.941  -52.393  31.919 0.0000000000
29701  26.365  -52.603  31.556 0.0000000000
28582  28.252  -53.516  33.393 0.0000000000
29686  26.815  -52.989  31.911 0.0000000000
28622  25.344  -53.358  31.535 0.0000000000
28585  25.359  -54.137  32.730 0.0000000000
28605  24.850  -53.802  32.339 0.0000000000
28606  24.177  -53.472  32.454 0.0000000000
29687  23.398  -53.015  32.699 0.0000000000
29673  23.118  -53.087  33.407 0.0000000000
25431  38.877  -56.274  32.427 0.0000000000
25447  38.723  -56.402  31.592 0.0000000000
26436  37.836  -55.721  30.704 0.0000000000
26427  37.433  -56.347  31.266 0.0000000000
26428  36.522  -56.212  31.448 0.0000000000
25442  36.094  -56.693  33.124 0.0000000000
26429  35.754  -55.865  31.716 0.0000000000
27540  35.179  -55.176  31.233 0.0000000000
27541  34.715  -54.705  31.509 0.0000000000
28621  33.909  -53.595  31.588 0.0000000000
127574  34.717  -55.676  35.428 0.0000000000
118433  34.618  -55.651  34.444 0.0000000000
28580  34.326  -54.079  32.967 0.0000000000
28601  33.893  -53.454  32.453 0.0000000000
29699  33.430  -52.904  31.859 0.0000000000
125627  33.026  -52.387  31.689 0.0000000000
30804  32.529  -51.392  32.482 0.0000000000
30805  32.061  -50.897  32.888 0.0000000000
31957  31.594  -50.489  32.260 0.0000000000
31958  30.375  -49.641  32.251 0.0000000000
129368  50.477  -29.633  17.799 0.0000000000
53516  50.252  -29.360  16.508 0.0000000000
53517  49.256  -29.480  16.538 0.0000000000
134206  56.760  -31.101  26.696 0.0000000000
51352  56.415  -31.538  27.234 0.0000000000
50410  56.548  -32.786  27.054 0.0000000000
50411  56.059  -33.383  27.531 0.0000000000
50397  55.540  -32.709  28.173 0.0000000000
49436  55.845  -34.300  27.359 0.0000000000
48406  55.170  -34.758  27.879 0.0000000000
128984  54.581  -35.210  28.113 0.0000000000
47426  54.335  -35.384  28.269 0.0000000000
48376  54.197  -35.369  29.506 0.0000000000
133871  54.312  -35.591  28.623 0.0000000000
47427  53.799  -35.515  28.164 0.0000000000
48389  53.159  -35.932  28.653 0.0000000000
48390  52.111  -35.335  28.420 0.0000000000
46406  43.316  -36.163  35.879 0.0000000000
46416  43.341  -36.323  34.917 0.0000000000
131416  43.392  -36.173  33.586 0.0000000000
43436  45.422  -39.723  33.759 0.0000000000
44474  44.974  -39.146  32.933 0.0000000000
44485  44.582  -39.106  31.370 0.0000000000
44475  44.654  -38.697  32.366 0.0000000000
116805  44.494  -38.489  32.990 0.0000000000
45495  43.735  -37.088  32.465 0.0000000000
46446  43.534  -36.311  31.970 0.0000000000
46454  43.590  -36.414  31.101 0.0000000000
121723  43.477  -36.425  30.272 0.0000000000
46466  43.177  -36.438  29.400 0.0000000000
45518  43.220  -37.395  29.129 0.0000000000
118495  42.889  -36.843  28.745 0.0000000000
137901  42.285  -36.297  27.642 0.0000000000
46477  41.682  -36.283  26.779 0.0000000000
46485  41.277  -36.302  26.166 0.0000000000
47459  41.059  -35.512  25.875 0.0000000000
136731  40.707  -36.949  25.340 0.0000000000
46497  40.435  -36.871  24.907 0.0000000000
44574  40.919  -38.158  25.572 0.0000000000
45550  40.620  -37.481  25.175 0.0000000000
134544  40.172  -37.639  24.472 0.0000000000
135985  39.343  -37.905  23.436 0.0000000000
42448  41.509  -40.622  26.088 0.0000000000
42474  40.489  -40.292  24.763 0.0000000000
41384  40.321  -40.959  24.859 0.0000000000
42475  39.887  -40.412  24.255 0.0000000000
44608  38.768  -38.833  22.837 0.0000000000
44621  37.759  -38.806  22.014 0.0000000000
135623  37.288  -39.239  21.977 0.0000000000
43584  36.645  -39.382  21.787 0.0000000000
42512  37.452  -40.234  22.656 0.0000000000
35188  32.411  -47.751  23.350 0.0000000000
35208  32.168  -47.309  22.639 0.0000000000
36249  30.753  -45.744  21.659 0.0000000000
36229  30.347  -46.083  22.575 0.0000000000
38233  29.779  -44.621  20.925 0.0000000000
38236  26.998  -44.776  21.153 0.0000000000
38235  27.825  -44.465  21.206 0.0000000000
38267  27.807  -43.964  19.724 0.0000000000
118202  49.293  -20.179  16.941 0.0000000000
62986  49.059  -20.098  16.392 0.0000000000
62101  48.128  -20.356  15.942 0.0000000000
61173  46.979  -21.275  15.879 0.0000000000
62107  47.044  -20.464  14.507 0.0000000000
62108  46.611  -21.128  14.027 0.0000000000
61184  46.984  -21.716  12.796 0.0000000000
58371  46.747  -24.486  17.055 0.0000000000
134478  46.845  -24.202  15.588 0.0000000000
59333  46.916  -23.911  15.008 0.0000000000
58412  48.295  -24.418  14.349 0.0000000000
58413  47.376  -23.940  14.393 0.0000000000
59349  47.185  -23.183  13.858 0.0000000000
59363  47.733  -23.074  13.129 0.0000000000
35158  24.455  -47.575  25.742 0.0000000000
33018  27.095  -49.264  31.254 0.0000000000
132176  26.413  -49.290  30.665 0.0000000000
137786  24.430  -50.855  29.424 0.0000000000
32005  23.767  -51.022  28.978 0.0000000000
133177  43.813  -50.433  32.615 0.0000000000
35028  44.189  -47.896  34.185 0.0000000000
35039  44.457  -47.480  33.565 0.0000000000
35054  44.431  -47.345  33.142 0.0000000000
35055  44.062  -47.122  32.769 0.0000000000
128401  43.300  -47.144  32.098 0.0000000000
35077  42.907  -48.034  31.687 0.0000000000
129937  42.390  -46.230  31.263 0.0000000000
36134  41.450  -46.093  30.226 0.0000000000
37089  40.492  -45.771  29.136 0.0000000000
36151  39.450  -46.764  28.237 0.0000000000
35116  40.363  -47.699  29.062 0.0000000000
35117  39.792  -47.651  28.500 0.0000000000
35137  38.003  -47.895  26.358 0.0000000000
32015  40.176  -50.478  28.564 0.0000000000
33036  39.702  -50.018  28.103 0.0000000000
33048  39.251  -49.604  27.476 0.0000000000
32032  38.938  -50.890  27.004 0.0000000000
32048  38.932  -50.200  26.928 0.0000000000
136159  38.878  -49.641  27.002 0.0000000000
129890  38.235  -48.907  26.226 0.0000000000
34092  37.700  -48.443  25.653 0.0000000000
34110  37.427  -48.972  24.953 0.0000000000
34128  36.880  -48.892  24.188 0.0000000000
33096  36.282  -49.258  23.611 0.0000000000
32073  36.332  -50.232  24.540 0.0000000000
33087  35.991  -49.837  23.923 0.0000000000
33097  35.629  -49.421  23.350 0.0000000000
34147  33.574  -48.595  23.390 0.0000000000
28646  37.045  -53.617  29.245 0.0000000000
28635  35.647  -54.305  30.095 0.0000000000
28647  36.120  -53.599  29.564 0.0000000000
29738  36.461  -52.956  29.019 0.0000000000
113711  35.573  -51.396  27.696 0.0000000000
130562  33.189  -52.300  29.576 0.0000000000
30849  33.620  -51.923  28.966 0.0000000000
30848  34.485  -52.098  28.878 0.0000000000
30893  34.797  -51.158  27.773 0.0000000000
32033  35.435  -50.960  27.076 0.0000000000
33061  33.515  -49.602  26.242 0.0000000000
137257  33.574  -49.362  25.597 0.0000000000
33076  33.635  -49.129  24.933 0.0000000000
34129  33.232  -48.671  24.318 0.0000000000
35190  30.516  -47.036  23.812 0.0000000000
35154  29.054  -47.784  25.144 0.0000000000
36195  26.079  -46.861  24.275 0.0000000000
36213  25.696  -47.043  23.544 0.0000000000
35209  25.256  -47.254  22.901 0.0000000000
57364  53.748  -26.042  18.106 0.0000000000
57379  53.047  -25.736  17.567 0.0000000000
58369  55.491  -25.068  17.108 0.0000000000
57376  55.879  -25.517  17.654 0.0000000000
137719  54.044  -26.985  15.623 0.0000000000
56370  53.459  -26.299  14.514 0.0000000000
56369  54.296  -25.917  15.034 0.0000000000
56375  53.957  -25.684  14.164 0.0000000000
54491  49.923  -28.756  14.280 0.0000000000
54492  49.132  -28.985  13.991 0.0000000000
28495  30.992  -52.894  39.438 0.0000000000
27398  29.651  -54.073  39.574 0.0000000000
27416  28.548  -54.644  38.642 0.0000000000
130800  27.432  -54.802  39.574 0.0000000000
27437  27.210  -54.788  37.956 0.0000000000
27460  26.260  -54.643  36.243 0.0000000000
27481  25.484  -54.535  35.711 0.0000000000
27482  24.752  -54.339  35.386 0.0000000000
28564  23.905  -53.819  34.485 0.0000000000
28588  23.357  -53.443  34.059 0.0000000000
28565  22.550  -52.927  33.972 0.0000000000
26376  22.623  -55.074  38.939 0.0000000000
27421  23.124  -54.915  38.216 0.0000000000
114789  21.973  -53.523  36.219 0.0000000000
28544  22.474  -53.424  35.442 0.0000000000
29674  21.552  -51.996  33.097 0.0000000000
30808  20.241  -51.054  32.519 0.0000000000
30795  19.932  -51.312  33.377 0.0000000000
31963  19.564  -50.678  32.178 0.0000000000
29676  18.082  -52.005  34.287 0.0000000000
30797  18.275  -51.603  33.681 0.0000000000
62978  50.504  -19.597  17.110 0.0000000000
132806  48.350  -20.436  17.271 0.0000000000
62075  47.835  -20.180  18.292 0.0000000000
62088  47.867  -20.561  17.655 0.0000000000
132766  47.315  -21.445  18.232 0.0000000000
127139  47.393  -21.621  18.841 0.0000000000
60276  47.392  -22.556  19.010 0.0000000000
62950  49.206  -18.252  20.010 0.0000000000
62066  48.682  -20.199  20.261 0.0000000000
62061  49.603  -20.200  20.860 0.0000000000
61137  49.008  -20.881  20.587 0.0000000000
61138  48.262  -21.009  20.034 0.0000000000
59308  47.485  -23.640  18.984 0.0000000000
59302  48.128  -24.054  19.546 0.0000000000
58359  48.351  -24.917  19.436 0.0000000000
57365  48.791  -25.992  19.057 0.0000000000
57353  48.970  -25.689  19.638 0.0000000000
56312  50.123  -26.689  18.966 0.0000000000
120362  51.776  -26.967  18.452 0.0000000000
59283  51.677  -22.888  22.275 0.0000000000
56282  50.866  -26.099  21.424 0.0000000000
56281  51.501  -26.288  21.870 0.0000000000
56293  51.064  -26.862  21.150 0.0000000000
132605  50.889  -27.130  20.225 0.0000000000
56311  51.699  -27.489  19.408 0.0000000000
130409  53.418  -26.737  18.541 0.0000000000
56309  55.237  -27.215  19.409 0.0000000000
56308  55.925  -26.572  19.088 0.0000000000
56326  56.406  -26.213  18.568 0.0000000000
56346  56.855  -26.429  18.120 0.0000000000
55386  56.789  -27.196  17.768 0.0000000000
54465  56.254  -28.240  17.367 0.0000000000
53460  55.824  -29.312  20.466 0.0000000000
54439  58.063  -27.813  19.644 0.0000000000
53459  58.050  -29.102  19.923 0.0000000000
136353  58.058  -27.315  19.393 0.0000000000
54453  57.951  -27.738  18.747 0.0000000000
54464  57.096  -27.986  18.056 0.0000000000
53513  55.004  -29.156  16.601 0.0000000000
52435  55.302  -29.989  17.607 0.0000000000
53505  53.674  -29.630  17.130 0.0000000000
128421  52.788  -29.573  17.303 0.0000000000
53377  57.540  -29.279  25.540 0.0000000000
115018  57.871  -30.080  24.888 0.0000000000
52329  58.253  -30.984  24.212 0.0000000000
51365  58.044  -31.692  25.249 0.0000000000
122617  58.397  -31.470  24.599 0.0000000000
52336  58.508  -31.427  23.445 0.0000000000
51402  58.877  -31.572  22.433 0.0000000000
132925  58.799  -31.943  22.265 0.0000000000
50469  54.912  -32.868  23.129 0.0000000000
50468  56.093  -32.946  23.268 0.0000000000
124959  57.209  -32.758  23.141 0.0000000000
50481  56.560  -32.478  22.469 0.0000000000
50494  57.148  -32.137  21.665 0.0000000000
51430  55.645  -31.368  20.365 0.0000000000
52396  54.983  -31.017  19.772 0.0000000000
126632  54.372  -30.551  19.237 0.0000000000
115953  52.933  -30.133  18.925 0.0000000000
53507  51.281  -29.503  17.475 0.0000000000
52400  50.787  -30.589  19.607 0.0000000000
128250  49.843  -30.401  18.811 0.0000000000
51436  49.755  -31.968  20.672 0.0000000000
136430  49.743  -32.064  21.497 0.0000000000
46452  52.543  -36.889  30.906 0.0000000000
129785  51.808  -36.882  30.872 0.0000000000
125638  51.626  -36.234  29.844 0.0000000000
48391  51.379  -35.498  28.931 0.0000000000
49300  46.880  -33.777  35.211 0.0000000000
49312  47.561  -34.044  34.731 0.0000000000
48343  43.617  -34.452  32.338 0.0000000000
48342  43.945  -34.209  32.927 0.0000000000
49332  44.735  -33.843  33.165 0.0000000000
49348  45.159  -33.582  32.223 0.0000000000
119364  45.626  -33.649  33.013 0.0000000000
49331  45.698  -33.730  33.796 0.0000000000
49330  46.386  -33.683  33.374 0.0000000000
49329  47.152  -33.871  33.750 0.0000000000
48323  47.951  -34.197  33.902 0.0000000000
130903  48.504  -34.435  33.408 0.0000000000
48367  49.532  -35.104  31.257 0.0000000000
49382  48.121  -33.817  31.010 0.0000000000
48368  48.826  -34.263  30.552 0.0000000000
48378  49.540  -34.983  30.266 0.0000000000
47401  50.161  -35.470  30.039 0.0000000000
127760  50.489  -34.698  28.590 0.0000000000
48411  50.782  -34.356  27.787 0.0000000000
49437  50.263  -33.803  27.295 0.0000000000
49454  49.744  -33.338  26.917 0.0000000000
50427  49.661  -32.883  26.290 0.0000000000
119002  48.962  -32.574  26.102 0.0000000000
51379  48.431  -31.681  24.732 0.0000000000
51367  46.427  -31.689  25.679 0.0000000000
51368  45.528  -31.600  25.541 0.0000000000
114548  46.950  -31.465  25.021 0.0000000000
51394  47.373  -31.130  23.720 0.0000000000
52353  46.585  -30.549  22.462 0.0000000000
114614  45.053  -30.048  21.700 0.0000000000
52388  40.681  -30.640  20.298 0.0000000000
51439  40.069  -31.112  20.752 0.0000000000
52389  40.071  -30.798  19.978 0.0000000000
47460  40.582  -35.436  25.225 0.0000000000
124711  40.141  -35.286  24.612 0.0000000000
48463  39.306  -34.578  23.476 0.0000000000
47475  39.232  -35.559  23.463 0.0000000000
118812  38.880  -34.911  23.027 0.0000000000
48465  38.897  -34.142  22.908 0.0000000000
49515  38.048  -33.543  21.468 0.0000000000
46515  37.583  -36.651  21.505 0.0000000000
47483  37.521  -35.716  21.375 0.0000000000
47487  36.582  -35.588  20.410 0.0000000000
47486  37.110  -35.337  20.844 0.0000000000
48472  37.161  -34.654  20.752 0.0000000000
38142  40.257  -45.079  28.664 0.0000000000
38159  39.442  -44.676  27.699 0.0000000000
38160  38.814  -44.928  27.341 0.0000000000
38172  39.097  -44.141  27.090 0.0000000000
39294  37.180  -43.175  25.010 0.0000000000
117881  36.844  -47.050  25.179 0.0000000000
37137  36.591  -45.767  25.309 0.0000000000
37150  35.710  -45.349  24.154 0.0000000000
124898  35.978  -44.755  24.638 0.0000000000
39281  36.875  -43.968  25.317 0.0000000000
40378  36.777  -42.769  24.391 0.0000000000
40390  36.362  -42.389  23.780 0.0000000000
41404  35.906  -41.987  23.213 0.0000000000
41420  35.541  -41.531  22.638 0.0000000000
41421  34.793  -41.735  22.273 0.0000000000
136366  34.608  -41.213  21.903 0.0000000000
42533  34.114  -40.982  21.567 0.0000000000
35207  32.656  -47.461  21.641 0.0000000000
35221  33.110  -47.400  20.793 0.0000000000
36260  32.796  -46.834  20.090 0.0000000000
36259  33.301  -46.614  20.062 0.0000000000
121355  33.078  -44.995  20.075 0.0000000000
38279  30.711  -44.374  18.674 0.0000000000
38278  31.196  -44.381  18.550 0.0000000000
38263  31.717  -44.910  18.812 0.0000000000
131801  32.015  -44.756  18.842 0.0000000000
38251  32.871  -44.008  20.197 0.0000000000
39344  32.679  -43.144  20.187 0.0000000000
40436  32.206  -42.081  19.852 0.0000000000
41447  32.526  -41.275  20.356 0.0000000000
42560  32.339  -40.435  20.082 0.0000000000
43618  32.173  -39.634  19.704 0.0000000000
62991  49.553  -19.697  16.003 0.0000000000
62998  49.138  -19.184  15.185 0.0000000000
63880  49.263  -18.650  14.503 0.0000000000
118449  47.961  -19.262  13.802 0.0000000000
63887  48.629  -18.739  13.582 0.0000000000
128428  49.115  -18.410  12.983 0.0000000000
58384  53.266  -24.705  16.394 0.0000000000
25433  37.372  -56.654  33.300 0.0000000000
25438  39.023  -56.391  31.988 0.0000000000
25439  38.458  -56.578  32.193 0.0000000000
26419  39.422  -56.001  32.113 0.0000000000
26425  40.012  -55.544  31.496 0.0000000000
26426  38.336  -56.242  31.176 0.0000000000
26434  39.506  -55.577  30.808 0.0000000000
27500  25.585  -54.456  34.146 0.0000000000
28618  42.547  -53.486  30.954 0.0000000000
29661  43.214  -52.084  32.249 0.0000000000
31950  43.759  -50.109  32.387 0.0000000000
31962  20.061  -50.704  31.825 0.0000000000
35230  33.519  -47.115  20.403 0.0000000000
36056  44.770  -46.684  34.018 0.0000000000
36114  41.934  -46.614  30.790 0.0000000000
37050  44.682  -45.795  33.211 0.0000000000
37061  42.695  -45.567  31.467 0.0000000000
38064  45.846  -44.496  34.144 0.0000000000
38079  46.161  -43.886  33.988 0.0000000000
38087  45.864  -43.852  33.664 0.0000000000
39135  46.332  -43.183  34.217 0.0000000000
39161  45.819  -43.166  33.484 0.0000000000
39195  43.580  -43.372  31.479 0.0000000000
40220  46.486  -42.477  34.467 0.0000000000
40285  43.841  -41.984  31.014 0.0000000000
40287  42.726  -42.678  29.820 0.0000000000
41248  46.514  -41.914  34.124 0.0000000000
41277  45.435  -41.045  32.354 0.0000000000
41322  43.292  -40.970  29.048 0.0000000000
42344  46.270  -40.895  36.009 0.0000000000
42345  46.000  -40.364  35.727 0.0000000000
42350  46.096  -40.618  34.986 0.0000000000
42422  42.753  -40.596  28.011 0.0000000000
42447  42.003  -40.632  26.722 0.0000000000
42513  36.730  -40.436  22.499 0.0000000000
43441  45.337  -39.768  32.781 0.0000000000
43459  44.454  -39.627  30.869 0.0000000000
43507  42.609  -40.080  27.659 0.0000000000
43531  41.312  -39.897  25.790 0.0000000000
43542  39.702  -39.757  23.911 0.0000000000
44495  44.272  -38.800  30.730 0.0000000000
44590  40.175  -38.607  24.420 0.0000000000
46427  43.398  -36.676  34.122 0.0000000000
46453  51.053  -36.504  31.132 0.0000000000
47399  54.078  -35.892  29.217 0.0000000000
47443  42.018  -35.791  27.303 0.0000000000
48407  54.878  -35.032  27.639 0.0000000000
48412  50.110  -34.092  27.956 0.0000000000
49498  39.771  -34.122  23.971 0.0000000000
50479  59.084  -31.418  21.745 0.0000000000
50484  53.506  -32.491  22.771 0.0000000000
50493  58.438  -31.845  21.662 0.0000000000
51377  58.549  -31.677  23.986 0.0000000000
51385  42.865  -31.646  24.630 0.0000000000
51391  58.714  -31.739  23.209 0.0000000000
52362  59.187  -30.548  21.198 0.0000000000
52368  44.381  -29.946  21.412 0.0000000000
52377  59.269  -30.657  20.872 0.0000000000
52378  59.071  -30.502  20.363 0.0000000000
53444  55.114  -29.708  21.270 0.0000000000
55336  52.532  -28.090  20.382 0.0000000000
55354  57.655  -27.006  19.361 0.0000000000
56269  52.728  -26.601  22.650 0.0000000000
56306  57.585  -26.666  19.104 0.0000000000
57335  50.477  -25.464  21.328 0.0000000000
57344  49.900  -25.526  20.769 0.0000000000
57345  49.347  -25.605  20.185 0.0000000000
57354  48.604  -25.464  19.374 0.0000000000
57384  47.496  -25.171  17.398 0.0000000000
59301  48.634  -23.642  20.186 0.0000000000
59321  46.502  -23.955  16.189 0.0000000000
60283  46.531  -22.631  16.817 0.0000000000
61144  47.549  -20.887  18.397 0.0000000000
62103  46.676  -21.163  14.841 0.0000000000
119818  44.539  -38.596  31.739 0.0000000000
120235  46.801  -21.214  15.374 0.0000000000
121682  38.270  -39.005  22.427 0.0000000000
122082  45.780  -40.921  32.934 0.0000000000
122828  49.157  -26.039  17.264 0.0000000000
124346  46.142  -41.655  36.051 0.0000000000
124644  45.336  -43.081  32.957 0.0000000000
124710  55.347  -33.288  23.717 0.0000000000
125126  55.470  -34.715  27.326 0.0000000000
127528  55.862  -29.005  16.894 0.0000000000
127537  32.410  -45.789  19.343 0.0000000000
128454  48.209  -22.292  10.625 0.0000000000
128557  34.827  -46.200  22.306 0.0000000000
128693  42.730  -51.578  31.007 0.0000000000
129525  42.161  -53.838  30.795 0.0000000000
130118  48.110  -34.307  35.302 0.0000000000
130144  53.663  -36.277  29.550 0.0000000000
131180  43.606  -32.997  28.773 0.0000000000
131256  47.948  -25.382  16.694 0.0000000000
132156  30.712  -44.739  19.142 0.0000000000
132276  43.443  -36.978  35.468 0.0000000000
132335  44.930  -44.123  32.940 0.0000000000
133185  54.443  -35.426  29.037 0.0000000000
134377  22.816  -54.529  37.592 0.0000000000
134946  47.465  -33.894  33.336 0.0000000000
135036  52.030  -36.938  31.458 0.0000000000
135088  36.501  -40.846  22.699 0.0000000000
135389  47.964  -31.516  24.603 0.0000000000
135415  48.719  -31.461  22.820 0.0000000000
