#!ascii label  , from subject sub-v1s11x0050150_ses-1 vox2ras=TkReg
926
36601  -8.750  -50.505  32.286 0.0000000000
44755  -31.999  -41.298  24.597 0.0000000000
49694  -28.982  -36.336  22.800 0.0000000000
47697  -24.116  -38.253  26.824 0.0000000000
59636  -36.973  -24.756  9.842 0.0000000000
54259  -31.399  -31.186  14.480 0.0000000000
44702  -32.080  -41.457  28.872 0.0000000000
45701  -27.870  -40.440  25.404 0.0000000000
60572  -43.223  -24.055  11.028 0.0000000000
62375  -46.698  -22.129  8.990 0.0000000000
64163  -49.413  -20.745  6.434 0.0000000000
52448  -33.373  -33.247  21.343 0.0000000000
52470  -29.437  -33.600  18.078 0.0000000000
54222  -35.553  -31.770  17.994 0.0000000000
55967  -37.606  -29.591  15.064 0.0000000000
130887  -17.230  -40.243  26.152 0.0000000000
33727  -7.581  -52.725  35.807 0.0000000000
47729  -31.574  -38.672  24.675 0.0000000000
51499  -31.901  -34.624  26.465 0.0000000000
46763  -19.147  -38.557  23.567 0.0000000000
47780  -24.014  -38.498  20.849 0.0000000000
64191  -47.447  -20.441  1.314 0.0000000000
66119  -51.026  -17.913  3.921 0.0000000000
56880  -34.259  -28.163  11.803 0.0000000000
57758  -40.216  -26.683  13.168 0.0000000000
132014  -9.731  -47.719  29.344 0.0000000000
31962  -2.288  -56.147  34.258 0.0000000000
127951  -44.974  -23.155  10.159 0.0000000000
53336  -34.375  -32.522  19.523 0.0000000000
43891  -15.111  -42.515  24.680 0.0000000000
34693  -8.740  -52.054  34.161 0.0000000000
45750  -32.539  -40.530  22.831 0.0000000000
46750  -32.763  -40.103  24.997 0.0000000000
126597  -21.966  -37.577  25.265 0.0000000000
123831  -21.905  -37.840  21.685 0.0000000000
113755  -23.923  -38.255  23.713 0.0000000000
45717  -29.441  -40.854  25.085 0.0000000000
45747  -27.506  -40.219  22.775 0.0000000000
44763  -30.022  -40.867  23.082 0.0000000000
47671  -22.426  -37.672  28.800 0.0000000000
112988  -20.069  -38.145  27.017 0.0000000000
63250  -42.307  -21.331  4.949 0.0000000000
63266  -45.828  -20.980  2.863 0.0000000000
65184  -50.239  -19.405  4.606 0.0000000000
119067  -30.164  -32.580  16.300 0.0000000000
55995  -32.683  -29.395  12.966 0.0000000000
56850  -39.165  -28.233  14.015 0.0000000000
42244  -12.749  -43.796  27.050 0.0000000000
41289  -11.700  -44.881  29.262 0.0000000000
40340  -11.657  -45.768  30.963 0.0000000000
40382  -10.467  -46.339  27.510 0.0000000000
32835  -3.520  -55.279  32.263 0.0000000000
119440  -31.881  -41.457  26.688 0.0000000000
46720  -33.166  -40.075  26.796 0.0000000000
46699  -33.404  -39.918  28.776 0.0000000000
45664  -26.053  -39.927  29.130 0.0000000000
122544  -25.554  -39.387  26.000 0.0000000000
45677  -27.389  -40.638  27.591 0.0000000000
44714  -29.721  -41.302  27.157 0.0000000000
60568  -39.786  -24.103  10.421 0.0000000000
62357  -41.861  -22.638  9.159 0.0000000000
63222  -43.037  -21.194  7.549 0.0000000000
63236  -45.172  -20.826  6.716 0.0000000000
64172  -46.406  -20.409  5.362 0.0000000000
63226  -47.976  -21.518  7.685 0.0000000000
51533  -30.273  -34.183  22.412 0.0000000000
50662  -28.713  -35.178  20.697 0.0000000000
52455  -31.396  -33.346  20.500 0.0000000000
53352  -32.533  -32.375  17.859 0.0000000000
54235  -33.518  -31.526  16.619 0.0000000000
55149  -34.582  -29.993  14.823 0.0000000000
129234  -36.586  -30.759  16.425 0.0000000000
44709  -15.937  -41.336  27.823 0.0000000000
120244  -14.237  -42.927  25.846 0.0000000000
66945  -50.887  -17.039  0.260 0.0000000000
34653  -5.332  -52.132  36.081 0.0000000000
47749  -32.159  -39.365  23.046 0.0000000000
47747  -30.512  -37.717  23.850 0.0000000000
47699  -32.413  -39.008  26.918 0.0000000000
48673  -30.639  -37.038  26.238 0.0000000000
51517  -30.073  -34.942  24.443 0.0000000000
51528  -32.717  -34.038  23.921 0.0000000000
46765  -25.486  -39.190  23.464 0.0000000000
46705  -19.082  -38.790  27.860 0.0000000000
130263  -18.257  -39.324  25.213 0.0000000000
127354  -47.333  -19.786  3.966 0.0000000000
65193  -48.750  -18.521  2.730 0.0000000000
66943  -49.637  -17.734  0.970 0.0000000000
67722  -51.114  -16.442  3.039 0.0000000000
36643  -6.602  -50.590  29.525 0.0000000000
35639  -6.311  -51.628  31.429 0.0000000000
58688  -35.346  -26.458  10.395 0.0000000000
56847  -35.824  -28.731  13.461 0.0000000000
57775  -37.180  -27.033  12.216 0.0000000000
113626  -39.024  -25.501  11.534 0.0000000000
59622  -41.455  -25.112  11.987 0.0000000000
37549  -9.151  -49.207  30.943 0.0000000000
33765  -5.621  -52.945  33.052 0.0000000000
32797  -4.957  -53.655  35.171 0.0000000000
32794  -2.892  -54.066  35.285 0.0000000000
35631  -9.087  -50.891  33.012 0.0000000000
44765  -31.810  -41.281  23.765 0.0000000000
44766  -32.346  -41.046  24.015 0.0000000000
44756  -32.548  -40.951  24.637 0.0000000000
47696  -23.291  -37.855  26.247 0.0000000000
125354  -22.763  -37.727  24.139 0.0000000000
47711  -23.729  -38.133  25.370 0.0000000000
110582  -30.430  -41.141  24.979 0.0000000000
44753  -29.979  -40.938  24.107 0.0000000000
44754  -31.054  -41.263  24.321 0.0000000000
44780  -30.780  -41.138  22.625 0.0000000000
47673  -24.145  -38.374  28.729 0.0000000000
47661  -24.217  -38.441  29.622 0.0000000000
47684  -23.323  -37.805  27.316 0.0000000000
110454  -22.298  -37.600  26.861 0.0000000000
63265  -45.306  -21.004  3.456 0.0000000000
48725  -29.722  -37.581  22.180 0.0000000000
48723  -28.674  -36.841  21.601 0.0000000000
54246  -30.670  -31.735  14.966 0.0000000000
54258  -30.571  -31.652  14.073 0.0000000000
130492  -32.435  -30.184  13.917 0.0000000000
41327  -11.774  -44.887  26.612 0.0000000000
126171  -12.027  -44.450  28.076 0.0000000000
41315  -11.587  -45.031  27.594 0.0000000000
131559  -11.302  -45.466  28.236 0.0000000000
40394  -10.682  -46.035  26.769 0.0000000000
122964  -32.658  -41.326  27.985 0.0000000000
44704  -33.263  -40.765  28.267 0.0000000000
44690  -33.266  -40.703  28.956 0.0000000000
45654  -26.594  -40.474  29.566 0.0000000000
45665  -26.623  -40.429  28.682 0.0000000000
44685  -27.815  -41.270  29.796 0.0000000000
126434  -31.252  -41.513  29.406 0.0000000000
44701  -30.161  -41.461  28.606 0.0000000000
111373  -30.984  -41.507  28.711 0.0000000000
44727  -30.772  -41.390  26.602 0.0000000000
60570  -41.595  -24.179  10.834 0.0000000000
61476  -40.557  -23.623  10.061 0.0000000000
61478  -42.069  -23.649  10.275 0.0000000000
62374  -45.778  -22.283  9.069 0.0000000000
62359  -44.152  -22.494  9.210 0.0000000000
63212  -44.706  -21.535  8.086 0.0000000000
63223  -44.522  -21.059  7.316 0.0000000000
63224  -45.413  -21.283  7.537 0.0000000000
63237  -46.204  -21.012  6.937 0.0000000000
113974  -47.104  -21.779  8.233 0.0000000000
52436  -31.848  -33.606  22.003 0.0000000000
52445  -30.722  -33.668  21.008 0.0000000000
132071  -32.067  -33.306  20.799 0.0000000000
132731  -34.489  -32.366  18.825 0.0000000000
110173  -33.077  -32.577  19.164 0.0000000000
53353  -33.362  -32.204  17.778 0.0000000000
53363  -33.012  -31.937  17.196 0.0000000000
117596  -34.254  -31.479  16.852 0.0000000000
54250  -35.027  -30.837  16.098 0.0000000000
54237  -35.626  -31.384  17.233 0.0000000000
45673  -17.444  -40.128  27.676 0.0000000000
44683  -17.026  -40.631  28.916 0.0000000000
44710  -16.384  -41.072  27.079 0.0000000000
43883  -14.639  -42.687  25.383 0.0000000000
68576  -51.665  -15.439  0.906 0.0000000000
68577  -52.438  -14.848  0.555 0.0000000000
33717  -6.388  -52.742  36.182 0.0000000000
46767  -32.395  -39.574  23.891 0.0000000000
114106  -32.643  -39.998  23.386 0.0000000000
112002  -31.846  -39.015  23.844 0.0000000000
47765  -31.001  -38.171  23.165 0.0000000000
48695  -30.833  -37.879  24.638 0.0000000000
47687  -33.247  -39.762  28.085 0.0000000000
47700  -33.012  -39.666  27.336 0.0000000000
48667  -32.151  -38.348  27.804 0.0000000000
51485  -31.637  -34.970  27.241 0.0000000000
49647  -31.142  -36.456  27.503 0.0000000000
50615  -30.730  -35.401  26.518 0.0000000000
50621  -30.320  -35.533  25.737 0.0000000000
110191  -30.573  -34.818  25.257 0.0000000000
51518  -30.806  -34.487  24.387 0.0000000000
51510  -32.181  -34.438  25.604 0.0000000000
47779  -23.152  -38.169  20.996 0.0000000000
46731  -26.346  -39.818  25.714 0.0000000000
46747  -25.558  -39.281  24.354 0.0000000000
46748  -26.305  -39.685  24.751 0.0000000000
45746  -26.947  -40.032  21.953 0.0000000000
47656  -20.104  -38.421  29.077 0.0000000000
47723  -19.540  -38.287  24.483 0.0000000000
46728  -19.037  -38.663  26.135 0.0000000000
46745  -18.750  -38.766  24.257 0.0000000000
46743  -17.668  -39.797  23.495 0.0000000000
64162  -48.136  -20.584  5.887 0.0000000000
64179  -46.855  -20.130  4.582 0.0000000000
64174  -48.259  -20.230  5.162 0.0000000000
66112  -50.650  -18.705  4.229 0.0000000000
65190  -49.777  -18.859  3.901 0.0000000000
66117  -49.377  -18.332  3.146 0.0000000000
66125  -49.100  -18.140  1.445 0.0000000000
66122  -49.804  -17.682  2.702 0.0000000000
67721  -50.623  -16.614  2.432 0.0000000000
66936  -51.373  -17.055  3.752 0.0000000000
51548  -29.045  -34.333  19.363 0.0000000000
50669  -28.295  -35.816  19.257 0.0000000000
57794  -34.376  -27.424  9.571 0.0000000000
57785  -35.042  -26.973  10.967 0.0000000000
55151  -36.106  -29.857  15.032 0.0000000000
55998  -35.264  -29.197  13.799 0.0000000000
56000  -36.913  -29.065  14.136 0.0000000000
57738  -40.153  -27.278  13.621 0.0000000000
114593  -38.272  -27.615  13.006 0.0000000000
58666  -39.056  -26.664  12.496 0.0000000000
58680  -38.530  -26.210  11.951 0.0000000000
58667  -39.842  -26.290  12.583 0.0000000000
59621  -40.541  -25.265  11.817 0.0000000000
59612  -41.023  -25.625  12.512 0.0000000000
39479  -10.837  -46.950  29.934 0.0000000000
39465  -10.523  -47.604  30.346 0.0000000000
38548  -10.436  -48.459  31.348 0.0000000000
38577  -9.206  -48.228  29.493 0.0000000000
38576  -8.383  -48.645  29.149 0.0000000000
38593  -8.291  -48.620  28.259 0.0000000000
34715  -5.122  -52.635  31.267 0.0000000000
34700  -5.600  -52.645  32.217 0.0000000000
122448  -4.863  -53.194  32.163 0.0000000000
32820  -3.378  -55.261  33.405 0.0000000000
130826  -3.769  -54.589  33.921 0.0000000000
32808  -3.394  -54.821  34.596 0.0000000000
32796  -4.149  -53.915  35.184 0.0000000000
32795  -3.285  -54.521  35.142 0.0000000000
44671  -28.532  -41.499  30.438 0.0000000000
60564  -44.831  -23.987  12.250 0.0000000000
61479  -43.603  -23.512  10.351 0.0000000000
61471  -45.561  -23.488  11.261 0.0000000000
52457  -33.489  -32.875  20.491 0.0000000000
44752  -16.696  -40.781  24.597 0.0000000000
44738  -16.201  -41.294  25.202 0.0000000000
34681  -9.363  -52.101  34.965 0.0000000000
34679  -8.009  -52.512  34.620 0.0000000000
44782  -32.264  -41.026  23.146 0.0000000000
45729  -32.603  -40.608  23.777 0.0000000000
46749  -32.484  -39.671  24.628 0.0000000000
51500  -32.940  -34.513  26.181 0.0000000000
47724  -20.559  -37.752  24.220 0.0000000000
47742  -20.608  -37.851  23.065 0.0000000000
114900  -21.288  -37.585  23.702 0.0000000000
47744  -22.528  -37.643  22.919 0.0000000000
47746  -24.213  -38.336  22.912 0.0000000000
45702  -28.685  -40.726  25.680 0.0000000000
45715  -27.740  -40.289  24.562 0.0000000000
45727  -28.373  -40.414  24.034 0.0000000000
45748  -28.532  -40.457  22.433 0.0000000000
44795  -30.112  -41.016  21.126 0.0000000000
47658  -21.816  -37.727  29.504 0.0000000000
133104  -20.776  -38.031  28.749 0.0000000000
47682  -21.618  -37.667  27.597 0.0000000000
47710  -20.440  -37.865  25.797 0.0000000000
63249  -41.557  -21.469  5.459 0.0000000000
64187  -46.757  -20.862  1.814 0.0000000000
64164  -50.851  -20.540  6.712 0.0000000000
64175  -49.700  -20.298  5.599 0.0000000000
52484  -29.860  -32.962  16.962 0.0000000000
56022  -32.163  -29.469  11.722 0.0000000000
133237  -33.798  -28.547  12.203 0.0000000000
55986  -39.946  -29.087  15.187 0.0000000000
56834  -38.782  -28.770  14.405 0.0000000000
56835  -40.146  -28.561  14.805 0.0000000000
43068  -13.889  -42.548  28.525 0.0000000000
43852  -13.322  -42.833  28.972 0.0000000000
124698  -12.330  -44.011  30.600 0.0000000000
41276  -11.561  -45.439  29.961 0.0000000000
40354  -11.114  -46.226  29.464 0.0000000000
129597  -9.901  -47.292  28.830 0.0000000000
38594  -8.794  -48.116  27.958 0.0000000000
39524  -9.470  -47.604  26.705 0.0000000000
44728  -31.713  -41.422  26.054 0.0000000000
44745  -32.962  -41.130  25.897 0.0000000000
44730  -33.110  -41.052  26.676 0.0000000000
46708  -33.402  -39.952  28.295 0.0000000000
46697  -24.838  -38.899  28.219 0.0000000000
46717  -24.820  -38.828  26.281 0.0000000000
46707  -25.553  -39.543  27.731 0.0000000000
45676  -26.733  -40.305  27.286 0.0000000000
45688  -27.339  -40.469  26.791 0.0000000000
44686  -28.604  -41.413  29.424 0.0000000000
44713  -28.823  -41.196  27.553 0.0000000000
44725  -28.911  -40.988  26.572 0.0000000000
44726  -29.749  -41.205  26.391 0.0000000000
44741  -30.091  -41.190  25.755 0.0000000000
46686  -25.456  -39.402  29.562 0.0000000000
60567  -38.788  -24.285  10.376 0.0000000000
60583  -37.965  -23.679  8.740 0.0000000000
61484  -38.932  -23.340  9.159 0.0000000000
62369  -40.174  -22.645  8.820 0.0000000000
62384  -40.630  -21.849  7.818 0.0000000000
61488  -43.480  -22.894  9.619 0.0000000000
126415  -42.473  -22.139  8.701 0.0000000000
63220  -41.456  -21.502  7.499 0.0000000000
130717  -42.943  -20.882  6.821 0.0000000000
63252  -43.938  -20.697  5.557 0.0000000000
119825  -44.437  -20.752  4.807 0.0000000000
63261  -45.076  -20.729  4.306 0.0000000000
64159  -45.767  -20.611  6.044 0.0000000000
64161  -47.442  -20.755  6.215 0.0000000000
63239  -48.596  -21.105  6.974 0.0000000000
63216  -48.593  -21.665  8.328 0.0000000000
63240  -49.475  -21.164  7.334 0.0000000000
51532  -29.701  -34.806  23.030 0.0000000000
50651  -28.815  -35.332  21.609 0.0000000000
51538  -30.054  -34.057  21.556 0.0000000000
51543  -29.880  -33.920  20.686 0.0000000000
52464  -30.355  -33.300  19.322 0.0000000000
52466  -32.897  -32.798  19.946 0.0000000000
53343  -31.681  -32.640  18.564 0.0000000000
53342  -30.788  -32.733  18.080 0.0000000000
53361  -31.213  -32.331  16.678 0.0000000000
54233  -31.788  -31.850  16.218 0.0000000000
54260  -32.247  -31.128  15.163 0.0000000000
121654  -33.050  -30.245  14.456 0.0000000000
55130  -33.754  -30.470  15.173 0.0000000000
55132  -35.491  -30.503  15.733 0.0000000000
55134  -37.710  -30.073  15.691 0.0000000000
55118  -37.893  -30.468  16.339 0.0000000000
55136  -38.949  -29.898  15.890 0.0000000000
126343  -15.240  -41.700  28.378 0.0000000000
43885  -15.812  -41.613  25.930 0.0000000000
43874  -15.212  -42.012  26.516 0.0000000000
115335  -14.559  -42.217  27.973 0.0000000000
43080  -13.406  -43.342  26.797 0.0000000000
48713  -30.096  -37.652  23.088 0.0000000000
48712  -29.298  -37.098  23.007 0.0000000000
46733  -33.019  -40.143  25.828 0.0000000000
46732  -32.634  -39.678  25.429 0.0000000000
47713  -31.763  -38.765  25.468 0.0000000000
126170  -31.211  -37.758  26.422 0.0000000000
48685  -31.139  -38.019  25.566 0.0000000000
48684  -30.405  -37.222  25.314 0.0000000000
49671  -29.699  -36.514  24.415 0.0000000000
50633  -29.315  -35.608  23.370 0.0000000000
51526  -30.236  -34.595  23.747 0.0000000000
114921  -31.999  -33.900  23.363 0.0000000000
52427  -32.998  -33.706  23.027 0.0000000000
51520  -33.355  -34.167  24.487 0.0000000000
51529  -33.592  -33.895  23.769 0.0000000000
46729  -24.974  -38.915  24.868 0.0000000000
46746  -24.799  -38.741  23.947 0.0000000000
46807  -24.756  -38.710  21.585 0.0000000000
45725  -26.868  -39.933  23.395 0.0000000000
117379  -26.201  -39.590  22.138 0.0000000000
46683  -18.766  -39.389  29.280 0.0000000000
45674  -17.954  -39.658  27.298 0.0000000000
47680  -19.848  -38.284  27.666 0.0000000000
46715  -18.582  -39.117  26.932 0.0000000000
45699  -17.611  -39.856  26.031 0.0000000000
115392  -17.077  -40.450  23.776 0.0000000000
64183  -45.982  -20.571  3.397 0.0000000000
64184  -46.445  -20.500  2.736 0.0000000000
64188  -47.089  -20.104  2.179 0.0000000000
65183  -49.353  -19.503  4.391 0.0000000000
65188  -47.809  -19.415  3.337 0.0000000000
65196  -47.649  -19.627  1.770 0.0000000000
65200  -48.603  -19.212  0.745 0.0000000000
65201  -49.228  -19.395  0.217 0.0000000000
65202  -49.957  -18.908  -0.120 0.0000000000
66944  -50.287  -17.365  0.647 0.0000000000
114746  -51.049  -16.005  1.266 0.0000000000
36627  -7.785  -49.918  30.793 0.0000000000
35641  -7.988  -50.783  32.013 0.0000000000
35659  -6.277  -51.313  30.712 0.0000000000
49719  -28.407  -36.526  20.570 0.0000000000
59628  -35.801  -25.795  9.918 0.0000000000
55980  -33.900  -29.432  13.695 0.0000000000
55997  -34.491  -29.076  13.407 0.0000000000
56864  -35.482  -28.354  12.802 0.0000000000
57735  -37.951  -28.150  13.472 0.0000000000
56866  -37.100  -28.183  13.218 0.0000000000
57753  -35.914  -27.823  12.358 0.0000000000
58678  -36.690  -26.492  11.562 0.0000000000
58690  -37.057  -25.763  11.158 0.0000000000
121908  -37.445  -25.079  10.695 0.0000000000
59630  -39.335  -24.762  10.999 0.0000000000
60559  -41.085  -24.665  11.330 0.0000000000
60561  -42.728  -24.477  11.595 0.0000000000
36613  -9.934  -49.707  32.301 0.0000000000
37534  -10.384  -49.052  31.900 0.0000000000
36628  -8.527  -49.678  31.141 0.0000000000
132595  -7.807  -49.614  30.213 0.0000000000
36644  -7.168  -49.823  28.857 0.0000000000
128089  -7.740  -51.430  32.605 0.0000000000
34691  -6.956  -52.508  33.521 0.0000000000
33740  -6.398  -53.187  34.777 0.0000000000
33764  -4.213  -53.859  32.552 0.0000000000
32822  -4.934  -53.725  34.339 0.0000000000
33725  -5.803  -53.245  35.581 0.0000000000
33724  -5.017  -53.347  35.580 0.0000000000
127910  -4.442  -52.641  35.735 0.0000000000
31951  -1.804  -56.040  34.546 0.0000000000
32793  -2.008  -54.515  35.111 0.0000000000
36602  -9.508  -50.325  32.644 0.0000000000
122966  -24.120  -38.301  26.037 0.0000000000
111462  -31.218  -41.303  24.976 0.0000000000
44764  -30.882  -41.188  23.492 0.0000000000
47685  -24.122  -38.293  27.784 0.0000000000
62413  -44.807  -21.823  3.035 0.0000000000
48711  -28.915  -36.925  22.220 0.0000000000
49693  -28.591  -36.204  21.913 0.0000000000
54269  -30.926  -31.161  13.641 0.0000000000
55146  -31.596  -30.523  13.638 0.0000000000
41326  -11.214  -45.474  26.772 0.0000000000
44703  -32.919  -41.151  28.685 0.0000000000
44684  -27.136  -40.955  30.068 0.0000000000
44698  -27.213  -40.917  29.224 0.0000000000
44688  -31.963  -41.473  29.827 0.0000000000
125450  -31.613  -41.509  28.146 0.0000000000
44669  -27.029  -40.870  30.754 0.0000000000
60571  -42.414  -24.149  10.942 0.0000000000
118683  -42.835  -23.736  10.516 0.0000000000
62373  -44.860  -22.121  8.776 0.0000000000
63213  -45.554  -21.756  8.304 0.0000000000
63214  -46.287  -21.886  8.479 0.0000000000
63225  -46.279  -21.521  7.807 0.0000000000
52437  -32.762  -33.537  22.105 0.0000000000
52447  -32.410  -33.400  21.368 0.0000000000
53355  -34.933  -32.129  18.370 0.0000000000
53354  -34.083  -32.236  18.137 0.0000000000
54220  -33.840  -31.850  17.358 0.0000000000
54221  -34.751  -31.731  17.516 0.0000000000
54236  -34.947  -31.245  16.695 0.0000000000
44711  -16.906  -40.572  27.281 0.0000000000
44724  -16.778  -40.690  26.322 0.0000000000
68574  -52.065  -14.817  1.576 0.0000000000
67729  -52.037  -15.644  0.205 0.0000000000
34667  -8.365  -52.456  35.807 0.0000000000
34666  -7.789  -52.370  36.295 0.0000000000
34655  -6.964  -52.053  36.500 0.0000000000
33718  -7.110  -52.670  36.206 0.0000000000
47730  -32.090  -39.259  24.392 0.0000000000
47748  -31.256  -38.355  23.890 0.0000000000
47686  -32.835  -39.245  27.872 0.0000000000
48659  -32.590  -38.662  28.580 0.0000000000
50611  -31.126  -35.358  27.056 0.0000000000
51498  -31.135  -34.902  26.582 0.0000000000
51497  -30.718  -34.949  26.048 0.0000000000
51509  -31.233  -34.637  25.878 0.0000000000
110327  -31.462  -34.421  25.022 0.0000000000
46787  -18.841  -38.957  22.647 0.0000000000
47741  -19.677  -38.369  22.825 0.0000000000
111387  -27.211  -40.266  25.967 0.0000000000
45700  -27.083  -40.081  25.107 0.0000000000
46762  -18.411  -39.107  23.549 0.0000000000
133357  -47.727  -21.079  0.866 0.0000000000
115477  -48.891  -20.474  5.720 0.0000000000
66118  -50.226  -18.137  3.496 0.0000000000
66935  -50.575  -17.229  3.098 0.0000000000
52463  -29.580  -33.707  18.934 0.0000000000
51552  -28.923  -34.247  18.469 0.0000000000
51556  -28.846  -34.161  17.581 0.0000000000
112239  -33.495  -28.398  11.517 0.0000000000
56892  -33.278  -28.473  10.640 0.0000000000
56893  -33.925  -27.888  10.995 0.0000000000
57772  -34.664  -27.575  11.355 0.0000000000
55966  -36.881  -29.490  14.692 0.0000000000
55983  -37.517  -29.130  14.424 0.0000000000
57757  -39.594  -26.975  13.062 0.0000000000
59611  -40.360  -25.793  12.371 0.0000000000
58668  -40.617  -26.178  12.920 0.0000000000
39478  -10.275  -47.395  29.602 0.0000000000
38578  -9.960  -47.977  29.976 0.0000000000
115349  -8.741  -48.213  28.719 0.0000000000
33777  -4.559  -53.302  31.218 0.0000000000
31963  -2.843  -55.799  33.872 0.0000000000
31952  -2.567  -55.362  34.770 0.0000000000
52459  -34.772  -32.770  21.025 0.0000000000
44751  -16.119  -41.560  24.294 0.0000000000
35610  -9.756  -51.701  34.550 0.0000000000
34680  -8.672  -52.388  35.089 0.0000000000
44781  -31.632  -41.251  22.918 0.0000000000
45718  -32.696  -40.538  24.507 0.0000000000
121923  -32.567  -40.837  24.228 0.0000000000
46768  -32.690  -40.053  24.175 0.0000000000
126165  -21.017  -37.634  25.147 0.0000000000
47725  -21.573  -37.565  24.458 0.0000000000
47727  -23.301  -37.938  24.495 0.0000000000
47745  -23.044  -37.796  23.658 0.0000000000
112709  -23.426  -37.904  22.847 0.0000000000
44740  -29.363  -40.995  25.895 0.0000000000
45716  -28.516  -40.569  24.848 0.0000000000
45728  -29.076  -40.626  24.306 0.0000000000
122968  -29.077  -40.586  23.421 0.0000000000
45749  -29.393  -40.663  22.578 0.0000000000
44779  -30.060  -40.875  22.167 0.0000000000
47660  -23.369  -37.946  29.321 0.0000000000
122967  -23.640  -38.137  30.207 0.0000000000
47659  -22.586  -37.718  29.572 0.0000000000
126912  -21.819  -37.686  28.247 0.0000000000
47695  -21.432  -37.620  26.090 0.0000000000
52483  -29.332  -33.297  16.307 0.0000000000
53370  -29.573  -32.840  15.660 0.0000000000
55171  -32.105  -29.599  12.507 0.0000000000
56008  -32.700  -29.108  12.302 0.0000000000
56009  -33.530  -29.024  12.897 0.0000000000
55969  -40.418  -29.299  15.641 0.0000000000
57722  -41.339  -27.111  14.297 0.0000000000
43067  -13.247  -43.100  28.245 0.0000000000
42220  -12.150  -44.198  28.919 0.0000000000
43055  -12.487  -43.662  29.751 0.0000000000
42205  -11.970  -44.479  29.889 0.0000000000
40368  -10.856  -46.127  28.455 0.0000000000
40353  -10.524  -46.786  29.099 0.0000000000
39493  -10.172  -46.797  28.180 0.0000000000
39508  -9.455  -47.465  27.816 0.0000000000
39509  -9.873  -46.901  27.196 0.0000000000
44729  -32.541  -41.348  26.336 0.0000000000
44717  -32.658  -41.306  27.095 0.0000000000
45667  -33.442  -40.191  28.538 0.0000000000
45678  -33.425  -40.297  27.951 0.0000000000
46698  -25.473  -39.436  28.679 0.0000000000
114180  -26.067  -39.953  28.354 0.0000000000
44699  -27.323  -40.789  28.385 0.0000000000
45666  -26.790  -40.429  27.980 0.0000000000
44687  -29.375  -41.541  30.039 0.0000000000
115672  -29.556  -41.406  28.081 0.0000000000
44716  -31.698  -41.485  27.381 0.0000000000
45653  -26.033  -39.926  29.981 0.0000000000
60578  -39.091  -23.765  9.903 0.0000000000
61486  -41.344  -23.241  9.692 0.0000000000
61485  -40.432  -23.101  9.428 0.0000000000
62356  -40.990  -22.622  9.034 0.0000000000
118067  -40.637  -22.257  8.466 0.0000000000
133141  -44.387  -23.446  10.460 0.0000000000
61489  -44.266  -23.044  9.879 0.0000000000
62372  -44.013  -21.895  8.542 0.0000000000
62358  -43.332  -22.313  8.946 0.0000000000
62371  -43.162  -21.663  8.306 0.0000000000
63210  -42.302  -21.515  7.990 0.0000000000
63221  -42.260  -21.120  7.107 0.0000000000
63235  -44.257  -20.721  6.475 0.0000000000
63253  -44.819  -20.602  5.802 0.0000000000
64171  -45.384  -20.496  5.114 0.0000000000
115827  -47.060  -21.347  7.379 0.0000000000
119913  -47.023  -21.018  6.728 0.0000000000
63238  -47.709  -21.115  6.913 0.0000000000
128721  -48.111  -20.865  6.466 0.0000000000
51537  -29.462  -34.694  22.072 0.0000000000
52454  -30.544  -33.476  20.163 0.0000000000
53329  -34.166  -32.693  20.248 0.0000000000
53335  -33.636  -32.639  19.715 0.0000000000
53344  -32.570  -32.536  18.658 0.0000000000
53351  -31.517  -32.485  17.547 0.0000000000
110183  -30.590  -32.661  17.208 0.0000000000
54234  -32.650  -31.673  16.443 0.0000000000
123414  -32.281  -31.481  15.791 0.0000000000
54248  -33.097  -31.164  15.762 0.0000000000
54249  -34.200  -31.054  16.093 0.0000000000
55116  -35.774  -30.898  16.429 0.0000000000
120979  -36.271  -30.405  15.771 0.0000000000
55117  -37.128  -30.460  16.057 0.0000000000
54240  -38.214  -30.830  17.021 0.0000000000
55119  -38.659  -30.383  16.477 0.0000000000
55135  -38.313  -30.115  15.958 0.0000000000
55960  -39.808  -29.661  15.853 0.0000000000
44696  -16.472  -40.956  28.431 0.0000000000
129505  -15.935  -41.323  28.803 0.0000000000
43892  -15.653  -41.857  24.987 0.0000000000
43884  -15.173  -42.181  25.618 0.0000000000
43873  -14.655  -42.512  26.168 0.0000000000
43866  -14.608  -42.403  27.039 0.0000000000
43092  -14.076  -42.904  26.551 0.0000000000
43081  -13.841  -42.819  27.525 0.0000000000
46791  -32.601  -39.989  22.419 0.0000000000
47766  -31.492  -38.704  22.563 0.0000000000
48701  -29.759  -37.136  23.778 0.0000000000
45703  -33.188  -40.705  26.262 0.0000000000
46719  -32.824  -39.634  26.351 0.0000000000
112694  -32.331  -39.167  25.879 0.0000000000
47698  -31.740  -38.502  26.212 0.0000000000
49656  -30.797  -36.485  26.875 0.0000000000
48674  -31.103  -37.168  26.988 0.0000000000
50620  -30.042  -35.362  24.974 0.0000000000
49663  -29.891  -36.015  25.047 0.0000000000
50626  -29.610  -35.657  24.285 0.0000000000
51525  -29.698  -35.068  23.813 0.0000000000
110842  -31.751  -34.214  24.171 0.0000000000
51527  -31.084  -34.197  23.589 0.0000000000
51501  -34.011  -34.446  25.852 0.0000000000
51511  -33.171  -34.360  25.296 0.0000000000
110852  -34.016  -34.233  24.952 0.0000000000
52428  -34.017  -33.635  23.075 0.0000000000
47761  -21.195  -37.877  22.090 0.0000000000
47760  -20.254  -38.231  22.099 0.0000000000
47777  -21.405  -38.201  21.203 0.0000000000
46718  -25.456  -39.416  26.799 0.0000000000
47712  -24.509  -38.589  25.466 0.0000000000
124608  -25.099  -39.034  25.566 0.0000000000
46764  -24.838  -38.735  23.107 0.0000000000
46789  -25.401  -39.057  22.453 0.0000000000
45726  -27.619  -40.195  23.726 0.0000000000
46695  -18.604  -39.306  28.456 0.0000000000
45663  -17.966  -39.679  28.105 0.0000000000
46704  -18.430  -39.300  27.734 0.0000000000
47681  -20.681  -37.873  27.475 0.0000000000
47669  -20.346  -38.127  28.259 0.0000000000
123739  -18.778  -38.831  25.147 0.0000000000
46727  -18.275  -39.290  25.906 0.0000000000
45713  -17.809  -39.712  25.282 0.0000000000
45712  -17.409  -40.062  24.526 0.0000000000
64178  -45.901  -20.392  4.276 0.0000000000
115613  -46.577  -20.158  3.685 0.0000000000
64185  -47.089  -19.867  3.081 0.0000000000
65179  -49.807  -19.866  4.989 0.0000000000
64181  -49.084  -20.052  5.011 0.0000000000
65189  -48.749  -18.983  3.528 0.0000000000
127411  -48.101  -19.014  2.494 0.0000000000
65197  -48.216  -19.123  1.452 0.0000000000
66128  -49.263  -18.550  0.612 0.0000000000
66129  -50.028  -18.058  0.289 0.0000000000
66942  -50.091  -17.121  1.334 0.0000000000
67724  -50.538  -16.539  1.678 0.0000000000
67725  -50.991  -16.066  2.192 0.0000000000
68573  -51.497  -15.469  1.868 0.0000000000
68570  -51.525  -15.697  2.845 0.0000000000
36626  -6.944  -50.580  30.580 0.0000000000
50650  -28.421  -35.929  21.086 0.0000000000
50661  -28.318  -35.836  20.198 0.0000000000
113970  -34.893  -26.889  10.413 0.0000000000
58689  -36.188  -26.056  10.811 0.0000000000
55148  -33.816  -29.860  14.348 0.0000000000
56846  -35.118  -28.750  13.250 0.0000000000
56833  -38.065  -28.702  14.136 0.0000000000
56849  -38.537  -28.349  13.897 0.0000000000
57755  -37.585  -27.636  12.797 0.0000000000
57754  -36.740  -27.690  12.594 0.0000000000
57774  -36.301  -27.171  11.973 0.0000000000
58679  -37.609  -26.345  11.788 0.0000000000
59619  -37.995  -25.592  11.383 0.0000000000
59629  -38.388  -24.888  10.924 0.0000000000
60560  -41.933  -24.603  11.470 0.0000000000
59623  -42.255  -24.936  12.137 0.0000000000
37550  -9.933  -48.812  31.143 0.0000000000
37533  -9.731  -49.337  31.606 0.0000000000
37548  -8.309  -49.397  30.472 0.0000000000
37580  -7.802  -49.140  28.626 0.0000000000
37565  -7.870  -49.281  29.618 0.0000000000
37579  -7.507  -49.718  27.939 0.0000000000
35640  -7.062  -51.100  31.583 0.0000000000
35629  -6.786  -51.785  32.221 0.0000000000
34701  -6.382  -52.421  32.796 0.0000000000
33753  -6.394  -52.930  33.709 0.0000000000
33754  -7.070  -52.788  34.193 0.0000000000
32836  -3.799  -54.503  31.937 0.0000000000
124431  -3.772  -54.561  32.918 0.0000000000
32809  -4.187  -54.120  34.665 0.0000000000
33739  -5.565  -53.483  34.855 0.0000000000
115882  -3.737  -53.648  35.420 0.0000000000
33723  -4.425  -53.234  35.594 0.0000000000
126206  -4.036  -52.970  35.676 0.0000000000
33714  -4.061  -52.255  35.654 0.0000000000
31950  -1.275  -55.811  34.462 0.0000000000
31945  -1.897  -55.295  34.910 0.0000000000
35618  -8.590  -51.461  33.253 0.0000000000
44757  -32.907  -40.725  25.309 0.0000000000
47726  -22.461  -37.635  24.584 0.0000000000
112125  -22.881  -37.719  25.322 0.0000000000
47728  -24.221  -38.422  24.649 0.0000000000
46677  -24.857  -38.892  30.017 0.0000000000
47672  -23.347  -37.889  28.301 0.0000000000
47683  -22.495  -37.682  27.850 0.0000000000
110453  -22.382  -37.649  25.964 0.0000000000
63259  -43.102  -21.437  4.450 0.0000000000
63269  -45.491  -21.598  2.718 0.0000000000
53372  -30.900  -32.055  15.834 0.0000000000
53371  -30.097  -32.371  15.348 0.0000000000
53381  -29.980  -32.313  14.389 0.0000000000
55162  -32.181  -29.842  13.276 0.0000000000
42243  -12.189  -44.379  27.307 0.0000000000
42231  -12.593  -43.787  28.009 0.0000000000
41302  -11.670  -44.907  28.518 0.0000000000
41314  -11.003  -45.726  27.574 0.0000000000
40393  -10.254  -46.545  26.722 0.0000000000
110182  -27.915  -41.196  28.876 0.0000000000
111374  -30.311  -41.513  29.496 0.0000000000
44715  -30.621  -41.477  27.802 0.0000000000
45644  -26.567  -40.457  30.383 0.0000000000
60569  -40.754  -24.171  10.684 0.0000000000
61477  -41.263  -23.754  10.325 0.0000000000
61487  -42.166  -23.130  9.673 0.0000000000
112033  -44.950  -22.648  9.498 0.0000000000
63211  -43.858  -21.327  7.846 0.0000000000
51534  -31.246  -33.872  22.732 0.0000000000
52435  -30.936  -33.757  21.846 0.0000000000
52446  -31.570  -33.514  21.257 0.0000000000
53346  -33.824  -32.473  18.942 0.0000000000
53345  -33.255  -32.404  18.401 0.0000000000
45651  -17.638  -40.253  29.336 0.0000000000
45662  -17.524  -40.185  28.511 0.0000000000
44697  -16.973  -40.563  28.096 0.0000000000
123924  -16.525  -40.895  27.746 0.0000000000
43091  -13.645  -43.383  25.854 0.0000000000
67728  -51.372  -16.245  0.399 0.0000000000
67737  -51.479  -16.892  -0.144 0.0000000000
67738  -52.191  -16.378  -0.309 0.0000000000
68588  -52.755  -15.474  -0.237 0.0000000000
34654  -6.053  -52.063  36.371 0.0000000000
125945  -31.582  -38.720  23.293 0.0000000000
115646  -33.334  -39.981  27.689 0.0000000000
49646  -30.875  -35.877  27.072 0.0000000000
49655  -30.479  -36.085  26.427 0.0000000000
49664  -30.227  -36.426  25.660 0.0000000000
51519  -32.448  -34.267  24.747 0.0000000000
51521  -34.631  -34.001  24.524 0.0000000000
46730  -25.622  -39.395  25.209 0.0000000000
46766  -26.230  -39.591  23.874 0.0000000000
45768  -27.757  -40.290  21.749 0.0000000000
46696  -19.279  -38.898  28.810 0.0000000000
47709  -19.625  -38.292  25.493 0.0000000000
47693  -19.853  -38.222  26.344 0.0000000000
46744  -18.136  -39.363  24.502 0.0000000000
129168  -18.180  -39.465  22.837 0.0000000000
64173  -47.396  -20.380  5.402 0.0000000000
129245  -47.629  -20.048  4.679 0.0000000000
64180  -48.311  -19.689  4.305 0.0000000000
66124  -48.624  -18.553  1.923 0.0000000000
66121  -49.150  -18.063  2.327 0.0000000000
66941  -49.568  -17.552  1.811 0.0000000000
66939  -50.104  -17.023  2.189 0.0000000000
36660  -6.641  -50.563  28.764 0.0000000000
35676  -6.167  -51.323  28.986 0.0000000000
51547  -28.606  -35.082  19.774 0.0000000000
51551  -28.520  -35.024  18.853 0.0000000000
57783  -33.891  -27.931  10.115 0.0000000000
57784  -34.474  -27.333  10.462 0.0000000000
55150  -35.336  -30.104  15.184 0.0000000000
55982  -35.339  -29.648  14.520 0.0000000000
55999  -36.150  -29.265  14.164 0.0000000000
57737  -39.419  -27.621  13.554 0.0000000000
57736  -38.705  -27.874  13.488 0.0000000000
57756  -38.887  -27.323  12.967 0.0000000000
58665  -38.173  -26.992  12.443 0.0000000000
130071  -39.251  -26.075  12.103 0.0000000000
59620  -39.800  -25.680  11.984 0.0000000000
119395  -41.821  -25.440  12.705 0.0000000000
40339  -11.288  -46.378  30.382 0.0000000000
39466  -10.986  -47.136  30.769 0.0000000000
38564  -10.701  -47.854  31.114 0.0000000000
38563  -10.213  -48.223  30.710 0.0000000000
38562  -9.546  -48.538  30.393 0.0000000000
37566  -8.717  -48.832  30.032 0.0000000000
121296  -7.945  -49.139  27.843 0.0000000000
34734  -5.667  -51.942  30.872 0.0000000000
34716  -5.974  -52.166  31.797 0.0000000000
110461  -31.004  -41.568  30.197 0.0000000000
60563  -44.247  -24.173  11.962 0.0000000000
61469  -44.131  -23.886  11.115 0.0000000000
61480  -44.925  -23.523  10.838 0.0000000000
61481  -45.589  -23.206  10.558 0.0000000000
62361  -46.452  -22.545  9.658 0.0000000000
113379  -47.117  -22.365  9.493 0.0000000000
62376  -47.487  -22.059  8.983 0.0000000000
52449  -34.286  -33.208  21.601 0.0000000000
52458  -34.092  -32.909  20.901 0.0000000000
130768  -34.482  -32.719  20.608 0.0000000000
111744  -35.161  -32.349  19.232 0.0000000000
54223  -36.281  -31.505  17.752 0.0000000000
44739  -16.629  -40.846  25.502 0.0000000000
33728  -8.011  -52.608  35.306 0.0000000000
117518  -32.114  -39.252  25.064 0.0000000000
124325  -19.884  -38.112  23.635 0.0000000000
47743  -21.624  -37.617  22.974 0.0000000000
111372  -22.197  -37.587  23.785 0.0000000000
47762  -21.998  -37.670  22.307 0.0000000000
47763  -22.750  -37.783  21.942 0.0000000000
47764  -23.884  -38.194  21.933 0.0000000000
117680  -28.206  -40.385  23.295 0.0000000000
47657  -20.937  -38.009  29.418 0.0000000000
47670  -21.464  -37.773  28.813 0.0000000000
112467  -21.094  -37.811  28.193 0.0000000000
111494  -21.332  -37.656  26.931 0.0000000000
47694  -20.619  -37.838  26.614 0.0000000000
122961  -20.231  -37.952  25.031 0.0000000000
63248  -40.726  -21.712  5.905 0.0000000000
115608  -50.333  -20.467  6.185 0.0000000000
66931  -51.745  -17.633  4.408 0.0000000000
52476  -29.367  -33.510  17.222 0.0000000000
55985  -39.104  -29.334  15.116 0.0000000000
55984  -38.243  -29.220  14.744 0.0000000000
115125  -39.527  -28.683  14.613 0.0000000000
56851  -39.978  -28.017  14.222 0.0000000000
110587  -40.725  -27.506  14.231 0.0000000000
57739  -40.891  -26.753  13.624 0.0000000000
58653  -41.373  -26.003  13.234 0.0000000000
43066  -12.765  -43.379  28.922 0.0000000000
43056  -13.030  -42.932  29.656 0.0000000000
41288  -11.388  -45.523  28.984 0.0000000000
39492  -9.271  -47.778  28.711 0.0000000000
38610  -8.960  -48.128  27.080 0.0000000000
31067  -2.671  -56.587  33.669 0.0000000000
44743  -31.786  -41.358  25.363 0.0000000000
44744  -32.513  -41.188  25.228 0.0000000000
127849  -32.382  -41.330  25.751 0.0000000000
45690  -33.290  -40.489  27.182 0.0000000000
44718  -33.205  -40.911  27.532 0.0000000000
45655  -33.455  -40.185  29.151 0.0000000000
46706  -24.819  -38.882  27.270 0.0000000000
45675  -26.264  -40.089  27.765 0.0000000000
45686  -26.078  -39.916  27.086 0.0000000000
125277  -25.998  -39.759  26.426 0.0000000000
45687  -26.611  -40.112  26.543 0.0000000000
111152  -29.436  -41.444  29.006 0.0000000000
44700  -28.707  -41.324  28.471 0.0000000000
122399  -28.034  -41.014  27.991 0.0000000000
44712  -28.085  -40.826  27.122 0.0000000000
45689  -28.023  -40.600  26.258 0.0000000000
44742  -30.967  -41.349  25.616 0.0000000000
46678  -25.428  -39.427  30.450 0.0000000000
46685  -24.847  -38.894  29.132 0.0000000000
60566  -37.866  -24.464  10.174 0.0000000000
60576  -37.455  -24.227  9.286 0.0000000000
60577  -38.322  -23.911  9.636 0.0000000000
61475  -39.751  -23.470  9.712 0.0000000000
61496  -39.724  -23.035  9.159 0.0000000000
62368  -39.380  -22.812  8.518 0.0000000000
119888  -42.816  -23.290  9.954 0.0000000000
130256  -42.692  -22.722  9.353 0.0000000000
62370  -41.472  -22.013  8.430 0.0000000000
63219  -40.646  -21.641  6.887 0.0000000000
63232  -41.485  -21.303  6.481 0.0000000000
63233  -42.397  -20.962  6.018 0.0000000000
111246  -43.673  -20.887  7.080 0.0000000000
63234  -43.381  -20.742  6.212 0.0000000000
63251  -43.094  -20.892  5.271 0.0000000000
125350  -43.670  -20.911  4.842 0.0000000000
64160  -46.646  -20.719  6.198 0.0000000000
131991  -46.982  -20.573  5.808 0.0000000000
127898  -48.638  -20.765  6.299 0.0000000000
63215  -47.899  -21.813  8.448 0.0000000000
63227  -48.828  -21.426  7.695 0.0000000000
63241  -50.212  -20.821  6.964 0.0000000000
50641  -29.047  -35.493  22.497 0.0000000000
113414  -29.315  -34.555  21.167 0.0000000000
51542  -29.177  -34.425  20.266 0.0000000000
52453  -29.720  -33.781  19.815 0.0000000000
52471  -30.165  -33.178  18.503 0.0000000000
52456  -32.747  -33.109  20.695 0.0000000000
126604  -32.131  -33.047  20.158 0.0000000000
53334  -32.272  -32.724  19.351 0.0000000000
52465  -31.306  -33.004  19.576 0.0000000000
52472  -30.840  -32.877  18.834 0.0000000000
52477  -30.016  -33.051  17.693 0.0000000000
53362  -32.150  -32.154  16.993 0.0000000000
54247  -31.536  -31.556  15.406 0.0000000000
55147  -32.249  -30.609  14.491 0.0000000000
55129  -32.872  -30.683  15.047 0.0000000000
55131  -34.727  -30.487  15.523 0.0000000000
133304  -35.803  -30.220  15.430 0.0000000000
55133  -36.957  -29.997  15.375 0.0000000000
54238  -36.442  -31.140  17.033 0.0000000000
54239  -37.302  -30.895  16.838 0.0000000000
55968  -38.324  -29.703  15.413 0.0000000000
44723  -16.251  -41.243  26.418 0.0000000000
44722  -15.812  -41.531  26.869 0.0000000000
43867  -15.225  -41.862  27.437 0.0000000000
113742  -13.161  -43.357  27.531 0.0000000000
42255  -12.961  -43.826  26.216 0.0000000000
47781  -30.754  -38.079  22.362 0.0000000000
48675  -31.643  -38.063  27.034 0.0000000000
48694  -30.134  -37.194  24.529 0.0000000000
127965  -30.005  -36.655  25.019 0.0000000000
49682  -29.341  -36.421  23.643 0.0000000000
128017  -30.486  -34.291  23.110 0.0000000000
130130  -32.170  -33.689  22.658 0.0000000000
116431  -34.014  -34.044  24.305 0.0000000000
52438  -33.694  -33.504  22.236 0.0000000000
126978  -24.454  -38.516  23.427 0.0000000000
46788  -24.640  -38.574  22.405 0.0000000000
45714  -26.997  -39.926  24.239 0.0000000000
117031  -26.143  -39.577  23.010 0.0000000000
46790  -26.731  -39.911  22.677 0.0000000000
45652  -18.132  -39.785  28.904 0.0000000000
45684  -17.407  -40.114  26.762 0.0000000000
47668  -19.708  -38.479  28.344 0.0000000000
46716  -19.399  -38.542  26.992 0.0000000000
45685  -17.958  -39.611  26.585 0.0000000000
45698  -17.158  -40.311  25.490 0.0000000000
127283  -47.509  -19.575  2.558 0.0000000000
64192  -48.036  -19.783  0.999 0.0000000000
64197  -48.628  -19.943  0.444 0.0000000000
66127  -48.689  -18.671  1.177 0.0000000000
66952  -50.578  -17.645  0.116 0.0000000000
67727  -50.641  -16.668  0.891 0.0000000000
68571  -51.980  -14.982  2.574 0.0000000000
36611  -8.302  -50.192  31.574 0.0000000000
36610  -7.591  -50.473  31.343 0.0000000000
121578  -6.273  -51.092  29.920 0.0000000000
35658  -5.784  -51.854  29.849 0.0000000000
49707  -28.484  -36.508  21.248 0.0000000000
51562  -28.523  -34.852  17.064 0.0000000000
59635  -36.259  -25.242  9.427 0.0000000000
55996  -33.079  -29.685  13.675 0.0000000000
55981  -34.571  -29.535  14.098 0.0000000000
56863  -34.544  -28.552  12.647 0.0000000000
56881  -35.078  -27.995  12.104 0.0000000000
56848  -37.364  -28.657  13.833 0.0000000000
113606  -36.615  -28.692  13.637 0.0000000000
56865  -36.294  -28.249  13.010 0.0000000000
57773  -35.466  -27.374  11.678 0.0000000000
58677  -35.807  -26.699  11.277 0.0000000000
110962  -36.584  -25.397  10.337 0.0000000000
122331  -39.792  -25.187  11.488 0.0000000000
60558  -40.222  -24.702  11.120 0.0000000000
36612  -9.143  -49.853  31.787 0.0000000000
115442  -7.292  -49.987  29.848 0.0000000000
132589  -6.840  -50.199  29.220 0.0000000000
35630  -8.442  -51.014  32.637 0.0000000000
34703  -8.012  -51.887  33.388 0.0000000000
34702  -7.260  -52.059  33.068 0.0000000000
34692  -7.680  -52.391  33.870 0.0000000000
130381  -7.538  -52.657  34.402 0.0000000000
33741  -7.352  -52.858  35.027 0.0000000000
33776  -4.195  -53.844  31.586 0.0000000000
33752  -4.925  -53.500  33.274 0.0000000000
32821  -4.271  -54.035  33.620 0.0000000000
110033  -5.691  -53.391  34.028 0.0000000000
33726  -6.771  -52.969  35.683 0.0000000000
33716  -5.605  -52.790  35.972 0.0000000000
33715  -4.937  -52.736  35.807 0.0000000000
34652  -4.731  -52.106  35.820 0.0000000000
31946  -2.550  -54.837  35.142 0.0000000000
66131  -50.650  -18.256  -0.214 0.0000000000
113230  -16.357  -41.166  25.880 0.0000000000
133315  -26.439  -40.231  28.191 0.0000000000
