#!ascii label  , from subject sub-v1s11x0050150_ses-1 vox2ras=TkReg
1295
51637  -38.399  -34.293  12.581 0.0000000000
58716  -53.501  -26.755  7.620 0.0000000000
56056  -44.864  -29.415  9.653 0.0000000000
32009  -12.830  -55.017  30.872 0.0000000000
110253  -36.395  -37.379  20.009 0.0000000000
42210  -23.693  -44.634  30.817 0.0000000000
37575  -31.881  -49.479  29.098 0.0000000000
42261  -37.609  -44.507  26.364 0.0000000000
45704  -38.537  -40.535  25.526 0.0000000000
40396  -17.366  -46.483  26.724 0.0000000000
41265  -19.296  -45.332  31.477 0.0000000000
43093  -20.928  -43.875  25.965 0.0000000000
123498  -28.214  -46.367  25.209 0.0000000000
110630  -32.917  -47.183  25.957 0.0000000000
49740  -42.318  -36.217  19.390 0.0000000000
51565  -45.154  -34.877  16.063 0.0000000000
57807  -49.471  -27.958  8.648 0.0000000000
53440  -41.594  -32.396  10.595 0.0000000000
60641  -52.123  -24.761  2.364 0.0000000000
31095  -9.581  -56.365  31.794 0.0000000000
48717  -40.073  -37.011  22.781 0.0000000000
113018  -36.955  -36.434  16.349 0.0000000000
41341  -24.550  -45.618  25.319 0.0000000000
38569  -27.493  -48.683  31.051 0.0000000000
53382  -47.199  -32.075  14.713 0.0000000000
64199  -59.567  -20.467  0.442 0.0000000000
42284  -35.829  -44.990  24.228 0.0000000000
43130  -36.887  -43.212  23.944 0.0000000000
41329  -19.218  -45.305  26.692 0.0000000000
40448  -31.854  -46.205  23.940 0.0000000000
40450  -33.641  -46.086  23.846 0.0000000000
40407  -35.379  -46.535  26.017 0.0000000000
50709  -40.541  -35.553  16.330 0.0000000000
50679  -43.911  -35.591  17.908 0.0000000000
51594  -41.590  -34.649  14.564 0.0000000000
117654  -51.394  -27.614  7.907 0.0000000000
57780  -51.866  -26.994  11.042 0.0000000000
59661  -56.003  -25.171  7.308 0.0000000000
32900  -10.495  -54.135  28.975 0.0000000000
31989  -11.544  -55.600  31.334 0.0000000000
47769  -37.372  -38.396  22.571 0.0000000000
47732  -39.276  -38.015  24.642 0.0000000000
48728  -38.130  -37.279  21.607 0.0000000000
117022  -39.010  -36.749  19.469 0.0000000000
49752  -36.786  -37.156  18.339 0.0000000000
42192  -21.683  -44.369  31.551 0.0000000000
42159  -20.896  -44.688  34.254 0.0000000000
42162  -23.280  -45.105  34.347 0.0000000000
40306  -25.505  -46.622  33.680 0.0000000000
128656  -22.975  -43.397  23.629 0.0000000000
41393  -24.779  -45.368  23.097 0.0000000000
39519  -29.849  -47.408  27.441 0.0000000000
39517  -27.520  -47.594  27.417 0.0000000000
37572  -29.336  -49.510  29.796 0.0000000000
37542  -28.980  -50.144  32.376 0.0000000000
36663  -14.719  -50.502  28.436 0.0000000000
36615  -16.264  -49.980  31.816 0.0000000000
35622  -16.134  -51.589  34.026 0.0000000000
55214  -42.685  -30.574  9.754 0.0000000000
53399  -44.381  -32.333  12.331 0.0000000000
54296  -45.383  -30.632  12.201 0.0000000000
63291  -61.005  -20.897  0.199 0.0000000000
31073  -14.805  -56.561  33.429 0.0000000000
42236  -38.680  -44.231  28.875 0.0000000000
43869  -39.431  -42.179  27.661 0.0000000000
128749  -38.172  -42.832  25.892 0.0000000000
45730  -37.347  -40.274  23.208 0.0000000000
39480  -16.655  -47.363  29.412 0.0000000000
40329  -17.730  -46.287  31.750 0.0000000000
41304  -18.391  -45.845  28.664 0.0000000000
42233  -20.406  -44.618  28.360 0.0000000000
43070  -22.492  -43.549  28.361 0.0000000000
41373  -26.983  -45.665  23.499 0.0000000000
41375  -29.030  -45.400  23.389 0.0000000000
131347  -30.865  -46.714  25.946 0.0000000000
40372  -32.052  -47.427  28.139 0.0000000000
40375  -33.911  -47.313  28.964 0.0000000000
40364  -36.879  -46.126  29.198 0.0000000000
39526  -15.913  -47.689  26.289 0.0000000000
49700  -44.048  -36.345  22.452 0.0000000000
50634  -46.373  -35.508  23.844 0.0000000000
49727  -45.013  -36.029  20.413 0.0000000000
50672  -46.614  -35.939  19.460 0.0000000000
56916  -46.479  -28.202  8.696 0.0000000000
56026  -46.930  -29.023  11.884 0.0000000000
56885  -49.193  -27.861  11.611 0.0000000000
27014  -7.068  -59.933  36.199 0.0000000000
113474  -39.681  -33.453  11.246 0.0000000000
55242  -40.300  -30.179  8.132 0.0000000000
56947  -44.344  -28.035  6.956 0.0000000000
57841  -46.481  -27.555  6.621 0.0000000000
127766  -48.311  -27.352  5.381 0.0000000000
58748  -51.382  -26.823  5.285 0.0000000000
58767  -52.644  -26.239  4.670 0.0000000000
59709  -49.959  -25.202  2.794 0.0000000000
126345  -12.692  -56.999  34.792 0.0000000000
124248  -10.488  -57.440  35.063 0.0000000000
29105  -8.373  -58.589  36.190 0.0000000000
48669  -42.799  -36.612  28.272 0.0000000000
45693  -40.081  -39.910  27.414 0.0000000000
48676  -41.035  -37.725  26.163 0.0000000000
49672  -41.950  -36.607  24.483 0.0000000000
49710  -41.504  -36.698  21.522 0.0000000000
49775  -39.558  -36.277  17.596 0.0000000000
51590  -37.756  -35.217  14.278 0.0000000000
41243  -18.362  -45.720  33.990 0.0000000000
43107  -23.045  -43.574  26.142 0.0000000000
118866  -24.554  -44.830  28.294 0.0000000000
40431  -26.020  -46.551  24.831 0.0000000000
40383  -25.448  -46.692  27.595 0.0000000000
117411  -25.772  -46.634  30.333 0.0000000000
39446  -27.029  -48.090  32.814 0.0000000000
33828  -11.911  -53.103  28.720 0.0000000000
35691  -13.555  -51.664  28.408 0.0000000000
33778  -14.559  -53.166  31.097 0.0000000000
52517  -42.744  -33.860  13.290 0.0000000000
51599  -46.083  -33.686  14.777 0.0000000000
115837  -48.417  -34.143  16.082 0.0000000000
55154  -48.014  -29.975  15.093 0.0000000000
59703  -54.549  -25.389  3.926 0.0000000000
60633  -56.345  -23.781  3.342 0.0000000000
113507  -57.812  -21.669  4.070 0.0000000000
62439  -57.740  -22.318  0.754 0.0000000000
62430  -59.284  -21.535  2.518 0.0000000000
42297  -35.533  -44.710  23.507 0.0000000000
43128  -35.889  -44.055  23.068 0.0000000000
125565  -35.528  -43.764  22.278 0.0000000000
41379  -33.187  -45.820  23.064 0.0000000000
122633  -34.030  -45.546  23.144 0.0000000000
41362  -35.343  -45.619  24.530 0.0000000000
51592  -39.529  -34.781  14.153 0.0000000000
51576  -40.827  -34.981  15.021 0.0000000000
51617  -39.893  -34.435  13.440 0.0000000000
58715  -52.691  -27.125  7.516 0.0000000000
57811  -52.668  -27.203  9.076 0.0000000000
58699  -53.589  -26.686  9.221 0.0000000000
58706  -54.748  -25.997  8.459 0.0000000000
128639  -54.622  -26.282  7.139 0.0000000000
32890  -11.940  -54.166  29.650 0.0000000000
32869  -10.657  -54.904  30.049 0.0000000000
32008  -11.977  -55.128  30.776 0.0000000000
47786  -36.962  -38.041  21.904 0.0000000000
48714  -37.680  -37.710  22.176 0.0000000000
48741  -36.910  -37.383  20.744 0.0000000000
48757  -37.644  -37.000  20.017 0.0000000000
49735  -36.413  -37.329  19.130 0.0000000000
38539  -16.564  -48.576  32.891 0.0000000000
42209  -22.967  -44.083  30.620 0.0000000000
42181  -22.401  -44.741  32.589 0.0000000000
42183  -23.584  -45.238  32.530 0.0000000000
41245  -24.255  -45.760  33.732 0.0000000000
41267  -24.191  -45.427  31.981 0.0000000000
38604  -30.448  -48.268  28.413 0.0000000000
38603  -29.705  -48.317  28.315 0.0000000000
36653  -30.631  -49.816  29.352 0.0000000000
37558  -30.047  -49.950  29.900 0.0000000000
37552  -16.233  -48.583  30.231 0.0000000000
37537  -16.335  -49.121  31.513 0.0000000000
37517  -16.510  -49.393  33.413 0.0000000000
50612  -44.695  -35.238  27.555 0.0000000000
110656  -43.666  -29.758  9.378 0.0000000000
55182  -44.521  -30.446  11.152 0.0000000000
55201  -44.915  -29.883  10.873 0.0000000000
42249  -37.957  -44.907  27.282 0.0000000000
43085  -38.852  -43.517  27.371 0.0000000000
43097  -37.827  -43.619  25.987 0.0000000000
116501  -37.239  -42.099  23.558 0.0000000000
44784  -37.069  -41.013  22.699 0.0000000000
46792  -36.746  -39.819  22.030 0.0000000000
129912  -16.863  -46.867  27.775 0.0000000000
40369  -17.366  -46.554  28.627 0.0000000000
41303  -17.803  -46.232  28.405 0.0000000000
42269  -20.187  -44.528  25.949 0.0000000000
41318  -19.420  -45.206  27.362 0.0000000000
42257  -20.567  -44.366  26.742 0.0000000000
42234  -21.215  -44.129  28.585 0.0000000000
43082  -21.746  -43.610  27.170 0.0000000000
42320  -28.537  -44.809  22.125 0.0000000000
126194  -32.291  -46.892  25.307 0.0000000000
40435  -30.991  -46.312  24.631 0.0000000000
40405  -32.000  -47.133  26.204 0.0000000000
40385  -31.826  -47.279  27.241 0.0000000000
40386  -32.780  -47.368  27.792 0.0000000000
40374  -33.203  -47.394  28.648 0.0000000000
40387  -33.866  -47.385  27.940 0.0000000000
41331  -36.550  -45.825  26.402 0.0000000000
40389  -36.370  -46.469  27.734 0.0000000000
41322  -37.393  -45.510  27.342 0.0000000000
41309  -38.135  -44.992  29.044 0.0000000000
39540  -16.466  -47.137  25.778 0.0000000000
49725  -43.331  -36.285  20.755 0.0000000000
49714  -44.676  -36.250  21.946 0.0000000000
113280  -43.677  -36.058  20.021 0.0000000000
50693  -44.290  -35.412  17.194 0.0000000000
50670  -44.922  -35.679  18.798 0.0000000000
50694  -45.575  -35.425  17.414 0.0000000000
110079  -47.113  -35.727  18.013 0.0000000000
50715  -46.350  -35.325  16.800 0.0000000000
57805  -47.879  -27.851  8.409 0.0000000000
56896  -48.570  -28.213  10.500 0.0000000000
57786  -49.203  -28.110  9.952 0.0000000000
58670  -52.679  -26.398  12.629 0.0000000000
57839  -44.815  -27.583  6.420 0.0000000000
58742  -44.932  -26.783  5.178 0.0000000000
58762  -47.185  -26.764  4.589 0.0000000000
58763  -48.177  -26.882  4.631 0.0000000000
57860  -49.725  -27.409  5.658 0.0000000000
58780  -49.375  -26.166  3.816 0.0000000000
58781  -50.293  -26.061  3.750 0.0000000000
31986  -9.036  -56.140  31.067 0.0000000000
31082  -8.444  -56.997  32.299 0.0000000000
31052  -14.662  -56.979  35.513 0.0000000000
111183  -12.933  -56.735  33.934 0.0000000000
31051  -13.745  -57.141  35.818 0.0000000000
30053  -11.929  -57.801  36.354 0.0000000000
29092  -11.474  -58.212  36.451 0.0000000000
30061  -9.827  -57.888  35.804 0.0000000000
28067  -10.324  -59.413  36.571 0.0000000000
28066  -9.353  -59.651  36.619 0.0000000000
44731  -39.047  -41.428  26.515 0.0000000000
45679  -39.855  -40.761  27.637 0.0000000000
45705  -39.054  -40.063  25.972 0.0000000000
48703  -39.496  -37.313  23.351 0.0000000000
47733  -40.003  -37.638  24.967 0.0000000000
48697  -40.484  -37.256  24.575 0.0000000000
48687  -41.645  -36.842  25.103 0.0000000000
49684  -41.464  -36.727  23.810 0.0000000000
49697  -41.609  -36.676  22.424 0.0000000000
49696  -40.757  -36.814  22.176 0.0000000000
110334  -38.307  -36.728  18.217 0.0000000000
111316  -39.588  -36.569  18.859 0.0000000000
49796  -38.362  -36.347  16.852 0.0000000000
50707  -38.659  -35.941  16.177 0.0000000000
50731  -38.062  -35.735  15.577 0.0000000000
41253  -18.475  -45.755  31.977 0.0000000000
116015  -18.218  -45.882  33.018 0.0000000000
114732  -18.877  -45.473  33.083 0.0000000000
42295  -23.640  -44.065  24.064 0.0000000000
124433  -23.119  -43.552  24.485 0.0000000000
42270  -23.732  -44.134  25.931 0.0000000000
42259  -23.656  -43.928  27.303 0.0000000000
118889  -24.521  -45.102  26.809 0.0000000000
40433  -27.640  -46.263  24.746 0.0000000000
41356  -26.359  -46.130  24.023 0.0000000000
40416  -27.463  -46.577  25.388 0.0000000000
39499  -27.274  -47.984  28.219 0.0000000000
39516  -26.646  -47.584  27.687 0.0000000000
39498  -26.363  -47.598  28.662 0.0000000000
40358  -25.867  -46.940  29.518 0.0000000000
39484  -26.150  -47.273  30.365 0.0000000000
39458  -26.534  -47.471  32.386 0.0000000000
39459  -26.914  -48.106  31.702 0.0000000000
40319  -33.643  -47.001  32.552 0.0000000000
36662  -14.026  -51.020  28.036 0.0000000000
130010  -14.285  -51.760  29.424 0.0000000000
34750  -13.419  -52.628  29.363 0.0000000000
119463  -16.436  -52.135  35.802 0.0000000000
53439  -40.663  -32.683  10.538 0.0000000000
52533  -41.602  -33.674  12.370 0.0000000000
52559  -42.133  -33.256  11.739 0.0000000000
53391  -46.150  -32.441  13.885 0.0000000000
52520  -45.195  -33.259  13.692 0.0000000000
52505  -47.006  -33.031  14.782 0.0000000000
51580  -47.418  -34.210  15.739 0.0000000000
51581  -48.361  -33.107  15.855 0.0000000000
56853  -48.120  -28.361  13.389 0.0000000000
55987  -47.625  -28.848  13.714 0.0000000000
56837  -48.631  -28.672  14.996 0.0000000000
59701  -52.537  -25.468  3.431 0.0000000000
110492  -53.868  -25.682  4.177 0.0000000000
59702  -53.594  -25.303  3.389 0.0000000000
60644  -54.635  -24.625  2.278 0.0000000000
61555  -55.988  -24.011  2.046 0.0000000000
62414  -56.891  -22.670  3.484 0.0000000000
62420  -56.971  -22.382  2.810 0.0000000000
62455  -58.616  -22.414  -0.716 0.0000000000
61579  -57.226  -23.430  -0.784 0.0000000000
62440  -58.392  -21.683  0.398 0.0000000000
63277  -58.070  -20.793  2.178 0.0000000000
64189  -59.035  -20.525  1.800 0.0000000000
63280  -60.096  -20.699  1.144 0.0000000000
62457  -61.151  -22.314  -0.524 0.0000000000
42272  -36.788  -44.767  25.322 0.0000000000
42286  -36.954  -44.029  24.972 0.0000000000
43117  -36.680  -43.815  24.264 0.0000000000
43902  -36.821  -42.767  23.255 0.0000000000
114741  -17.936  -46.047  25.924 0.0000000000
41378  -32.334  -45.905  23.056 0.0000000000
40449  -32.806  -46.211  23.792 0.0000000000
110596  -33.851  -46.969  25.683 0.0000000000
40406  -34.591  -46.947  26.291 0.0000000000
40420  -34.711  -46.574  25.429 0.0000000000
40422  -36.053  -45.988  25.858 0.0000000000
49776  -41.352  -35.992  17.893 0.0000000000
49757  -42.695  -35.962  18.652 0.0000000000
50711  -42.210  -35.416  16.489 0.0000000000
50735  -42.585  -35.160  15.817 0.0000000000
50736  -43.404  -35.011  15.754 0.0000000000
111889  -49.830  -27.930  7.969 0.0000000000
57797  -50.610  -27.769  9.550 0.0000000000
57798  -51.418  -27.536  9.647 0.0000000000
58691  -52.697  -26.812  11.083 0.0000000000
59662  -56.574  -24.452  6.947 0.0000000000
32006  -10.254  -55.400  30.626 0.0000000000
31096  -10.365  -56.141  31.825 0.0000000000
46751  -37.885  -39.582  24.251 0.0000000000
46753  -38.870  -38.769  25.041 0.0000000000
47751  -38.315  -38.173  23.627 0.0000000000
48702  -38.735  -37.592  23.147 0.0000000000
48729  -39.017  -37.146  21.747 0.0000000000
49708  -39.639  -36.897  21.048 0.0000000000
49720  -38.418  -36.880  20.119 0.0000000000
110705  -38.137  -36.844  19.225 0.0000000000
49773  -37.511  -36.854  17.789 0.0000000000
42191  -20.859  -44.614  31.565 0.0000000000
41255  -20.338  -44.862  32.347 0.0000000000
42179  -21.218  -44.649  32.340 0.0000000000
42171  -22.331  -44.828  33.471 0.0000000000
41229  -25.044  -46.428  35.159 0.0000000000
42314  -23.647  -44.088  23.134 0.0000000000
41370  -24.608  -45.412  23.814 0.0000000000
40384  -29.486  -47.058  27.006 0.0000000000
39533  -27.815  -47.192  26.677 0.0000000000
121481  -29.038  -47.392  27.306 0.0000000000
38602  -28.835  -48.392  28.439 0.0000000000
38585  -28.566  -49.139  29.813 0.0000000000
38556  -28.144  -49.104  31.554 0.0000000000
37557  -29.492  -49.904  30.555 0.0000000000
38621  -15.133  -49.005  26.934 0.0000000000
132858  -15.557  -49.563  29.089 0.0000000000
36614  -15.900  -50.616  31.329 0.0000000000
35633  -15.868  -51.625  32.436 0.0000000000
35634  -16.214  -51.018  33.153 0.0000000000
54327  -42.253  -31.177  10.031 0.0000000000
52560  -42.912  -32.754  11.569 0.0000000000
54294  -43.639  -31.398  11.173 0.0000000000
54280  -44.942  -31.408  12.287 0.0000000000
126217  -46.289  -30.873  13.383 0.0000000000
61551  -51.236  -23.642  1.321 0.0000000000
60642  -52.994  -24.700  2.220 0.0000000000
61552  -52.094  -23.710  1.244 0.0000000000
63320  -59.304  -21.798  -1.116 0.0000000000
64201  -60.364  -20.411  0.308 0.0000000000
64221  -60.598  -20.206  -1.352 0.0000000000
64222  -60.999  -19.860  -1.359 0.0000000000
31992  -14.098  -55.259  31.716 0.0000000000
31974  -13.709  -55.940  32.149 0.0000000000
43861  -39.554  -41.891  29.502 0.0000000000
43086  -39.350  -42.950  27.924 0.0000000000
43875  -38.661  -42.253  26.294 0.0000000000
44746  -38.561  -41.385  25.823 0.0000000000
43894  -37.631  -42.435  24.712 0.0000000000
43895  -37.843  -41.734  24.762 0.0000000000
45719  -37.630  -40.281  24.019 0.0000000000
46769  -37.612  -39.486  23.629 0.0000000000
47768  -36.817  -38.835  22.083 0.0000000000
39467  -16.569  -47.699  30.321 0.0000000000
39453  -16.983  -47.144  31.549 0.0000000000
40342  -17.372  -46.690  30.377 0.0000000000
40356  -17.832  -46.284  29.864 0.0000000000
41291  -19.293  -45.363  30.013 0.0000000000
41317  -18.743  -45.618  27.203 0.0000000000
41305  -19.104  -45.440  28.629 0.0000000000
41292  -20.123  -44.849  30.003 0.0000000000
110247  -20.940  -44.368  30.070 0.0000000000
130534  -21.986  -43.867  29.526 0.0000000000
42225  -23.120  -43.914  29.630 0.0000000000
41374  -28.295  -45.424  23.446 0.0000000000
41343  -29.041  -46.229  24.889 0.0000000000
41359  -30.271  -45.980  24.050 0.0000000000
40434  -30.026  -46.226  24.853 0.0000000000
111545  -29.726  -46.472  25.681 0.0000000000
110663  -30.217  -47.035  27.017 0.0000000000
39503  -31.035  -47.771  28.291 0.0000000000
39486  -31.556  -47.947  28.787 0.0000000000
38589  -32.476  -48.243  29.868 0.0000000000
40345  -32.768  -47.672  30.313 0.0000000000
40346  -33.216  -47.358  30.729 0.0000000000
122037  -34.423  -46.852  30.380 0.0000000000
40376  -34.875  -47.211  28.285 0.0000000000
112085  -35.545  -46.864  29.000 0.0000000000
40349  -35.895  -46.050  30.932 0.0000000000
41282  -37.174  -44.702  31.001 0.0000000000
38611  -15.625  -48.487  27.485 0.0000000000
111509  -44.187  -35.984  24.470 0.0000000000
49688  -45.362  -35.916  23.557 0.0000000000
113880  -46.471  -35.822  22.350 0.0000000000
50653  -46.622  -35.884  21.582 0.0000000000
49742  -44.134  -35.809  19.285 0.0000000000
50663  -45.929  -35.917  20.076 0.0000000000
56902  -45.839  -28.627  9.105 0.0000000000
56042  -46.143  -29.173  10.797 0.0000000000
56894  -46.872  -28.753  10.382 0.0000000000
112608  -48.513  -28.209  11.927 0.0000000000
57740  -49.435  -27.539  13.655 0.0000000000
57778  -50.465  -27.350  11.204 0.0000000000
57742  -50.688  -26.923  13.396 0.0000000000
112032  -37.666  -33.741  11.420 0.0000000000
52531  -39.021  -33.973  12.098 0.0000000000
52581  -38.397  -33.524  11.080 0.0000000000
53438  -39.216  -32.855  10.213 0.0000000000
53457  -39.464  -32.344  9.649 0.0000000000
54325  -40.677  -31.446  9.432 0.0000000000
55231  -41.579  -30.232  8.810 0.0000000000
55232  -42.410  -29.696  8.574 0.0000000000
56066  -43.360  -29.493  8.725 0.0000000000
56914  -44.649  -28.759  8.218 0.0000000000
56931  -45.427  -28.288  7.825 0.0000000000
57819  -46.767  -27.721  7.391 0.0000000000
57820  -47.582  -27.704  7.564 0.0000000000
58743  -45.807  -26.904  5.187 0.0000000000
57858  -47.032  -27.457  5.951 0.0000000000
57843  -48.684  -27.670  6.749 0.0000000000
57823  -50.143  -27.742  7.216 0.0000000000
57846  -51.460  -27.328  6.577 0.0000000000
58727  -51.882  -27.021  5.957 0.0000000000
58728  -53.555  -26.631  6.207 0.0000000000
58766  -51.722  -26.385  4.609 0.0000000000
127918  -50.859  -25.677  3.418 0.0000000000
59710  -50.839  -25.223  2.871 0.0000000000
60650  -50.782  -24.198  1.806 0.0000000000
109991  -13.186  -56.396  32.856 0.0000000000
31071  -12.233  -56.528  33.308 0.0000000000
112057  -10.735  -56.635  33.056 0.0000000000
30065  -13.146  -57.472  36.205 0.0000000000
31060  -11.360  -57.079  34.666 0.0000000000
31068  -9.969  -56.913  33.274 0.0000000000
128475  -9.175  -57.547  34.160 0.0000000000
30074  -8.733  -57.969  34.678 0.0000000000
29116  -7.287  -58.680  35.183 0.0000000000
29088  -7.789  -59.049  36.397 0.0000000000
49657  -43.743  -35.728  27.270 0.0000000000
46709  -40.572  -39.132  27.763 0.0000000000
46735  -39.233  -39.192  25.719 0.0000000000
47701  -40.549  -38.394  26.442 0.0000000000
48677  -41.649  -37.593  26.890 0.0000000000
115467  -42.809  -36.400  26.486 0.0000000000
49674  -43.397  -36.132  24.940 0.0000000000
112222  -43.278  -36.434  23.062 0.0000000000
49711  -42.348  -36.590  21.847 0.0000000000
110522  -42.047  -36.464  20.078 0.0000000000
49722  -40.336  -36.735  20.194 0.0000000000
49738  -40.354  -36.541  19.217 0.0000000000
49756  -40.919  -36.326  18.605 0.0000000000
50688  -40.022  -35.870  16.996 0.0000000000
113071  -39.582  -35.303  15.374 0.0000000000
51615  -37.884  -34.763  13.459 0.0000000000
48783  -35.347  -37.280  17.991 0.0000000000
49771  -35.676  -36.991  17.181 0.0000000000
49794  -36.061  -36.600  16.429 0.0000000000
49816  -35.535  -36.380  15.714 0.0000000000
50730  -36.671  -35.763  15.044 0.0000000000
50771  -36.472  -35.191  13.834 0.0000000000
51614  -36.893  -34.786  13.273 0.0000000000
51636  -37.373  -34.440  12.629 0.0000000000
114733  -20.025  -44.917  34.236 0.0000000000
43104  -20.986  -43.669  25.041 0.0000000000
112233  -22.159  -43.255  25.163 0.0000000000
43094  -21.650  -43.540  26.336 0.0000000000
43095  -22.368  -43.432  26.684 0.0000000000
42247  -23.797  -44.097  28.125 0.0000000000
132383  -24.177  -44.588  29.607 0.0000000000
41394  -25.675  -45.492  22.898 0.0000000000
41371  -25.385  -45.804  23.670 0.0000000000
41342  -25.194  -46.340  25.022 0.0000000000
39532  -26.835  -47.391  26.864 0.0000000000
40398  -25.420  -46.723  26.511 0.0000000000
132192  -24.938  -46.241  26.381 0.0000000000
41307  -25.045  -45.714  27.915 0.0000000000
41294  -25.026  -45.519  29.626 0.0000000000
118822  -24.976  -45.616  30.496 0.0000000000
40330  -25.431  -46.351  31.627 0.0000000000
40318  -26.050  -47.082  33.008 0.0000000000
33827  -11.188  -53.358  28.511 0.0000000000
33791  -12.681  -53.943  29.905 0.0000000000
36676  -12.801  -51.098  26.894 0.0000000000
35710  -12.349  -51.651  27.373 0.0000000000
34768  -12.309  -52.502  28.395 0.0000000000
33808  -13.016  -53.277  29.626 0.0000000000
121106  -13.691  -54.059  30.632 0.0000000000
33766  -14.817  -53.716  31.746 0.0000000000
34683  -16.179  -52.248  34.758 0.0000000000
51640  -41.081  -34.022  12.924 0.0000000000
51620  -42.217  -34.287  13.877 0.0000000000
51596  -43.589  -34.565  14.889 0.0000000000
52536  -44.048  -33.209  12.805 0.0000000000
52502  -44.869  -33.787  14.214 0.0000000000
51578  -45.269  -34.540  15.418 0.0000000000
51567  -46.904  -34.824  16.186 0.0000000000
56010  -46.515  -29.499  12.513 0.0000000000
55163  -46.622  -29.929  13.307 0.0000000000
54262  -47.330  -31.129  14.626 0.0000000000
58751  -54.105  -26.342  5.555 0.0000000000
118663  -55.894  -25.560  5.359 0.0000000000
59671  -56.607  -24.735  5.971 0.0000000000
60630  -54.138  -24.917  2.788 0.0000000000
59704  -55.279  -24.975  3.596 0.0000000000
60609  -57.094  -23.649  5.779 0.0000000000
61517  -57.630  -22.679  5.592 0.0000000000
62397  -58.211  -22.301  5.356 0.0000000000
61567  -56.416  -23.822  0.411 0.0000000000
62421  -57.585  -21.332  2.734 0.0000000000
131174  -58.503  -21.645  3.666 0.0000000000
62456  -60.734  -22.234  0.233 0.0000000000
42323  -35.182  -44.454  22.726 0.0000000000
41380  -34.844  -45.143  23.261 0.0000000000
51616  -38.955  -34.557  13.429 0.0000000000
58704  -53.112  -27.009  8.335 0.0000000000
58705  -53.936  -26.546  8.377 0.0000000000
111437  -54.365  -26.236  9.021 0.0000000000
58717  -54.321  -26.370  7.718 0.0000000000
117781  -53.880  -26.542  6.997 0.0000000000
32871  -12.360  -54.573  30.283 0.0000000000
32870  -11.532  -54.736  30.132 0.0000000000
48740  -36.166  -37.672  20.719 0.0000000000
48727  -37.299  -37.519  21.460 0.0000000000
48756  -37.089  -37.193  20.123 0.0000000000
38531  -16.747  -47.946  33.399 0.0000000000
39438  -16.671  -47.830  32.534 0.0000000000
42194  -23.106  -44.524  31.330 0.0000000000
42195  -23.615  -44.979  31.626 0.0000000000
38605  -31.054  -48.253  28.579 0.0000000000
37574  -30.855  -49.155  28.800 0.0000000000
37524  -16.404  -49.265  32.369 0.0000000000
56055  -44.214  -29.764  9.797 0.0000000000
55200  -44.298  -30.151  10.474 0.0000000000
56040  -44.724  -29.725  10.240 0.0000000000
42262  -38.260  -44.040  26.850 0.0000000000
44783  -36.599  -41.586  22.141 0.0000000000
44767  -36.994  -41.888  22.890 0.0000000000
128444  -17.375  -46.496  27.766 0.0000000000
42246  -21.018  -44.122  27.596 0.0000000000
42258  -21.203  -43.905  26.765 0.0000000000
110468  -32.621  -47.302  26.796 0.0000000000
110467  -33.605  -47.274  26.805 0.0000000000
41332  -37.163  -45.288  26.589 0.0000000000
41321  -36.782  -45.924  27.087 0.0000000000
125362  -37.877  -45.447  28.064 0.0000000000
127436  -16.841  -46.830  26.503 0.0000000000
40395  -16.881  -46.835  27.221 0.0000000000
111317  -42.828  -36.284  20.073 0.0000000000
49741  -43.199  -36.013  19.344 0.0000000000
50713  -44.694  -35.175  16.518 0.0000000000
127972  -44.955  -35.354  17.136 0.0000000000
50714  -45.445  -35.199  16.633 0.0000000000
50695  -46.330  -35.545  17.735 0.0000000000
57806  -48.711  -27.906  8.561 0.0000000000
56905  -48.259  -28.138  9.463 0.0000000000
57795  -49.099  -28.004  9.198 0.0000000000
111508  -53.100  -25.981  13.729 0.0000000000
57855  -44.441  -27.187  5.765 0.0000000000
58764  -49.124  -26.684  4.420 0.0000000000
59697  -48.795  -25.721  3.375 0.0000000000
31094  -8.751  -56.589  31.736 0.0000000000
110025  -9.261  -56.833  32.562 0.0000000000
30066  -14.433  -57.318  36.300 0.0000000000
121394  -11.037  -58.754  36.484 0.0000000000
45691  -38.916  -40.804  26.113 0.0000000000
48704  -40.188  -37.094  23.468 0.0000000000
48696  -39.842  -37.403  24.139 0.0000000000
48705  -40.664  -37.016  23.938 0.0000000000
49683  -40.923  -36.837  23.109 0.0000000000
49795  -37.568  -36.573  16.976 0.0000000000
114920  -38.780  -36.438  17.524 0.0000000000
50706  -37.809  -36.205  16.239 0.0000000000
49818  -37.234  -36.021  15.622 0.0000000000
41254  -19.453  -45.223  32.257 0.0000000000
42271  -24.097  -44.721  25.354 0.0000000000
42282  -23.603  -44.015  25.028 0.0000000000
42260  -24.263  -44.967  26.043 0.0000000000
40401  -28.077  -46.711  26.005 0.0000000000
39485  -26.998  -48.178  29.233 0.0000000000
125512  -26.397  -47.672  29.623 0.0000000000
39472  -26.761  -48.119  30.423 0.0000000000
40333  -33.913  -46.562  32.182 0.0000000000
34704  -15.379  -52.218  31.844 0.0000000000
53414  -41.422  -33.011  11.127 0.0000000000
53415  -42.227  -32.646  11.060 0.0000000000
131642  -46.652  -32.454  14.349 0.0000000000
53373  -47.720  -32.559  15.301 0.0000000000
56838  -49.063  -27.940  14.549 0.0000000000
111284  -48.280  -28.457  14.146 0.0000000000
59711  -52.118  -25.229  2.922 0.0000000000
59712  -52.802  -25.104  2.811 0.0000000000
122477  -56.421  -23.458  2.714 0.0000000000
61556  -56.510  -23.347  2.020 0.0000000000
63302  -59.062  -21.085  -0.021 0.0000000000
63289  -58.830  -20.676  0.950 0.0000000000
63278  -58.656  -20.595  1.722 0.0000000000
64193  -59.328  -20.486  1.223 0.0000000000
63279  -59.418  -20.745  1.772 0.0000000000
64194  -59.664  -20.460  1.222 0.0000000000
42285  -36.432  -44.554  24.608 0.0000000000
43145  -36.192  -43.305  22.676 0.0000000000
41400  -32.735  -45.507  22.320 0.0000000000
125748  -33.234  -46.452  24.385 0.0000000000
111011  -34.024  -46.485  24.709 0.0000000000
40438  -34.837  -46.165  24.762 0.0000000000
122389  -36.099  -45.361  25.074 0.0000000000
50689  -40.920  -35.802  17.115 0.0000000000
50690  -41.788  -35.668  17.190 0.0000000000
50710  -41.391  -35.483  16.446 0.0000000000
129014  -41.491  -35.000  15.271 0.0000000000
50734  -41.815  -35.208  15.825 0.0000000000
51577  -42.148  -34.875  15.236 0.0000000000
118508  -42.862  -34.837  15.258 0.0000000000
112466  -50.656  -27.799  7.955 0.0000000000
57809  -51.223  -27.702  8.738 0.0000000000
111468  -51.930  -27.442  9.090 0.0000000000
58692  -53.540  -26.518  11.024 0.0000000000
58683  -54.198  -26.049  11.871 0.0000000000
59657  -56.628  -24.239  7.741 0.0000000000
32007  -11.111  -55.252  30.697 0.0000000000
31988  -10.709  -55.712  31.264 0.0000000000
31097  -11.127  -55.989  31.919 0.0000000000
47750  -37.709  -38.673  23.298 0.0000000000
46770  -37.992  -38.872  24.022 0.0000000000
48715  -38.470  -37.457  22.369 0.0000000000
48716  -39.264  -37.225  22.575 0.0000000000
48743  -38.705  -36.995  20.932 0.0000000000
49736  -37.163  -37.148  19.337 0.0000000000
49753  -37.590  -36.964  18.573 0.0000000000
49772  -36.668  -36.850  17.256 0.0000000000
42207  -21.305  -44.321  30.811 0.0000000000
42172  -22.995  -45.034  33.214 0.0000000000
111262  -22.639  -44.877  34.053 0.0000000000
41246  -24.747  -46.263  33.928 0.0000000000
41236  -24.412  -45.916  34.657 0.0000000000
41237  -25.086  -46.435  34.418 0.0000000000
42315  -24.273  -44.786  22.643 0.0000000000
42296  -24.151  -44.812  23.528 0.0000000000
39501  -29.362  -47.895  27.802 0.0000000000
38586  -29.263  -48.916  28.982 0.0000000000
131858  -28.449  -48.723  29.148 0.0000000000
37556  -28.757  -49.555  30.808 0.0000000000
36634  -30.092  -50.359  30.936 0.0000000000
127994  -15.687  -48.679  28.138 0.0000000000
37591  -15.318  -49.160  27.747 0.0000000000
37582  -15.540  -49.241  28.576 0.0000000000
37536  -16.103  -49.797  31.011 0.0000000000
36604  -16.104  -50.823  32.149 0.0000000000
114963  -16.409  -50.241  33.556 0.0000000000
54313  -42.469  -31.641  10.468 0.0000000000
55199  -43.040  -31.100  10.476 0.0000000000
55183  -45.153  -30.211  11.553 0.0000000000
54295  -44.730  -30.841  11.746 0.0000000000
54281  -45.644  -31.168  12.804 0.0000000000
62485  -58.758  -22.435  -2.379 0.0000000000
62472  -59.395  -22.040  -2.031 0.0000000000
63321  -59.925  -20.985  -1.383 0.0000000000
63338  -60.073  -21.162  -2.406 0.0000000000
31975  -14.529  -55.654  32.324 0.0000000000
30068  -16.629  -56.940  35.968 0.0000000000
114550  -39.018  -43.236  29.520 0.0000000000
43072  -39.102  -43.606  28.341 0.0000000000
43098  -38.495  -43.187  26.539 0.0000000000
43868  -39.008  -42.713  27.085 0.0000000000
43886  -38.139  -42.124  25.390 0.0000000000
43118  -37.219  -43.244  24.651 0.0000000000
43903  -37.234  -42.617  24.042 0.0000000000
44768  -37.396  -41.222  23.559 0.0000000000
115465  -37.531  -41.871  24.172 0.0000000000
113561  -37.729  -41.059  24.436 0.0000000000
39468  -16.995  -47.150  30.781 0.0000000000
40341  -16.939  -47.112  30.062 0.0000000000
40370  -17.781  -46.263  29.066 0.0000000000
117043  -18.252  -45.966  29.389 0.0000000000
41290  -18.495  -45.836  30.050 0.0000000000
111164  -18.859  -45.593  29.306 0.0000000000
42245  -20.136  -44.710  27.482 0.0000000000
42232  -19.620  -45.103  28.146 0.0000000000
42221  -19.748  -45.122  29.098 0.0000000000
42222  -20.653  -44.538  29.257 0.0000000000
43057  -21.912  -43.825  28.846 0.0000000000
43058  -22.522  -43.758  29.181 0.0000000000
42224  -22.406  -43.879  29.991 0.0000000000
41397  -28.821  -45.108  22.812 0.0000000000
132748  -28.179  -45.061  22.721 0.0000000000
41358  -28.908  -45.766  24.011 0.0000000000
41377  -31.450  -45.819  23.064 0.0000000000
41376  -30.451  -45.649  23.132 0.0000000000
41360  -31.004  -45.993  23.758 0.0000000000
40417  -30.564  -46.506  25.502 0.0000000000
40403  -30.383  -46.729  26.298 0.0000000000
40402  -29.562  -46.756  26.459 0.0000000000
128127  -31.395  -47.456  27.900 0.0000000000
39504  -31.904  -47.739  28.721 0.0000000000
39487  -32.253  -47.893  29.608 0.0000000000
40359  -32.485  -47.681  29.498 0.0000000000
40360  -33.027  -47.430  29.645 0.0000000000
40361  -33.738  -47.174  30.078 0.0000000000
40347  -33.732  -46.862  31.123 0.0000000000
126658  -35.252  -46.835  26.720 0.0000000000
124755  -34.640  -47.176  27.227 0.0000000000
40378  -36.847  -46.212  28.396 0.0000000000
112950  -35.751  -46.869  28.190 0.0000000000
40377  -36.303  -46.572  28.660 0.0000000000
40363  -36.178  -46.446  29.647 0.0000000000
41295  -36.699  -45.695  30.282 0.0000000000
130326  -38.347  -44.286  29.565 0.0000000000
39510  -16.075  -47.768  27.298 0.0000000000
49687  -44.288  -36.170  23.456 0.0000000000
121094  -44.848  -36.165  21.224 0.0000000000
111917  -45.614  -36.073  21.936 0.0000000000
50652  -45.747  -36.047  20.978 0.0000000000
50678  -43.093  -35.794  17.907 0.0000000000
49758  -43.545  -35.785  18.616 0.0000000000
49759  -44.254  -35.642  18.520 0.0000000000
50671  -45.750  -35.765  19.130 0.0000000000
50664  -46.928  -35.992  20.310 0.0000000000
50673  -47.519  -36.114  19.849 0.0000000000
49778  -48.066  -36.044  18.207 0.0000000000
56057  -46.072  -28.946  9.948 0.0000000000
56903  -46.658  -28.498  9.475 0.0000000000
133014  -48.734  -28.103  11.211 0.0000000000
56884  -48.090  -28.366  11.229 0.0000000000
56869  -49.043  -27.826  12.667 0.0000000000
111521  -50.886  -27.493  10.349 0.0000000000
57779  -51.249  -26.985  11.730 0.0000000000
57761  -50.932  -26.921  12.670 0.0000000000
29087  -6.974  -59.070  36.240 0.0000000000
28079  -6.173  -59.123  36.038 0.0000000000
28063  -6.670  -59.429  36.148 0.0000000000
53456  -38.514  -32.548  9.601 0.0000000000
54323  -38.995  -31.932  9.034 0.0000000000
54343  -39.420  -31.263  8.677 0.0000000000
112854  -39.869  -30.644  8.372 0.0000000000
55213  -41.170  -30.860  9.210 0.0000000000
113151  -40.679  -30.573  8.661 0.0000000000
114274  -41.628  -29.730  8.219 0.0000000000
56081  -42.021  -29.298  7.781 0.0000000000
56082  -42.999  -29.068  7.900 0.0000000000
56929  -43.883  -28.573  7.557 0.0000000000
56930  -44.705  -28.346  7.514 0.0000000000
57840  -45.650  -27.561  6.515 0.0000000000
57818  -45.956  -27.812  7.237 0.0000000000
57842  -47.313  -27.583  6.768 0.0000000000
58745  -47.557  -27.231  5.288 0.0000000000
117970  -47.969  -27.585  6.113 0.0000000000
57859  -48.872  -27.588  5.884 0.0000000000
57844  -49.533  -27.648  6.518 0.0000000000
57861  -50.559  -27.114  5.416 0.0000000000
57845  -50.517  -27.487  6.337 0.0000000000
57862  -51.164  -27.198  5.893 0.0000000000
57847  -52.296  -27.119  6.715 0.0000000000
58749  -52.247  -26.645  5.320 0.0000000000
59699  -50.320  -25.556  3.233 0.0000000000
58782  -51.225  -26.062  3.909 0.0000000000
31081  -7.723  -57.142  32.103 0.0000000000
31086  -14.219  -56.345  32.806 0.0000000000
31085  -12.841  -55.992  32.012 0.0000000000
110838  -12.097  -56.826  34.282 0.0000000000
31084  -11.506  -56.337  32.677 0.0000000000
30056  -14.137  -57.506  36.397 0.0000000000
30063  -11.551  -57.681  36.149 0.0000000000
30064  -12.244  -57.459  36.064 0.0000000000
30076  -11.419  -57.415  35.640 0.0000000000
31069  -10.633  -56.988  33.984 0.0000000000
30089  -9.844  -57.290  34.140 0.0000000000
29106  -9.239  -58.382  36.245 0.0000000000
29118  -8.977  -58.100  35.668 0.0000000000
29117  -8.155  -58.413  35.417 0.0000000000
29104  -7.499  -58.768  36.105 0.0000000000
29089  -8.696  -59.069  36.556 0.0000000000
124633  -9.893  -60.612  36.521 0.0000000000
49648  -43.455  -36.028  28.053 0.0000000000
128195  -43.004  -36.299  27.428 0.0000000000
129689  -39.538  -42.294  28.430 0.0000000000
44719  -39.792  -41.348  28.542 0.0000000000
121071  -40.424  -39.613  28.375 0.0000000000
47731  -38.579  -38.429  24.341 0.0000000000
47714  -39.573  -38.380  25.365 0.0000000000
47715  -40.314  -38.017  25.706 0.0000000000
47688  -40.809  -38.584  27.200 0.0000000000
47702  -41.073  -38.092  26.812 0.0000000000
49665  -42.524  -36.472  25.337 0.0000000000
49673  -42.696  -36.373  24.475 0.0000000000
49686  -43.349  -36.261  23.997 0.0000000000
49685  -42.394  -36.488  23.674 0.0000000000
49698  -42.417  -36.560  22.719 0.0000000000
49724  -42.358  -36.526  20.885 0.0000000000
49723  -41.366  -36.660  20.565 0.0000000000
49721  -39.310  -36.826  20.225 0.0000000000
49737  -39.725  -36.679  19.591 0.0000000000
110639  -39.790  -36.423  18.196 0.0000000000
49755  -40.218  -36.427  18.539 0.0000000000
125485  -40.407  -36.202  17.837 0.0000000000
50732  -38.900  -35.505  15.494 0.0000000000
50752  -38.333  -35.337  14.897 0.0000000000
51591  -38.612  -34.981  14.167 0.0000000000
48782  -34.674  -37.182  17.246 0.0000000000
49815  -34.683  -36.518  15.698 0.0000000000
50728  -35.037  -36.151  15.065 0.0000000000
112042  -35.328  -35.684  14.476 0.0000000000
50770  -35.651  -35.308  13.839 0.0000000000
50750  -36.149  -35.542  14.451 0.0000000000
51635  -36.447  -34.496  12.594 0.0000000000
40313  -17.301  -46.683  32.069 0.0000000000
42169  -20.662  -44.815  33.241 0.0000000000
114731  -19.763  -45.099  33.196 0.0000000000
43116  -22.862  -43.469  25.248 0.0000000000
43893  -22.393  -43.210  24.399 0.0000000000
43106  -22.285  -43.375  25.856 0.0000000000
43096  -23.047  -43.538  27.034 0.0000000000
42248  -24.258  -44.551  27.452 0.0000000000
42235  -23.903  -44.284  29.093 0.0000000000
41306  -24.585  -44.887  29.246 0.0000000000
41395  -26.596  -45.394  22.862 0.0000000000
41355  -25.522  -46.210  24.356 0.0000000000
40414  -25.697  -46.714  25.635 0.0000000000
39515  -25.974  -47.325  27.893 0.0000000000
39531  -26.003  -47.335  27.092 0.0000000000
41320  -24.906  -45.975  26.984 0.0000000000
120564  -25.428  -46.195  29.136 0.0000000000
40357  -25.456  -46.144  29.979 0.0000000000
40343  -25.444  -46.189  30.786 0.0000000000
126167  -24.944  -45.823  31.300 0.0000000000
39445  -26.686  -47.517  33.412 0.0000000000
37541  -28.648  -49.580  31.997 0.0000000000
38544  -28.147  -49.076  32.577 0.0000000000
37527  -28.463  -49.608  32.829 0.0000000000
38571  -32.717  -47.810  30.552 0.0000000000
33806  -11.578  -53.735  29.050 0.0000000000
33807  -12.305  -53.536  29.302 0.0000000000
37581  -15.043  -49.841  28.064 0.0000000000
37589  -14.092  -50.186  26.776 0.0000000000
36678  -14.404  -50.359  27.626 0.0000000000
35711  -13.186  -51.387  27.644 0.0000000000
34790  -12.746  -51.944  28.052 0.0000000000
34769  -13.078  -52.277  28.712 0.0000000000
34736  -14.368  -52.729  30.508 0.0000000000
34735  -13.741  -53.021  29.986 0.0000000000
33793  -14.000  -53.437  30.557 0.0000000000
33792  -13.376  -53.695  30.175 0.0000000000
32873  -14.214  -53.952  31.061 0.0000000000
35621  -15.988  -51.804  33.185 0.0000000000
50628  -47.236  -35.057  25.132 0.0000000000
52532  -39.825  -33.806  11.958 0.0000000000
51639  -40.270  -34.094  12.769 0.0000000000
52534  -42.419  -33.577  12.546 0.0000000000
52516  -41.895  -33.960  13.121 0.0000000000
51621  -43.140  -34.210  14.027 0.0000000000
53416  -43.628  -32.180  11.630 0.0000000000
52561  -43.545  -32.918  12.142 0.0000000000
52503  -45.598  -33.501  14.274 0.0000000000
51598  -45.406  -34.064  14.777 0.0000000000
51579  -46.018  -34.248  15.280 0.0000000000
51566  -45.962  -34.756  16.019 0.0000000000
123942  -46.619  -34.402  15.642 0.0000000000
122075  -47.813  -34.822  16.297 0.0000000000
50717  -48.709  -34.930  16.509 0.0000000000
56882  -46.698  -28.974  11.191 0.0000000000
56025  -46.273  -29.368  11.624 0.0000000000
56011  -47.086  -28.948  12.604 0.0000000000
55988  -47.918  -29.271  14.556 0.0000000000
55164  -47.238  -29.600  13.893 0.0000000000
55153  -47.524  -30.194  14.570 0.0000000000
55152  -46.931  -30.546  13.977 0.0000000000
58750  -53.134  -26.482  5.416 0.0000000000
58769  -54.711  -25.889  4.814 0.0000000000
59686  -55.615  -25.267  4.388 0.0000000000
59713  -53.457  -24.948  2.673 0.0000000000
60643  -53.788  -24.659  2.189 0.0000000000
60632  -55.728  -24.497  3.267 0.0000000000
60621  -56.252  -24.351  4.052 0.0000000000
59687  -56.488  -24.673  5.023 0.0000000000
61529  -56.968  -23.518  4.899 0.0000000000
61536  -56.878  -23.112  4.135 0.0000000000
61537  -57.424  -22.144  4.174 0.0000000000
62407  -57.843  -22.073  4.755 0.0000000000
62408  -58.159  -22.025  4.559 0.0000000000
61568  -57.193  -23.365  0.060 0.0000000000
62438  -57.145  -22.928  1.072 0.0000000000
62428  -57.049  -22.445  2.000 0.0000000000
62429  -57.593  -21.611  1.782 0.0000000000
63272  -58.745  -20.721  2.428 0.0000000000
63271  -58.172  -20.868  2.735 0.0000000000
63268  -58.477  -21.180  3.213 0.0000000000
62422  -58.997  -21.954  3.395 0.0000000000
64210  -60.471  -20.315  -0.183 0.0000000000
63290  -60.493  -20.741  0.489 0.0000000000
63304  -60.921  -21.394  0.030 0.0000000000
42298  -36.143  -44.285  23.866 0.0000000000
41401  -33.525  -45.318  22.375 0.0000000000
41361  -34.571  -45.788  24.014 0.0000000000
41381  -35.246  -45.279  23.893 0.0000000000
50733  -40.268  -35.289  15.569 0.0000000000
113174  -41.060  -35.265  15.735 0.0000000000
50754  -39.979  -34.962  14.874 0.0000000000
51593  -40.543  -34.640  14.161 0.0000000000
57810  -52.146  -27.401  8.282 0.0000000000
59644  -55.101  -25.631  9.324 0.0000000000
59645  -55.602  -25.216  8.778 0.0000000000
58718  -55.225  -25.687  7.765 0.0000000000
58730  -55.296  -26.025  6.757 0.0000000000
32889  -11.067  -54.326  29.421 0.0000000000
47770  -38.046  -37.962  22.879 0.0000000000
48742  -37.755  -37.121  20.790 0.0000000000
129992  -37.348  -37.164  20.435 0.0000000000
38522  -16.675  -49.001  34.478 0.0000000000
42208  -22.105  -44.091  30.784 0.0000000000
42193  -22.465  -44.379  31.578 0.0000000000
42182  -22.998  -44.796  32.113 0.0000000000
42173  -23.706  -45.362  33.494 0.0000000000
41256  -24.204  -45.631  32.835 0.0000000000
126391  -24.769  -46.203  33.147 0.0000000000
39502  -30.207  -47.818  27.942 0.0000000000
38587  -30.050  -48.779  28.657 0.0000000000
37573  -30.024  -49.378  29.157 0.0000000000
36635  -30.876  -50.433  30.042 0.0000000000
131442  -16.268  -49.050  30.808 0.0000000000
36605  -16.352  -50.137  32.706 0.0000000000
55215  -43.540  -30.295  9.997 0.0000000000
55181  -43.856  -30.710  10.799 0.0000000000
42250  -38.664  -44.309  27.785 0.0000000000
45752  -37.012  -40.248  22.561 0.0000000000
125804  -16.791  -47.010  28.432 0.0000000000
40355  -17.222  -46.750  29.410 0.0000000000
41340  -19.388  -45.112  25.864 0.0000000000
42256  -19.825  -44.882  26.682 0.0000000000
43069  -21.787  -43.625  28.030 0.0000000000
40436  -31.814  -46.557  24.773 0.0000000000
40418  -31.375  -46.728  25.536 0.0000000000
40404  -31.143  -46.976  26.462 0.0000000000
40373  -32.532  -47.519  28.796 0.0000000000
40408  -36.022  -46.418  26.723 0.0000000000
40390  -37.125  -45.906  27.852 0.0000000000
41308  -37.451  -45.758  28.691 0.0000000000
41323  -38.377  -44.892  28.191 0.0000000000
39527  -16.460  -47.240  26.811 0.0000000000
39511  -16.571  -47.193  27.618 0.0000000000
49712  -43.025  -36.458  21.422 0.0000000000
49713  -43.896  -36.303  21.505 0.0000000000
49726  -44.181  -36.093  20.654 0.0000000000
119497  -44.396  -35.960  20.000 0.0000000000
50692  -43.487  -35.531  17.190 0.0000000000
50680  -44.784  -35.483  17.917 0.0000000000
50681  -45.625  -35.561  18.282 0.0000000000
50682  -46.433  -35.732  18.592 0.0000000000
50683  -47.273  -36.050  18.897 0.0000000000
127763  -46.959  -35.543  17.281 0.0000000000
56917  -47.274  -28.061  8.997 0.0000000000
56904  -47.389  -28.408  9.733 0.0000000000
57776  -49.239  -27.912  10.800 0.0000000000
58681  -52.212  -26.733  11.787 0.0000000000
112276  -58.490  -22.619  6.914 0.0000000000
57838  -43.966  -27.640  6.320 0.0000000000
57856  -45.308  -27.218  5.832 0.0000000000
58746  -49.008  -27.225  5.104 0.0000000000
58747  -49.838  -26.978  4.872 0.0000000000
58765  -49.870  -26.504  4.268 0.0000000000
113904  -50.700  -26.558  4.578 0.0000000000
59698  -49.645  -25.643  3.307 0.0000000000
30099  -8.709  -57.220  32.938 0.0000000000
31062  -14.748  -56.836  34.296 0.0000000000
31061  -13.643  -56.975  34.851 0.0000000000
29094  -12.894  -58.109  36.615 0.0000000000
29093  -12.225  -58.073  36.529 0.0000000000
125979  -11.277  -57.928  36.328 0.0000000000
30062  -10.740  -57.779  36.054 0.0000000000
29091  -10.641  -58.405  36.406 0.0000000000
29107  -10.013  -58.208  36.258 0.0000000000
29090  -9.679  -58.805  36.510 0.0000000000
27016  -10.764  -60.580  36.500 0.0000000000
44732  -39.511  -41.428  27.291 0.0000000000
45692  -39.465  -40.597  26.739 0.0000000000
46721  -39.665  -39.624  26.435 0.0000000000
47752  -39.006  -37.773  23.897 0.0000000000
48686  -40.911  -37.337  25.262 0.0000000000
48698  -41.164  -36.932  24.524 0.0000000000
113023  -41.749  -36.638  23.153 0.0000000000
49709  -40.584  -36.806  21.239 0.0000000000
111398  -38.842  -36.681  18.794 0.0000000000
49754  -39.146  -36.519  18.197 0.0000000000
49797  -39.173  -36.114  16.861 0.0000000000
118275  -37.494  -35.557  14.985 0.0000000000
40314  -17.752  -46.248  32.559 0.0000000000
125174  -20.274  -44.842  35.171 0.0000000000
132182  -23.334  -43.742  25.599 0.0000000000
132501  -23.526  -43.843  26.623 0.0000000000
124231  -24.045  -44.374  26.690 0.0000000000
125647  -27.657  -45.638  23.678 0.0000000000
41357  -27.323  -45.998  24.138 0.0000000000
40432  -26.899  -46.414  24.757 0.0000000000
40415  -26.566  -46.784  25.482 0.0000000000
40371  -25.703  -46.895  28.521 0.0000000000
40344  -25.872  -46.759  31.052 0.0000000000
39471  -26.351  -47.416  31.331 0.0000000000
36645  -15.076  -50.562  29.079 0.0000000000
35692  -14.441  -51.265  28.990 0.0000000000
35677  -13.820  -51.982  29.106 0.0000000000
34751  -14.178  -52.278  29.783 0.0000000000
123055  -16.461  -51.366  35.297 0.0000000000
52558  -40.511  -33.349  11.325 0.0000000000
111477  -40.766  -33.739  12.173 0.0000000000
116035  -41.298  -33.432  11.723 0.0000000000
53400  -45.253  -32.052  12.837 0.0000000000
53389  -44.831  -32.869  13.069 0.0000000000
53390  -45.543  -32.595  13.424 0.0000000000
52504  -46.278  -33.100  14.349 0.0000000000
127834  -46.525  -33.400  14.768 0.0000000000
52492  -46.733  -33.791  15.191 0.0000000000
125499  -47.525  -33.440  15.396 0.0000000000
56852  -47.550  -28.643  13.006 0.0000000000
55972  -48.532  -29.482  15.382 0.0000000000
59684  -52.129  -25.917  3.991 0.0000000000
58768  -53.581  -26.102  4.754 0.0000000000
59685  -53.047  -25.771  4.068 0.0000000000
60645  -55.677  -24.335  2.583 0.0000000000
62415  -57.461  -21.720  3.527 0.0000000000
61592  -57.785  -23.152  -1.413 0.0000000000
62454  -57.871  -22.934  -0.314 0.0000000000
63288  -58.190  -21.059  1.408 0.0000000000
128312  -58.517  -20.684  2.206 0.0000000000
63305  -61.397  -21.175  -0.720 0.0000000000
41345  -37.102  -44.846  25.944 0.0000000000
42273  -37.277  -44.230  25.645 0.0000000000
43129  -36.457  -43.588  23.505 0.0000000000
112202  -19.861  -44.618  25.122 0.0000000000
125554  -20.466  -44.170  25.307 0.0000000000
41398  -31.042  -45.451  22.312 0.0000000000
40437  -32.532  -46.540  24.534 0.0000000000
40419  -33.150  -46.833  25.063 0.0000000000
40421  -35.427  -46.084  25.255 0.0000000000
41344  -36.633  -45.363  25.856 0.0000000000
115722  -41.807  -36.118  18.672 0.0000000000
49777  -42.224  -35.844  17.930 0.0000000000
50691  -42.644  -35.626  17.196 0.0000000000
121947  -43.049  -35.381  16.465 0.0000000000
50712  -43.896  -35.250  16.462 0.0000000000
51564  -44.384  -34.816  15.698 0.0000000000
57796  -49.791  -27.944  9.408 0.0000000000
57808  -50.272  -27.897  8.717 0.0000000000
114446  -51.654  -27.303  10.362 0.0000000000
57799  -52.177  -27.314  9.740 0.0000000000
57789  -52.397  -27.096  10.423 0.0000000000
58682  -53.171  -26.474  11.830 0.0000000000
58671  -53.817  -25.973  12.904 0.0000000000
133256  -56.323  -24.365  9.190 0.0000000000
60593  -57.273  -23.451  7.631 0.0000000000
119605  -10.195  -54.551  29.444 0.0000000000
32016  -8.874  -55.170  29.852 0.0000000000
32005  -9.379  -55.555  30.538 0.0000000000
31987  -9.886  -55.900  31.174 0.0000000000
45720  -38.068  -40.192  24.785 0.0000000000
46734  -38.639  -39.644  25.301 0.0000000000
46752  -38.295  -39.218  24.648 0.0000000000
49695  -39.887  -36.978  21.934 0.0000000000
41266  -20.018  -44.948  31.537 0.0000000000
42170  -21.631  -44.742  33.196 0.0000000000
42180  -21.910  -44.530  32.219 0.0000000000
42160  -21.838  -44.697  34.415 0.0000000000
42163  -23.902  -45.435  34.285 0.0000000000
42283  -24.212  -44.937  24.488 0.0000000000
112113  -28.883  -46.551  25.850 0.0000000000
39534  -28.752  -46.954  26.659 0.0000000000
39518  -28.312  -47.381  27.170 0.0000000000
39500  -28.335  -47.924  27.805 0.0000000000
38601  -27.901  -48.401  28.752 0.0000000000
38584  -27.686  -48.697  29.839 0.0000000000
38570  -28.135  -49.045  30.605 0.0000000000
117470  -29.279  -50.046  31.466 0.0000000000
36618  -29.770  -50.513  32.020 0.0000000000
37590  -14.782  -49.698  27.258 0.0000000000
37567  -15.291  -49.976  28.789 0.0000000000
36646  -15.515  -50.007  29.544 0.0000000000
35643  -15.676  -51.391  31.630 0.0000000000
36595  -16.388  -50.742  34.267 0.0000000000
54312  -41.860  -31.773  10.256 0.0000000000
54293  -42.911  -32.029  10.951 0.0000000000
124165  -44.188  -30.952  11.356 0.0000000000
53417  -44.271  -31.523  11.740 0.0000000000
54270  -45.945  -31.797  13.372 0.0000000000
54261  -46.635  -31.609  14.052 0.0000000000
60651  -51.656  -24.237  1.776 0.0000000000
60652  -52.507  -24.297  1.702 0.0000000000
61553  -52.934  -23.896  1.119 0.0000000000
62484  -57.993  -22.711  -2.286 0.0000000000
63303  -59.750  -20.619  -0.440 0.0000000000
122185  -60.070  -20.310  -1.138 0.0000000000
110773  -60.715  -20.216  -0.756 0.0000000000
125223  -61.052  -20.205  -0.844 0.0000000000
32872  -13.674  -54.716  31.063 0.0000000000
31991  -13.284  -55.495  31.487 0.0000000000
31087  -15.002  -56.005  32.886 0.0000000000
31053  -15.719  -56.781  34.964 0.0000000000
43073  -39.399  -42.798  28.909 0.0000000000
43876  -39.176  -42.034  26.933 0.0000000000
114377  -37.394  -43.613  25.314 0.0000000000
43108  -37.747  -42.984  25.308 0.0000000000
44758  -38.111  -41.157  25.133 0.0000000000
46793  -37.211  -39.372  22.804 0.0000000000
48726  -36.554  -37.794  21.259 0.0000000000
39452  -16.660  -47.699  31.769 0.0000000000
40328  -17.374  -46.679  31.243 0.0000000000
41277  -17.981  -46.152  30.879 0.0000000000
41278  -18.847  -45.600  30.860 0.0000000000
114923  -18.047  -46.067  26.981 0.0000000000
41316  -18.200  -45.973  27.843 0.0000000000
117618  -18.906  -45.518  27.974 0.0000000000
41279  -19.692  -45.153  30.777 0.0000000000
42206  -20.493  -44.709  30.793 0.0000000000
42223  -21.417  -44.111  29.410 0.0000000000
116731  -21.685  -44.015  30.111 0.0000000000
42226  -23.704  -44.354  29.999 0.0000000000
42319  -27.763  -44.834  22.188 0.0000000000
41396  -27.490  -45.291  22.960 0.0000000000
114623  -28.148  -45.947  24.302 0.0000000000
124204  -29.622  -45.661  23.639 0.0000000000
128020  -29.563  -45.977  24.293 0.0000000000
112677  -30.975  -47.174  27.202 0.0000000000
39520  -30.631  -47.430  27.639 0.0000000000
38588  -31.649  -48.494  28.875 0.0000000000
132226  -32.143  -49.014  29.043 0.0000000000
39473  -33.103  -47.631  31.123 0.0000000000
40332  -33.431  -47.191  31.682 0.0000000000
40348  -34.796  -46.413  31.306 0.0000000000
40388  -35.509  -46.887  27.456 0.0000000000
110765  -34.653  -47.094  29.426 0.0000000000
40362  -35.344  -46.693  30.061 0.0000000000
126021  -35.864  -45.196  32.102 0.0000000000
41296  -37.405  -45.317  29.722 0.0000000000
39494  -16.037  -48.109  28.077 0.0000000000
49675  -45.024  -35.551  24.967 0.0000000000
49701  -44.991  -36.169  22.690 0.0000000000
50642  -45.968  -35.871  22.899 0.0000000000
50643  -47.062  -35.528  23.112 0.0000000000
49743  -45.020  -35.880  19.611 0.0000000000
131415  -46.493  -35.960  20.780 0.0000000000
111386  -47.258  -35.834  21.070 0.0000000000
56068  -45.075  -28.984  9.001 0.0000000000
56041  -45.395  -29.420  10.338 0.0000000000
56883  -47.322  -28.670  11.211 0.0000000000
56895  -47.765  -28.446  10.406 0.0000000000
56867  -47.658  -28.587  12.103 0.0000000000
56868  -48.223  -28.285  12.713 0.0000000000
56854  -48.695  -27.984  13.591 0.0000000000
57724  -49.838  -27.406  14.513 0.0000000000
57787  -49.993  -27.753  10.356 0.0000000000
57777  -49.733  -27.619  11.166 0.0000000000
124620  -50.511  -27.234  12.058 0.0000000000
57759  -49.841  -27.537  11.920 0.0000000000
57760  -50.068  -27.279  12.860 0.0000000000
29115  -6.349  -58.898  34.989 0.0000000000
51656  -37.745  -34.120  12.039 0.0000000000
52556  -38.388  -33.890  11.779 0.0000000000
52582  -39.118  -33.317  10.824 0.0000000000
53437  -38.436  -33.126  10.359 0.0000000000
52583  -39.859  -33.095  10.688 0.0000000000
117617  -39.902  -32.650  10.167 0.0000000000
53458  -40.279  -32.165  9.826 0.0000000000
54324  -39.838  -31.730  9.230 0.0000000000
54311  -41.085  -31.945  10.085 0.0000000000
54326  -41.502  -31.317  9.742 0.0000000000
113219  -41.921  -30.712  9.472 0.0000000000
56065  -40.961  -29.970  8.214 0.0000000000
125987  -42.315  -30.213  9.204 0.0000000000
56054  -42.993  -29.987  9.296 0.0000000000
56067  -44.238  -29.320  8.998 0.0000000000
56913  -43.839  -29.079  8.246 0.0000000000
56915  -45.364  -28.603  8.505 0.0000000000
110306  -45.867  -28.347  8.410 0.0000000000
56948  -45.161  -27.948  7.073 0.0000000000
56932  -46.252  -28.031  7.949 0.0000000000
57804  -47.031  -27.869  8.182 0.0000000000
57821  -48.465  -27.759  7.655 0.0000000000
57857  -46.163  -27.323  5.879 0.0000000000
58744  -46.679  -27.059  5.225 0.0000000000
127199  -48.006  -27.631  6.974 0.0000000000
128874  -49.146  -27.892  8.023 0.0000000000
57824  -51.013  -27.597  7.219 0.0000000000
57825  -51.851  -27.398  7.364 0.0000000000
118220  -53.095  -26.830  6.853 0.0000000000
125727  -52.711  -26.832  6.069 0.0000000000
59700  -51.604  -25.523  3.336 0.0000000000
124722  -51.571  -25.108  2.750 0.0000000000
60640  -51.217  -24.684  2.332 0.0000000000
31098  -11.954  -55.947  31.975 0.0000000000
119017  -12.337  -56.228  32.549 0.0000000000
127734  -10.765  -56.317  32.386 0.0000000000
31083  -10.114  -56.527  32.474 0.0000000000
125308  -13.773  -57.454  36.340 0.0000000000
31050  -12.897  -57.202  35.588 0.0000000000
30054  -12.687  -57.702  36.375 0.0000000000
30077  -12.095  -57.168  35.229 0.0000000000
30088  -9.245  -57.225  33.448 0.0000000000
30075  -9.526  -57.725  34.914 0.0000000000
29103  -6.618  -58.930  36.009 0.0000000000
28064  -7.368  -59.507  36.373 0.0000000000
28065  -8.075  -59.645  36.530 0.0000000000
49649  -44.129  -35.697  28.220 0.0000000000
44705  -39.824  -41.128  30.167 0.0000000000
46736  -39.894  -38.781  26.091 0.0000000000
46722  -40.251  -39.094  26.853 0.0000000000
129005  -41.013  -38.526  28.051 0.0000000000
48668  -41.943  -37.292  27.980 0.0000000000
48678  -42.354  -36.915  27.130 0.0000000000
48688  -41.832  -37.017  26.022 0.0000000000
49666  -43.514  -35.949  26.005 0.0000000000
49699  -43.176  -36.503  22.156 0.0000000000
49739  -41.317  -36.480  19.522 0.0000000000
50708  -39.593  -35.645  16.113 0.0000000000
50753  -39.159  -35.129  14.832 0.0000000000
48755  -35.733  -37.471  19.430 0.0000000000
129946  -35.926  -37.319  18.595 0.0000000000
49751  -36.090  -37.138  17.853 0.0000000000
49817  -36.390  -36.230  15.680 0.0000000000
50729  -35.851  -35.940  15.075 0.0000000000
50751  -36.950  -35.400  14.408 0.0000000000
51613  -36.008  -34.865  13.239 0.0000000000
50772  -37.188  -35.100  13.844 0.0000000000
39439  -16.941  -47.202  32.307 0.0000000000
123215  -16.910  -47.376  33.008 0.0000000000
42281  -20.332  -44.123  24.425 0.0000000000
43083  -22.424  -43.436  27.536 0.0000000000
43084  -23.114  -43.576  27.856 0.0000000000
43071  -23.162  -43.759  28.714 0.0000000000
41293  -24.390  -44.946  30.134 0.0000000000
42316  -25.054  -45.228  22.292 0.0000000000
41372  -26.240  -45.717  23.356 0.0000000000
41354  -24.814  -45.822  24.405 0.0000000000
40400  -27.168  -47.025  26.086 0.0000000000
40399  -26.214  -47.148  26.244 0.0000000000
40397  -24.985  -46.332  25.835 0.0000000000
41330  -24.652  -45.747  26.222 0.0000000000
41319  -24.713  -45.185  27.494 0.0000000000
129454  -25.329  -46.229  28.386 0.0000000000
124540  -25.051  -45.523  28.768 0.0000000000
41280  -24.354  -45.261  31.132 0.0000000000
131116  -24.570  -45.614  31.633 0.0000000000
41268  -24.772  -45.974  32.154 0.0000000000
40317  -25.431  -46.547  32.579 0.0000000000
40331  -25.986  -46.906  31.981 0.0000000000
38555  -27.570  -48.618  32.160 0.0000000000
38543  -27.630  -48.569  33.151 0.0000000000
33826  -10.384  -53.640  28.457 0.0000000000
118158  -13.114  -54.360  30.464 0.0000000000
34789  -12.055  -52.156  27.807 0.0000000000
34749  -12.648  -52.873  29.029 0.0000000000
32853  -14.345  -54.497  31.520 0.0000000000
32837  -14.845  -54.717  32.161 0.0000000000
51638  -39.399  -34.194  12.714 0.0000000000
51618  -40.627  -34.315  13.396 0.0000000000
51619  -41.328  -34.329  13.673 0.0000000000
51595  -42.591  -34.571  14.638 0.0000000000
133048  -42.868  -33.231  12.108 0.0000000000
52535  -43.224  -33.443  12.697 0.0000000000
52519  -44.440  -33.497  13.545 0.0000000000
52518  -43.609  -33.710  13.420 0.0000000000
52501  -44.037  -34.023  14.157 0.0000000000
51597  -44.611  -34.357  14.821 0.0000000000
50716  -47.311  -35.352  16.710 0.0000000000
56024  -45.589  -29.637  11.232 0.0000000000
55184  -45.807  -29.919  12.002 0.0000000000
56001  -47.044  -29.163  13.203 0.0000000000
55172  -46.040  -30.321  12.712 0.0000000000
54251  -47.821  -31.614  15.260 0.0000000000
53374  -48.416  -32.043  15.907 0.0000000000
58729  -54.458  -26.433  6.407 0.0000000000
59670  -55.208  -26.195  5.825 0.0000000000
111707  -56.017  -25.556  6.295 0.0000000000
131235  -54.480  -25.100  3.310 0.0000000000
60631  -54.975  -24.800  2.935 0.0000000000
60610  -57.809  -22.769  6.468 0.0000000000
61518  -58.176  -22.386  6.012 0.0000000000
61530  -57.479  -22.489  4.848 0.0000000000
128940  -57.914  -22.274  5.353 0.0000000000
61519  -58.605  -22.551  6.029 0.0000000000
62409  -58.592  -22.404  5.150 0.0000000000
130433  -56.642  -23.417  1.341 0.0000000000
63267  -57.897  -21.204  3.422 0.0000000000
62417  -58.652  -22.120  4.185 0.0000000000
64195  -60.127  -20.406  0.764 0.0000000000
116769  -60.492  -21.485  0.769 0.0000000000
31070  -11.422  -56.700  33.655 0.0000000000
31990  -12.420  -55.556  31.390 0.0000000000
33805  -10.959  -53.850  28.855 0.0000000000
49774  -38.105  -36.604  17.463 0.0000000000
52557  -39.075  -33.664  11.490 0.0000000000
53441  -42.238  -32.135  10.631 0.0000000000
54344  -40.194  -31.122  8.882 0.0000000000
56079  -40.417  -29.650  7.748 0.0000000000
57788  -51.197  -27.203  10.942 0.0000000000
57822  -49.287  -27.777  7.343 0.0000000000
62416  -58.159  -21.544  3.845 0.0000000000
62471  -58.707  -22.584  -1.688 0.0000000000
64200  -60.004  -20.339  0.574 0.0000000000
64209  -60.197  -20.316  -0.153 0.0000000000
126958  -44.900  -35.881  24.148 0.0000000000
129194  -45.462  -29.102  9.596 0.0000000000
130279  -47.913  -33.761  15.718 0.0000000000
130364  -48.507  -28.095  13.091 0.0000000000
130997  -45.777  -33.032  13.873 0.0000000000
131771  -30.674  -46.970  26.764 0.0000000000
133240  -40.674  -30.990  9.053 0.0000000000
