#!ascii label  , from subject sub-v1s11x0050150_ses-1 vox2ras=TkReg
1085
57462  -22.213  -28.489  -38.711 0.4285714328
58377  -22.522  -27.302  -39.075 0.2857142985
57478  -22.230  -27.874  -39.072 0.4285714328
58378  -23.059  -27.027  -38.522 0.4285714328
59248  -23.894  -26.508  -37.366 0.4285714328
113701  -22.975  -26.117  -39.513 0.2857142985
111706  -23.573  -25.711  -38.999 0.4285714328
60158  -23.939  -25.303  -38.398 0.4285714328
61135  -23.760  -24.707  -39.939 0.4285714328
61136  -24.292  -24.275  -39.452 0.4285714328
62069  -24.146  -23.595  -40.684 0.4285714328
62070  -24.750  -23.031  -40.210 0.4285714328
111472  -23.633  -21.527  -41.502 0.5714285970
62911  -24.450  -22.547  -41.390 0.5714285970
62901  -25.171  -22.444  -40.582 0.4285714328
63766  -25.598  -21.807  -40.763 0.2857142985
63781  -25.321  -21.558  -41.756 0.7142857313
121318  -25.535  -21.595  -41.423 0.7142857313
64705  -26.935  -20.277  -42.017 0.7142857313
64691  -26.955  -20.220  -40.987 0.4285714328
63782  -25.882  -21.179  -41.752 0.7142857313
64704  -26.425  -20.740  -41.470 0.5714285970
65708  -27.976  -19.346  -42.203 0.5714285970
117422  -26.504  -20.167  -42.503 0.5714285970
65720  -27.632  -19.621  -43.016 0.5714285970
66627  -28.108  -19.300  -43.306 0.5714285970
66620  -28.479  -19.067  -43.111 0.5714285970
65719  -26.944  -19.746  -42.912 0.5714285970
67421  -29.043  -18.361  -42.599 0.4285714328
127143  -29.125  -18.602  -43.927 0.5714285970
67451  -29.711  -18.239  -44.006 0.5714285970
119539  -27.178  -18.194  -43.101 0.7142857313
68229  -29.917  -17.833  -44.323 0.7142857313
68230  -30.791  -17.901  -44.025 0.5714285970
67449  -28.289  -18.323  -43.667 0.5714285970
126096  -25.579  -17.410  -42.366 0.5714285970
68214  -28.254  -16.565  -43.115 0.8571428657
69052  -30.137  -16.925  -44.344 0.7142857313
68216  -31.902  -17.608  -44.032 0.5714285970
68213  -27.376  -16.398  -42.549 0.7142857313
68212  -26.478  -16.415  -42.331 0.5714285970
69890  -30.526  -15.954  -44.172 0.7142857313
69054  -32.226  -17.156  -44.286 0.5714285970
69051  -29.233  -16.906  -43.883 0.7142857313
69876  -30.506  -14.788  -43.887 0.5714285970
69037  -29.286  -15.860  -43.442 0.7142857313
69892  -32.392  -15.779  -44.319 0.5714285970
69036  -28.480  -15.646  -42.710 0.5714285970
112354  -31.234  -13.191  -44.420 0.7142857313
112392  -31.406  -14.432  -44.301 0.7142857313
126008  -29.572  -14.137  -42.486 0.7142857313
70735  -30.134  -14.189  -42.886 0.7142857313
131024  -30.575  -13.548  -43.597 0.7142857313
72472  -31.208  -12.321  -44.622 0.7142857313
71594  -29.736  -13.221  -42.473 0.7142857313
116293  -28.137  -14.056  -41.774 0.5714285970
72485  -31.060  -11.442  -44.702 0.5714285970
130101  -31.590  -11.318  -45.330 0.5714285970
121810  -30.643  -11.055  -43.535 0.7142857313
71595  -30.430  -12.481  -42.927 0.8571428657
72460  -30.383  -11.491  -42.722 0.7142857313
118677  -30.670  -9.019  -43.593 0.8571428657
74176  -30.931  -9.969  -44.855 0.5714285970
73321  -30.673  -10.224  -43.178 0.8571428657
73310  -30.368  -10.046  -42.343 0.8571428657
125596  -30.454  -10.720  -42.689 0.8571428657
75848  -30.374  -7.747  -42.333 0.8571428657
76654  -30.608  -6.955  -42.960 0.8571428657
116299  -30.550  -6.039  -42.776 0.8571428657
74154  -30.597  -9.338  -42.846 0.8571428657
76653  -30.325  -6.718  -42.163 0.8571428657
76636  -29.789  -6.404  -41.653 1.0000000000
75004  -30.000  -8.512  -41.866 0.8571428657
77442  -29.993  -5.604  -41.650 1.0000000000
75847  -29.982  -7.161  -41.792 1.0000000000
78208  -29.464  -4.355  -41.526 1.0000000000
79022  -28.056  -3.322  -41.624 0.7142857313
121982  -29.526  -5.123  -41.544 1.0000000000
78224  -28.763  -5.011  -41.581 1.0000000000
109811  -29.647  -0.325  -41.994 1.0000000000
109848  -27.818  -0.287  -41.901 0.8571428657
83329  -28.760  1.275  -42.235 0.8571428657
109390  -29.699  0.545  -42.203 1.0000000000
84913  -28.889  3.791  -42.838 0.8571428657
114784  -28.584  2.340  -42.436 0.8571428657
84132  -29.480  2.148  -42.518 1.0000000000
85637  -28.973  5.026  -43.900 0.8571428657
85633  -28.505  4.542  -43.136 0.8571428657
85632  -28.169  5.309  -43.505 0.7142857313
126275  -26.547  4.799  -42.483 0.5714285970
87005  -26.878  6.297  -42.778 0.7142857313
87013  -27.370  6.559  -43.502 0.5714285970
87002  -24.607  6.440  -42.082 0.5714285970
86330  -26.334  5.727  -42.484 0.5714285970
116893  -23.551  6.798  -41.960 0.4285714328
87726  -25.179  7.989  -42.026 0.4285714328
87727  -26.134  7.944  -42.515 0.4285714328
88451  -22.858  8.105  -41.240 0.2857142985
88443  -22.803  8.594  -41.160 0.2857142985
88437  -22.938  8.458  -40.921 0.2857142985
59288  -22.845  -26.730  -39.146 0.2857142985
67450  -28.639  -18.833  -43.591 0.5714285970
69053  -31.248  -17.185  -44.356 0.5714285970
73337  -31.321  -10.746  -45.355 0.5714285970
72471  -30.716  -11.928  -43.762 0.7142857313
74163  -30.731  -9.702  -43.817 0.8571428657
75032  -30.682  -8.443  -43.978 0.8571428657
75860  -30.672  -7.730  -43.383 0.8571428657
79887  -28.633  -2.600  -41.503 0.8571428657
88407  -24.121  8.090  -39.840 0.1428571492
59287  -22.401  -26.751  -39.412 0.2857142985
116119  -22.881  -25.519  -39.947 0.2857142985
60179  -23.373  -25.361  -39.721 0.2857142985
60180  -23.970  -24.954  -39.074 0.4285714328
62037  -24.815  -23.640  -38.892 0.4285714328
61152  -23.038  -24.343  -40.543 0.2857142985
62080  -24.039  -23.129  -41.256 0.4285714328
60196  -23.180  -24.923  -40.224 0.4285714328
62055  -24.958  -23.149  -39.457 0.4285714328
62079  -23.366  -23.080  -41.164 0.5714285970
63780  -24.617  -21.901  -41.674 0.5714285970
63767  -26.041  -21.241  -40.990 0.4285714328
64703  -24.389  -21.029  -41.742 0.2857142985
63793  -25.038  -21.282  -41.907 0.7142857313
64718  -26.324  -20.545  -42.112 0.7142857313
64719  -26.978  -20.011  -42.590 0.4285714328
65718  -26.062  -19.791  -42.509 0.5714285970
127968  -29.458  -17.915  -42.542 0.4285714328
66618  -26.141  -19.006  -42.587 0.7142857313
66619  -26.999  -18.974  -43.086 0.7142857313
67439  -29.104  -18.650  -43.833 0.7142857313
67440  -29.616  -18.306  -43.596 0.5714285970
68228  -29.097  -18.003  -44.102 0.7142857313
67437  -26.355  -17.290  -42.520 0.5714285970
67438  -27.258  -17.265  -42.844 0.5714285970
119436  -32.617  -14.712  -44.280 0.5714285970
69875  -29.823  -15.209  -43.442 0.7142857313
70749  -32.333  -13.718  -44.511 0.5714285970
69873  -27.919  -14.798  -41.922 0.8571428657
117992  -30.724  -9.182  -44.433 0.5714285970
74137  -30.204  -9.273  -42.086 1.0000000000
77443  -30.422  -5.383  -42.127 1.0000000000
76634  -28.313  -7.185  -41.725 1.0000000000
78207  -28.402  -4.175  -41.609 0.8571428657
80765  -27.433  -2.005  -41.774 0.7142857313
80767  -29.189  -1.823  -41.575 1.0000000000
109393  -29.972  -1.910  -41.839 1.0000000000
109389  -28.720  -0.903  -41.676 0.7142857313
109761  -26.735  -1.810  -42.160 0.7142857313
109387  -28.775  0.156  -41.951 0.8571428657
84905  -28.353  3.184  -42.525 0.8571428657
83330  -29.946  1.378  -42.454 1.0000000000
121653  -27.582  4.849  -42.778 0.7142857313
87725  -24.405  7.358  -41.870 0.7142857313
122405  -25.603  5.188  -42.369 0.5714285970
111476  -26.203  6.448  -42.465 0.7142857313
87004  -26.504  7.067  -42.639 0.7142857313
113556  -23.733  5.956  -42.165 0.4285714328
88452  -23.088  8.758  -41.362 0.2857142985
120233  -24.161  8.261  -41.691 0.4285714328
87734  -26.887  7.639  -42.987 0.4285714328
125794  -24.861  8.697  -41.939 0.4285714328
89159  -22.518  9.519  -41.108 0.2857142985
65717  -24.700  -19.584  -42.051 0.4285714328
110889  -25.313  -19.171  -42.295 0.4285714328
87724  -23.213  7.631  -41.625 0.4285714328
87003  -25.541  7.035  -42.232 0.7142857313
117917  -22.719  8.942  -41.132 0.2857142985
57463  -22.796  -27.852  -38.388 0.4285714328
59286  -21.853  -26.831  -39.448 0.2857142985
58394  -22.048  -27.451  -39.327 0.2857142985
58360  -23.969  -27.035  -36.838 0.4285714328
59266  -23.303  -26.384  -38.780 0.4285714328
60178  -22.282  -25.979  -39.687 0.2857142985
62067  -22.813  -23.670  -40.748 0.2857142985
61153  -23.590  -24.242  -40.439 0.4285714328
61154  -24.071  -24.144  -40.140 0.4285714328
62054  -24.507  -23.656  -39.834 0.4285714328
62068  -23.531  -23.704  -40.874 0.4285714328
62910  -23.913  -22.494  -41.464 0.4285714328
62912  -25.071  -22.190  -41.392 0.4285714328
64716  -25.090  -20.544  -42.072 0.5714285970
116239  -25.422  -19.926  -42.283 0.5714285970
66626  -27.893  -18.968  -43.487 0.5714285970
67441  -30.445  -18.071  -43.904 0.5714285970
68227  -28.047  -17.347  -43.384 0.7142857313
67436  -26.235  -18.136  -42.621 0.7142857313
69891  -31.308  -15.816  -44.303 0.5714285970
69035  -27.603  -15.577  -42.286 0.7142857313
69874  -28.868  -14.704  -42.340 0.8571428657
71606  -30.780  -12.697  -44.009 0.7142857313
70734  -28.849  -13.611  -41.991 0.8571428657
73336  -30.807  -10.532  -44.258 0.8571428657
75020  -30.390  -8.663  -42.408 0.8571428657
116673  -30.650  -8.479  -43.006 0.8571428657
72448  -29.989  -10.792  -41.990 0.8571428657
121849  -29.660  -7.806  -41.680 1.0000000000
79886  -27.762  -2.580  -41.684 0.8571428657
85627  -28.027  3.972  -42.645 0.8571428657
86331  -26.987  5.487  -42.684 0.7142857313
86337  -27.468  5.724  -43.141 0.7142857313
86329  -25.529  6.065  -42.296 0.5714285970
87705  -22.716  7.672  -41.051 0.2857142985
60195  -22.508  -25.013  -40.132 0.2857142985
80766  -28.206  -1.843  -41.604 1.0000000000
131749  -25.276  10.824  -42.929 0.2857142985
90532  -23.599  12.206  -42.129 0.1428571492
89173  -25.756  9.497  -42.662 0.2857142985
89888  -25.795  10.375  -43.810 0.2857142985
119155  -23.692  11.177  -42.000 0.1428571492
91176  -23.495  12.346  -41.624 0.1428571492
89171  -23.258  9.806  -41.442 0.1428571492
112490  -25.012  9.422  -42.187 0.2857142985
89873  -22.843  10.597  -41.326 0.1428571492
119583  -26.334  9.526  -44.950 0.2857142985
89185  -25.744  10.174  -43.069 0.2857142985
86354  -30.211  6.080  -47.384 0.2857142985
124552  -27.843  6.868  -46.299 0.2857142985
91167  -23.178  11.708  -41.125 0.1428571492
88455  -26.270  8.860  -42.773 0.2857142985
86344  -28.820  6.106  -45.318 0.2857142985
88464  -26.788  8.881  -44.486 0.2857142985
84162  -31.362  3.382  -47.966 0.1428571492
87028  -28.585  6.499  -46.140 0.2857142985
87743  -27.120  8.036  -45.001 0.2857142985
90521  -23.055  11.393  -41.366 0.1428571492
87738  -27.116  8.101  -43.777 0.2857142985
88461  -26.617  9.015  -43.491 0.2857142985
83387  -27.056  1.948  -48.509 0.1428571492
83388  -29.047  2.078  -48.945 0.1428571492
118501  -30.591  5.371  -46.985 0.4285714328
87016  -27.702  6.560  -44.283 0.2857142985
83359  -31.121  1.354  -46.971 0.2857142985
85641  -30.953  4.560  -45.740 0.4285714328
86340  -28.563  5.723  -44.361 0.2857142985
109388  -28.770  -0.038  -48.322 0.1428571492
83365  -30.912  1.728  -47.851 0.2857142985
86341  -29.351  5.417  -44.791 0.4285714328
84921  -30.968  3.632  -44.310 0.5714285970
109396  -29.033  -0.773  -47.964 0.1428571492
109392  -30.275  0.207  -47.106 0.1428571492
85638  -29.805  4.726  -44.316 0.7142857313
86339  -27.877  5.992  -43.946 0.4285714328
84151  -31.571  2.331  -45.512 0.4285714328
125047  -28.819  -1.484  -47.904 0.2857142985
109559  -30.678  -0.554  -46.132 0.7142857313
84920  -30.230  4.030  -43.860 0.7142857313
109394  -30.553  0.686  -42.626 0.8571428657
82530  -31.455  0.457  -44.612 0.8571428657
84147  -31.153  2.819  -44.013 0.5714285970
124863  -29.181  -2.099  -47.334 0.2857142985
84140  -31.249  2.130  -43.881 0.7142857313
84131  -27.099  2.684  -42.419 0.5714285970
84139  -30.769  2.309  -43.276 0.8571428657
109395  -29.455  -2.929  -46.820 0.1428571492
124884  -30.889  -0.925  -45.359 0.7142857313
79104  -29.576  -4.060  -46.878 0.1428571492
119620  -26.224  -7.961  -43.107 0.5714285970
77441  -28.262  -5.721  -41.809 0.8571428657
78223  -27.810  -4.905  -42.032 0.8571428657
77440  -27.394  -5.710  -42.422 0.4285714328
109340  -29.763  -1.178  -41.889 0.8571428657
124264  -30.894  -2.710  -42.960 0.8571428657
109339  -30.470  -0.711  -42.389 0.8571428657
79089  -30.398  -3.921  -45.605 0.2857142985
109816  -31.190  -1.823  -43.789 0.8571428657
121069  -31.310  -0.568  -43.665 0.8571428657
83338  -31.169  1.554  -43.515 0.8571428657
78284  -29.690  -4.958  -46.872 0.4285714328
79931  -30.807  -2.397  -44.774 0.7142857313
125046  -31.029  -1.526  -44.682 0.7142857313
75030  -25.676  -8.341  -43.673 0.2857142985
123060  -27.377  -7.391  -42.273 0.5714285970
75846  -26.592  -7.322  -42.846 0.5714285970
130322  -29.198  -5.727  -41.530 0.8571428657
79889  -30.277  -3.121  -41.963 0.8571428657
79888  -29.701  -2.680  -41.644 0.8571428657
113554  -31.029  -2.045  -42.956 0.8571428657
109397  -30.528  -1.559  -42.360 0.8571428657
78275  -30.480  -4.653  -45.269 0.4285714328
79071  -30.783  -3.265  -44.398 0.8571428657
79920  -31.049  -2.589  -43.692 0.8571428657
120991  -30.407  -5.356  -45.782 0.4285714328
127454  -26.524  -13.128  -42.149 0.7142857313
71605  -25.358  -11.786  -43.508 0.4285714328
70733  -27.703  -13.097  -41.791 0.7142857313
126040  -27.743  -11.394  -41.705 0.8571428657
72457  -26.492  -10.840  -42.434 0.5714285970
74162  -26.104  -9.549  -42.860 0.5714285970
74161  -25.667  -9.325  -43.610 0.4285714328
73298  -28.636  -10.269  -41.545 0.8571428657
74153  -27.467  -9.225  -41.853 0.5714285970
75018  -26.709  -8.095  -42.606 0.5714285970
116124  -29.578  -9.162  -41.639 0.8571428657
75828  -27.967  -7.854  -41.774 0.7142857313
75019  -27.391  -8.340  -42.091 0.5714285970
129638  -30.649  -6.404  -43.839 0.7142857313
114310  -30.637  -5.647  -43.767 0.7142857313
78239  -30.719  -4.455  -43.224 0.7142857313
79043  -30.707  -3.845  -42.854 0.8571428657
75901  -30.907  -7.389  -47.418 0.2857142985
76690  -30.654  -6.844  -45.928 0.4285714328
69034  -26.689  -15.606  -42.093 0.4285714328
114771  -26.083  -13.936  -42.255 0.4285714328
114568  -25.139  -12.714  -43.305 0.4285714328
129731  -29.657  -11.904  -42.087 0.7142857313
72459  -28.588  -11.672  -41.668 0.7142857313
72447  -29.169  -11.012  -41.660 0.7142857313
74136  -29.131  -9.722  -41.521 0.8571428657
75875  -30.721  -7.751  -44.582 0.7142857313
75892  -30.785  -7.618  -46.780 0.2857142985
75883  -30.765  -7.559  -45.678 0.5714285970
76666  -30.687  -7.125  -43.868 0.5714285970
69889  -25.068  -14.789  -42.595 0.5714285970
70732  -27.214  -13.978  -41.829 0.5714285970
71593  -28.760  -12.610  -41.844 0.7142857313
74177  -31.209  -10.102  -45.771 0.4285714328
75054  -30.960  -8.861  -46.077 0.4285714328
75884  -30.998  -8.246  -46.506 0.4285714328
122742  -30.804  -8.162  -45.547 0.4285714328
112208  -25.224  -18.151  -42.267 0.5714285970
69055  -33.139  -16.828  -44.038 0.4285714328
126805  -32.965  -11.619  -45.633 0.4285714328
72486  -33.422  -11.085  -45.921 0.4285714328
73348  -31.894  -10.412  -46.210 0.4285714328
62890  -25.803  -22.069  -39.050 0.1428571492
71608  -33.451  -13.145  -44.767 0.4285714328
71625  -33.198  -12.290  -45.296 0.4285714328
114280  -26.115  -21.366  -40.156 0.1428571492
64680  -27.030  -20.191  -39.969 0.1428571492
66606  -28.423  -18.686  -41.724 0.2857142985
121005  -33.193  -15.402  -41.725 0.2857142985
69877  -35.063  -14.978  -42.589 0.2857142985
69041  -34.218  -15.524  -42.993 0.2857142985
68198  -30.622  -17.199  -42.874 0.4285714328
70752  -35.096  -14.333  -43.175 0.2857142985
69056  -33.802  -15.879  -43.806 0.2857142985
69040  -33.000  -16.981  -43.917 0.2857142985
127595  -35.248  -13.749  -43.713 0.2857142985
70751  -34.689  -14.363  -43.961 0.4285714328
118361  -26.151  -21.544  -39.415 0.1428571492
64679  -26.617  -20.851  -39.445 0.1428571492
63756  -25.690  -21.962  -39.920 0.1428571492
65672  -27.528  -19.634  -39.488 0.2857142985
65685  -27.935  -18.993  -39.933 0.2857142985
68177  -29.699  -16.871  -39.821 0.2857142985
69009  -31.455  -15.520  -40.628 0.2857142985
69019  -30.860  -16.086  -41.596 0.2857142985
68188  -29.648  -16.989  -40.932 0.2857142985
69020  -31.536  -15.756  -41.746 0.2857142985
64666  -27.043  -20.634  -38.526 0.1428571492
67394  -28.759  -17.889  -38.896 0.2857142985
129038  -27.565  -19.797  -38.525 0.2857142985
67404  -28.795  -17.875  -39.873 0.2857142985
67415  -29.251  -17.405  -40.374 0.2857142985
60144  -23.803  -25.919  -38.051 0.2857142985
123751  -25.170  -23.355  -38.157 0.1428571492
61116  -24.457  -24.322  -38.563 0.2857142985
62039  -25.675  -22.919  -37.794 0.1428571492
57447  -22.724  -28.682  -37.953 0.2857142985
132415  -22.657  -29.308  -37.612 0.2857142985
121386  -22.212  -29.227  -38.266 0.2857142985
61103  -24.703  -24.462  -37.715 0.2857142985
57432  -23.661  -28.559  -36.604 0.1428571492
56615  -21.659  -29.715  -38.319 0.2857142985
55722  -21.701  -30.232  -37.935 0.1428571492
116101  -27.184  -20.233  -39.163 0.1428571492
124452  -27.944  -19.033  -38.983 0.2857142985
67405  -29.249  -17.359  -39.306 0.2857142985
127930  -32.128  -15.458  -41.374 0.2857142985
68189  -30.189  -16.626  -41.366 0.2857142985
113948  -33.509  -15.980  -43.026 0.2857142985
68217  -32.523  -17.358  -44.119 0.4285714328
69893  -33.485  -15.630  -44.088 0.4285714328
71610  -35.547  -12.971  -43.607 0.2857142985
117281  -26.187  -11.633  -42.587 0.7142857313
71626  -34.607  -12.396  -44.929 0.4285714328
71624  -31.919  -11.892  -45.317 0.4285714328
74187  -30.903  -9.420  -45.485 0.4285714328
75055  -31.535  -8.902  -47.000 0.2857142985
75893  -31.497  -8.100  -47.403 0.2857142985
129944  -27.960  1.847  -42.359 0.7142857313
119279  -30.648  -4.842  -44.223 0.7142857313
112149  -30.362  0.018  -42.381 0.8571428657
118348  -27.148  4.025  -42.497 0.4285714328
84914  -29.735  3.556  -43.140 0.7142857313
77484  -30.328  -6.209  -46.343 0.2857142985
111481  -31.036  -0.100  -42.930 0.8571428657
84138  -30.051  2.762  -42.848 0.8571428657
124988  -29.833  -1.935  -46.603 0.5714285970
87735  -27.188  7.291  -43.467 0.2857142985
82567  -29.945  0.495  -47.675 0.4285714328
83360  -31.477  1.828  -46.347 0.4285714328
90514  -22.753  11.093  -41.086 0.1428571492
85647  -30.928  4.821  -46.583 0.2857142985
84161  -31.023  2.561  -48.458 0.1428571492
88469  -26.545  8.892  -45.665 0.2857142985
57448  -23.276  -28.176  -37.406 0.1428571492
57477  -21.781  -28.109  -39.092 0.2857142985
59233  -24.431  -26.487  -36.650 0.1428571492
62023  -24.814  -23.840  -38.098 0.1428571492
128782  -24.232  -24.825  -38.261 0.2857142985
62876  -25.987  -22.208  -38.180 0.1428571492
63744  -27.003  -21.152  -37.793 0.1428571492
114128  -27.466  -20.354  -37.801 0.1428571492
65694  -27.896  -19.060  -41.012 0.2857142985
66594  -28.382  -18.455  -40.457 0.2857142985
112438  -25.941  -14.805  -42.221 0.5714285970
68197  -29.819  -17.466  -42.424 0.2857142985
133337  -24.689  -13.225  -43.402 0.2857142985
72473  -35.518  -11.574  -44.087 0.2857142985
71591  -26.811  -12.312  -42.096 0.7142857313
71592  -27.769  -12.110  -41.736 0.5714285970
117773  -25.220  -10.936  -43.873 0.4285714328
71627  -35.485  -12.328  -44.295 0.4285714328
75858  -25.427  -7.522  -43.923 0.2857142985
75031  -26.125  -8.685  -42.999 0.5714285970
72488  -35.241  -11.612  -44.822 0.2857142985
71607  -32.103  -12.783  -44.935 0.4285714328
73297  -27.710  -10.091  -41.707 0.7142857313
75859  -26.008  -7.414  -43.393 0.2857142985
72495  -34.409  -10.612  -46.036 0.1428571492
74195  -33.146  -9.347  -46.984 0.4285714328
73356  -32.386  -9.918  -46.824 0.4285714328
79025  -30.407  -3.744  -42.096 0.8571428657
75066  -32.815  -8.566  -47.229 0.1428571492
76682  -30.650  -6.885  -44.796 0.5714285970
76702  -30.392  -6.973  -47.035 0.2857142985
117210  -30.502  -3.155  -45.289 0.7142857313
81674  -31.392  0.211  -43.724 0.8571428657
78295  -29.437  -5.058  -47.669 0.2857142985
79119  -29.134  -3.954  -47.548 0.1428571492
89170  -22.580  9.423  -41.130 0.2857142985
125045  -30.138  -2.518  -46.235 0.4285714328
109391  -28.944  -2.960  -47.570 0.1428571492
109672  -30.698  0.022  -46.404 0.5714285970
125049  -28.594  -2.390  -47.969 0.1428571492
125048  -29.500  -1.149  -47.170 0.1428571492
109347  -28.306  -0.855  -48.301 0.1428571492
89862  -22.466  10.605  -41.031 0.1428571492
82555  -31.297  1.108  -46.212 0.5714285970
82577  -29.402  0.553  -48.144 0.1428571492
86351  -30.435  5.289  -46.094 0.2857142985
85648  -31.308  4.197  -46.580 0.2857142985
83364  -30.065  1.113  -48.073 0.2857142985
83374  -28.287  1.423  -48.579 0.1428571492
86350  -29.951  5.891  -46.494 0.2857142985
85651  -30.924  4.794  -48.565 0.2857142985
85655  -31.107  4.035  -48.447 0.1428571492
84169  -29.783  2.677  -49.237 0.1428571492
132429  -25.156  -27.214  -35.742 0.1428571492
62866  -26.365  -22.451  -37.434 0.1428571492
69022  -34.497  -15.488  -42.090 0.2857142985
75902  -31.501  -7.288  -47.642 0.2857142985
83401  -26.466  2.557  -49.275 0.1428571492
86358  -30.678  5.508  -48.685 0.2857142985
57476  -21.135  -28.243  -38.936 0.2857142985
58359  -23.469  -27.277  -37.606 0.1428571492
60128  -24.348  -25.822  -37.200 0.1428571492
117165  -24.283  -25.217  -37.756 0.1428571492
62889  -25.306  -22.586  -39.653 0.1428571492
65693  -27.440  -19.708  -41.530 0.4285714328
65684  -27.463  -19.610  -40.454 0.2857142985
64690  -26.515  -20.753  -40.479 0.1428571492
68215  -31.365  -17.704  -43.920 0.4285714328
73338  -32.258  -11.090  -45.786 0.4285714328
73299  -29.414  -10.360  -41.646 0.7142857313
77458  -30.656  -5.149  -43.028 0.7142857313
76635  -28.791  -6.449  -41.588 0.8571428657
75003  -29.190  -8.490  -41.531 0.8571428657
75829  -28.756  -7.835  -41.566 0.8571428657
78226  -30.500  -4.527  -42.313 0.8571428657
79023  -29.038  -3.451  -41.457 0.8571428657
84904  -27.540  3.296  -42.462 0.5714285970
85634  -29.366  4.298  -43.491 0.7142857313
87012  -27.032  6.992  -42.966 0.2857142985
87021  -28.146  6.336  -44.718 0.2857142985
129826  -26.709  8.339  -43.057 0.2857142985
75045  -30.747  -8.605  -44.997 0.4285714328
62038  -25.378  -22.829  -38.717 0.1428571492
67422  -29.316  -17.608  -41.599 0.2857142985
70750  -33.691  -14.283  -44.274 0.4285714328
109342  -31.139  -1.145  -43.058 0.8571428657
82520  -31.115  0.799  -43.208 0.8571428657
88453  -24.090  9.153  -41.715 0.2857142985
90533  -24.649  11.671  -42.785 0.1428571492
89874  -25.052  10.405  -42.535 0.2857142985
89196  -26.351  9.654  -44.143 0.2857142985
89172  -24.048  10.099  -41.864 0.1428571492
89186  -26.195  9.685  -43.463 0.2857142985
113580  -29.241  6.426  -46.892 0.2857142985
87752  -26.976  8.042  -46.160 0.2857142985
87744  -27.454  7.223  -45.568 0.2857142985
113915  -27.719  6.768  -44.895 0.2857142985
87029  -29.273  6.160  -46.087 0.2857142985
86345  -29.677  5.674  -45.671 0.2857142985
84934  -30.988  3.345  -48.854 0.1428571492
118187  -30.506  2.774  -48.965 0.1428571492
87739  -27.408  7.193  -44.349 0.2857142985
83376  -30.158  1.956  -48.661 0.1428571492
84167  -28.014  2.529  -48.833 0.1428571492
125580  -28.818  0.731  -48.469 0.1428571492
85639  -30.637  4.363  -44.744 0.5714285970
85642  -31.366  3.913  -45.934 0.4285714328
85640  -30.190  5.054  -45.214 0.5714285970
109385  -26.670  0.066  -48.286 0.1428571492
109970  -29.557  -0.192  -47.609 0.1428571492
84158  -31.502  2.982  -47.176 0.2857142985
83375  -29.306  1.270  -48.552 0.2857142985
84155  -31.528  2.669  -46.408 0.4285714328
84922  -31.439  3.098  -44.836 0.5714285970
84915  -30.514  3.219  -43.524 0.7142857313
130766  -31.123  0.498  -46.067 0.5714285970
109554  -30.326  -1.179  -46.351 0.5714285970
82529  -31.330  -0.317  -44.538 0.7142857313
82539  -31.134  -0.027  -45.526 0.7142857313
122874  -31.517  1.104  -44.626 0.7142857313
79956  -30.135  -3.315  -46.166 0.4285714328
109633  -31.282  -1.199  -43.867 0.8571428657
76652  -27.823  -6.491  -42.070 0.5714285970
78222  -26.870  -4.821  -42.669 0.4285714328
76665  -26.359  -6.616  -43.198 0.4285714328
120809  -30.867  -3.252  -43.384 0.8571428657
132742  -30.565  -3.569  -45.016 0.4285714328
78285  -30.226  -4.760  -46.139 0.5714285970
124875  -30.566  -1.870  -45.740 0.8571428657
79059  -30.778  -3.937  -43.803 0.7142857313
70731  -25.724  -13.143  -42.598 0.5714285970
71590  -25.910  -12.447  -42.637 0.4285714328
113396  -27.018  -11.511  -42.034 0.7142857313
72458  -27.272  -10.771  -41.916 0.7142857313
72456  -25.761  -10.943  -43.060 0.4285714328
73309  -26.797  -9.950  -42.267 0.5714285970
74152  -26.726  -8.960  -42.428 0.5714285970
73320  -25.631  -10.205  -43.508 0.4285714328
129502  -25.204  -10.448  -44.023 0.2857142985
74135  -28.310  -9.496  -41.539 0.7142857313
75002  -28.248  -8.606  -41.589 0.8571428657
77475  -30.568  -5.869  -44.966 0.5714285970
131192  -30.507  -5.161  -45.057 0.7142857313
69872  -26.914  -14.807  -41.900 0.5714285970
130577  -25.383  -14.214  -42.613 0.5714285970
74188  -31.488  -9.654  -46.498 0.4285714328
118860  -33.497  -16.336  -43.775 0.2857142985
128608  -34.091  -15.109  -43.963 0.4285714328
72487  -34.255  -11.511  -45.479 0.4285714328
73349  -33.232  -10.348  -46.459 0.4285714328
67414  -28.799  -17.942  -41.055 0.2857142985
69021  -32.451  -16.231  -42.751 0.2857142985
69894  -34.459  -15.030  -43.503 0.2857142985
69039  -32.279  -17.468  -43.954 0.2857142985
69038  -31.467  -16.739  -42.851 0.2857142985
71609  -34.852  -13.361  -44.349 0.4285714328
63731  -26.533  -21.787  -37.779 0.1428571492
63743  -26.448  -21.455  -38.573 0.1428571492
69008  -30.575  -15.976  -40.462 0.2857142985
66585  -28.381  -18.439  -39.418 0.2857142985
56589  -23.531  -29.361  -36.426 0.1428571492
56602  -22.307  -29.939  -37.715 0.1428571492
56590  -24.055  -28.977  -36.058 0.1428571492
74194  -32.204  -9.364  -47.096 0.2857142985
89857  -22.420  10.534  -41.016 0.1428571492
57433  -24.320  -28.259  -36.127 0.1428571492
59234  -25.083  -26.577  -36.090 0.1428571492
89856  -22.301  10.081  -41.050 0.1428571492
117706  -27.090  1.895  -42.384 0.5714285970
109378  -26.171  0.576  -42.469 0.4285714328
83328  -26.797  1.090  -42.366 0.5714285970
109381  -26.288  -0.116  -42.428 0.4285714328
110042  -27.614  1.166  -42.265 0.5714285970
79904  -26.441  -2.628  -42.512 0.4285714328
109621  -27.587  -1.238  -41.787 0.4285714328
124859  -26.063  -1.403  -42.564 0.4285714328
133358  -26.752  -0.734  -42.180 0.5714285970
111100  -28.005  0.544  -42.051 0.5714285970
78206  -27.420  -3.946  -42.185 0.5714285970
70725  -35.732  -14.376  -41.438 0.1428571492
119333  -35.494  -13.580  -42.913 0.1428571492
71596  -35.397  -12.714  -42.557 0.1428571492
63779  -22.696  -21.246  -41.227 0.2857142985
69023  -35.149  -15.352  -42.136 0.1428571492
125942  -35.665  -14.400  -39.781 0.1428571492
70717  -35.867  -14.623  -40.497 0.1428571492
70708  -34.539  -13.483  -39.299 0.1428571492
71575  -35.229  -13.413  -40.921 0.1428571492
71548  -33.620  -12.733  -38.558 0.1428571492
62909  -23.026  -22.206  -41.244 0.2857142985
118104  -34.337  -15.558  -40.116 0.1428571492
111796  -35.815  -15.573  -40.168 0.1428571492
69011  -34.447  -15.362  -40.965 0.1428571492
69860  -36.072  -15.270  -40.271 0.1428571492
70675  -33.812  -13.746  -37.585 0.1428571492
69853  -36.335  -15.194  -39.798 0.1428571492
129719  -34.193  -11.847  -35.536 0.1428571492
71522  -33.314  -12.884  -36.861 0.1428571492
72384  -33.844  -11.460  -36.060 0.1428571492
62899  -22.445  -22.817  -40.784 0.2857142985
125270  -21.525  -22.580  -40.465 0.2857142985
68163  -29.818  -16.747  -38.814 0.1428571492
68165  -31.311  -15.556  -38.841 0.1428571492
68178  -30.359  -16.137  -39.431 0.1428571492
68999  -31.962  -15.384  -39.541 0.1428571492
68981  -36.253  -16.551  -38.937 0.1428571492
68980  -34.383  -15.990  -38.805 0.1428571492
69836  -36.275  -15.642  -38.538 0.1428571492
69001  -35.327  -16.010  -39.569 0.1428571492
69817  -34.707  -14.747  -37.541 0.1428571492
70641  -33.622  -14.137  -36.073 0.1428571492
71481  -34.557  -12.859  -34.681 0.1428571492
71503  -33.512  -13.223  -36.036 0.1428571492
62066  -21.855  -23.537  -40.357 0.2857142985
62053  -21.144  -23.829  -39.878 0.2857142985
66576  -28.814  -18.081  -38.174 0.1428571492
67396  -30.059  -16.696  -37.853 0.1428571492
68164  -30.616  -16.015  -38.310 0.1428571492
110006  -31.807  -15.641  -37.905 0.1428571492
68959  -35.535  -16.879  -38.441 0.1428571492
68979  -32.538  -15.543  -38.643 0.1428571492
69805  -36.101  -16.457  -37.374 0.1428571492
71482  -35.429  -12.506  -34.492 0.1428571492
72341  -34.784  -11.885  -34.882 0.1428571492
66575  -28.434  -18.531  -38.553 0.1428571492
66560  -29.178  -18.024  -37.416 0.1428571492
67347  -31.525  -16.512  -36.572 0.1428571492
66561  -29.862  -17.469  -36.664 0.1428571492
129871  -34.927  -17.638  -37.239 0.1428571492
67378  -31.067  -16.038  -37.324 0.1428571492
68143  -36.215  -17.429  -37.823 0.1428571492
68958  -33.279  -15.902  -37.978 0.1428571492
68118  -36.460  -17.297  -37.653 0.1428571492
69766  -34.335  -14.633  -34.456 0.1428571492
68941  -34.775  -15.815  -36.456 0.1428571492
70618  -35.182  -13.312  -34.259 0.1428571492
70617  -34.407  -13.777  -34.603 0.1428571492
65661  -28.767  -18.832  -36.979 0.1428571492
64667  -27.811  -19.700  -37.789 0.1428571492
66512  -30.678  -18.088  -35.035 0.1428571492
66536  -30.173  -17.715  -35.759 0.1428571492
66535  -29.416  -18.266  -36.393 0.1428571492
67346  -30.771  -17.073  -36.135 0.1428571492
126032  -29.698  -17.304  -37.466 0.1428571492
67349  -35.471  -18.207  -36.843 0.1428571492
67348  -33.745  -17.662  -36.607 0.1428571492
67350  -36.174  -18.166  -36.896 0.1428571492
68102  -35.461  -17.532  -36.196 0.1428571492
68117  -36.329  -17.880  -37.127 0.1428571492
128777  -33.875  -14.833  -35.574 0.1428571492
65599  -30.821  -19.399  -34.216 0.1428571492
66511  -29.734  -18.455  -35.372 0.1428571492
67329  -32.816  -17.737  -36.068 0.1428571492
66513  -31.849  -17.961  -35.336 0.1428571492
67330  -34.343  -18.366  -36.419 0.1428571492
68924  -34.516  -16.428  -35.484 0.1428571492
67331  -35.753  -18.294  -36.566 0.1428571492
67328  -31.892  -17.100  -35.887 0.1428571492
67377  -30.387  -16.707  -36.925 0.1428571492
68116  -32.867  -16.871  -36.668 0.1428571492
68998  -31.041  -15.573  -39.718 0.1428571492
72342  -35.723  -11.743  -34.763 0.1428571492
70642  -33.861  -13.517  -35.279 0.1428571492
125749  -34.806  -14.450  -38.180 0.1428571492
70661  -33.711  -13.960  -36.782 0.1428571492
69868  -35.612  -14.979  -41.774 0.1428571492
61151  -22.423  -24.228  -40.390 0.2857142985
68890  -34.364  -15.591  -34.233 0.1428571492
70619  -36.197  -13.090  -34.215 0.1428571492
72367  -36.300  -11.082  -35.254 0.1428571492
72366  -35.304  -11.113  -35.199 0.1428571492
72364  -33.608  -12.274  -36.017 0.1428571492
72365  -34.569  -11.221  -35.514 0.1428571492
112146  -33.235  -12.006  -37.269 0.1428571492
73240  -34.172  -10.722  -36.081 0.1428571492
71582  -34.945  -12.574  -41.560 0.1428571492
72462  -35.356  -11.937  -43.220 0.1428571492
84130  -26.358  2.425  -42.449 0.4285714328
116976  -26.717  3.227  -42.441 0.4285714328
85658  -30.217  4.398  -49.928 0.1428571492
116402  -27.775  2.552  -42.404 0.4285714328
87036  -30.399  6.160  -48.292 0.1428571492
70736  -35.569  -14.323  -42.296 0.1428571492
65674  -28.582  -18.654  -37.788 0.1428571492
65673  -28.077  -19.137  -38.156 0.1428571492
67395  -29.348  -17.466  -38.284 0.1428571492
69010  -32.832  -15.361  -40.471 0.1428571492
73323  -35.275  -10.913  -44.348 0.1428571492
72496  -35.022  -10.870  -45.326 0.1428571492
69012  -35.504  -15.216  -41.243 0.1428571492
126180  -35.760  -14.946  -41.017 0.1428571492
115804  -35.584  -13.490  -41.961 0.1428571492
71562  -35.230  -13.725  -40.111 0.1428571492
70689  -34.141  -13.646  -38.384 0.1428571492
70690  -35.807  -14.684  -39.115 0.1428571492
71561  -34.343  -12.833  -39.992 0.1428571492
72419  -33.536  -11.799  -39.777 0.1428571492
71533  -33.437  -12.891  -37.796 0.1428571492
69000  -33.380  -15.531  -39.456 0.1428571492
69002  -36.407  -16.035  -39.349 0.1428571492
111525  -36.515  -15.737  -39.341 0.1428571492
72383  -33.417  -11.885  -36.559 0.1428571492
68982  -36.504  -16.388  -38.802 0.1428571492
69818  -35.865  -15.801  -37.724 0.1428571492
68960  -36.664  -16.660  -38.257 0.1428571492
69804  -34.445  -15.066  -36.745 0.1428571492
68141  -32.312  -16.108  -37.239 0.1428571492
68144  -36.592  -16.865  -38.323 0.1428571492
68942  -35.994  -17.001  -36.702 0.1428571492
68923  -34.461  -15.892  -35.877 0.1428571492
65660  -28.316  -19.367  -37.447 0.1428571492
65642  -29.033  -19.104  -36.093 0.1428571492
67327  -31.075  -17.505  -35.509 0.1428571492
68142  -34.129  -16.817  -37.615 0.1428571492
66537  -35.682  -18.429  -36.473 0.1428571492
111741  -36.341  -17.889  -37.080 0.1428571492
68101  -32.658  -17.241  -36.261 0.1428571492
55710  -19.471  -30.064  -37.733 0.1428571492
56614  -21.043  -29.575  -38.519 0.1428571492
56601  -19.162  -29.021  -37.671 0.1428571492
57460  -19.851  -28.586  -38.179 0.1428571492
57461  -21.508  -28.949  -38.753 0.1428571492
119008  -20.375  -28.085  -38.540 0.1428571492
58376  -20.784  -27.465  -38.871 0.1428571492
59285  -21.143  -26.821  -39.172 0.1428571492
60157  -19.965  -25.816  -38.662 0.1428571492
60176  -20.699  -25.459  -39.238 0.1428571492
118777  -21.400  -26.100  -39.412 0.1428571492
60177  -21.564  -25.255  -39.683 0.1428571492
60175  -19.893  -24.909  -39.046 0.1428571492
61133  -20.738  -24.506  -39.528 0.1428571492
62051  -19.597  -23.263  -39.525 0.1428571492
62887  -19.799  -22.490  -39.817 0.1428571492
63764  -21.214  -21.797  -40.571 0.1428571492
62898  -20.608  -22.343  -40.223 0.1428571492
63765  -22.055  -21.843  -40.823 0.1428571492
63778  -21.867  -20.953  -40.978 0.1428571492
133168  -23.170  -20.971  -41.400 0.1428571492
64689  -21.009  -21.039  -40.745 0.2857142985
65706  -24.147  -20.111  -41.766 0.2857142985
68210  -24.255  -16.226  -42.509 0.4285714328
68211  -25.373  -16.486  -42.319 0.4285714328
121453  -25.676  -15.580  -42.262 0.4285714328
79058  -26.131  -3.386  -42.873 0.2857142985
79042  -26.860  -3.279  -42.427 0.2857142985
109374  -24.214  0.388  -43.811 0.2857142985
109911  -25.317  0.748  -42.697 0.2857142985
82513  -26.024  1.477  -42.482 0.2857142985
83337  -25.123  1.413  -42.686 0.4285714328
64700  -21.274  -20.306  -41.165 0.2857142985
64702  -23.572  -20.648  -41.545 0.1428571492
58375  -20.050  -27.331  -38.430 0.1428571492
60156  -19.172  -25.168  -38.573 0.1428571492
61131  -19.048  -23.763  -39.233 0.1428571492
62897  -19.931  -21.791  -40.204 0.1428571492
123593  -20.560  -21.600  -40.470 0.1428571492
65703  -20.720  -19.708  -41.355 0.2857142985
64701  -22.798  -20.467  -41.390 0.2857142985
119505  -22.052  -20.260  -41.289 0.2857142985
65704  -21.551  -19.495  -41.506 0.2857142985
65705  -22.474  -19.617  -41.522 0.2857142985
65716  -23.862  -19.202  -41.792 0.2857142985
66617  -24.462  -18.668  -42.045 0.4285714328
67435  -24.146  -17.768  -42.154 0.4285714328
68209  -22.870  -16.342  -42.654 0.2857142985
77439  -26.639  -5.793  -42.974 0.2857142985
78237  -25.513  -4.635  -43.670 0.2857142985
116766  -26.173  -4.282  -43.121 0.2857142985
79056  -24.952  -3.236  -43.695 0.2857142985
118671  -25.560  -3.102  -43.261 0.2857142985
109386  -26.096  -2.062  -42.611 0.2857142985
109344  -25.075  -0.693  -43.065 0.2857142985
109338  -24.043  -0.900  -44.224 0.2857142985
109376  -24.791  0.151  -43.120 0.2857142985
65715  -23.005  -18.931  -41.720 0.2857142985
78238  -26.160  -5.146  -43.296 0.2857142985
79070  -25.077  -4.007  -43.829 0.2857142985
77474  -25.158  -5.259  -44.191 0.2857142985
124881  -24.206  -1.858  -44.109 0.2857142985
79918  -25.258  -2.513  -43.363 0.2857142985
109380  -24.889  -1.864  -43.487 0.2857142985
109766  -25.854  -0.711  -42.601 0.2857142985
79088  -23.980  -3.639  -44.924 0.2857142985
109819  -24.209  -2.908  -44.345 0.2857142985
79917  -24.673  -2.478  -43.747 0.2857142985
116826  -24.686  -17.134  -42.318 0.4285714328
61134  -21.708  -24.414  -40.020 0.1428571492
109372  -25.541  -0.029  -42.662 0.2857142985
109545  -25.129  -1.357  -43.224 0.2857142985
125588  -22.351  -20.728  -41.215 0.1428571492
62888  -20.291  -22.960  -39.810 0.1428571492
62052  -20.419  -23.627  -39.662 0.1428571492
56612  -19.929  -29.345  -38.097 0.1428571492
58358  -19.374  -27.299  -37.965 0.1428571492
59265  -20.399  -26.683  -38.703 0.1428571492
61132  -19.770  -24.096  -39.338 0.1428571492
61115  -19.076  -24.399  -38.922 0.1428571492
64699  -20.484  -20.345  -40.934 0.2857142985
67434  -23.618  -16.884  -42.410 0.4285714328
111157  -24.457  -0.383  -43.717 0.2857142985
66616  -23.568  -18.327  -41.942 0.4285714328
124930  -23.629  -2.300  -44.821 0.2857142985
69888  -24.257  -14.763  -43.021 0.2857142985
69033  -24.700  -15.510  -42.549 0.2857142985
89222  -24.714  9.616  -48.796 0.1428571492
88483  -25.748  8.355  -48.833 0.1428571492
129425  -25.910  7.868  -47.809 0.1428571492
87757  -26.872  7.571  -47.550 0.1428571492
87032  -28.651  7.051  -47.559 0.1428571492
89226  -24.499  10.484  -49.062 0.1428571492
87756  -26.557  7.895  -47.119 0.1428571492
89211  -25.825  9.818  -45.725 0.1428571492
89900  -24.449  12.774  -44.419 0.1428571492
114903  -24.652  -13.996  -43.154 0.2857142985
87034  -29.224  7.150  -48.274 0.1428571492
87766  -27.597  7.845  -49.198 0.1428571492
87027  -27.727  7.120  -47.067 0.1428571492
89218  -25.030  10.267  -46.654 0.1428571492
89912  -24.374  12.048  -45.315 0.1428571492
89210  -25.119  10.750  -45.762 0.1428571492
89887  -25.120  11.351  -43.451 0.1428571492
89901  -25.646  10.470  -44.824 0.1428571492
87753  -27.246  7.415  -46.644 0.1428571492
88477  -26.300  8.608  -46.746 0.1428571492
87755  -25.224  8.273  -47.924 0.1428571492
89221  -24.120  10.393  -48.416 0.1428571492
87760  -26.155  7.770  -48.231 0.1428571492
88479  -25.362  9.145  -47.345 0.1428571492
90568  -23.506  12.324  -48.300 0.1428571492
116531  -25.910  9.334  -46.458 0.1428571492
87762  -28.315  7.444  -48.461 0.1428571492
77483  -23.954  -5.044  -45.587 0.1428571492
78256  -24.868  -4.549  -44.263 0.1428571492
78255  -24.323  -4.392  -44.902 0.1428571492
124951  -23.225  -1.860  -45.458 0.1428571492
126850  -21.974  -0.943  -46.976 0.1428571492
109551  -22.287  -0.096  -46.718 0.1428571492
123799  -25.335  -6.080  -44.060 0.1428571492
124860  -23.068  -1.075  -45.380 0.1428571492
82538  -22.121  1.071  -46.267 0.1428571492
124907  -22.526  1.349  -45.235 0.1428571492
116513  -22.073  1.985  -44.930 0.2857142985
72484  -24.570  -11.458  -44.363 0.1428571492
75043  -24.593  -8.177  -44.879 0.1428571492
76681  -25.230  -6.879  -44.153 0.1428571492
129149  -24.865  -5.788  -44.589 0.1428571492
120259  -29.930  -5.637  -46.702 0.1428571492
78274  -23.860  -4.172  -45.463 0.1428571492
125989  -23.891  -0.121  -44.291 0.1428571492
109779  -23.771  1.103  -43.877 0.1428571492
109373  -23.150  1.204  -44.475 0.1428571492
83345  -22.774  1.885  -44.540 0.2857142985
84128  -24.326  2.446  -42.762 0.2857142985
85623  -22.525  5.041  -42.414 0.2857142985
85622  -21.916  4.883  -42.437 0.2857142985
87001  -22.801  6.351  -42.090 0.2857142985
115503  -23.197  6.719  -40.124 0.1428571492
84129  -25.313  2.205  -42.571 0.2857142985
125740  -23.030  2.404  -43.978 0.2857142985
125658  -24.949  3.026  -42.509 0.2857142985
85626  -25.588  4.311  -42.423 0.2857142985
84901  -23.852  4.093  -42.481 0.2857142985
85631  -23.036  4.411  -42.561 0.2857142985
85624  -23.652  5.051  -42.390 0.2857142985
87723  -22.661  7.175  -41.582 0.1428571492
86325  -21.831  5.638  -42.094 0.2857142985
89155  -22.609  9.317  -41.059 0.1428571492
88429  -23.727  8.662  -40.267 0.1428571492
85629  -21.860  3.988  -43.118 0.1428571492
87000  -22.350  6.505  -41.872 0.1428571492
86999  -21.941  6.116  -41.915 0.2857142985
87704  -22.425  7.000  -41.189 0.1428571492
86978  -21.991  6.219  -40.953 0.1428571492
128593  -20.406  1.108  -45.375 0.2857142985
85606  -21.797  5.355  -41.454 0.1428571492
86297  -23.281  5.991  -39.766 0.1428571492
85596  -22.053  5.457  -40.715 0.1428571492
82517  -19.482  -0.613  -45.010 0.1428571492
75044  -25.081  -8.308  -44.399 0.1428571492
76689  -24.138  -6.803  -45.525 0.1428571492
77495  -29.829  -5.665  -47.485 0.1428571492
121946  -24.393  -5.893  -45.210 0.1428571492
78273  -23.459  -4.327  -46.198 0.1428571492
109375  -23.281  -3.622  -46.294 0.1428571492
124931  -23.211  -3.010  -46.170 0.1428571492
125030  -22.109  -1.611  -46.820 0.1428571492
130899  -22.961  -0.554  -45.338 0.1428571492
83357  -20.787  0.893  -46.045 0.1428571492
109371  -23.585  0.548  -44.342 0.1428571492
84150  -21.307  2.042  -45.231 0.2857142985
113760  -23.449  2.857  -43.308 0.1428571492
84136  -22.544  3.193  -43.865 0.1428571492
84912  -22.984  3.690  -43.001 0.2857142985
84911  -22.102  3.701  -43.592 0.1428571492
131569  -21.973  5.314  -40.832 0.1428571492
86307  -21.870  5.823  -41.158 0.1428571492
87715  -22.680  7.511  -41.291 0.1428571492
86967  -22.720  6.148  -40.268 0.1428571492
86966  -22.589  6.767  -40.720 0.1428571492
76711  -30.642  -6.795  -47.611 0.1428571492
77496  -30.106  -6.312  -47.279 0.1428571492
77505  -30.352  -6.146  -47.895 0.1428571492
86328  -24.673  5.547  -42.278 0.2857142985
87694  -23.104  7.537  -40.543 0.1428571492
86327  -22.948  5.659  -42.262 0.2857142985
119385  -22.956  7.053  -42.047 0.2857142985
89141  -23.118  9.015  -40.734 0.1428571492
84903  -25.857  3.048  -42.466 0.2857142985
74175  -25.152  -9.192  -44.316 0.1428571492
74174  -24.610  -10.011  -44.848 0.1428571492
119660  -26.245  3.841  -42.445 0.2857142985
76664  -25.707  -6.737  -43.665 0.1428571492
75894  -32.274  -8.023  -47.478 0.1428571492
83336  -24.509  1.034  -43.202 0.1428571492
84137  -24.574  1.743  -42.839 0.1428571492
77473  -24.618  -5.147  -44.799 0.1428571492
109795  -23.569  -3.482  -45.698 0.1428571492
109591  -23.035  -2.262  -46.105 0.1428571492
77494  -23.663  -6.070  -45.891 0.1428571492
124932  -22.841  -1.424  -46.055 0.1428571492
109359  -22.303  -0.936  -46.669 0.1428571492
109577  -22.450  0.389  -46.295 0.1428571492
109627  -22.868  0.039  -45.345 0.1428571492
83351  -21.437  1.431  -45.994 0.1428571492
124969  -22.953  0.655  -44.903 0.1428571492
75873  -24.423  -7.538  -45.158 0.1428571492
83335  -23.852  1.880  -43.400 0.2857142985
84146  -22.322  2.584  -44.424 0.2857142985
86326  -22.128  5.831  -42.184 0.2857142985
130121  -23.724  6.535  -39.597 0.1428571492
84902  -24.038  3.273  -42.646 0.2857142985
132167  -25.493  3.596  -42.462 0.2857142985
118744  -24.779  3.800  -42.471 0.2857142985
85625  -24.716  4.652  -42.398 0.2857142985
85630  -22.258  4.248  -42.789 0.1428571492
87714  -22.284  6.660  -41.594 0.1428571492
86315  -21.762  5.755  -41.741 0.2857142985
89839  -22.668  9.808  -40.922 0.1428571492
86991  -21.908  6.145  -41.528 0.2857142985
65692  -19.126  -19.855  -40.772 0.1428571492
129795  -20.881  -19.090  -41.600 0.1428571492
66601  -19.012  -18.507  -41.365 0.1428571492
123708  -19.380  -17.893  -41.670 0.1428571492
67430  -19.824  -17.322  -42.014 0.1428571492
66603  -20.582  -18.400  -41.793 0.1428571492
67431  -20.371  -16.789  -42.371 0.1428571492
66614  -21.253  -17.841  -42.130 0.1428571492
66605  -22.161  -18.776  -41.720 0.1428571492
68207  -20.961  -16.298  -42.702 0.1428571492
116234  -21.939  -17.346  -42.444 0.1428571492
126072  -23.328  -17.610  -42.205 0.1428571492
133098  -22.272  -16.634  -42.652 0.1428571492
67433  -22.755  -17.138  -42.429 0.1428571492
68224  -21.479  -15.754  -42.919 0.1428571492
125993  -23.496  -16.077  -42.652 0.1428571492
122450  -23.429  -14.703  -43.309 0.1428571492
70761  -24.059  -13.224  -43.761 0.1428571492
71604  -24.455  -12.711  -43.816 0.1428571492
84149  -20.701  2.215  -45.062 0.1428571492
66604  -21.386  -18.610  -41.763 0.1428571492
64698  -19.797  -20.321  -40.754 0.1428571492
66593  -18.651  -19.104  -41.010 0.1428571492
66602  -19.776  -18.539  -41.612 0.1428571492
123484  -21.753  5.150  -42.174 0.1428571492
118734  -20.225  -19.138  -41.501 0.1428571492
65702  -19.969  -19.768  -41.142 0.1428571492
66615  -22.654  -18.003  -42.043 0.1428571492
69050  -23.839  -15.457  -42.838 0.1428571492
65701  -19.457  -19.176  -41.282 0.1428571492
67419  -18.581  -17.791  -41.390 0.1428571492
132005  -20.014  -17.975  -41.887 0.1428571492
66613  -20.538  -17.577  -42.155 0.1428571492
67432  -21.133  -17.087  -42.504 0.1428571492
121523  -21.881  -18.087  -42.003 0.1428571492
68208  -21.678  -16.499  -42.714 0.1428571492
129779  -20.876  -15.638  -42.831 0.1428571492
68225  -22.234  -15.823  -42.928 0.1428571492
68205  -19.580  -16.529  -42.084 0.1428571492
64686  -18.457  -20.353  -40.241 0.1428571492
56613  -20.614  -28.998  -38.563 0.1428571492
58344  -23.824  -27.747  -36.739 0.1428571492
58393  -21.525  -27.536  -39.197 0.2857142985
59247  -23.480  -26.608  -38.043 0.4285714328
62065  -20.977  -23.139  -40.053 0.1428571492
62900  -24.578  -22.860  -41.067 0.4285714328
63794  -25.668  -21.023  -42.040 0.7142857313
64717  -25.919  -20.431  -42.321 0.5714285970
65707  -27.488  -19.764  -42.515 0.4285714328
65721  -28.023  -19.567  -43.010 0.5714285970
68907  -34.060  -15.482  -35.126 0.1428571492
69767  -34.892  -13.973  -34.069 0.1428571492
70748  -25.242  -13.542  -42.884 0.2857142985
72343  -36.612  -11.797  -34.785 0.1428571492
72446  -28.170  -10.876  -41.604 0.7142857313
73300  -29.857  -9.907  -41.796 1.0000000000
73308  -26.106  -10.281  -42.773 0.5714285970
75065  -32.328  -8.731  -47.306 0.1428571492
75830  -29.263  -7.140  -41.569 1.0000000000
75874  -24.943  -7.498  -44.534 0.1428571492
76651  -27.005  -6.543  -42.630 0.5714285970
77456  -25.625  -5.411  -43.716 0.2857142985
77457  -25.998  -5.956  -43.497 0.2857142985
78209  -30.149  -4.217  -41.758 0.8571428657
78225  -30.089  -4.881  -41.717 1.0000000000
78283  -23.068  -4.651  -46.811 0.1428571492
79024  -29.933  -3.588  -41.647 0.8571428657
79057  -25.592  -3.771  -43.426 0.2857142985
79069  -24.569  -3.792  -44.315 0.2857142985
79105  -30.036  -4.176  -46.350 0.2857142985
79905  -27.085  -2.585  -42.094 0.7142857313
79906  -30.489  -2.439  -42.256 0.8571428657
79919  -25.802  -2.604  -42.902 0.2857142985
79942  -30.433  -2.627  -45.677 0.7142857313
81706  -22.705  -0.515  -46.006 0.1428571492
82519  -23.330  1.709  -44.072 0.2857142985
82521  -31.427  0.965  -43.930 0.8571428657
82540  -31.437  0.884  -45.401 0.5714285970
82554  -30.846  0.656  -46.704 0.4285714328
82568  -30.521  0.902  -47.402 0.2857142985
83331  -30.709  1.475  -42.887 0.8571428657
83339  -31.426  1.611  -44.236 0.7142857313
83346  -31.584  1.616  -45.006 0.7142857313
83352  -21.881  1.617  -45.642 0.1428571492
83353  -31.508  1.543  -45.703 0.5714285970
83366  -31.414  2.142  -47.126 0.2857142985
84133  -30.234  2.041  -42.721 0.8571428657
84148  -31.469  2.280  -44.561 0.5714285970
84157  -31.360  2.523  -47.770 0.2857142985
84906  -29.205  2.996  -42.655 0.8571428657
84925  -31.278  3.877  -45.175 0.4285714328
84926  -31.489  3.254  -45.722 0.4285714328
84929  -31.471  3.466  -46.507 0.2857142985
84931  -31.417  3.720  -47.158 0.2857142985
85652  -31.157  4.509  -47.537 0.2857142985
86355  -30.729  5.445  -47.909 0.2857142985
87020  -28.041  6.592  -45.500 0.2857142985
87758  -27.758  7.407  -47.763 0.1428571492
87761  -27.154  7.602  -48.369 0.1428571492
88454  -25.614  8.739  -42.323 0.2857142985
88482  -25.109  8.659  -48.412 0.1428571492
88484  -26.599  8.095  -49.066 0.1428571492
89174  -26.185  9.435  -43.037 0.2857142985
89219  -24.593  9.209  -48.120 0.1428571492
89929  -24.045  11.373  -48.725 0.1428571492
109336  -24.624  -1.171  -43.621 0.2857142985
109366  -23.334  -0.577  -44.798 0.1428571492
109382  -27.069  0.334  -42.209 0.5714285970
109384  -27.824  -0.106  -48.507 0.1428571492
109398  -30.162  -0.496  -46.803 0.4285714328
109567  -23.525  -1.438  -44.742 0.1428571492
109587  -22.082  0.447  -46.899 0.1428571492
109596  -22.608  0.792  -45.700 0.1428571492
109603  -23.692  -3.005  -45.033 0.2857142985
109917  -25.515  -1.861  -42.992 0.2857142985
109989  -23.059  -3.983  -46.667 0.1428571492
111460  -23.093  -28.945  -37.117 0.1428571492
111488  -25.195  -9.981  -44.173 0.2857142985
111642  -34.056  -12.569  -35.364 0.1428571492
114351  -29.708  6.698  -47.845 0.1428571492
117202  -33.716  -12.521  -39.250 0.1428571492
119424  -30.615  -4.015  -44.725 0.7142857313
119538  -36.189  -12.319  -34.534 0.1428571492
120513  -33.312  -12.150  -38.007 0.1428571492
121231  -20.725  -26.170  -39.035 0.1428571492
122426  -19.609  -26.603  -38.306 0.1428571492
122541  -26.688  -3.944  -42.676 0.2857142985
122841  -24.778  -6.625  -44.740 0.1428571492
123317  -30.634  -3.175  -42.571 0.8571428657
124126  -23.309  -19.813  -41.588 0.2857142985
124530  -30.301  -6.023  -41.968 1.0000000000
124870  -23.393  -2.649  -45.591 0.1428571492
124886  -27.119  -0.991  -48.434 0.1428571492
124998  -23.027  -3.369  -46.522 0.1428571492
125061  -31.229  -0.917  -44.416 0.7142857313
126201  -30.039  -16.507  -40.348 0.2857142985
126671  -27.624  -19.409  -43.223 0.5714285970
127171  -28.873  -9.089  -41.456 0.8571428657
127668  -23.355  11.648  -47.968 0.1428571492
127832  -25.858  8.235  -47.493 0.1428571492
128729  -27.258  2.898  -48.969 0.1428571492
128816  -19.278  -0.797  -43.361 0.1428571492
129688  -36.354  -15.605  -39.654 0.1428571492
129831  -25.494  8.009  -48.137 0.1428571492
129941  -27.405  -3.149  -42.006 0.8571428657
130599  -21.538  -21.394  -40.755 0.2857142985
131072  -28.341  6.735  -46.788 0.1428571492
131879  -23.319  0.098  -44.697 0.1428571492
133230  -25.498  -1.218  -42.871 0.4285714328
