#!ascii label  , from subject sub-v1s11x0050145_ses-1 vox2ras=TkReg
1843
51216  -48.415  -30.410  33.013 0.0000000000
124680  -34.250  -45.791  37.125 0.0000000000
58996  -50.930  -22.471  26.772 0.0000000000
138127  -41.489  -25.511  24.471 0.0000000000
147001  -48.174  -22.478  32.298 0.0000000000
131790  -45.752  -40.492  34.225 0.0000000000
45028  -31.520  -35.313  28.017 0.0000000000
51300  -37.860  -28.936  24.995 0.0000000000
40827  -27.870  -38.803  39.633 0.0000000000
64822  -51.372  -16.984  26.970 0.0000000000
38030  -26.259  -42.591  24.168 0.0000000000
51257  -43.921  -29.127  28.628 0.0000000000
56823  -44.425  -24.740  28.731 0.0000000000
131791  -45.499  -24.811  34.275 0.0000000000
44972  -49.578  -35.285  32.893 0.0000000000
46015  -42.193  -34.235  30.705 0.0000000000
49268  -45.458  -31.208  25.861 0.0000000000
52373  -40.889  -28.466  21.814 0.0000000000
64884  -53.418  -16.632  22.294 0.0000000000
36711  -29.969  -43.340  38.050 0.0000000000
39989  -28.101  -40.755  31.001 0.0000000000
35634  -29.796  -45.368  30.620 0.0000000000
57905  -53.251  -23.256  31.406 0.0000000000
37884  -39.953  -43.144  36.475 0.0000000000
39957  -33.847  -40.820  33.195 0.0000000000
42993  -37.939  -37.144  32.989 0.0000000000
48203  -34.551  -32.272  28.131 0.0000000000
40813  -23.965  -39.475  40.674 0.0000000000
63730  -50.229  -17.537  35.059 0.0000000000
60964  -46.840  -20.511  30.923 0.0000000000
63782  -47.133  -15.813  31.117 0.0000000000
61016  -45.229  -20.396  26.187 0.0000000000
62915  -45.703  -19.099  21.962 0.0000000000
42985  -25.181  -37.419  32.776 0.0000000000
131772  -27.822  -38.974  26.672 0.0000000000
50223  -45.670  -29.869  30.586 0.0000000000
53362  -44.413  -27.223  32.409 0.0000000000
53353  -45.933  -27.903  34.277 0.0000000000
49189  -50.367  -32.132  32.369 0.0000000000
48159  -47.165  -32.628  29.633 0.0000000000
50240  -48.247  -30.830  28.503 0.0000000000
51264  -46.339  -29.860  26.345 0.0000000000
59009  -53.438  -22.195  25.526 0.0000000000
125063  -50.121  -22.507  25.094 0.0000000000
34471  -32.043  -45.243  38.017 0.0000000000
35582  -30.056  -45.025  33.756 0.0000000000
34548  -31.842  -45.212  33.771 0.0000000000
56904  -43.181  -24.362  23.569 0.0000000000
57914  -46.075  -23.363  31.021 0.0000000000
56841  -46.680  -24.581  27.874 0.0000000000
57916  -48.576  -23.950  30.705 0.0000000000
56806  -50.433  -24.949  29.847 0.0000000000
57884  -50.716  -23.223  32.275 0.0000000000
135935  -42.838  -41.786  35.632 0.0000000000
40893  -39.517  -39.972  35.438 0.0000000000
41916  -41.979  -38.457  34.665 0.0000000000
49227  -39.490  -31.518  28.415 0.0000000000
47062  -38.678  -32.940  29.890 0.0000000000
50267  -36.188  -30.262  26.863 0.0000000000
148908  -40.978  -26.866  22.261 0.0000000000
61887  -48.683  -19.595  32.643 0.0000000000
62839  -46.401  -18.344  28.060 0.0000000000
63802  -47.422  -17.943  25.619 0.0000000000
61963  -45.945  -19.223  24.207 0.0000000000
63836  -48.771  -17.632  24.327 0.0000000000
63904  -50.859  -17.317  20.116 0.0000000000
125353  -25.997  -37.967  41.021 0.0000000000
41855  -24.486  -38.157  36.907 0.0000000000
41875  -26.815  -37.953  36.947 0.0000000000
37968  -26.771  -43.715  27.402 0.0000000000
130320  -26.299  -41.140  27.520 0.0000000000
36862  -25.146  -43.742  24.675 0.0000000000
43024  -32.653  -37.617  30.302 0.0000000000
135729  -30.400  -39.376  29.618 0.0000000000
43051  -29.627  -36.963  27.902 0.0000000000
53414  -41.836  -27.473  25.855 0.0000000000
55624  -42.845  -25.277  27.152 0.0000000000
53398  -42.881  -27.002  29.640 0.0000000000
130419  -44.252  -24.855  31.611 0.0000000000
58914  -45.691  -22.724  33.079 0.0000000000
42976  -47.984  -38.120  33.639 0.0000000000
43995  -44.049  -36.649  32.407 0.0000000000
45988  -45.108  -34.728  31.445 0.0000000000
48177  -43.704  -32.483  28.874 0.0000000000
50270  -41.267  -30.689  26.019 0.0000000000
51318  -39.098  -29.121  23.727 0.0000000000
50294  -43.332  -30.124  23.779 0.0000000000
52342  -43.247  -28.479  23.255 0.0000000000
141885  -52.491  -17.363  24.998 0.0000000000
64849  -57.246  -16.505  25.280 0.0000000000
38883  -29.088  -41.536  39.155 0.0000000000
40869  -28.142  -39.862  36.126 0.0000000000
38940  -29.172  -41.908  35.124 0.0000000000
37938  -28.341  -43.923  31.088 0.0000000000
36826  -28.192  -44.460  26.994 0.0000000000
56857  -45.371  -24.433  26.485 0.0000000000
56829  -52.731  -24.380  28.616 0.0000000000
125878  -52.673  -22.415  29.454 0.0000000000
35558  -37.035  -44.573  36.281 0.0000000000
36749  -34.831  -43.325  34.741 0.0000000000
38941  -36.675  -41.723  35.245 0.0000000000
150911  -35.812  -38.725  33.149 0.0000000000
44027  -34.227  -36.466  30.479 0.0000000000
43991  -40.108  -35.835  32.555 0.0000000000
45013  -36.944  -34.763  30.698 0.0000000000
46032  -33.269  -34.236  28.459 0.0000000000
53317  -48.835  -27.426  36.951 0.0000000000
33430  -36.839  -46.522  38.680 0.0000000000
36727  -43.243  -44.379  36.902 0.0000000000
38921  -45.419  -41.783  36.565 0.0000000000
56706  -46.776  -24.790  36.995 0.0000000000
58867  -46.441  -22.282  36.614 0.0000000000
60924  -48.046  -20.637  35.350 0.0000000000
63694  -49.732  -16.859  37.148 0.0000000000
59948  -50.950  -21.130  34.517 0.0000000000
60952  -51.710  -20.511  33.446 0.0000000000
59998  -50.559  -21.056  31.236 0.0000000000
60026  -49.114  -22.141  29.019 0.0000000000
123641  -45.842  -18.423  30.344 0.0000000000
61003  -45.400  -20.541  28.339 0.0000000000
146533  -47.501  -22.390  26.981 0.0000000000
59006  -47.210  -22.437  24.516 0.0000000000
125511  -49.543  -17.429  21.788 0.0000000000
125431  -22.108  -39.540  36.866 0.0000000000
140770  -23.590  -38.564  29.136 0.0000000000
41971  -27.204  -38.491  31.515 0.0000000000
42012  -25.401  -38.941  27.728 0.0000000000
37940  -31.265  -42.707  31.477 0.0000000000
137795  -29.170  -41.458  28.071 0.0000000000
40058  -26.975  -40.664  25.197 0.0000000000
41116  -27.232  -39.476  21.292 0.0000000000
50203  -47.226  -30.389  31.755 0.0000000000
52266  -45.941  -29.182  33.098 0.0000000000
52252  -47.278  -29.112  34.201 0.0000000000
50206  -49.831  -31.169  32.734 0.0000000000
49210  -49.377  -31.795  30.076 0.0000000000
50213  -48.057  -30.883  30.900 0.0000000000
50224  -46.742  -30.337  30.278 0.0000000000
58985  -52.534  -22.490  27.754 0.0000000000
126163  -51.778  -22.380  26.173 0.0000000000
125237  -51.123  -22.427  25.267 0.0000000000
126164  -50.533  -22.473  25.922 0.0000000000
34481  -32.872  -45.630  37.186 0.0000000000
34519  -31.728  -45.471  35.206 0.0000000000
34521  -33.337  -45.434  35.894 0.0000000000
56902  -41.625  -24.713  23.104 0.0000000000
56888  -42.674  -24.506  24.191 0.0000000000
57898  -47.036  -23.217  31.204 0.0000000000
57915  -47.630  -23.820  30.611 0.0000000000
57899  -48.115  -23.399  31.218 0.0000000000
57917  -49.559  -24.076  30.877 0.0000000000
57883  -49.631  -23.090  32.009 0.0000000000
39944  -44.056  -40.988  34.908 0.0000000000
40896  -42.278  -39.887  35.276 0.0000000000
129207  -43.360  -39.210  34.490 0.0000000000
50259  -38.495  -30.309  26.896 0.0000000000
49245  -37.792  -30.632  27.472 0.0000000000
51269  -37.403  -29.691  26.297 0.0000000000
51281  -35.534  -29.386  25.663 0.0000000000
54563  -41.263  -26.549  23.799 0.0000000000
150661  -40.671  -26.043  22.106 0.0000000000
55686  -41.040  -25.268  22.729 0.0000000000
64819  -48.991  -16.883  27.051 0.0000000000
64820  -49.599  -16.910  26.755 0.0000000000
150560  -48.549  -17.618  24.953 0.0000000000
63815  -49.845  -17.421  25.264 0.0000000000
41804  -27.330  -38.200  40.007 0.0000000000
41840  -26.860  -37.844  38.474 0.0000000000
41841  -27.400  -38.377  38.090 0.0000000000
36841  -26.657  -43.772  25.782 0.0000000000
37999  -26.233  -43.767  25.914 0.0000000000
146774  -25.636  -43.447  24.547 0.0000000000
35710  -25.138  -44.406  22.735 0.0000000000
36882  -25.538  -43.980  22.003 0.0000000000
44032  -32.019  -36.916  29.384 0.0000000000
43035  -30.819  -37.831  29.208 0.0000000000
44041  -30.459  -36.493  28.158 0.0000000000
52312  -42.678  -28.287  27.912 0.0000000000
53403  -42.442  -27.457  28.334 0.0000000000
126843  -42.991  -27.956  29.668 0.0000000000
54474  -45.142  -26.151  33.718 0.0000000000
54480  -44.323  -26.236  32.364 0.0000000000
56745  -44.738  -24.791  32.867 0.0000000000
56755  -44.948  -23.919  32.655 0.0000000000
128839  -45.509  -23.842  34.134 0.0000000000
44000  -48.609  -36.683  33.258 0.0000000000
44969  -47.077  -36.153  32.489 0.0000000000
45990  -47.927  -34.257  32.039 0.0000000000
49233  -46.527  -31.707  27.328 0.0000000000
48179  -45.766  -32.399  29.136 0.0000000000
49231  -44.340  -31.693  27.613 0.0000000000
49249  -41.831  -31.452  27.235 0.0000000000
49274  -43.166  -30.839  25.720 0.0000000000
131480  -42.543  -30.392  24.737 0.0000000000
49275  -44.229  -30.754  25.183 0.0000000000
51263  -45.337  -29.500  27.055 0.0000000000
52328  -44.926  -29.269  24.530 0.0000000000
52318  -43.657  -28.800  26.285 0.0000000000
52326  -42.558  -28.165  25.451 0.0000000000
37853  -29.552  -42.631  38.431 0.0000000000
38925  -29.150  -41.871  36.502 0.0000000000
37882  -29.549  -42.675  36.803 0.0000000000
35608  -29.752  -45.399  31.812 0.0000000000
36768  -29.267  -44.641  32.440 0.0000000000
36777  -29.205  -45.271  30.472 0.0000000000
35656  -28.195  -44.968  28.122 0.0000000000
35657  -28.575  -44.969  28.225 0.0000000000
56822  -43.921  -24.867  28.086 0.0000000000
56855  -43.578  -24.713  26.806 0.0000000000
127716  -44.825  -24.634  28.044 0.0000000000
56842  -47.538  -24.746  27.787 0.0000000000
56858  -46.988  -24.574  26.944 0.0000000000
56859  -47.692  -24.733  26.396 0.0000000000
56785  -52.169  -24.518  30.781 0.0000000000
125318  -52.163  -24.830  29.270 0.0000000000
56808  -53.448  -24.049  30.167 0.0000000000
57929  -53.655  -23.411  29.644 0.0000000000
58958  -53.129  -22.565  30.340 0.0000000000
36724  -39.019  -44.234  36.517 0.0000000000
124906  -37.076  -43.211  35.696 0.0000000000
37898  -38.362  -42.280  35.918 0.0000000000
41913  -39.010  -38.779  34.584 0.0000000000
40913  -37.577  -39.461  34.518 0.0000000000
143568  -37.197  -38.289  33.528 0.0000000000
42990  -35.692  -37.750  32.332 0.0000000000
43988  -36.771  -36.789  32.223 0.0000000000
148821  -43.332  -35.586  31.730 0.0000000000
43993  -42.341  -36.263  32.717 0.0000000000
44990  -41.057  -34.947  31.726 0.0000000000
48171  -36.513  -32.783  29.275 0.0000000000
46010  -37.473  -34.018  30.429 0.0000000000
47059  -35.943  -33.279  29.357 0.0000000000
46029  -34.412  -34.293  29.124 0.0000000000
52358  -40.599  -28.975  22.329 0.0000000000
37876  -44.583  -42.982  36.662 0.0000000000
43942  -45.993  -36.558  35.509 0.0000000000
54438  -47.896  -26.471  36.999 0.0000000000
136436  -46.564  -21.893  37.857 0.0000000000
59919  -46.751  -21.002  37.670 0.0000000000
59937  -47.106  -20.932  35.661 0.0000000000
60900  -47.727  -20.181  36.912 0.0000000000
63706  -50.628  -17.656  36.168 0.0000000000
61849  -50.469  -19.748  35.891 0.0000000000
62750  -51.265  -18.516  35.125 0.0000000000
59949  -51.606  -20.941  34.268 0.0000000000
62780  -51.333  -19.291  34.253 0.0000000000
61899  -48.192  -20.095  31.988 0.0000000000
60967  -49.845  -20.512  31.752 0.0000000000
60986  -48.645  -20.981  30.815 0.0000000000
144868  -50.626  -21.608  30.092 0.0000000000
59996  -48.334  -21.387  30.169 0.0000000000
124128  -46.489  -17.072  30.742 0.0000000000
62845  -45.900  -19.007  27.289 0.0000000000
62838  -45.827  -18.924  28.324 0.0000000000
61009  -45.328  -20.855  27.550 0.0000000000
58965  -46.880  -22.026  28.000 0.0000000000
60043  -45.948  -21.811  26.422 0.0000000000
58992  -46.670  -22.293  25.885 0.0000000000
60050  -45.943  -21.907  25.406 0.0000000000
61973  -45.917  -19.169  23.297 0.0000000000
61038  -45.170  -20.754  23.414 0.0000000000
61047  -45.119  -20.747  22.575 0.0000000000
64864  -53.578  -16.982  23.850 0.0000000000
63858  -51.043  -17.373  23.566 0.0000000000
64883  -52.102  -16.934  22.506 0.0000000000
42919  -24.860  -37.736  35.457 0.0000000000
41889  -24.024  -38.048  35.266 0.0000000000
42958  -23.812  -37.621  33.302 0.0000000000
43019  -22.825  -37.591  30.636 0.0000000000
43006  -24.294  -37.217  31.161 0.0000000000
39956  -28.594  -40.508  33.785 0.0000000000
129486  -27.701  -39.224  33.877 0.0000000000
40958  -28.011  -39.884  31.606 0.0000000000
40996  -26.027  -39.347  27.590 0.0000000000
34620  -23.635  -45.700  25.660 0.0000000000
37918  -34.119  -41.976  33.818 0.0000000000
37916  -32.684  -43.148  33.296 0.0000000000
38984  -32.483  -41.098  32.326 0.0000000000
40989  -29.092  -39.452  28.308 0.0000000000
140957  -29.609  -40.485  28.939 0.0000000000
40997  -28.631  -39.868  27.671 0.0000000000
40037  -27.869  -40.812  26.449 0.0000000000
139261  -27.187  -39.982  25.565 0.0000000000
40142  -26.852  -40.838  21.032 0.0000000000
51243  -44.762  -29.421  30.210 0.0000000000
52280  -43.911  -28.309  31.031 0.0000000000
52282  -44.957  -29.032  31.970 0.0000000000
53363  -44.962  -27.745  33.135 0.0000000000
54461  -45.579  -26.449  34.307 0.0000000000
47007  -50.164  -33.673  32.359 0.0000000000
47021  -48.691  -33.554  31.298 0.0000000000
48162  -49.438  -32.446  30.330 0.0000000000
48198  -48.570  -31.750  28.282 0.0000000000
49254  -47.127  -31.203  26.549 0.0000000000
50284  -46.153  -30.436  25.535 0.0000000000
130478  -46.932  -30.145  27.684 0.0000000000
51259  -45.887  -29.843  28.509 0.0000000000
59019  -49.797  -22.549  24.270 0.0000000000
35536  -30.964  -44.386  38.044 0.0000000000
36722  -30.365  -44.144  36.682 0.0000000000
35553  -30.801  -44.835  36.145 0.0000000000
34546  -30.864  -45.495  33.620 0.0000000000
35623  -30.731  -45.130  31.782 0.0000000000
56801  -45.665  -24.362  29.486 0.0000000000
56824  -45.335  -24.584  28.759 0.0000000000
56802  -46.571  -24.341  29.576 0.0000000000
56803  -47.467  -24.569  29.332 0.0000000000
56804  -48.541  -24.725  29.490 0.0000000000
55606  -49.842  -25.304  28.647 0.0000000000
56805  -49.479  -24.838  29.706 0.0000000000
56769  -50.614  -24.214  31.120 0.0000000000
57903  -52.231  -23.692  31.929 0.0000000000
38931  -41.449  -42.521  36.274 0.0000000000
38944  -39.731  -41.453  36.102 0.0000000000
39927  -41.040  -40.692  35.772 0.0000000000
40916  -40.671  -39.109  35.113 0.0000000000
42944  -39.802  -37.601  34.023 0.0000000000
47064  -40.600  -32.721  29.640 0.0000000000
47039  -40.027  -33.306  30.338 0.0000000000
48188  -38.843  -31.845  28.923 0.0000000000
49224  -37.169  -31.552  28.421 0.0000000000
49243  -35.632  -31.251  27.706 0.0000000000
49263  -34.188  -31.161  27.066 0.0000000000
50276  -34.245  -30.014  25.933 0.0000000000
52390  -40.904  -27.975  21.590 0.0000000000
54587  -40.311  -26.472  21.315 0.0000000000
63716  -47.644  -17.323  34.996 0.0000000000
62778  -49.892  -18.637  33.885 0.0000000000
62776  -47.460  -18.465  33.757 0.0000000000
61886  -47.404  -19.518  32.523 0.0000000000
145485  -46.128  -20.053  31.166 0.0000000000
64781  -48.492  -15.678  30.458 0.0000000000
63788  -47.029  -16.851  29.977 0.0000000000
64804  -47.644  -16.875  29.107 0.0000000000
63795  -47.067  -17.852  27.562 0.0000000000
62852  -46.092  -18.956  26.290 0.0000000000
61023  -45.214  -20.528  25.248 0.0000000000
62853  -47.174  -18.202  24.923 0.0000000000
62865  -47.310  -18.203  24.209 0.0000000000
62879  -47.352  -18.220  23.392 0.0000000000
64928  -54.192  -16.925  20.566 0.0000000000
64926  -52.227  -16.801  20.819 0.0000000000
63906  -52.797  -17.339  19.894 0.0000000000
41801  -24.737  -38.615  40.351 0.0000000000
40840  -24.042  -39.003  38.884 0.0000000000
41822  -25.468  -37.875  38.994 0.0000000000
142555  -25.787  -37.664  36.344 0.0000000000
42939  -26.151  -37.771  34.434 0.0000000000
37952  -27.454  -42.392  29.377 0.0000000000
39996  -27.484  -41.044  29.403 0.0000000000
39043  -26.167  -42.541  27.112 0.0000000000
37998  -25.225  -43.018  26.073 0.0000000000
135153  -24.591  -43.978  25.236 0.0000000000
34628  -24.196  -45.859  24.237 0.0000000000
34634  -24.525  -45.533  23.464 0.0000000000
40961  -33.473  -39.050  31.858 0.0000000000
40959  -32.140  -39.841  31.344 0.0000000000
41986  -31.776  -38.794  30.433 0.0000000000
42009  -30.098  -38.241  28.886 0.0000000000
141890  -28.427  -38.021  27.358 0.0000000000
54542  -41.583  -26.372  25.510 0.0000000000
55653  -42.249  -25.298  25.776 0.0000000000
55638  -41.887  -26.318  26.495 0.0000000000
54511  -42.817  -26.028  28.713 0.0000000000
55585  -43.534  -25.550  29.795 0.0000000000
145236  -43.786  -27.136  31.394 0.0000000000
55577  -43.667  -25.636  30.614 0.0000000000
55578  -44.035  -24.880  30.051 0.0000000000
56768  -45.178  -23.611  31.026 0.0000000000
58932  -45.867  -22.723  32.231 0.0000000000
58915  -46.385  -22.316  32.761 0.0000000000
41943  -47.307  -38.939  33.685 0.0000000000
42974  -44.627  -38.137  33.153 0.0000000000
43997  -45.704  -37.051  32.478 0.0000000000
44967  -44.565  -36.069  31.977 0.0000000000
142834  -43.836  -34.378  30.772 0.0000000000
47019  -46.487  -33.618  31.178 0.0000000000
47068  -44.482  -33.128  29.962 0.0000000000
150297  -43.094  -33.439  29.702 0.0000000000
48191  -41.912  -32.372  28.557 0.0000000000
49264  -40.873  -31.046  26.956 0.0000000000
50277  -39.789  -30.131  25.773 0.0000000000
51301  -38.732  -29.225  24.677 0.0000000000
51286  -40.213  -29.816  24.932 0.0000000000
51304  -41.713  -29.671  23.519 0.0000000000
51321  -42.250  -29.227  22.613 0.0000000000
50297  -45.318  -30.045  24.340 0.0000000000
50309  -43.810  -29.476  23.092 0.0000000000
51330  -42.338  -28.791  22.440 0.0000000000
53440  -42.606  -28.170  22.899 0.0000000000
53428  -41.610  -27.212  24.338 0.0000000000
63818  -52.216  -17.421  25.758 0.0000000000
64833  -54.271  -17.078  26.754 0.0000000000
64848  -54.340  -16.973  24.641 0.0000000000
125061  -55.354  -16.617  23.487 0.0000000000
64886  -55.486  -16.530  22.585 0.0000000000
64930  -56.147  -17.190  20.700 0.0000000000
39841  -28.633  -40.217  40.337 0.0000000000
40842  -28.250  -39.801  37.894 0.0000000000
39890  -28.503  -40.523  37.404 0.0000000000
38939  -28.829  -41.220  35.393 0.0000000000
38969  -28.839  -41.146  33.314 0.0000000000
134997  -29.501  -43.394  33.941 0.0000000000
37928  -28.977  -43.050  32.536 0.0000000000
127713  -28.211  -42.716  30.988 0.0000000000
146653  -27.426  -43.844  28.936 0.0000000000
36843  -27.646  -44.441  26.858 0.0000000000
38016  -26.958  -43.376  25.469 0.0000000000
132998  -43.100  -24.479  25.000 0.0000000000
128404  -44.075  -24.372  25.072 0.0000000000
125239  -46.043  -24.494  27.164 0.0000000000
58971  -53.200  -22.664  28.623 0.0000000000
58970  -52.068  -22.420  28.600 0.0000000000
132387  -35.812  -45.552  36.867 0.0000000000
35572  -34.646  -44.598  35.356 0.0000000000
36737  -35.938  -43.943  35.547 0.0000000000
37909  -35.167  -42.382  34.637 0.0000000000
38973  -35.088  -40.759  33.925 0.0000000000
39924  -38.362  -40.742  35.478 0.0000000000
39941  -36.392  -40.421  34.532 0.0000000000
40948  -34.543  -39.589  32.886 0.0000000000
41974  -34.356  -38.211  31.819 0.0000000000
43026  -33.813  -37.162  30.725 0.0000000000
44034  -33.166  -36.181  29.621 0.0000000000
138305  -43.063  -37.330  33.448 0.0000000000
42971  -41.251  -37.162  33.793 0.0000000000
137866  -39.275  -36.337  32.790 0.0000000000
45982  -39.833  -34.401  31.306 0.0000000000
44988  -38.488  -35.201  31.684 0.0000000000
44016  -37.177  -36.092  31.885 0.0000000000
44985  -35.890  -35.851  30.964 0.0000000000
147921  -34.170  -35.449  29.667 0.0000000000
52355  -37.614  -28.455  23.495 0.0000000000
51197  -49.705  -30.219  34.187 0.0000000000
52237  -48.704  -28.894  35.224 0.0000000000
41784  -25.092  -38.616  42.164 0.0000000000
40815  -28.314  -39.378  41.042 0.0000000000
38856  -28.929  -41.191  41.125 0.0000000000
38872  -29.276  -41.998  40.776 0.0000000000
35527  -31.572  -44.693  39.470 0.0000000000
34463  -32.773  -45.586  39.293 0.0000000000
149004  -33.919  -46.089  38.033 0.0000000000
33445  -35.339  -46.237  37.964 0.0000000000
34485  -37.692  -45.821  37.331 0.0000000000
34504  -38.415  -45.472  36.994 0.0000000000
36725  -40.019  -44.647  36.707 0.0000000000
35562  -41.970  -45.003  37.069 0.0000000000
36726  -41.658  -44.371  36.667 0.0000000000
37900  -43.699  -43.216  35.899 0.0000000000
37902  -45.000  -42.678  35.673 0.0000000000
38961  -46.234  -41.318  35.170 0.0000000000
140577  -47.160  -39.732  35.009 0.0000000000
42949  -47.866  -38.263  34.381 0.0000000000
43957  -48.701  -37.022  34.038 0.0000000000
50194  -50.500  -31.040  34.026 0.0000000000
53328  -47.752  -27.530  35.947 0.0000000000
127094  -46.614  -26.211  35.657 0.0000000000
56720  -46.225  -24.762  35.707 0.0000000000
57826  -46.756  -24.098  38.317 0.0000000000
126932  -46.541  -23.915  37.040 0.0000000000
56719  -46.018  -24.004  35.474 0.0000000000
57860  -46.057  -22.535  34.901 0.0000000000
59945  -46.694  -21.621  34.127 0.0000000000
59958  -47.696  -21.398  33.902 0.0000000000
61837  -49.192  -19.384  36.977 0.0000000000
60925  -49.269  -20.593  35.187 0.0000000000
58901  -49.629  -22.030  33.253 0.0000000000
58902  -50.850  -22.173  33.487 0.0000000000
58920  -52.132  -22.541  32.815 0.0000000000
59971  -52.436  -22.061  32.570 0.0000000000
61889  -50.670  -19.725  33.079 0.0000000000
60969  -51.749  -20.861  32.601 0.0000000000
148834  -52.255  -21.712  31.567 0.0000000000
129428  -51.406  -21.732  30.105 0.0000000000
60017  -50.755  -21.937  29.475 0.0000000000
134910  -50.258  -22.444  28.045 0.0000000000
61912  -45.599  -19.031  30.475 0.0000000000
60983  -45.570  -19.873  30.072 0.0000000000
62830  -46.277  -18.095  29.393 0.0000000000
60994  -45.492  -20.183  29.213 0.0000000000
135884  -46.604  -21.210  29.651 0.0000000000
125406  -47.204  -21.674  29.165 0.0000000000
58967  -48.479  -22.329  28.335 0.0000000000
58983  -49.627  -22.489  27.396 0.0000000000
128681  -48.409  -22.514  25.999 0.0000000000
59008  -48.616  -22.541  25.158 0.0000000000
59018  -47.953  -22.518  23.931 0.0000000000
60055  -45.454  -21.388  24.839 0.0000000000
59017  -47.036  -22.357  23.667 0.0000000000
59034  -47.862  -22.461  23.092 0.0000000000
127549  -50.898  -17.466  24.306 0.0000000000
127859  -49.596  -17.513  23.282 0.0000000000
63871  -48.043  -17.807  22.006 0.0000000000
63887  -50.181  -17.260  21.058 0.0000000000
63885  -48.058  -17.763  21.034 0.0000000000
129398  -45.868  -18.901  21.173 0.0000000000
41854  -23.693  -38.823  37.490 0.0000000000
40868  -27.694  -39.159  36.602 0.0000000000
41907  -27.215  -38.608  34.339 0.0000000000
41931  -26.442  -37.913  32.936 0.0000000000
40979  -27.375  -39.444  29.534 0.0000000000
41995  -26.649  -38.113  29.211 0.0000000000
43022  -25.440  -37.225  30.339 0.0000000000
42003  -24.166  -38.420  28.691 0.0000000000
35585  -33.182  -44.555  34.401 0.0000000000
36769  -31.414  -44.406  32.264 0.0000000000
37939  -30.743  -43.678  30.825 0.0000000000
39990  -30.631  -40.800  30.300 0.0000000000
39014  -30.080  -42.609  29.514 0.0000000000
37954  -29.695  -43.630  28.929 0.0000000000
37985  -28.566  -43.416  27.059 0.0000000000
38000  -27.654  -43.157  25.932 0.0000000000
39086  -26.496  -41.657  24.112 0.0000000000
150523  -27.570  -36.603  25.298 0.0000000000
142351  -26.946  -37.588  24.505 0.0000000000
127438  -26.548  -38.915  23.691 0.0000000000
125778  -26.436  -40.027  22.930 0.0000000000
134368  -26.409  -41.189  22.387 0.0000000000
38055  -26.069  -42.548  22.137 0.0000000000
51215  -47.443  -30.174  32.735 0.0000000000
51194  -46.841  -29.514  33.359 0.0000000000
51195  -47.822  -29.772  33.616 0.0000000000
50192  -49.362  -30.590  33.317 0.0000000000
50205  -49.080  -30.958  32.363 0.0000000000
50204  -48.158  -30.745  32.020 0.0000000000
58997  -51.860  -22.433  27.032 0.0000000000
34482  -33.522  -45.777  37.375 0.0000000000
34501  -33.462  -45.616  36.688 0.0000000000
34522  -34.143  -45.460  36.256 0.0000000000
56903  -42.356  -24.455  23.366 0.0000000000
56887  -41.875  -24.784  23.972 0.0000000000
58934  -47.658  -22.767  31.775 0.0000000000
58935  -48.628  -22.955  31.811 0.0000000000
58917  -49.069  -22.505  32.491 0.0000000000
143182  -44.944  -40.707  34.449 0.0000000000
40919  -44.071  -39.961  34.465 0.0000000000
40920  -44.916  -39.857  33.986 0.0000000000
51270  -38.073  -29.774  26.242 0.0000000000
55677  -41.282  -25.394  23.572 0.0000000000
56913  -41.338  -24.691  22.215 0.0000000000
131804  -51.081  -16.670  27.752 0.0000000000
64807  -50.390  -16.587  27.947 0.0000000000
64821  -50.411  -16.828  26.985 0.0000000000
63804  -49.991  -17.224  26.080 0.0000000000
63805  -50.944  -17.234  26.245 0.0000000000
40814  -27.846  -38.701  40.543 0.0000000000
41824  -27.394  -38.253  39.058 0.0000000000
36853  -26.207  -43.345  24.938 0.0000000000
36864  -25.802  -43.134  24.087 0.0000000000
36874  -25.603  -43.384  23.370 0.0000000000
36883  -25.730  -43.250  22.520 0.0000000000
131527  -31.845  -36.398  28.921 0.0000000000
43046  -31.167  -36.929  28.906 0.0000000000
45027  -30.708  -35.676  27.728 0.0000000000
52310  -43.292  -28.763  28.309 0.0000000000
52309  -42.766  -28.163  28.789 0.0000000000
52308  -43.375  -28.668  29.140 0.0000000000
55552  -44.688  -25.731  33.011 0.0000000000
55553  -45.106  -25.252  33.626 0.0000000000
56746  -45.174  -24.335  33.480 0.0000000000
44001  -49.140  -36.016  33.183 0.0000000000
44970  -48.088  -36.099  32.677 0.0000000000
45966  -48.479  -35.136  32.490 0.0000000000
49253  -46.363  -31.430  26.528 0.0000000000
49232  -45.398  -31.705  27.494 0.0000000000
49252  -45.248  -31.450  26.663 0.0000000000
49251  -44.080  -31.401  26.856 0.0000000000
132187  -44.581  -31.157  25.937 0.0000000000
49276  -45.279  -30.822  25.255 0.0000000000
51262  -44.159  -29.239  27.764 0.0000000000
51272  -44.457  -29.214  26.682 0.0000000000
52313  -43.382  -28.853  27.372 0.0000000000
36698  -29.971  -43.287  38.915 0.0000000000
37869  -29.633  -42.816  37.591 0.0000000000
35633  -29.371  -45.201  29.779 0.0000000000
35644  -28.991  -45.184  28.921 0.0000000000
56839  -44.238  -24.627  27.377 0.0000000000
56843  -48.324  -24.989  27.629 0.0000000000
145189  -47.785  -24.783  27.113 0.0000000000
56786  -53.072  -24.227  30.906 0.0000000000
57918  -53.443  -23.673  30.882 0.0000000000
151026  -53.627  -23.433  30.318 0.0000000000
58945  -53.501  -23.091  30.740 0.0000000000
149653  -39.670  -43.863  36.516 0.0000000000
37883  -38.880  -43.231  36.317 0.0000000000
37899  -39.321  -42.286  36.245 0.0000000000
41938  -38.572  -38.181  34.018 0.0000000000
124674  -37.825  -38.249  33.767 0.0000000000
42967  -37.528  -37.746  33.302 0.0000000000
42991  -36.435  -37.518  32.532 0.0000000000
42992  -37.194  -37.325  32.729 0.0000000000
45985  -42.469  -34.798  31.231 0.0000000000
44991  -41.820  -35.176  31.745 0.0000000000
45984  -41.583  -34.574  31.288 0.0000000000
48185  -35.865  -32.495  28.819 0.0000000000
130590  -35.103  -32.540  28.550 0.0000000000
48184  -34.558  -32.993  28.546 0.0000000000
52372  -39.990  -28.582  21.846 0.0000000000
60892  -47.295  -20.202  37.677 0.0000000000
132894  -49.643  -16.787  35.654 0.0000000000
63718  -49.736  -16.467  36.231 0.0000000000
140887  -50.358  -16.996  35.757 0.0000000000
62741  -50.944  -18.518  35.807 0.0000000000
63731  -50.926  -17.986  34.853 0.0000000000
62751  -51.430  -19.245  34.772 0.0000000000
62762  -50.504  -18.225  34.472 0.0000000000
60965  -47.885  -20.539  31.247 0.0000000000
60966  -48.923  -20.538  31.500 0.0000000000
60985  -47.690  -20.994  30.565 0.0000000000
131375  -47.070  -15.266  31.026 0.0000000000
61945  -45.480  -19.643  26.657 0.0000000000
140858  -45.232  -20.287  27.069 0.0000000000
60042  -45.773  -21.490  27.276 0.0000000000
141246  -45.334  -21.075  26.729 0.0000000000
60049  -45.396  -21.235  25.806 0.0000000000
61979  -45.604  -19.363  22.591 0.0000000000
61978  -45.225  -19.953  22.980 0.0000000000
61986  -45.128  -19.895  22.151 0.0000000000
150369  -45.049  -20.117  21.628 0.0000000000
124954  -53.828  -16.688  22.970 0.0000000000
124728  -52.864  -16.845  22.989 0.0000000000
64905  -52.734  -16.701  21.797 0.0000000000
40825  -23.367  -39.632  39.150 0.0000000000
128554  -25.031  -37.550  34.127 0.0000000000
42936  -24.228  -37.680  34.063 0.0000000000
42959  -24.688  -37.502  33.417 0.0000000000
136584  -24.072  -37.324  31.896 0.0000000000
131993  -24.838  -37.291  31.956 0.0000000000
39979  -28.369  -40.683  31.996 0.0000000000
40945  -28.140  -39.851  32.485 0.0000000000
35680  -23.587  -44.447  26.434 0.0000000000
38985  -32.839  -41.672  32.801 0.0000000000
139660  -33.257  -40.921  32.778 0.0000000000
42014  -28.265  -38.848  27.249 0.0000000000
41009  -28.081  -39.842  26.911 0.0000000000
41028  -27.118  -39.142  25.522 0.0000000000
51229  -44.858  -29.313  31.169 0.0000000000
51230  -45.439  -29.572  31.512 0.0000000000
52251  -46.362  -28.768  33.899 0.0000000000
52250  -45.584  -28.371  33.508 0.0000000000
150328  -45.415  -27.790  33.708 0.0000000000
53352  -45.335  -27.119  33.883 0.0000000000
53340  -45.973  -27.042  34.654 0.0000000000
48145  -50.194  -32.651  31.895 0.0000000000
47049  -49.596  -32.882  30.962 0.0000000000
48144  -49.762  -32.607  31.085 0.0000000000
133714  -48.823  -31.092  29.126 0.0000000000
49221  -48.891  -31.707  28.751 0.0000000000
50241  -48.506  -31.356  28.255 0.0000000000
49235  -48.215  -31.542  27.759 0.0000000000
50250  -48.130  -30.994  27.682 0.0000000000
50249  -47.579  -30.673  27.182 0.0000000000
132958  -47.609  -30.496  28.046 0.0000000000
50238  -46.330  -30.174  29.716 0.0000000000
51255  -45.667  -29.879  29.540 0.0000000000
126352  -53.767  -22.429  26.115 0.0000000000
35546  -31.465  -44.948  37.543 0.0000000000
35545  -30.898  -44.581  37.099 0.0000000000
35554  -31.369  -45.115  36.595 0.0000000000
34532  -31.622  -45.434  34.361 0.0000000000
34518  -31.078  -45.453  34.749 0.0000000000
34547  -31.247  -45.444  33.650 0.0000000000
34560  -30.904  -45.452  33.048 0.0000000000
35609  -31.104  -45.258  32.527 0.0000000000
56915  -43.016  -24.308  22.716 0.0000000000
56779  -46.004  -23.909  30.222 0.0000000000
56781  -48.057  -24.347  30.085 0.0000000000
56780  -47.112  -24.182  30.062 0.0000000000
56782  -49.015  -24.443  30.212 0.0000000000
57901  -50.125  -23.666  31.561 0.0000000000
57902  -51.225  -23.758  31.811 0.0000000000
56770  -51.707  -24.256  31.345 0.0000000000
133668  -42.662  -42.817  35.975 0.0000000000
38946  -41.780  -41.653  35.912 0.0000000000
138188  -42.020  -40.739  35.603 0.0000000000
136061  -42.537  -39.167  34.833 0.0000000000
40917  -41.629  -39.107  35.065 0.0000000000
41915  -41.067  -38.387  34.722 0.0000000000
41914  -40.015  -38.379  34.609 0.0000000000
42945  -40.665  -37.686  34.254 0.0000000000
150295  -40.297  -32.174  29.131 0.0000000000
48175  -39.837  -32.392  29.455 0.0000000000
48189  -39.659  -31.955  29.033 0.0000000000
131385  -36.925  -30.526  27.289 0.0000000000
49225  -37.911  -31.164  28.097 0.0000000000
49244  -36.563  -31.136  27.847 0.0000000000
50257  -36.164  -30.745  27.383 0.0000000000
50256  -35.517  -30.620  27.091 0.0000000000
50266  -35.513  -30.078  26.532 0.0000000000
53456  -41.334  -27.732  22.003 0.0000000000
53477  -40.295  -27.427  21.220 0.0000000000
53455  -40.719  -27.177  21.699 0.0000000000
62759  -46.913  -17.700  34.233 0.0000000000
62760  -48.147  -18.002  34.448 0.0000000000
61884  -45.912  -18.296  31.877 0.0000000000
62792  -46.815  -18.835  33.063 0.0000000000
61885  -46.259  -19.118  32.305 0.0000000000
61898  -46.847  -19.983  31.731 0.0000000000
61897  -45.912  -19.360  31.546 0.0000000000
65795  -50.568  -15.499  30.086 0.0000000000
135394  -50.402  -14.487  31.139 0.0000000000
65781  -49.346  -15.082  30.859 0.0000000000
64791  -48.016  -16.325  29.761 0.0000000000
64792  -49.017  -16.295  29.025 0.0000000000
63797  -48.391  -17.228  26.836 0.0000000000
63796  -47.767  -17.288  27.699 0.0000000000
130720  -47.651  -17.672  26.586 0.0000000000
63801  -46.883  -18.223  26.396 0.0000000000
62847  -46.588  -18.578  25.480 0.0000000000
63813  -47.944  -17.804  24.778 0.0000000000
63835  -48.045  -17.848  23.824 0.0000000000
64927  -53.210  -16.780  20.623 0.0000000000
41802  -25.669  -38.036  40.391 0.0000000000
128362  -25.333  -38.132  39.758 0.0000000000
42836  -26.079  -37.746  39.678 0.0000000000
42887  -26.514  -37.760  37.650 0.0000000000
42904  -26.176  -37.658  36.909 0.0000000000
42920  -25.685  -37.675  35.682 0.0000000000
42921  -26.401  -37.864  36.099 0.0000000000
134961  -27.054  -43.082  28.403 0.0000000000
39024  -27.137  -41.654  28.681 0.0000000000
36852  -25.636  -43.540  24.936 0.0000000000
36840  -25.765  -43.567  25.418 0.0000000000
36851  -25.015  -43.557  25.289 0.0000000000
38014  -24.957  -43.214  25.737 0.0000000000
35700  -24.789  -44.205  24.283 0.0000000000
125945  -24.398  -44.995  24.239 0.0000000000
35709  -24.754  -44.674  23.468 0.0000000000
146927  -25.739  -45.558  21.472 0.0000000000
34643  -25.139  -45.626  22.159 0.0000000000
41972  -33.001  -38.716  31.295 0.0000000000
40973  -32.307  -39.158  31.043 0.0000000000
41987  -32.515  -38.361  30.670 0.0000000000
43045  -30.271  -37.367  28.561 0.0000000000
43044  -29.506  -37.867  28.296 0.0000000000
43050  -28.930  -37.528  27.656 0.0000000000
53413  -41.670  -26.707  26.020 0.0000000000
54536  -41.836  -27.043  26.783 0.0000000000
136493  -42.615  -26.791  28.956 0.0000000000
54510  -42.499  -26.615  28.331 0.0000000000
128215  -43.361  -25.485  29.081 0.0000000000
54498  -43.038  -26.156  29.415 0.0000000000
53375  -44.080  -27.677  31.665 0.0000000000
53374  -43.633  -27.524  31.017 0.0000000000
55563  -44.377  -25.275  32.252 0.0000000000
54486  -43.952  -25.728  31.540 0.0000000000
55572  -44.044  -24.826  30.909 0.0000000000
56767  -44.541  -24.183  31.283 0.0000000000
57882  -45.324  -23.227  32.460 0.0000000000
41960  -47.584  -38.400  33.539 0.0000000000
41958  -46.177  -38.291  32.991 0.0000000000
42995  -46.528  -37.614  32.750 0.0000000000
133076  -46.200  -35.685  32.234 0.0000000000
44968  -45.470  -36.318  32.234 0.0000000000
44994  -45.268  -35.548  31.857 0.0000000000
44993  -44.607  -35.383  31.596 0.0000000000
47047  -48.519  -33.009  30.403 0.0000000000
47020  -47.569  -33.594  31.271 0.0000000000
47046  -47.326  -33.049  30.451 0.0000000000
48178  -44.627  -32.485  29.171 0.0000000000
148775  -45.020  -32.674  29.606 0.0000000000
47067  -43.714  -33.040  29.543 0.0000000000
47043  -43.585  -33.732  30.179 0.0000000000
144502  -43.017  -32.938  29.220 0.0000000000
48176  -42.233  -32.821  29.107 0.0000000000
48192  -42.891  -32.380  28.505 0.0000000000
49265  -41.761  -31.042  26.464 0.0000000000
50269  -40.303  -30.567  26.332 0.0000000000
50278  -40.731  -30.308  25.461 0.0000000000
50293  -42.206  -30.072  24.142 0.0000000000
51320  -41.167  -29.312  22.903 0.0000000000
51305  -42.820  -29.657  23.145 0.0000000000
51265  -46.631  -30.432  26.093 0.0000000000
50283  -45.644  -30.406  24.975 0.0000000000
51289  -45.706  -30.031  24.930 0.0000000000
52343  -44.199  -28.929  23.760 0.0000000000
51306  -44.894  -29.614  23.982 0.0000000000
139846  -43.752  -29.031  22.993 0.0000000000
52359  -43.000  -28.677  22.673 0.0000000000
53457  -42.069  -28.159  22.438 0.0000000000
138797  -42.222  -27.933  26.472 0.0000000000
53421  -42.140  -27.746  24.740 0.0000000000
53420  -41.560  -27.033  25.280 0.0000000000
125199  -55.229  -16.845  25.520 0.0000000000
127522  -56.204  -16.652  25.385 0.0000000000
125062  -55.262  -16.742  24.459 0.0000000000
125235  -56.235  -16.643  24.288 0.0000000000
125060  -56.281  -16.581  23.242 0.0000000000
127882  -56.388  -16.586  22.294 0.0000000000
64908  -55.604  -16.635  21.589 0.0000000000
64909  -56.712  -16.859  21.424 0.0000000000
39858  -28.688  -40.605  39.165 0.0000000000
39874  -28.552  -40.543  38.227 0.0000000000
145569  -28.833  -41.151  38.540 0.0000000000
140514  -29.036  -41.738  35.798 0.0000000000
38924  -28.755  -41.196  36.157 0.0000000000
140854  -28.953  -41.361  34.733 0.0000000000
38954  -28.950  -41.223  34.049 0.0000000000
36735  -30.284  -44.389  35.721 0.0000000000
135710  -29.834  -43.683  35.264 0.0000000000
36745  -29.758  -44.052  34.313 0.0000000000
36778  -28.751  -44.196  31.752 0.0000000000
37927  -28.550  -42.812  31.751 0.0000000000
37944  -28.019  -43.711  30.486 0.0000000000
150051  -27.562  -43.309  29.585 0.0000000000
36800  -27.799  -44.231  29.631 0.0000000000
35670  -28.174  -44.763  27.550 0.0000000000
36813  -27.774  -44.735  27.633 0.0000000000
36842  -27.307  -44.079  26.092 0.0000000000
38001  -27.903  -44.046  26.459 0.0000000000
55639  -42.263  -25.641  26.485 0.0000000000
56869  -42.777  -24.771  25.596 0.0000000000
56854  -42.855  -24.965  26.304 0.0000000000
56856  -44.424  -24.487  26.609 0.0000000000
127715  -43.627  -24.537  25.890 0.0000000000
56870  -44.692  -24.384  25.806 0.0000000000
56825  -46.419  -24.558  28.815 0.0000000000
56840  -45.761  -24.564  27.996 0.0000000000
56872  -46.911  -24.556  25.866 0.0000000000
55588  -49.884  -25.147  29.285 0.0000000000
55589  -50.612  -25.249  29.156 0.0000000000
56846  -53.410  -23.644  28.535 0.0000000000
130417  -53.344  -22.758  29.508 0.0000000000
58972  -53.626  -22.970  29.127 0.0000000000
35557  -36.457  -45.118  36.513 0.0000000000
35574  -36.190  -44.570  35.980 0.0000000000
37896  -36.542  -42.608  35.380 0.0000000000
37910  -35.924  -42.085  35.005 0.0000000000
38957  -35.454  -41.456  34.506 0.0000000000
38958  -36.168  -41.201  34.799 0.0000000000
39925  -39.193  -40.715  35.673 0.0000000000
38943  -38.809  -41.482  35.825 0.0000000000
40892  -38.729  -40.025  35.322 0.0000000000
40933  -36.637  -39.537  34.159 0.0000000000
41936  -35.863  -39.335  33.543 0.0000000000
39959  -35.800  -40.084  34.021 0.0000000000
40949  -35.234  -39.111  33.026 0.0000000000
41955  -34.640  -38.760  32.427 0.0000000000
44013  -34.651  -37.019  31.140 0.0000000000
132462  -34.664  -37.660  31.623 0.0000000000
44026  -33.481  -36.649  30.188 0.0000000000
42994  -44.379  -37.356  32.773 0.0000000000
42973  -43.772  -37.684  33.313 0.0000000000
43973  -43.530  -37.032  32.935 0.0000000000
143235  -41.469  -36.128  32.803 0.0000000000
141406  -41.811  -36.672  33.298 0.0000000000
43992  -40.728  -36.104  32.834 0.0000000000
43970  -40.153  -36.467  33.132 0.0000000000
47038  -39.152  -33.368  30.361 0.0000000000
46012  -39.518  -33.862  30.794 0.0000000000
46011  -38.844  -33.862  30.720 0.0000000000
46009  -36.506  -34.316  30.229 0.0000000000
147702  -38.343  -34.620  31.238 0.0000000000
45980  -37.698  -34.792  31.140 0.0000000000
44987  -37.622  -35.495  31.626 0.0000000000
44986  -36.831  -35.479  31.220 0.0000000000
45012  -36.201  -35.102  30.567 0.0000000000
147674  -33.801  -34.454  28.838 0.0000000000
45021  -34.786  -34.949  29.696 0.0000000000
45024  -33.302  -34.975  28.864 0.0000000000
131466  -32.800  -34.696  28.456 0.0000000000
52341  -38.179  -28.809  24.104 0.0000000000
52356  -38.544  -28.673  23.199 0.0000000000
39828  -28.658  -40.308  41.616 0.0000000000
36683  -31.016  -44.178  40.008 0.0000000000
131067  -36.122  -46.371  38.254 0.0000000000
34483  -36.017  -46.007  37.533 0.0000000000
33446  -36.983  -46.210  37.843 0.0000000000
35560  -39.251  -45.095  36.823 0.0000000000
35561  -40.391  -45.435  37.190 0.0000000000
36713  -43.060  -44.324  37.462 0.0000000000
35549  -42.534  -44.784  37.412 0.0000000000
125877  -42.603  -44.475  36.786 0.0000000000
37886  -42.176  -43.649  36.411 0.0000000000
37887  -43.289  -43.842  36.415 0.0000000000
38932  -45.232  -42.561  36.206 0.0000000000
37889  -44.751  -43.101  36.006 0.0000000000
37890  -45.312  -42.426  35.745 0.0000000000
38949  -45.386  -42.126  35.397 0.0000000000
38934  -46.125  -41.475  35.628 0.0000000000
40874  -46.736  -40.144  35.457 0.0000000000
41896  -46.760  -39.121  35.444 0.0000000000
41897  -47.392  -39.046  34.727 0.0000000000
134465  -47.197  -38.334  35.055 0.0000000000
43943  -47.102  -36.675  34.870 0.0000000000
44936  -48.214  -36.304  34.429 0.0000000000
44937  -49.000  -36.179  34.033 0.0000000000
50182  -50.284  -30.485  34.498 0.0000000000
52221  -49.176  -28.411  36.013 0.0000000000
52220  -48.202  -28.216  35.670 0.0000000000
53329  -48.569  -27.743  36.353 0.0000000000
55528  -47.206  -25.648  36.877 0.0000000000
150823  -47.631  -26.665  36.539 0.0000000000
55534  -46.640  -25.558  36.044 0.0000000000
142871  -46.606  -25.007  36.395 0.0000000000
143077  -46.520  -22.349  37.336 0.0000000000
57836  -46.498  -23.063  37.181 0.0000000000
126945  -46.318  -23.133  36.387 0.0000000000
124340  -46.345  -24.125  36.228 0.0000000000
57847  -46.095  -23.234  35.588 0.0000000000
57859  -45.809  -23.444  34.835 0.0000000000
58876  -46.281  -22.326  35.742 0.0000000000
59936  -46.515  -21.665  35.050 0.0000000000
136629  -47.325  -21.132  34.749 0.0000000000
61821  -48.684  -18.847  37.711 0.0000000000
61822  -49.724  -18.664  37.042 0.0000000000
60915  -50.884  -20.186  35.330 0.0000000000
60914  -50.008  -20.269  35.693 0.0000000000
60926  -50.443  -20.641  35.028 0.0000000000
59947  -49.790  -21.053  34.523 0.0000000000
59960  -50.318  -21.576  33.951 0.0000000000
60940  -51.728  -20.602  33.953 0.0000000000
59962  -51.935  -21.390  33.662 0.0000000000
58904  -52.262  -21.937  33.081 0.0000000000
58921  -52.458  -22.431  32.553 0.0000000000
59970  -52.110  -21.290  33.187 0.0000000000
61872  -49.247  -19.145  33.304 0.0000000000
61873  -50.245  -19.212  33.448 0.0000000000
61888  -49.753  -19.610  32.812 0.0000000000
148322  -50.192  -20.767  31.486 0.0000000000
60968  -50.763  -20.650  31.963 0.0000000000
59980  -51.539  -21.255  31.636 0.0000000000
59999  -51.905  -21.669  30.881 0.0000000000
129570  -51.039  -21.440  30.757 0.0000000000
60016  -49.816  -21.724  29.700 0.0000000000
60027  -50.044  -22.197  28.880 0.0000000000
135213  -46.232  -17.333  30.963 0.0000000000
61913  -45.713  -19.585  30.823 0.0000000000
63787  -46.802  -17.605  29.011 0.0000000000
61931  -45.470  -19.646  28.548 0.0000000000
60995  -45.907  -20.647  29.805 0.0000000000
60013  -46.010  -21.111  28.973 0.0000000000
58980  -47.048  -22.204  27.507 0.0000000000
58966  -47.495  -22.137  28.339 0.0000000000
58981  -47.922  -22.396  27.601 0.0000000000
58982  -48.774  -22.472  27.516 0.0000000000
58994  -48.196  -22.485  26.826 0.0000000000
133521  -49.071  -22.521  26.681 0.0000000000
146730  -46.631  -22.295  25.113 0.0000000000
59007  -47.580  -22.473  25.369 0.0000000000
127861  -48.051  -22.524  24.649 0.0000000000
126528  -48.835  -22.564  24.284 0.0000000000
61962  -45.382  -19.837  24.712 0.0000000000
61030  -45.202  -20.684  24.315 0.0000000000
60070  -45.511  -21.430  22.965 0.0000000000
60062  -46.151  -21.973  23.349 0.0000000000
63839  -51.148  -17.465  24.958 0.0000000000
63840  -51.710  -17.389  24.337 0.0000000000
125474  -50.333  -17.390  22.992 0.0000000000
63873  -49.649  -17.468  22.599 0.0000000000
63872  -48.881  -17.613  22.460 0.0000000000
63905  -51.811  -17.270  20.038 0.0000000000
63888  -51.169  -17.037  21.225 0.0000000000
63902  -48.848  -17.524  20.376 0.0000000000
62932  -46.602  -18.410  20.935 0.0000000000
135053  -24.500  -38.308  37.797 0.0000000000
41837  -24.045  -38.753  38.213 0.0000000000
41873  -23.606  -38.615  36.553 0.0000000000
41930  -23.262  -38.057  34.098 0.0000000000
41905  -23.298  -38.356  34.992 0.0000000000
41951  -22.111  -38.180  32.738 0.0000000000
43030  -23.152  -37.667  29.867 0.0000000000
144138  -22.509  -37.920  30.209 0.0000000000
41992  -22.907  -38.318  29.675 0.0000000000
138161  -23.664  -39.970  29.173 0.0000000000
40855  -28.168  -39.823  37.010 0.0000000000
40854  -27.789  -39.102  37.553 0.0000000000
40885  -27.672  -39.211  35.678 0.0000000000
40930  -27.689  -39.187  32.961 0.0000000000
41932  -27.160  -38.549  33.440 0.0000000000
41906  -26.602  -38.118  33.948 0.0000000000
41952  -26.548  -37.879  31.823 0.0000000000
40005  -27.138  -40.573  28.707 0.0000000000
137687  -27.418  -40.168  29.302 0.0000000000
40988  -27.090  -39.662  28.739 0.0000000000
42013  -26.023  -38.677  27.859 0.0000000000
42006  -26.348  -38.352  28.461 0.0000000000
43043  -26.032  -37.712  28.830 0.0000000000
43023  -26.154  -37.494  30.235 0.0000000000
43042  -25.224  -37.640  28.770 0.0000000000
43032  -24.774  -37.334  29.453 0.0000000000
42004  -24.900  -38.265  28.293 0.0000000000
32586  -24.706  -47.320  23.144 0.0000000000
130496  -24.342  -47.199  23.802 0.0000000000
36748  -34.531  -44.068  34.895 0.0000000000
35571  -33.938  -44.604  34.899 0.0000000000
36747  -33.924  -43.661  34.414 0.0000000000
37930  -32.326  -42.480  32.687 0.0000000000
36770  -32.019  -43.656  32.774 0.0000000000
37929  -31.630  -43.143  32.180 0.0000000000
36780  -31.099  -44.087  31.552 0.0000000000
40971  -30.952  -40.061  30.419 0.0000000000
39991  -31.184  -40.614  30.829 0.0000000000
40981  -30.460  -40.061  29.925 0.0000000000
40007  -29.483  -41.338  28.632 0.0000000000
39997  -30.022  -41.138  29.482 0.0000000000
39013  -29.664  -42.366  28.821 0.0000000000
39026  -29.349  -42.305  28.131 0.0000000000
37971  -29.396  -43.491  28.165 0.0000000000
39025  -28.948  -42.216  27.609 0.0000000000
40059  -27.456  -40.800  25.791 0.0000000000
39060  -28.067  -41.965  26.499 0.0000000000
39073  -27.233  -42.014  25.359 0.0000000000
39072  -26.769  -41.362  24.740 0.0000000000
43071  -27.155  -36.922  24.129 0.0000000000
43060  -27.260  -37.105  25.121 0.0000000000
42120  -27.352  -38.646  21.612 0.0000000000
42077  -26.648  -38.318  23.307 0.0000000000
41067  -26.493  -39.101  22.876 0.0000000000
41047  -26.619  -39.291  24.380 0.0000000000
41097  -26.533  -39.687  22.275 0.0000000000
38074  -27.529  -42.212  20.519 0.0000000000
130261  -26.556  -40.967  21.594 0.0000000000
39136  -26.654  -41.659  21.100 0.0000000000
39128  -26.370  -41.787  21.795 0.0000000000
38065  -26.363  -42.498  21.339 0.0000000000
51231  -46.286  -30.061  31.417 0.0000000000
51213  -45.663  -29.441  32.240 0.0000000000
51214  -46.507  -29.843  32.461 0.0000000000
52235  -46.852  -28.349  34.647 0.0000000000
126971  -50.039  -31.740  32.102 0.0000000000
49197  -49.676  -31.857  31.137 0.0000000000
50215  -49.543  -31.472  31.910 0.0000000000
50226  -48.828  -31.335  29.870 0.0000000000
50225  -48.003  -30.735  29.725 0.0000000000
50212  -47.226  -30.481  30.840 0.0000000000
58986  -53.403  -22.660  27.689 0.0000000000
58998  -52.992  -22.451  26.846 0.0000000000
148971  -52.954  -22.319  26.019 0.0000000000
126529  -52.311  -22.318  25.412 0.0000000000
147063  -32.541  -45.510  37.714 0.0000000000
34480  -32.063  -45.419  37.084 0.0000000000
34500  -32.665  -45.540  36.420 0.0000000000
34520  -32.509  -45.460  35.586 0.0000000000
34533  -32.392  -45.150  34.399 0.0000000000
146652  -46.786  -23.708  30.588 0.0000000000
57900  -49.094  -23.547  31.351 0.0000000000
39928  -43.616  -41.631  35.347 0.0000000000
39943  -42.973  -40.774  35.330 0.0000000000
40918  -43.204  -39.951  34.943 0.0000000000
41917  -42.786  -38.542  34.412 0.0000000000
50260  -39.116  -30.655  27.244 0.0000000000
49247  -39.289  -31.081  27.766 0.0000000000
49246  -38.540  -30.851  27.656 0.0000000000
50258  -37.597  -30.135  26.815 0.0000000000
130935  -36.857  -29.920  26.607 0.0000000000
51268  -36.114  -29.674  26.242 0.0000000000
51282  -36.288  -29.239  25.634 0.0000000000
52324  -35.971  -28.828  25.094 0.0000000000
144690  -40.978  -26.166  22.944 0.0000000000
55685  -40.799  -25.165  22.069 0.0000000000
64793  -50.008  -16.226  28.820 0.0000000000
64806  -49.546  -16.663  27.724 0.0000000000
63803  -49.115  -17.186  26.305 0.0000000000
126698  -48.421  -17.524  25.701 0.0000000000
125809  -49.303  -17.374  25.667 0.0000000000
63814  -49.083  -17.511  25.061 0.0000000000
41803  -26.608  -37.885  40.404 0.0000000000
41823  -26.825  -37.837  39.443 0.0000000000
41857  -27.029  -38.003  37.675 0.0000000000
36825  -27.009  -44.212  26.339 0.0000000000
37983  -26.579  -43.887  26.545 0.0000000000
36863  -25.342  -43.615  24.046 0.0000000000
35701  -25.161  -43.971  23.454 0.0000000000
35727  -25.793  -44.547  21.328 0.0000000000
43037  -32.220  -37.404  29.823 0.0000000000
43036  -31.586  -37.565  29.537 0.0000000000
53406  -42.248  -27.701  27.395 0.0000000000
53397  -42.671  -27.508  29.091 0.0000000000
54473  -44.750  -26.702  33.113 0.0000000000
135273  -43.987  -26.760  31.757 0.0000000000
56754  -44.528  -24.376  32.084 0.0000000000
57871  -45.369  -23.433  33.287 0.0000000000
43974  -48.569  -37.300  33.821 0.0000000000
43999  -47.567  -37.029  32.840 0.0000000000
45965  -47.239  -35.196  32.354 0.0000000000
45989  -46.741  -34.351  31.861 0.0000000000
48180  -46.998  -32.398  28.821 0.0000000000
48158  -46.241  -32.603  29.670 0.0000000000
48194  -45.570  -32.051  28.287 0.0000000000
48193  -44.510  -32.032  28.337 0.0000000000
135389  -43.715  -32.055  28.257 0.0000000000
133108  -42.394  -31.888  27.884 0.0000000000
49250  -42.939  -31.475  27.088 0.0000000000
49266  -42.565  -31.138  26.421 0.0000000000
50271  -42.301  -30.734  25.654 0.0000000000
50279  -41.681  -30.410  25.118 0.0000000000
50280  -43.308  -30.530  24.864 0.0000000000
51288  -45.518  -29.636  25.068 0.0000000000
51273  -45.584  -29.525  25.937 0.0000000000
51287  -44.786  -29.139  25.513 0.0000000000
52327  -43.894  -28.632  25.019 0.0000000000
136362  -43.185  -28.347  24.259 0.0000000000
144610  -42.887  -28.447  26.090 0.0000000000
137831  -29.369  -42.194  39.048 0.0000000000
38898  -29.152  -41.806  38.418 0.0000000000
38912  -29.244  -42.020  37.505 0.0000000000
37894  -29.461  -42.559  35.782 0.0000000000
35593  -29.894  -45.212  32.763 0.0000000000
36756  -29.582  -44.366  33.439 0.0000000000
132883  -29.212  -45.226  31.389 0.0000000000
143119  -28.715  -44.947  30.985 0.0000000000
36787  -28.419  -44.870  30.188 0.0000000000
144839  -28.265  -45.050  29.264 0.0000000000
35643  -28.464  -45.097  28.720 0.0000000000
128406  -43.246  -25.237  27.807 0.0000000000
56838  -43.567  -24.883  27.447 0.0000000000
128108  -45.110  -24.519  27.274 0.0000000000
56826  -47.273  -24.665  28.501 0.0000000000
56807  -51.493  -24.907  29.831 0.0000000000
131633  -52.604  -24.553  30.140 0.0000000000
142690  -52.936  -24.386  29.522 0.0000000000
56830  -53.419  -23.870  29.271 0.0000000000
58959  -53.594  -22.997  29.960 0.0000000000
35559  -38.099  -44.638  36.538 0.0000000000
36738  -37.483  -43.896  36.108 0.0000000000
36723  -38.246  -43.821  36.289 0.0000000000
36739  -37.890  -43.117  35.991 0.0000000000
37897  -37.411  -42.240  35.578 0.0000000000
140133  -39.065  -39.456  35.062 0.0000000000
40914  -38.399  -39.430  34.791 0.0000000000
41912  -38.091  -38.791  34.311 0.0000000000
40934  -37.292  -38.817  33.986 0.0000000000
41937  -36.527  -38.681  33.488 0.0000000000
41956  -35.421  -38.432  32.642 0.0000000000
41957  -36.125  -38.186  32.858 0.0000000000
43010  -35.997  -37.054  31.980 0.0000000000
44014  -35.531  -36.610  31.362 0.0000000000
44966  -43.682  -36.051  32.038 0.0000000000
43994  -43.204  -36.442  32.564 0.0000000000
44965  -42.881  -35.899  32.169 0.0000000000
44964  -42.036  -35.702  32.277 0.0000000000
44989  -40.190  -35.086  31.870 0.0000000000
48172  -37.239  -32.654  29.378 0.0000000000
47061  -37.787  -33.165  29.859 0.0000000000
47060  -36.791  -33.452  29.753 0.0000000000
143791  -36.038  -33.958  29.742 0.0000000000
46008  -35.678  -34.633  30.016 0.0000000000
47058  -35.251  -33.996  29.408 0.0000000000
47072  -34.680  -33.625  28.927 0.0000000000
52357  -39.540  -28.900  22.765 0.0000000000
33431  -38.226  -46.524  38.645 0.0000000000
33432  -38.934  -46.493  38.847 0.0000000000
36705  -43.319  -43.673  37.763 0.0000000000
36715  -44.100  -43.594  36.528 0.0000000000
37875  -43.973  -43.310  37.349 0.0000000000
42927  -46.648  -37.461  35.274 0.0000000000
54430  -48.400  -26.657  37.662 0.0000000000
54439  -48.483  -26.985  37.203 0.0000000000
55522  -47.802  -26.050  37.620 0.0000000000
56692  -47.254  -25.310  37.627 0.0000000000
138886  -46.617  -21.568  37.021 0.0000000000
59928  -46.631  -21.522  36.083 0.0000000000
59929  -47.055  -20.763  36.715 0.0000000000
60912  -47.792  -20.385  36.176 0.0000000000
64726  -49.145  -15.870  36.666 0.0000000000
64715  -49.541  -16.186  36.759 0.0000000000
63705  -50.171  -16.862  36.477 0.0000000000
62740  -50.445  -18.548  36.458 0.0000000000
61850  -51.222  -19.453  35.386 0.0000000000
60916  -51.377  -20.094  34.967 0.0000000000
60927  -51.228  -20.567  34.773 0.0000000000
61851  -51.471  -19.813  34.796 0.0000000000
61862  -51.519  -19.874  34.396 0.0000000000
61875  -51.540  -19.937  33.934 0.0000000000
60949  -49.288  -20.112  32.193 0.0000000000
60987  -49.648  -20.932  31.078 0.0000000000
125466  -50.155  -21.346  30.528 0.0000000000
59997  -49.238  -21.371  30.339 0.0000000000
60015  -48.801  -21.717  29.658 0.0000000000
123646  -46.446  -16.928  30.978 0.0000000000
123642  -46.181  -17.716  30.483 0.0000000000
61938  -45.468  -19.628  27.569 0.0000000000
146870  -45.252  -20.161  27.782 0.0000000000
60033  -45.802  -21.327  28.061 0.0000000000
60034  -46.395  -21.826  27.731 0.0000000000
140661  -46.371  -21.962  27.133 0.0000000000
137887  -46.815  -22.253  26.707 0.0000000000
58993  -47.527  -22.436  26.288 0.0000000000
61972  -45.315  -19.914  23.819 0.0000000000
60071  -46.168  -21.884  22.452 0.0000000000
64863  -52.659  -17.241  24.052 0.0000000000
63859  -51.924  -17.175  23.340 0.0000000000
63875  -51.238  -17.159  22.520 0.0000000000
63874  -50.343  -17.302  22.056 0.0000000000
63924  -49.982  -17.787  19.114 0.0000000000
63903  -49.879  -17.415  20.020 0.0000000000
124905  -23.039  -39.426  37.736 0.0000000000
42903  -25.079  -37.782  36.206 0.0000000000
41874  -24.240  -38.143  36.017 0.0000000000
42937  -24.592  -37.699  34.736 0.0000000000
145234  -23.856  -37.946  34.645 0.0000000000
42982  -22.582  -37.786  32.324 0.0000000000
42983  -23.403  -37.535  32.326 0.0000000000
43005  -23.458  -37.398  31.315 0.0000000000
41993  -23.660  -37.943  29.273 0.0000000000
40909  -28.227  -39.861  34.303 0.0000000000
40886  -28.204  -39.871  35.225 0.0000000000
40931  -28.207  -39.834  33.385 0.0000000000
40944  -27.664  -39.175  32.049 0.0000000000
39042  -25.586  -41.373  26.939 0.0000000000
40021  -25.936  -40.269  27.323 0.0000000000
40020  -25.237  -40.422  27.145 0.0000000000
40003  -24.460  -39.975  27.694 0.0000000000
36824  -23.503  -43.262  27.452 0.0000000000
34611  -23.501  -45.293  26.406 0.0000000000
33551  -23.631  -46.433  25.624 0.0000000000
33552  -23.783  -46.950  25.090 0.0000000000
37908  -34.384  -42.630  34.278 0.0000000000
37917  -33.538  -42.722  33.747 0.0000000000
37931  -32.986  -42.299  33.183 0.0000000000
149385  -32.359  -41.756  32.486 0.0000000000
38983  -31.836  -41.896  32.098 0.0000000000
40990  -29.524  -39.672  28.808 0.0000000000
40980  -29.971  -39.931  29.361 0.0000000000
40006  -29.165  -40.467  28.320 0.0000000000
40022  -28.783  -41.128  27.666 0.0000000000
40038  -28.324  -40.914  27.076 0.0000000000
40144  -28.192  -40.595  20.558 0.0000000000
40133  -27.150  -40.203  21.018 0.0000000000
140722  -44.165  -29.168  29.423 0.0000000000
52298  -43.949  -28.818  30.351 0.0000000000
127727  -44.318  -28.956  30.904 0.0000000000
52281  -44.416  -28.605  31.541 0.0000000000
52264  -44.616  -28.187  32.284 0.0000000000
52265  -45.235  -28.681  32.732 0.0000000000
55541  -45.545  -25.711  34.330 0.0000000000
45968  -49.960  -34.415  32.665 0.0000000000
45991  -49.056  -34.241  32.120 0.0000000000
47022  -49.457  -33.424  31.428 0.0000000000
47048  -49.290  -32.934  30.607 0.0000000000
48160  -48.315  -32.578  29.520 0.0000000000
49211  -49.288  -32.029  29.473 0.0000000000
48182  -48.884  -32.095  28.739 0.0000000000
48181  -48.110  -32.322  28.645 0.0000000000
48196  -47.843  -32.062  27.984 0.0000000000
49234  -47.557  -31.581  27.355 0.0000000000
145248  -46.736  -31.180  26.150 0.0000000000
49277  -46.022  -30.888  25.541 0.0000000000
49270  -46.745  -30.958  25.937 0.0000000000
51260  -46.987  -30.270  26.754 0.0000000000
50239  -47.271  -30.426  29.182 0.0000000000
131400  -46.220  -29.782  27.361 0.0000000000
143474  -45.045  -29.603  29.233 0.0000000000
36699  -30.449  -43.822  38.529 0.0000000000
36712  -30.418  -43.963  37.603 0.0000000000
36746  -30.174  -44.732  34.738 0.0000000000
35570  -31.213  -45.286  35.635 0.0000000000
35583  -30.622  -45.354  34.169 0.0000000000
35594  -30.490  -45.360  33.228 0.0000000000
35622  -30.107  -45.495  31.364 0.0000000000
36779  -30.402  -44.962  31.006 0.0000000000
56800  -44.710  -24.591  29.425 0.0000000000
56827  -48.179  -24.901  28.587 0.0000000000
55587  -49.131  -25.094  29.003 0.0000000000
55625  -49.053  -25.178  28.169 0.0000000000
56783  -50.016  -24.566  30.408 0.0000000000
56784  -51.085  -24.630  30.584 0.0000000000
56771  -52.652  -24.091  31.450 0.0000000000
57904  -52.912  -23.471  31.829 0.0000000000
37885  -41.022  -43.335  36.479 0.0000000000
38930  -40.357  -42.328  36.382 0.0000000000
38945  -40.741  -41.504  36.142 0.0000000000
39926  -40.082  -40.678  35.802 0.0000000000
40894  -40.378  -39.894  35.479 0.0000000000
40915  -39.758  -39.243  35.055 0.0000000000
41939  -39.268  -38.082  34.215 0.0000000000
42969  -39.028  -37.593  33.725 0.0000000000
47041  -41.856  -33.673  30.202 0.0000000000
46014  -41.279  -34.009  30.806 0.0000000000
47040  -40.956  -33.416  30.284 0.0000000000
47063  -39.558  -32.824  29.890 0.0000000000
48174  -39.110  -32.381  29.441 0.0000000000
49226  -38.671  -31.357  28.288 0.0000000000
48187  -38.032  -31.716  28.701 0.0000000000
48173  -38.160  -32.385  29.332 0.0000000000
48186  -36.749  -32.211  28.873 0.0000000000
49223  -36.197  -31.717  28.381 0.0000000000
48204  -35.324  -31.922  28.272 0.0000000000
49242  -34.730  -31.585  27.675 0.0000000000
50255  -34.941  -30.996  27.267 0.0000000000
50265  -34.717  -30.465  26.636 0.0000000000
146790  -33.558  -30.136  25.661 0.0000000000
51267  -35.019  -29.803  26.113 0.0000000000
52389  -40.195  -28.032  21.271 0.0000000000
53495  -39.843  -26.806  20.736 0.0000000000
63717  -48.350  -16.723  35.620 0.0000000000
63729  -49.023  -17.403  35.055 0.0000000000
62761  -49.511  -18.058  34.451 0.0000000000
62777  -48.766  -18.588  33.823 0.0000000000
61871  -48.019  -19.106  33.219 0.0000000000
62775  -46.462  -17.966  33.448 0.0000000000
64780  -47.406  -15.637  31.191 0.0000000000
64790  -47.197  -16.336  30.571 0.0000000000
134292  -47.310  -17.327  28.597 0.0000000000
64805  -48.484  -16.801  28.065 0.0000000000
62846  -46.484  -18.479  27.073 0.0000000000
61952  -45.507  -19.661  25.667 0.0000000000
147691  -46.021  -19.099  25.610 0.0000000000
61953  -45.975  -19.192  25.042 0.0000000000
62864  -46.604  -18.648  24.601 0.0000000000
62878  -46.647  -18.632  23.798 0.0000000000
130338  -46.691  -18.576  23.109 0.0000000000
62897  -46.257  -18.782  22.551 0.0000000000
64906  -53.682  -16.584  21.466 0.0000000000
40826  -24.005  -39.221  39.751 0.0000000000
41821  -24.671  -38.487  39.387 0.0000000000
41838  -24.637  -38.359  38.575 0.0000000000
41839  -25.239  -37.903  38.124 0.0000000000
42868  -26.077  -37.644  38.308 0.0000000000
42886  -25.777  -37.660  37.558 0.0000000000
42885  -25.416  -37.722  36.887 0.0000000000
42938  -25.496  -37.616  34.826 0.0000000000
147157  -25.653  -37.618  34.126 0.0000000000
39006  -27.831  -41.451  30.150 0.0000000000
138803  -26.777  -41.058  28.171 0.0000000000
39059  -25.654  -42.921  26.480 0.0000000000
35691  -24.248  -44.569  25.052 0.0000000000
33570  -24.449  -46.496  23.461 0.0000000000
34635  -24.842  -45.185  22.718 0.0000000000
33580  -25.359  -46.414  22.082 0.0000000000
40946  -33.400  -39.659  32.196 0.0000000000
39969  -33.011  -40.279  32.264 0.0000000000
40960  -32.811  -39.574  31.691 0.0000000000
40972  -31.584  -39.727  30.789 0.0000000000
40982  -30.997  -39.266  30.092 0.0000000000
41999  -31.309  -38.352  29.797 0.0000000000
41998  -30.593  -38.673  29.470 0.0000000000
41997  -29.954  -39.067  29.188 0.0000000000
42008  -29.481  -38.783  28.599 0.0000000000
42007  -28.861  -38.578  27.927 0.0000000000
138374  -27.890  -38.043  26.737 0.0000000000
135172  -41.685  -25.689  25.305 0.0000000000
55652  -41.795  -25.987  25.966 0.0000000000
54524  -42.201  -26.840  27.679 0.0000000000
125178  -42.191  -26.165  27.117 0.0000000000
55623  -42.655  -25.930  27.907 0.0000000000
55605  -43.269  -25.394  28.400 0.0000000000
146122  -43.762  -25.024  28.734 0.0000000000
55586  -43.918  -24.952  29.323 0.0000000000
52297  -43.470  -28.106  30.418 0.0000000000
53386  -43.261  -27.264  30.354 0.0000000000
54485  -43.580  -26.606  31.017 0.0000000000
54491  -43.315  -26.332  30.147 0.0000000000
56778  -44.817  -24.239  30.289 0.0000000000
57881  -44.887  -23.656  31.857 0.0000000000
57897  -45.509  -23.166  31.675 0.0000000000
129096  -46.194  -22.926  31.577 0.0000000000
58933  -46.699  -22.608  31.958 0.0000000000
58916  -47.328  -22.282  32.496 0.0000000000
40936  -46.963  -39.706  33.922 0.0000000000
40935  -45.884  -39.641  33.659 0.0000000000
42975  -45.549  -38.637  33.193 0.0000000000
129416  -45.390  -37.728  32.740 0.0000000000
43996  -44.911  -36.872  32.392 0.0000000000
43998  -46.392  -36.660  32.463 0.0000000000
142682  -43.971  -35.546  31.582 0.0000000000
45986  -43.375  -35.019  31.255 0.0000000000
46016  -43.048  -34.391  30.657 0.0000000000
149365  -45.906  -34.267  31.505 0.0000000000
47069  -45.402  -32.810  29.960 0.0000000000
47044  -45.029  -33.445  30.517 0.0000000000
46017  -44.624  -34.182  30.957 0.0000000000
149917  -44.280  -33.782  30.491 0.0000000000
47042  -42.716  -33.844  30.145 0.0000000000
47065  -41.590  -33.132  29.647 0.0000000000
48190  -41.018  -32.223  28.875 0.0000000000
49228  -40.411  -31.744  28.484 0.0000000000
142954  -40.918  -31.493  27.717 0.0000000000
49248  -40.132  -31.289  27.749 0.0000000000
50261  -39.852  -30.802  27.139 0.0000000000
51271  -38.912  -29.895  26.079 0.0000000000
51284  -38.404  -29.443  25.515 0.0000000000
51302  -39.657  -29.478  24.329 0.0000000000
50292  -41.184  -30.039  24.539 0.0000000000
51303  -40.646  -29.653  23.933 0.0000000000
51319  -40.102  -29.311  23.303 0.0000000000
51329  -41.535  -28.852  22.231 0.0000000000
50282  -45.073  -30.394  24.450 0.0000000000
50295  -44.076  -29.900  23.383 0.0000000000
146959  -45.340  -29.762  24.485 0.0000000000
51322  -44.320  -29.506  23.401 0.0000000000
50308  -43.561  -29.663  23.108 0.0000000000
148254  -43.210  -29.210  22.763 0.0000000000
52374  -41.537  -28.390  22.071 0.0000000000
53439  -41.804  -27.480  23.286 0.0000000000
150600  -42.753  -28.117  23.908 0.0000000000
53429  -42.322  -27.854  23.672 0.0000000000
54550  -41.424  -26.444  24.828 0.0000000000
63806  -51.801  -17.300  26.372 0.0000000000
63807  -52.621  -17.306  26.511 0.0000000000
63819  -53.227  -17.337  25.910 0.0000000000
124653  -54.263  -17.118  25.689 0.0000000000
64847  -53.406  -17.210  24.838 0.0000000000
64865  -54.473  -16.741  23.685 0.0000000000
64885  -54.656  -16.578  22.830 0.0000000000
64866  -57.365  -16.594  24.081 0.0000000000
146384  -54.858  -16.501  22.117 0.0000000000
64907  -54.586  -16.600  21.418 0.0000000000
64929  -55.218  -17.066  20.635 0.0000000000
63909  -55.805  -17.735  19.932 0.0000000000
141316  -56.491  -17.638  20.019 0.0000000000
40828  -28.329  -39.619  39.407 0.0000000000
40841  -27.925  -39.088  38.607 0.0000000000
134633  -28.377  -39.900  38.642 0.0000000000
39905  -28.486  -40.526  36.556 0.0000000000
38911  -28.803  -41.226  36.987 0.0000000000
39919  -28.509  -40.547  35.706 0.0000000000
39939  -28.636  -40.630  34.751 0.0000000000
39968  -28.550  -40.558  32.899 0.0000000000
36734  -29.910  -43.462  36.247 0.0000000000
37907  -29.483  -42.840  34.677 0.0000000000
37915  -29.294  -43.305  33.296 0.0000000000
38970  -29.128  -42.060  33.402 0.0000000000
38997  -28.399  -41.680  31.494 0.0000000000
39007  -28.123  -41.809  30.768 0.0000000000
37953  -27.815  -42.753  30.194 0.0000000000
37969  -27.341  -44.396  27.902 0.0000000000
36799  -27.876  -44.899  28.542 0.0000000000
37984  -27.195  -44.453  27.031 0.0000000000
45032  -30.242  -35.232  27.042 0.0000000000
55664  -42.174  -24.845  24.951 0.0000000000
56889  -43.562  -24.374  24.295 0.0000000000
56890  -44.601  -24.356  24.285 0.0000000000
125238  -46.234  -24.472  26.414 0.0000000000
56871  -45.777  -24.423  25.618 0.0000000000
55590  -51.357  -25.232  28.871 0.0000000000
57938  -53.652  -23.231  28.846 0.0000000000
58987  -53.685  -22.938  28.106 0.0000000000
58984  -51.250  -22.458  27.714 0.0000000000
34502  -34.961  -45.511  36.582 0.0000000000
35556  -35.603  -45.093  36.227 0.0000000000
35573  -35.394  -44.570  35.696 0.0000000000
36736  -35.189  -43.969  35.212 0.0000000000
135227  -36.689  -43.960  35.829 0.0000000000
37895  -35.712  -43.120  35.151 0.0000000000
38956  -34.732  -41.705  34.170 0.0000000000
38972  -34.300  -41.195  33.631 0.0000000000
38942  -37.968  -41.469  35.579 0.0000000000
148976  -37.295  -41.392  35.370 0.0000000000
39942  -37.946  -40.067  35.077 0.0000000000
39923  -37.163  -40.181  34.761 0.0000000000
38959  -36.855  -40.905  35.056 0.0000000000
39940  -35.756  -40.748  34.392 0.0000000000
39970  -33.789  -40.132  32.713 0.0000000000
40947  -33.971  -39.311  32.364 0.0000000000
41954  -34.018  -38.727  32.014 0.0000000000
41973  -33.699  -38.377  31.522 0.0000000000
41975  -34.994  -38.015  32.116 0.0000000000
43008  -34.064  -37.702  31.300 0.0000000000
41988  -33.280  -37.880  30.878 0.0000000000
43038  -32.751  -36.907  29.844 0.0000000000
44033  -32.470  -36.290  29.270 0.0000000000
44038  -32.147  -35.715  28.660 0.0000000000
41918  -44.103  -39.157  34.055 0.0000000000
140491  -43.465  -38.632  34.129 0.0000000000
42947  -42.322  -37.973  34.284 0.0000000000
43972  -42.691  -36.807  33.161 0.0000000000
42972  -42.249  -37.342  33.789 0.0000000000
42946  -41.574  -37.788  34.321 0.0000000000
42970  -40.376  -37.067  33.670 0.0000000000
140487  -39.549  -36.995  33.451 0.0000000000
43969  -38.728  -37.021  33.221 0.0000000000
46013  -40.380  -33.885  30.826 0.0000000000
137788  -38.281  -34.210  30.826 0.0000000000
45981  -38.941  -34.401  31.204 0.0000000000
142929  -39.334  -35.522  32.180 0.0000000000
44962  -38.671  -35.880  32.330 0.0000000000
43990  -38.363  -36.509  32.664 0.0000000000
43989  -37.560  -36.617  32.451 0.0000000000
44015  -36.367  -36.310  31.594 0.0000000000
44028  -35.052  -36.191  30.719 0.0000000000
45011  -35.354  -35.409  30.366 0.0000000000
142806  -34.565  -35.732  30.160 0.0000000000
45020  -33.562  -35.529  29.410 0.0000000000
130571  -32.877  -35.626  29.109 0.0000000000
53476  -39.397  -27.777  20.893 0.0000000000
51196  -48.821  -29.969  33.877 0.0000000000
51178  -48.255  -29.343  34.447 0.0000000000
51179  -49.221  -29.555  34.691 0.0000000000
52238  -49.614  -29.163  35.447 0.0000000000
53330  -49.180  -27.905  36.650 0.0000000000
129285  -24.513  -39.013  41.399 0.0000000000
129062  -25.314  -38.351  41.158 0.0000000000
41785  -25.833  -38.159  41.815 0.0000000000
41786  -26.612  -38.031  41.411 0.0000000000
41787  -27.297  -38.223  40.956 0.0000000000
40801  -27.817  -38.724  41.528 0.0000000000
38871  -28.992  -41.284  40.039 0.0000000000
38884  -29.339  -42.107  39.807 0.0000000000
37836  -29.680  -42.797  39.453 0.0000000000
145362  -29.995  -43.271  39.488 0.0000000000
36671  -30.533  -43.649  40.531 0.0000000000
36682  -30.411  -43.677  39.513 0.0000000000
35526  -30.975  -44.261  39.014 0.0000000000
35537  -31.523  -44.775  38.495 0.0000000000
35538  -32.123  -45.166  38.930 0.0000000000
34472  -32.652  -45.539  38.423 0.0000000000
135981  -33.141  -45.756  37.901 0.0000000000
148588  -34.658  -46.091  37.752 0.0000000000
33428  -34.678  -46.317  38.462 0.0000000000
125263  -35.161  -45.864  37.296 0.0000000000
34484  -36.721  -45.664  37.123 0.0000000000
34503  -37.398  -45.230  36.763 0.0000000000
33447  -37.983  -46.309  37.919 0.0000000000
140930  -40.573  -44.072  36.584 0.0000000000
129738  -41.075  -44.915  36.868 0.0000000000
150220  -43.246  -42.618  35.731 0.0000000000
37888  -44.055  -43.510  36.254 0.0000000000
37901  -44.450  -42.986  35.821 0.0000000000
38947  -43.764  -42.469  35.583 0.0000000000
38948  -44.600  -42.169  35.369 0.0000000000
39929  -45.164  -41.552  34.906 0.0000000000
39945  -46.303  -40.916  34.713 0.0000000000
39910  -46.187  -40.720  36.062 0.0000000000
39911  -46.537  -40.848  35.329 0.0000000000
39930  -46.644  -40.769  34.964 0.0000000000
40922  -46.868  -40.199  34.549 0.0000000000
149511  -47.162  -39.697  34.284 0.0000000000
41920  -47.652  -38.835  34.235 0.0000000000
41921  -48.094  -38.286  34.047 0.0000000000
42948  -47.464  -37.664  34.796 0.0000000000
43956  -48.145  -37.395  34.368 0.0000000000
42950  -48.386  -37.768  34.027 0.0000000000
43958  -48.955  -36.418  33.666 0.0000000000
44950  -49.418  -35.617  33.271 0.0000000000
45939  -48.459  -34.502  34.490 0.0000000000
45940  -49.212  -35.123  34.040 0.0000000000
45953  -49.948  -34.817  33.096 0.0000000000
45954  -50.304  -33.998  32.902 0.0000000000
149890  -50.569  -32.904  33.024 0.0000000000
49188  -50.365  -31.500  33.093 0.0000000000
50193  -50.129  -30.819  33.640 0.0000000000
52236  -47.750  -28.670  34.952 0.0000000000
53341  -46.604  -27.581  34.985 0.0000000000
53316  -48.081  -27.091  36.611 0.0000000000
54450  -47.265  -26.853  36.022 0.0000000000
54449  -46.577  -26.882  35.310 0.0000000000
54462  -46.031  -26.282  34.923 0.0000000000
55542  -46.026  -25.396  35.142 0.0000000000
56691  -46.824  -24.503  37.673 0.0000000000
58859  -46.623  -22.975  37.996 0.0000000000
132447  -46.632  -23.737  37.661 0.0000000000
56732  -45.799  -24.366  34.925 0.0000000000
58897  -45.712  -22.816  34.023 0.0000000000
58888  -46.169  -22.124  34.327 0.0000000000
58898  -46.146  -22.166  33.611 0.0000000000
58899  -46.995  -21.819  33.281 0.0000000000
58900  -48.241  -21.899  33.028 0.0000000000
60893  -48.150  -19.666  37.356 0.0000000000
60901  -48.547  -19.942  36.639 0.0000000000
61838  -50.087  -19.279  36.482 0.0000000000
60902  -49.583  -19.825  36.314 0.0000000000
60913  -48.845  -20.236  35.909 0.0000000000
59946  -48.466  -20.968  34.561 0.0000000000
59959  -49.006  -21.452  33.852 0.0000000000
58918  -50.199  -22.619  32.730 0.0000000000
58919  -51.322  -22.664  32.907 0.0000000000
59961  -51.384  -21.562  33.945 0.0000000000
58903  -51.796  -22.072  33.407 0.0000000000
57885  -51.778  -23.206  32.421 0.0000000000
57886  -52.534  -23.038  32.344 0.0000000000
58936  -52.854  -22.740  32.033 0.0000000000
62779  -50.788  -18.817  34.009 0.0000000000
61874  -51.068  -19.436  33.673 0.0000000000
61890  -51.325  -19.948  33.429 0.0000000000
60950  -50.265  -20.133  32.426 0.0000000000
60951  -51.166  -20.242  32.806 0.0000000000
134678  -52.211  -21.568  32.319 0.0000000000
59981  -52.637  -22.172  31.865 0.0000000000
58944  -53.105  -22.665  31.290 0.0000000000
60000  -52.660  -22.077  31.036 0.0000000000
60018  -52.314  -22.005  30.190 0.0000000000
58957  -51.698  -22.151  29.416 0.0000000000
58969  -50.998  -22.303  28.690 0.0000000000
140794  -50.384  -22.482  27.298 0.0000000000
60984  -45.997  -20.337  30.540 0.0000000000
62829  -45.805  -18.718  29.429 0.0000000000
61924  -45.565  -19.341  29.646 0.0000000000
60996  -46.692  -20.925  30.266 0.0000000000
60014  -47.451  -21.362  29.923 0.0000000000
135818  -48.030  -21.652  29.608 0.0000000000
60025  -48.195  -22.025  29.072 0.0000000000
60024  -46.609  -21.730  28.389 0.0000000000
58968  -49.375  -22.399  28.226 0.0000000000
58995  -49.985  -22.507  26.628 0.0000000000
126165  -49.435  -22.532  25.757 0.0000000000
125064  -49.354  -22.544  24.912 0.0000000000
59036  -49.376  -22.568  23.668 0.0000000000
60056  -46.146  -22.072  24.396 0.0000000000
60061  -45.493  -21.456  23.880 0.0000000000
59035  -48.690  -22.544  23.399 0.0000000000
63817  -51.421  -17.407  25.668 0.0000000000
63838  -50.390  -17.464  24.750 0.0000000000
63837  -49.606  -17.510  24.523 0.0000000000
63857  -50.174  -17.485  23.898 0.0000000000
63856  -49.392  -17.558  23.874 0.0000000000
63855  -48.850  -17.647  23.375 0.0000000000
63854  -48.069  -17.877  22.931 0.0000000000
62898  -47.191  -18.252  22.484 0.0000000000
64904  -51.866  -16.878  21.790 0.0000000000
130195  -49.436  -17.389  20.963 0.0000000000
63886  -48.794  -17.561  21.465 0.0000000000
62917  -47.300  -18.109  21.504 0.0000000000
62916  -46.482  -18.551  21.787 0.0000000000
40839  -23.477  -39.285  38.309 0.0000000000
40853  -22.889  -39.211  36.942 0.0000000000
41982  -21.281  -38.767  30.743 0.0000000000
43004  -22.642  -37.645  31.521 0.0000000000
133257  -22.096  -38.508  30.273 0.0000000000
41858  -27.326  -38.435  37.165 0.0000000000
150722  -27.145  -38.437  36.155 0.0000000000
40908  -27.717  -39.232  34.775 0.0000000000
41891  -27.224  -38.598  35.192 0.0000000000
41890  -26.740  -38.165  35.479 0.0000000000
137164  -26.690  -38.166  34.770 0.0000000000
42961  -26.040  -37.700  33.679 0.0000000000
128051  -25.751  -37.471  32.084 0.0000000000
39988  -27.711  -40.255  30.102 0.0000000000
40969  -27.546  -39.296  30.363 0.0000000000
41985  -27.223  -38.550  30.632 0.0000000000
40987  -26.539  -39.103  28.192 0.0000000000
41996  -27.157  -38.655  29.772 0.0000000000
41970  -26.669  -37.912  30.885 0.0000000000
43007  -25.983  -37.469  31.070 0.0000000000
129279  -25.190  -37.218  31.131 0.0000000000
43021  -24.589  -37.128  30.234 0.0000000000
43031  -23.974  -37.446  29.605 0.0000000000
40002  -24.010  -39.861  28.358 0.0000000000
40985  -23.884  -39.178  28.759 0.0000000000
143258  -23.805  -46.147  24.962 0.0000000000
131460  -34.012  -45.124  35.535 0.0000000000
34534  -33.119  -45.198  35.073 0.0000000000
35584  -32.471  -44.671  33.862 0.0000000000
36758  -33.042  -43.809  33.856 0.0000000000
36757  -32.328  -44.145  33.344 0.0000000000
35610  -31.719  -44.689  32.896 0.0000000000
36788  -30.104  -44.686  30.090 0.0000000000
39980  -31.743  -40.469  31.331 0.0000000000
39000  -31.934  -41.026  31.798 0.0000000000
38999  -31.354  -41.438  31.326 0.0000000000
39008  -30.473  -41.829  30.183 0.0000000000
38998  -30.823  -42.297  30.819 0.0000000000
37945  -30.440  -43.139  30.145 0.0000000000
37955  -30.048  -43.842  29.546 0.0000000000
36801  -29.536  -44.734  29.254 0.0000000000
35658  -29.181  -44.625  28.432 0.0000000000
36814  -28.757  -44.378  27.609 0.0000000000
39044  -28.493  -42.072  27.084 0.0000000000
149234  -28.171  -43.052  26.514 0.0000000000
38015  -26.676  -42.479  24.814 0.0000000000
143015  -29.786  -36.038  27.360 0.0000000000
44040  -28.980  -36.682  27.187 0.0000000000
44051  -27.890  -36.240  25.525 0.0000000000
44045  -28.304  -36.541  26.357 0.0000000000
43054  -27.908  -37.249  26.392 0.0000000000
43053  -27.509  -37.630  25.911 0.0000000000
42030  -27.013  -38.142  25.233 0.0000000000
43094  -26.876  -37.617  23.690 0.0000000000
42051  -26.708  -38.358  24.260 0.0000000000
42029  -26.752  -38.897  24.946 0.0000000000
41027  -26.799  -39.689  25.070 0.0000000000
40080  -26.652  -40.320  24.504 0.0000000000
40119  -26.472  -40.429  22.246 0.0000000000
140446  -26.437  -40.733  22.885 0.0000000000
149732  -26.613  -41.000  24.284 0.0000000000
132523  -26.422  -41.382  23.219 0.0000000000
39100  -26.343  -42.057  23.501 0.0000000000
38040  -26.019  -42.674  23.230 0.0000000000
134137  -25.950  -43.227  21.658 0.0000000000
35728  -26.275  -44.054  20.882 0.0000000000
33560  -24.079  -46.694  24.325 0.0000000000
34499  -31.880  -45.416  36.104 0.0000000000
34531  -31.038  -45.528  34.080 0.0000000000
34642  -24.752  -46.017  22.702 0.0000000000
35555  -34.803  -45.113  35.900 0.0000000000
35569  -30.657  -45.150  35.187 0.0000000000
35595  -31.436  -45.251  33.188 0.0000000000
35621  -29.674  -45.441  31.097 0.0000000000
35669  -23.419  -44.086  27.218 0.0000000000
35719  -25.270  -44.882  22.007 0.0000000000
36714  -43.666  -44.074  37.010 0.0000000000
36721  -29.936  -43.415  37.172 0.0000000000
36728  -43.678  -43.932  36.603 0.0000000000
36892  -25.922  -43.813  21.329 0.0000000000
37970  -29.095  -43.174  27.658 0.0000000000
38897  -28.786  -41.235  37.839 0.0000000000
38933  -45.761  -42.050  35.897 0.0000000000
38950  -45.796  -41.858  35.473 0.0000000000
38955  -29.210  -41.945  34.314 0.0000000000
38960  -45.880  -41.621  35.023 0.0000000000
38971  -33.548  -41.627  33.333 0.0000000000
38982  -28.738  -41.653  32.476 0.0000000000
39009  -30.865  -41.352  30.724 0.0000000000
39023  -26.658  -42.152  27.905 0.0000000000
39117  -26.311  -41.942  22.701 0.0000000000
39137  -27.062  -41.531  20.714 0.0000000000
39138  -27.832  -41.414  20.500 0.0000000000
39958  -34.448  -40.376  33.316 0.0000000000
39981  -32.359  -40.366  31.799 0.0000000000
40004  -26.592  -40.100  27.967 0.0000000000
40098  -26.507  -40.681  23.671 0.0000000000
40132  -26.728  -40.061  21.563 0.0000000000
40143  -27.401  -40.735  20.715 0.0000000000
40895  -41.323  -39.862  35.452 0.0000000000
40897  -46.964  -40.276  34.979 0.0000000000
40898  -47.233  -39.585  34.549 0.0000000000
40921  -46.443  -40.264  34.208 0.0000000000
40923  -47.443  -39.265  34.120 0.0000000000
40932  -35.157  -39.862  33.460 0.0000000000
40957  -27.629  -39.187  31.185 0.0000000000
40970  -27.843  -39.845  30.869 0.0000000000
40977  -23.305  -39.219  29.354 0.0000000000
40978  -26.978  -38.818  28.928 0.0000000000
40995  -25.476  -39.707  27.424 0.0000000000
41008  -27.563  -39.715  26.170 0.0000000000
41136  -27.697  -39.941  20.810 0.0000000000
41856  -25.060  -37.882  37.457 0.0000000000
41888  -23.458  -38.480  35.764 0.0000000000
41919  -44.801  -38.981  33.549 0.0000000000
41940  -43.088  -37.955  33.904 0.0000000000
41941  -43.962  -38.411  33.678 0.0000000000
41942  -46.497  -38.969  33.394 0.0000000000
41944  -47.878  -38.579  33.927 0.0000000000
41953  -27.152  -38.490  32.471 0.0000000000
41959  -46.967  -38.387  33.198 0.0000000000
41983  -21.978  -37.987  30.889 0.0000000000
41984  -26.743  -37.968  30.045 0.0000000000
41994  -24.409  -37.775  28.933 0.0000000000
42000  -31.999  -37.992  30.126 0.0000000000
42005  -25.671  -38.198  28.238 0.0000000000
42019  -27.470  -38.582  26.067 0.0000000000
42105  -26.730  -39.019  21.967 0.0000000000
42850  -26.315  -37.685  38.995 0.0000000000
42960  -25.423  -37.534  33.531 0.0000000000
42966  -36.821  -37.941  33.101 0.0000000000
42968  -38.263  -37.645  33.517 0.0000000000
42977  -48.278  -37.977  33.895 0.0000000000
42984  -24.350  -37.427  32.629 0.0000000000
42986  -25.801  -37.567  33.009 0.0000000000
42996  -47.544  -37.908  33.194 0.0000000000
42997  -48.183  -37.567  33.486 0.0000000000
43009  -35.260  -37.363  31.744 0.0000000000
43020  -23.656  -37.320  30.412 0.0000000000
43025  -33.193  -37.238  30.388 0.0000000000
43033  -25.578  -37.354  29.543 0.0000000000
43034  -26.267  -37.637  29.543 0.0000000000
43049  -28.373  -37.313  26.987 0.0000000000
43115  -26.920  -37.758  22.836 0.0000000000
43971  -40.949  -36.565  33.295 0.0000000000
44035  -33.851  -36.009  29.930 0.0000000000
44044  -27.694  -36.863  25.790 0.0000000000
44935  -47.133  -35.645  34.782 0.0000000000
44938  -49.259  -35.749  33.705 0.0000000000
44961  -37.957  -35.922  32.171 0.0000000000
44963  -41.042  -35.529  32.302 0.0000000000
44971  -49.023  -35.854  32.855 0.0000000000
44992  -42.659  -35.384  31.711 0.0000000000
44995  -45.891  -34.927  31.882 0.0000000000
45023  -32.680  -35.199  28.666 0.0000000000
45941  -49.643  -34.991  33.554 0.0000000000
45942  -50.161  -34.087  33.539 0.0000000000
45967  -49.252  -35.081  32.613 0.0000000000
45983  -40.708  -34.444  31.341 0.0000000000
45987  -44.243  -34.899  31.247 0.0000000000
45992  -49.767  -33.929  32.107 0.0000000000
46018  -45.505  -33.825  31.076 0.0000000000
46028  -34.011  -34.956  29.259 0.0000000000
46996  -50.474  -33.313  33.251 0.0000000000
47008  -50.442  -33.276  32.716 0.0000000000
47023  -49.947  -33.200  31.670 0.0000000000
47024  -50.309  -33.104  32.235 0.0000000000
47037  -38.359  -33.563  30.377 0.0000000000
47045  -46.119  -33.036  30.451 0.0000000000
47066  -42.435  -33.348  29.634 0.0000000000
47073  -35.221  -33.130  28.968 0.0000000000
48161  -49.129  -32.396  29.739 0.0000000000
48195  -46.761  -32.092  28.084 0.0000000000
48197  -48.292  -32.112  28.034 0.0000000000
49198  -49.977  -32.233  31.479 0.0000000000
49229  -41.405  -31.852  28.137 0.0000000000
49230  -43.363  -31.783  27.746 0.0000000000
49255  -47.731  -31.117  27.148 0.0000000000
49267  -43.562  -31.136  26.236 0.0000000000
49269  -46.257  -31.232  26.000 0.0000000000
50214  -48.953  -31.392  31.172 0.0000000000
50248  -46.582  -30.176  28.810 0.0000000000
50262  -47.200  -30.826  26.559 0.0000000000
50268  -39.404  -30.389  26.590 0.0000000000
50281  -44.288  -30.317  24.035 0.0000000000
50296  -44.729  -29.986  23.835 0.0000000000
51258  -44.931  -29.509  28.315 0.0000000000
51274  -46.102  -29.969  25.567 0.0000000000
51285  -39.284  -29.613  25.258 0.0000000000
52222  -49.622  -28.343  36.609 0.0000000000
52317  -42.718  -28.400  26.975 0.0000000000
53342  -47.356  -27.956  35.316 0.0000000000
54576  -41.374  -27.174  22.734 0.0000000000
55535  -47.217  -26.241  36.387 0.0000000000
56772  -53.173  -23.791  31.370 0.0000000000
60928  -51.501  -20.324  34.512 0.0000000000
61839  -50.703  -19.162  36.038 0.0000000000
62725  -50.155  -17.720  36.873 0.0000000000
62763  -51.148  -18.607  34.557 0.0000000000
63719  -50.861  -17.745  35.425 0.0000000000
63816  -50.634  -17.394  25.505 0.0000000000
63901  -48.001  -17.684  20.049 0.0000000000
63923  -49.280  -17.668  19.373 0.0000000000
125279  -28.818  -45.174  29.475 0.0000000000
127883  -54.136  -16.526  22.185 0.0000000000
128898  -49.574  -32.205  30.491 0.0000000000
130406  -26.506  -39.699  23.676 0.0000000000
130498  -31.308  -36.089  28.398 0.0000000000
131545  -25.053  -37.144  29.876 0.0000000000
131760  -37.278  -30.997  27.842 0.0000000000
132042  -45.916  -41.495  36.145 0.0000000000
133220  -29.351  -42.639  33.928 0.0000000000
133867  -36.868  -29.430  25.973 0.0000000000
136620  -39.348  -34.907  31.660 0.0000000000
137103  -49.573  -34.602  32.504 0.0000000000
137794  -43.532  -28.576  29.830 0.0000000000
138306  -49.136  -31.651  29.282 0.0000000000
138332  -28.251  -39.297  40.175 0.0000000000
139250  -32.279  -45.405  34.897 0.0000000000
139712  -27.706  -41.752  26.008 0.0000000000
142681  -37.521  -46.471  38.426 0.0000000000
142833  -26.226  -37.810  35.210 0.0000000000
142918  -37.582  -40.762  35.269 0.0000000000
143024  -26.727  -38.437  22.604 0.0000000000
144020  -37.471  -32.100  28.952 0.0000000000
144556  -47.096  -27.350  35.530 0.0000000000
145067  -30.394  -45.396  32.276 0.0000000000
146785  -51.796  -17.438  25.141 0.0000000000
147167  -41.476  -32.632  29.180 0.0000000000
147579  -45.660  -41.127  34.651 0.0000000000
148013  -44.823  -31.327  26.331 0.0000000000
148292  -25.431  -43.784  22.822 0.0000000000
148546  -52.879  -17.166  27.073 0.0000000000
149131  -46.466  -35.012  32.161 0.0000000000
149825  -31.955  -44.870  33.397 0.0000000000
150151  -36.399  -43.378  35.514 0.0000000000
150517  -49.238  -17.561  22.938 0.0000000000
150628  -35.542  -29.714  26.156 0.0000000000
