#!ascii label  , from subject sub-v1s11x0050145_ses-1 vox2ras=TkReg
917
53876  25.679  -28.188  28.561 0.0000000000
70796  40.919  -12.638  16.021 0.0000000000
63330  30.832  -19.933  20.873 0.0000000000
46979  11.578  -34.342  32.968 0.0000000000
57109  21.013  -25.089  33.371 0.0000000000
68513  31.723  -15.101  20.551 0.0000000000
48125  18.333  -34.125  31.593 0.0000000000
43453  15.622  -37.274  33.365 0.0000000000
50446  21.549  -31.631  31.878 0.0000000000
69653  44.994  -12.989  16.090 0.0000000000
59117  27.631  -24.087  28.598 0.0000000000
59150  27.320  -23.365  24.772 0.0000000000
55102  29.978  -27.810  27.959 0.0000000000
73790  44.222  -9.135  15.428 0.0000000000
72917  48.076  -10.658  13.472 0.0000000000
71906  37.565  -11.460  18.105 0.0000000000
67517  39.834  -15.293  18.583 0.0000000000
67506  35.172  -14.958  19.045 0.0000000000
64349  35.294  -18.743  21.083 0.0000000000
52671  25.327  -29.554  32.301 0.0000000000
43427  9.318  -37.145  35.363 0.0000000000
43413  5.400  -37.934  36.129 0.0000000000
42302  2.960  -37.946  37.904 0.0000000000
56139  23.790  -25.949  30.766 0.0000000000
53801  22.095  -28.781  33.578 0.0000000000
64313  26.175  -18.522  23.586 0.0000000000
61316  30.820  -20.919  26.357 0.0000000000
75706  51.693  -7.325  13.478 0.0000000000
150143  43.522  -12.772  15.823 0.0000000000
68554  42.395  -14.527  17.528 0.0000000000
56176  26.702  -26.605  27.426 0.0000000000
56198  27.540  -26.454  26.370 0.0000000000
53873  28.230  -28.634  28.246 0.0000000000
72892  40.784  -10.581  16.568 0.0000000000
130283  43.099  -9.325  17.341 0.0000000000
72901  42.565  -10.210  15.521 0.0000000000
71937  44.438  -11.646  14.874 0.0000000000
39145  2.333  -41.134  38.963 0.0000000000
139073  36.013  -12.970  18.153 0.0000000000
70763  34.586  -12.678  19.534 0.0000000000
65371  30.970  -17.342  19.950 0.0000000000
66438  32.731  -16.719  19.478 0.0000000000
63349  33.314  -19.312  20.400 0.0000000000
61368  32.960  -21.167  22.694 0.0000000000
45820  13.226  -35.765  32.793 0.0000000000
43423  14.172  -37.714  34.997 0.0000000000
44616  12.476  -36.647  34.475 0.0000000000
44575  10.945  -36.928  36.141 0.0000000000
130161  9.958  -35.588  34.091 0.0000000000
45773  6.391  -35.688  36.227 0.0000000000
43394  4.316  -37.678  37.243 0.0000000000
57122  22.993  -24.819  31.988 0.0000000000
55081  22.146  -27.324  31.371 0.0000000000
55070  20.972  -26.779  31.709 0.0000000000
45818  21.349  -35.168  33.155 0.0000000000
48074  22.550  -33.252  32.823 0.0000000000
58143  30.961  -23.856  26.755 0.0000000000
60264  29.499  -21.914  26.210 0.0000000000
69576  33.664  -12.941  21.499 0.0000000000
67449  31.587  -15.873  22.520 0.0000000000
150302  29.266  -17.323  21.346 0.0000000000
44644  19.290  -36.384  32.694 0.0000000000
43438  17.647  -37.633  34.268 0.0000000000
44658  17.220  -36.217  31.850 0.0000000000
45854  14.734  -34.819  31.478 0.0000000000
136040  12.683  -32.671  32.570 0.0000000000
140035  19.494  -27.699  32.206 0.0000000000
52659  18.875  -29.995  32.915 0.0000000000
48123  20.331  -33.164  31.591 0.0000000000
60243  25.684  -22.234  29.263 0.0000000000
60266  24.463  -22.097  26.611 0.0000000000
58146  26.670  -24.713  25.811 0.0000000000
56206  29.309  -26.106  25.782 0.0000000000
74750  48.319  -8.349  14.269 0.0000000000
130619  46.043  -10.098  14.005 0.0000000000
70829  46.363  -12.455  14.676 0.0000000000
70798  38.809  -11.926  16.894 0.0000000000
68556  40.610  -14.346  17.242 0.0000000000
69620  38.301  -13.328  17.092 0.0000000000
67519  37.412  -15.094  18.606 0.0000000000
66433  37.232  -16.220  19.878 0.0000000000
68527  33.381  -14.588  19.498 0.0000000000
66435  35.417  -16.383  19.770 0.0000000000
52702  25.550  -29.368  30.422 0.0000000000
52700  27.906  -29.783  30.596 0.0000000000
71891  40.190  -10.686  19.109 0.0000000000
48057  9.491  -33.441  34.346 0.0000000000
45806  8.239  -35.310  34.599 0.0000000000
42353  7.060  -38.218  35.363 0.0000000000
41311  7.169  -39.727  37.315 0.0000000000
40302  4.949  -40.574  37.527 0.0000000000
40303  3.519  -40.367  37.747 0.0000000000
41317  1.398  -39.457  37.760 0.0000000000
41301  -0.343  -39.274  37.723 0.0000000000
56164  24.729  -26.969  29.571 0.0000000000
53851  23.404  -28.062  30.764 0.0000000000
53799  23.592  -28.792  33.206 0.0000000000
51575  21.427  -29.722  32.737 0.0000000000
63315  28.044  -19.410  21.952 0.0000000000
61340  26.336  -21.290  24.350 0.0000000000
62313  28.480  -20.931  24.168 0.0000000000
147223  30.736  -21.003  22.821 0.0000000000
52698  29.670  -29.468  30.416 0.0000000000
75715  52.727  -7.875  12.549 0.0000000000
74760  49.591  -8.712  13.590 0.0000000000
73815  51.488  -9.709  12.476 0.0000000000
70795  41.690  -12.873  15.958 0.0000000000
69617  42.846  -13.865  16.876 0.0000000000
69633  41.940  -13.573  16.475 0.0000000000
140823  26.110  -27.818  27.982 0.0000000000
55118  26.635  -27.397  27.475 0.0000000000
53875  26.396  -28.518  28.284 0.0000000000
71916  40.352  -11.302  16.279 0.0000000000
150365  41.408  -10.376  16.128 0.0000000000
71925  41.588  -11.471  15.651 0.0000000000
143758  42.550  -11.211  15.363 0.0000000000
39146  1.237  -41.035  39.286 0.0000000000
130101  35.333  -11.809  20.565 0.0000000000
70752  35.278  -12.010  21.351 0.0000000000
64372  30.994  -18.264  19.988 0.0000000000
64371  31.777  -18.646  19.844 0.0000000000
144114  31.969  -19.315  20.154 0.0000000000
62362  33.375  -20.307  21.417 0.0000000000
62364  31.447  -20.501  21.374 0.0000000000
46978  12.176  -34.875  32.857 0.0000000000
44634  12.890  -36.202  33.556 0.0000000000
149894  11.497  -35.747  33.749 0.0000000000
45803  10.865  -35.832  34.034 0.0000000000
45804  10.337  -34.942  33.672 0.0000000000
127578  21.736  -24.857  32.797 0.0000000000
56142  21.568  -25.912  31.638 0.0000000000
56125  20.601  -26.120  31.987 0.0000000000
44613  20.569  -36.529  34.411 0.0000000000
63206  24.621  -19.252  28.362 0.0000000000
135387  31.391  -23.443  27.456 0.0000000000
66401  30.235  -16.362  22.269 0.0000000000
66384  30.163  -16.307  23.132 0.0000000000
45849  19.324  -35.185  31.703 0.0000000000
44645  18.640  -36.403  32.376 0.0000000000
130308  17.857  -35.634  31.663 0.0000000000
47010  16.093  -34.277  31.517 0.0000000000
48102  14.870  -33.315  31.693 0.0000000000
47013  13.853  -34.034  31.622 0.0000000000
55061  18.573  -27.928  33.601 0.0000000000
48097  18.975  -33.011  32.331 0.0000000000
49288  19.575  -32.328  32.160 0.0000000000
125980  19.760  -33.757  31.559 0.0000000000
47006  19.955  -34.550  31.625 0.0000000000
59127  25.914  -23.474  27.974 0.0000000000
58138  26.757  -24.770  26.759 0.0000000000
55115  29.177  -27.731  27.325 0.0000000000
56196  29.026  -26.649  26.162 0.0000000000
147987  30.044  -26.796  26.872 0.0000000000
56189  30.648  -26.443  27.210 0.0000000000
55100  31.392  -27.219  28.540 0.0000000000
73785  43.262  -9.221  16.405 0.0000000000
74753  45.796  -8.811  14.765 0.0000000000
73801  45.347  -9.598  14.441 0.0000000000
70831  44.868  -12.235  15.153 0.0000000000
132578  45.126  -11.833  14.741 0.0000000000
70811  46.094  -12.761  15.360 0.0000000000
71905  38.336  -11.498  17.556 0.0000000000
69637  38.851  -12.753  16.778 0.0000000000
70785  37.354  -12.159  17.618 0.0000000000
69606  35.597  -13.446  18.424 0.0000000000
68544  36.771  -14.378  18.169 0.0000000000
67520  36.437  -14.989  18.712 0.0000000000
131913  37.730  -15.745  19.351 0.0000000000
146673  36.014  -15.413  19.190 0.0000000000
69578  32.528  -13.833  21.042 0.0000000000
69583  33.243  -13.328  20.365 0.0000000000
68528  32.610  -14.416  19.877 0.0000000000
65370  33.757  -18.010  19.809 0.0000000000
65376  34.123  -17.332  19.700 0.0000000000
65368  35.191  -18.054  20.575 0.0000000000
125610  35.732  -17.498  20.541 0.0000000000
52688  25.428  -29.523  31.329 0.0000000000
52687  26.222  -29.770  31.039 0.0000000000
71880  38.318  -10.856  19.407 0.0000000000
71892  38.326  -10.982  18.462 0.0000000000
142516  39.579  -10.970  17.321 0.0000000000
43439  16.809  -37.633  34.118 0.0000000000
43440  16.001  -37.627  34.047 0.0000000000
44576  10.189  -36.917  35.843 0.0000000000
43390  10.811  -37.156  37.492 0.0000000000
146626  9.626  -37.452  37.094 0.0000000000
43392  8.908  -37.952  36.573 0.0000000000
48040  8.538  -33.473  35.485 0.0000000000
46965  8.885  -34.657  34.368 0.0000000000
45788  7.634  -34.770  35.298 0.0000000000
44577  5.878  -36.461  36.303 0.0000000000
44600  6.506  -36.540  35.559 0.0000000000
143361  6.510  -37.791  35.440 0.0000000000
42338  7.620  -38.904  36.014 0.0000000000
41327  6.125  -39.576  36.355 0.0000000000
40301  5.916  -40.491  37.616 0.0000000000
41328  5.277  -39.345  36.482 0.0000000000
43395  3.673  -37.621  37.769 0.0000000000
137409  4.004  -39.382  37.206 0.0000000000
42322  2.657  -38.688  37.641 0.0000000000
41316  2.303  -39.478  37.681 0.0000000000
42303  2.133  -38.049  37.946 0.0000000000
56138  24.762  -25.696  30.880 0.0000000000
56153  25.144  -26.268  30.086 0.0000000000
56154  24.183  -26.632  30.127 0.0000000000
53850  24.199  -28.306  30.185 0.0000000000
56155  23.483  -26.731  30.534 0.0000000000
53837  22.088  -28.095  32.038 0.0000000000
53817  22.873  -28.457  32.486 0.0000000000
138936  22.237  -28.494  32.975 0.0000000000
148055  20.243  -29.933  31.892 0.0000000000
52674  20.250  -29.204  31.964 0.0000000000
51587  21.525  -30.619  32.360 0.0000000000
48073  23.093  -33.017  33.702 0.0000000000
68541  40.135  -14.869  17.871 0.0000000000
140711  40.989  -14.886  17.954 0.0000000000
67515  41.274  -15.284  18.741 0.0000000000
65337  26.594  -17.713  23.662 0.0000000000
65347  27.601  -17.809  22.532 0.0000000000
63298  27.274  -19.397  22.589 0.0000000000
59152  25.773  -23.394  25.341 0.0000000000
61321  24.849  -21.992  25.017 0.0000000000
60274  26.733  -22.675  24.721 0.0000000000
61317  30.020  -20.905  26.294 0.0000000000
61338  28.169  -21.139  24.711 0.0000000000
130393  29.724  -20.885  25.656 0.0000000000
61355  29.960  -20.914  23.321 0.0000000000
61335  31.068  -21.079  24.549 0.0000000000
61334  31.978  -21.276  24.492 0.0000000000
130896  28.916  -29.642  30.478 0.0000000000
74757  52.057  -7.970  12.814 0.0000000000
74762  47.969  -9.072  13.928 0.0000000000
74761  48.777  -8.883  13.740 0.0000000000
133560  48.925  -10.299  13.340 0.0000000000
72924  50.761  -11.017  12.673 0.0000000000
127844  52.098  -11.142  12.382 0.0000000000
48098  18.187  -33.535  32.035 0.0000000000
48126  17.516  -33.968  31.712 0.0000000000
69654  44.225  -12.943  15.948 0.0000000000
69630  45.368  -13.345  16.720 0.0000000000
69616  43.918  -13.905  17.098 0.0000000000
57184  27.034  -25.666  27.573 0.0000000000
57191  27.162  -25.851  26.580 0.0000000000
56190  27.082  -27.017  26.882 0.0000000000
55116  28.189  -27.772  27.113 0.0000000000
53872  29.205  -28.388  28.242 0.0000000000
73778  42.701  -9.626  18.018 0.0000000000
145798  41.568  -9.963  16.688 0.0000000000
73792  42.771  -9.604  15.893 0.0000000000
133647  43.156  -9.801  15.429 0.0000000000
143728  44.031  -10.134  14.729 0.0000000000
72900  43.355  -10.461  15.041 0.0000000000
70813  44.042  -12.277  15.395 0.0000000000
39132  3.689  -41.368  39.424 0.0000000000
71881  37.396  -11.127  19.811 0.0000000000
70775  36.763  -11.895  18.165 0.0000000000
71894  36.258  -11.780  18.828 0.0000000000
70762  35.251  -12.361  19.173 0.0000000000
69593  34.375  -13.450  19.258 0.0000000000
66426  31.191  -16.381  20.022 0.0000000000
66439  32.056  -16.303  19.631 0.0000000000
65378  32.235  -17.235  19.532 0.0000000000
64379  33.181  -18.390  19.797 0.0000000000
63348  34.027  -19.191  20.647 0.0000000000
62361  34.162  -20.174  21.628 0.0000000000
62347  34.449  -20.557  22.419 0.0000000000
140518  24.416  -29.074  34.146 0.0000000000
44632  14.471  -36.608  32.849 0.0000000000
124192  15.208  -37.533  34.088 0.0000000000
44615  13.466  -36.804  33.951 0.0000000000
43442  13.366  -37.252  34.788 0.0000000000
43425  12.444  -37.251  35.524 0.0000000000
44597  10.679  -36.662  35.383 0.0000000000
44598  9.873  -36.644  34.996 0.0000000000
46935  7.358  -34.498  36.275 0.0000000000
44554  5.792  -35.841  36.883 0.0000000000
44555  5.236  -36.437  37.076 0.0000000000
43414  4.783  -38.049  36.634 0.0000000000
44556  4.590  -36.846  37.581 0.0000000000
133222  4.097  -37.089  37.878 0.0000000000
43353  3.320  -36.867  39.188 0.0000000000
57137  23.390  -25.372  31.348 0.0000000000
56140  23.010  -26.191  30.917 0.0000000000
57138  22.531  -25.544  31.468 0.0000000000
55082  21.661  -26.757  31.447 0.0000000000
53818  21.568  -28.356  32.495 0.0000000000
48096  21.930  -33.269  31.980 0.0000000000
49286  22.196  -32.387  32.247 0.0000000000
149474  21.877  -34.750  33.330 0.0000000000
67502  39.601  -15.728  19.511 0.0000000000
64276  24.947  -18.707  25.141 0.0000000000
59148  29.706  -23.856  25.505 0.0000000000
59142  29.226  -22.926  25.492 0.0000000000
59141  29.907  -22.891  26.124 0.0000000000
60263  30.169  -21.942  26.844 0.0000000000
126787  50.140  -7.159  14.334 0.0000000000
40293  -0.311  -40.764  38.510 0.0000000000
68500  33.067  -14.184  22.454 0.0000000000
68501  32.461  -14.517  22.014 0.0000000000
135534  31.417  -15.484  21.496 0.0000000000
66416  30.821  -16.056  20.989 0.0000000000
65358  29.800  -17.132  20.938 0.0000000000
64373  29.813  -18.627  20.661 0.0000000000
44614  19.813  -36.830  34.123 0.0000000000
147208  18.795  -37.732  35.043 0.0000000000
44630  18.759  -36.818  33.108 0.0000000000
43463  17.143  -37.047  32.803 0.0000000000
43464  16.617  -36.731  32.361 0.0000000000
47009  16.907  -34.532  31.530 0.0000000000
45852  16.278  -35.204  31.498 0.0000000000
44648  14.867  -36.202  32.058 0.0000000000
45836  14.324  -35.467  31.816 0.0000000000
46995  13.207  -34.329  31.924 0.0000000000
48105  11.988  -33.232  32.717 0.0000000000
56110  19.754  -25.992  33.190 0.0000000000
55060  18.947  -27.091  33.201 0.0000000000
52676  18.915  -29.190  32.546 0.0000000000
51589  20.229  -30.640  31.835 0.0000000000
51576  19.057  -30.815  33.485 0.0000000000
50448  19.833  -31.516  31.966 0.0000000000
49306  20.820  -32.712  31.579 0.0000000000
46994  20.622  -34.577  31.809 0.0000000000
45819  20.663  -35.634  32.893 0.0000000000
61273  24.955  -21.439  29.142 0.0000000000
61274  24.551  -21.186  28.284 0.0000000000
60257  24.716  -22.406  27.394 0.0000000000
59144  25.449  -23.460  26.079 0.0000000000
58153  26.990  -24.223  25.063 0.0000000000
57197  27.425  -25.824  25.946 0.0000000000
57204  28.301  -25.645  25.334 0.0000000000
58152  29.396  -24.775  25.272 0.0000000000
57190  30.564  -25.607  26.539 0.0000000000
57183  31.695  -25.474  27.862 0.0000000000
74739  47.055  -8.117  14.986 0.0000000000
73799  47.144  -9.256  14.137 0.0000000000
73811  46.767  -10.001  13.803 0.0000000000
72907  45.509  -10.618  14.179 0.0000000000
71950  46.435  -10.940  13.818 0.0000000000
137998  40.124  -12.241  16.266 0.0000000000
69635  40.424  -13.154  16.430 0.0000000000
69636  39.642  -12.996  16.581 0.0000000000
69619  39.152  -13.619  16.934 0.0000000000
68542  39.241  -14.897  17.966 0.0000000000
69622  36.666  -12.787  17.778 0.0000000000
68543  37.651  -14.398  17.857 0.0000000000
67518  38.971  -15.378  18.740 0.0000000000
67503  38.612  -15.833  19.512 0.0000000000
66432  38.068  -16.199  19.995 0.0000000000
70758  33.665  -12.859  20.698 0.0000000000
70764  33.788  -13.103  19.852 0.0000000000
68526  34.293  -14.319  19.166 0.0000000000
67508  33.390  -15.571  19.429 0.0000000000
138924  34.121  -15.901  19.431 0.0000000000
67505  35.558  -15.750  19.458 0.0000000000
66425  35.950  -16.856  20.236 0.0000000000
53863  25.283  -28.511  29.181 0.0000000000
52713  26.411  -29.315  29.386 0.0000000000
52701  26.364  -29.552  30.145 0.0000000000
52686  27.721  -30.019  31.359 0.0000000000
72882  40.354  -10.539  17.474 0.0000000000
71903  40.053  -10.917  16.772 0.0000000000
49273  10.874  -32.634  33.676 0.0000000000
49254  10.473  -32.252  34.428 0.0000000000
48081  10.121  -33.043  33.996 0.0000000000
46964  9.591  -34.819  33.982 0.0000000000
45805  9.131  -35.475  34.282 0.0000000000
44599  8.970  -36.742  34.721 0.0000000000
45789  7.447  -35.642  34.960 0.0000000000
134960  7.309  -36.566  34.918 0.0000000000
43428  8.474  -37.404  34.999 0.0000000000
42337  8.350  -38.376  36.083 0.0000000000
133173  7.603  -39.280  36.847 0.0000000000
39142  4.724  -41.006  38.240 0.0000000000
42320  4.428  -38.718  36.865 0.0000000000
134415  4.093  -40.165  37.399 0.0000000000
140274  4.116  -40.769  37.906 0.0000000000
40290  2.530  -40.761  38.413 0.0000000000
40305  1.937  -40.210  38.013 0.0000000000
41299  1.010  -40.183  38.088 0.0000000000
42304  1.259  -38.032  37.951 0.0000000000
41300  0.481  -39.381  37.773 0.0000000000
140037  0.059  -40.178  38.055 0.0000000000
56178  25.621  -27.090  28.715 0.0000000000
56163  25.391  -26.722  29.314 0.0000000000
55096  25.107  -27.630  29.078 0.0000000000
53864  24.713  -28.188  29.532 0.0000000000
52703  24.752  -29.066  30.711 0.0000000000
52689  24.644  -29.184  31.689 0.0000000000
55080  22.929  -27.215  30.869 0.0000000000
150231  23.335  -28.410  31.529 0.0000000000
52672  24.481  -29.160  32.702 0.0000000000
55071  20.072  -27.083  31.940 0.0000000000
53819  20.899  -28.553  32.230 0.0000000000
52658  21.702  -29.167  33.378 0.0000000000
50445  22.165  -31.333  32.701 0.0000000000
51574  21.909  -30.035  33.506 0.0000000000
51556  22.325  -30.015  34.569 0.0000000000
68564  41.318  -13.990  16.842 0.0000000000
66403  28.698  -16.710  22.721 0.0000000000
65360  28.728  -17.889  21.468 0.0000000000
63353  29.597  -19.273  20.913 0.0000000000
62275  24.302  -20.609  26.754 0.0000000000
62298  24.516  -20.555  25.067 0.0000000000
62335  25.566  -20.138  23.994 0.0000000000
61320  27.846  -21.468  24.788 0.0000000000
62315  26.782  -20.751  23.876 0.0000000000
62333  27.148  -20.234  23.168 0.0000000000
62354  27.795  -20.078  22.532 0.0000000000
62366  29.646  -20.363  21.813 0.0000000000
62365  30.534  -20.460  21.567 0.0000000000
61369  32.128  -21.255  22.925 0.0000000000
52728  27.795  -29.154  28.838 0.0000000000
53861  28.725  -28.976  28.925 0.0000000000
53859  30.487  -28.459  29.194 0.0000000000
53847  31.323  -28.780  30.391 0.0000000000
53858  31.223  -28.315  29.606 0.0000000000
75714  53.353  -7.487  12.518 0.0000000000
75708  49.892  -7.945  13.828 0.0000000000
74759  50.411  -8.505  13.389 0.0000000000
130861  49.698  -10.172  13.125 0.0000000000
73816  50.594  -10.126  12.727 0.0000000000
74758  51.257  -8.240  13.159 0.0000000000
73814  52.251  -9.384  12.219 0.0000000000
73825  52.750  -9.932  11.758 0.0000000000
70816  41.414  -12.210  15.757 0.0000000000
70817  40.852  -11.787  15.873 0.0000000000
71915  41.024  -10.959  15.873 0.0000000000
70815  42.144  -12.176  15.629 0.0000000000
63351  31.128  -19.202  20.273 0.0000000000
62374  31.735  -19.888  20.644 0.0000000000
127922  11.803  -35.302  33.291 0.0000000000
45822  11.130  -35.091  33.454 0.0000000000
46980  10.747  -34.221  33.337 0.0000000000
57108  22.001  -24.664  33.653 0.0000000000
57124  21.192  -25.372  32.346 0.0000000000
43436  20.060  -37.102  34.899 0.0000000000
62253  24.633  -19.881  29.175 0.0000000000
47007  19.166  -34.375  31.579 0.0000000000
45850  18.534  -35.003  31.564 0.0000000000
48124  18.974  -33.574  31.714 0.0000000000
49308  19.575  -32.979  31.738 0.0000000000
59134  26.923  -24.340  27.743 0.0000000000
55129  29.487  -27.034  26.739 0.0000000000
126870  30.039  -27.215  27.295 0.0000000000
55114  30.669  -27.204  27.897 0.0000000000
55101  30.631  -27.841  28.511 0.0000000000
74743  44.025  -8.892  16.151 0.0000000000
74742  44.800  -8.664  15.829 0.0000000000
74754  44.965  -8.930  15.024 0.0000000000
140063  44.691  -12.622  15.622 0.0000000000
70812  45.345  -12.654  15.526 0.0000000000
39130  4.910  -41.203  38.869 0.0000000000
148239  37.797  -11.811  17.556 0.0000000000
134420  35.862  -14.341  18.514 0.0000000000
148130  35.849  -14.936  18.820 0.0000000000
68512  32.231  -14.398  20.590 0.0000000000
67486  32.070  -14.908  19.956 0.0000000000
64368  34.566  -18.701  20.618 0.0000000000
65369  34.433  -18.020  20.120 0.0000000000
52670  26.097  -29.854  31.917 0.0000000000
124997  37.674  -11.011  18.894 0.0000000000
43452  16.493  -37.304  33.244 0.0000000000
43411  9.543  -37.343  36.238 0.0000000000
43412  8.759  -37.762  35.747 0.0000000000
46934  7.966  -33.918  36.032 0.0000000000
43430  6.062  -37.330  35.746 0.0000000000
42354  6.211  -38.236  35.659 0.0000000000
42340  5.740  -38.875  35.960 0.0000000000
42321  3.575  -38.559  37.426 0.0000000000
134256  2.495  -37.507  38.393 0.0000000000
57136  24.126  -25.361  31.337 0.0000000000
56124  25.445  -25.487  31.667 0.0000000000
53786  22.703  -28.877  34.452 0.0000000000
132605  21.046  -30.885  31.819 0.0000000000
51588  20.868  -30.016  32.029 0.0000000000
67516  40.549  -15.183  18.450 0.0000000000
64295  26.010  -17.871  24.217 0.0000000000
146915  26.526  -17.340  24.345 0.0000000000
64312  26.907  -18.381  22.907 0.0000000000
60275  25.864  -22.921  24.873 0.0000000000
129190  30.451  -20.877  25.569 0.0000000000
61336  30.034  -20.912  24.621 0.0000000000
125664  31.372  -21.058  25.406 0.0000000000
73810  47.603  -9.851  13.683 0.0000000000
73809  48.438  -9.672  13.556 0.0000000000
48076  18.377  -33.256  32.995 0.0000000000
69631  44.504  -13.396  16.594 0.0000000000
69632  43.618  -13.337  16.378 0.0000000000
140592  27.030  -26.376  26.860 0.0000000000
53884  27.727  -28.227  27.632 0.0000000000
55117  27.335  -27.663  27.180 0.0000000000
53883  28.525  -28.198  27.679 0.0000000000
141993  41.021  -10.205  17.243 0.0000000000
72881  41.549  -9.939  17.544 0.0000000000
72902  41.805  -10.634  15.701 0.0000000000
72891  41.978  -9.898  15.965 0.0000000000
70814  43.070  -12.158  15.501 0.0000000000
39133  2.842  -41.285  39.522 0.0000000000
71882  36.423  -11.452  19.556 0.0000000000
70756  35.044  -12.014  19.915 0.0000000000
69607  34.977  -13.043  18.842 0.0000000000
65379  31.573  -17.000  19.686 0.0000000000
64370  32.640  -18.960  19.937 0.0000000000
64380  32.447  -18.126  19.637 0.0000000000
149795  33.228  -18.858  20.034 0.0000000000
63328  33.783  -19.743  20.989 0.0000000000
126972  32.931  -20.809  21.860 0.0000000000
62348  33.669  -20.750  22.147 0.0000000000
62330  33.952  -21.079  23.105 0.0000000000
44649  14.015  -35.982  32.430 0.0000000000
43455  14.177  -36.881  33.522 0.0000000000
44633  13.698  -36.406  33.163 0.0000000000
44595  11.730  -36.767  35.186 0.0000000000
44617  11.119  -36.456  34.899 0.0000000000
44618  10.366  -36.249  34.581 0.0000000000
45759  5.554  -35.674  37.683 0.0000000000
43393  4.912  -37.317  36.815 0.0000000000
44538  4.924  -36.151  38.063 0.0000000000
43374  3.722  -36.936  38.460 0.0000000000
57106  23.684  -24.631  32.973 0.0000000000
57121  23.935  -24.863  31.958 0.0000000000
55069  21.454  -27.538  31.696 0.0000000000
135446  20.731  -27.718  31.832 0.0000000000
46993  21.385  -34.096  31.878 0.0000000000
46992  22.022  -33.888  32.390 0.0000000000
143092  21.659  -34.519  32.657 0.0000000000
64254  25.060  -18.233  26.025 0.0000000000
64255  24.604  -18.856  26.178 0.0000000000
137625  30.357  -23.835  26.059 0.0000000000
59125  31.572  -22.612  27.888 0.0000000000
59133  30.914  -22.526  27.291 0.0000000000
60256  31.278  -21.906  27.714 0.0000000000
40278  -0.513  -41.318  39.094 0.0000000000
66400  30.887  -16.070  21.962 0.0000000000
66418  29.613  -16.729  21.684 0.0000000000
66417  30.265  -16.457  21.377 0.0000000000
65372  30.235  -17.813  20.409 0.0000000000
65359  29.415  -17.893  20.879 0.0000000000
44629  19.552  -36.600  33.333 0.0000000000
43449  19.007  -37.102  33.872 0.0000000000
44657  17.937  -36.340  32.031 0.0000000000
43462  17.902  -36.872  32.803 0.0000000000
44646  17.362  -36.660  32.345 0.0000000000
47011  15.262  -34.081  31.420 0.0000000000
45853  15.499  -34.941  31.444 0.0000000000
44660  15.614  -35.804  31.667 0.0000000000
44661  14.982  -35.502  31.634 0.0000000000
48103  13.591  -33.452  31.829 0.0000000000
48104  12.848  -33.419  32.235 0.0000000000
46996  12.401  -34.191  32.487 0.0000000000
56111  19.344  -26.508  33.678 0.0000000000
56097  19.429  -26.577  34.578 0.0000000000
52660  18.553  -29.265  33.281 0.0000000000
53822  18.626  -28.543  32.927 0.0000000000
52675  19.554  -29.840  32.155 0.0000000000
49307  20.218  -32.308  31.705 0.0000000000
48122  21.135  -33.321  31.642 0.0000000000
47005  20.564  -33.938  31.584 0.0000000000
45833  20.166  -35.327  32.021 0.0000000000
44643  19.940  -36.072  32.688 0.0000000000
44628  20.303  -36.279  33.542 0.0000000000
61287  24.930  -22.152  28.414 0.0000000000
59135  26.126  -24.067  26.761 0.0000000000
59136  25.272  -23.232  27.098 0.0000000000
59143  26.187  -23.975  25.571 0.0000000000
56207  28.598  -26.167  25.683 0.0000000000
57203  29.019  -25.593  25.357 0.0000000000
134027  28.529  -24.972  24.972 0.0000000000
57195  29.886  -25.449  25.772 0.0000000000
56188  31.339  -26.094  27.688 0.0000000000
75694  47.421  -7.644  15.558 0.0000000000
75695  46.756  -7.993  15.572 0.0000000000
73800  46.274  -9.371  14.292 0.0000000000
74752  46.646  -8.697  14.622 0.0000000000
71938  44.138  -10.861  14.676 0.0000000000
72908  44.698  -10.302  14.466 0.0000000000
126994  44.933  -11.175  14.493 0.0000000000
71936  45.777  -11.670  14.362 0.0000000000
71935  46.617  -11.935  14.127 0.0000000000
70797  39.367  -12.281  16.577 0.0000000000
68558  38.577  -14.247  17.467 0.0000000000
70776  36.156  -12.360  18.371 0.0000000000
138568  38.341  -14.917  18.225 0.0000000000
133535  38.204  -15.430  18.861 0.0000000000
70753  34.353  -12.440  21.289 0.0000000000
69594  33.178  -13.774  19.835 0.0000000000
135226  33.763  -13.801  19.485 0.0000000000
138525  32.786  -16.060  19.459 0.0000000000
66436  34.564  -16.527  19.629 0.0000000000
132151  34.853  -15.761  19.463 0.0000000000
52714  25.702  -29.146  29.590 0.0000000000
51598  26.908  -30.047  31.742 0.0000000000
141462  40.511  -10.527  18.440 0.0000000000
71904  39.780  -10.686  18.188 0.0000000000
130809  39.043  -11.415  17.248 0.0000000000
71917  39.570  -11.544  16.696 0.0000000000
43422  18.473  -37.537  34.418 0.0000000000
42359  18.012  -37.982  35.089 0.0000000000
140095  14.842  -37.792  34.758 0.0000000000
43409  11.308  -37.209  36.898 0.0000000000
49272  11.549  -31.998  33.636 0.0000000000
48039  9.130  -33.045  35.112 0.0000000000
49241  9.529  -32.356  35.632 0.0000000000
49255  9.769  -32.628  34.756 0.0000000000
46981  9.954  -34.020  33.709 0.0000000000
128935  9.340  -34.163  34.165 0.0000000000
44620  8.642  -36.134  34.511 0.0000000000
46936  6.795  -34.898  36.661 0.0000000000
45772  7.041  -35.220  35.740 0.0000000000
45790  6.891  -35.918  35.390 0.0000000000
130711  6.814  -37.336  35.220 0.0000000000
43429  7.626  -37.454  34.962 0.0000000000
43443  8.152  -36.782  34.677 0.0000000000
42352  8.024  -38.124  35.429 0.0000000000
41326  6.972  -39.529  36.490 0.0000000000
41313  5.599  -40.107  36.892 0.0000000000
40288  5.409  -40.856  38.286 0.0000000000
41315  3.268  -39.569  37.494 0.0000000000
40289  3.356  -40.808  38.213 0.0000000000
40291  1.651  -40.776  38.613 0.0000000000
43376  1.768  -37.385  38.690 0.0000000000
42324  1.007  -38.744  37.748 0.0000000000
56177  26.091  -26.967  28.073 0.0000000000
55090  23.725  -27.483  30.323 0.0000000000
128862  23.998  -28.702  31.110 0.0000000000
56141  22.293  -26.468  31.254 0.0000000000
53836  22.713  -27.951  31.399 0.0000000000
53835  23.832  -28.806  32.117 0.0000000000
52655  24.243  -29.001  33.567 0.0000000000
55072  19.384  -27.054  32.471 0.0000000000
56126  19.855  -26.334  32.437 0.0000000000
52673  21.105  -29.132  32.610 0.0000000000
49250  23.011  -32.385  33.998 0.0000000000
49267  22.663  -32.199  33.258 0.0000000000
50433  22.470  -31.043  33.745 0.0000000000
68565  40.707  -13.762  16.717 0.0000000000
126533  28.508  -16.513  23.562 0.0000000000
65335  27.944  -16.995  22.946 0.0000000000
64330  28.042  -18.308  21.914 0.0000000000
64351  28.534  -18.804  21.488 0.0000000000
64350  29.108  -18.700  21.033 0.0000000000
63332  29.036  -19.607  21.430 0.0000000000
61288  24.410  -21.456  27.273 0.0000000000
138540  24.376  -20.511  27.621 0.0000000000
61304  24.318  -21.418  26.259 0.0000000000
61341  25.440  -21.663  24.617 0.0000000000
61342  24.837  -21.168  24.722 0.0000000000
62316  25.463  -20.871  24.300 0.0000000000
62317  24.941  -20.340  24.480 0.0000000000
145227  26.069  -20.648  23.976 0.0000000000
60272  28.786  -21.963  25.571 0.0000000000
60273  27.815  -22.118  24.929 0.0000000000
61319  28.572  -21.412  25.229 0.0000000000
62314  27.630  -20.878  23.937 0.0000000000
62332  28.080  -20.582  23.172 0.0000000000
62352  29.505  -20.692  22.545 0.0000000000
62351  30.260  -20.785  22.331 0.0000000000
62350  31.075  -20.957  22.094 0.0000000000
61370  31.415  -21.141  22.838 0.0000000000
61353  32.492  -21.334  23.582 0.0000000000
145882  27.368  -29.535  29.730 0.0000000000
52729  26.832  -29.134  28.802 0.0000000000
52712  29.104  -29.309  29.728 0.0000000000
53860  29.607  -28.773  29.077 0.0000000000
52711  30.025  -29.053  29.785 0.0000000000
53857  31.903  -28.141  29.968 0.0000000000
74766  53.168  -8.238  12.127 0.0000000000
75701  47.797  -7.832  14.776 0.0000000000
74749  49.123  -8.180  14.064 0.0000000000
72923  51.404  -10.638  12.475 0.0000000000
74769  50.894  -9.104  12.867 0.0000000000
74768  51.717  -8.811  12.611 0.0000000000
69655  42.681  -13.025  16.009 0.0000000000
68563  41.999  -14.133  17.003 0.0000000000
53885  26.858  -28.124  27.688 0.0000000000
53874  27.290  -28.677  28.206 0.0000000000
145528  1.840  -41.083  39.062 0.0000000000
71874  35.775  -11.589  20.104 0.0000000000
71861  35.919  -11.631  20.932 0.0000000000
129985  34.825  -12.093  20.653 0.0000000000
64381  31.627  -17.777  19.684 0.0000000000
63350  32.546  -19.649  20.487 0.0000000000
63329  33.114  -19.904  20.862 0.0000000000
62363  32.467  -20.361  21.206 0.0000000000
45838  12.805  -35.005  32.501 0.0000000000
45821  12.467  -35.547  33.128 0.0000000000
45802  12.097  -36.000  33.757 0.0000000000
139126  11.619  -36.280  34.372 0.0000000000
125757  22.560  -24.654  32.839 0.0000000000
57123  22.050  -25.027  32.052 0.0000000000
45801  21.084  -35.823  33.888 0.0000000000
63235  24.500  -19.131  27.218 0.0000000000
58135  31.509  -24.545  27.420 0.0000000000
138980  31.863  -23.671  27.980 0.0000000000
66383  30.950  -16.232  22.858 0.0000000000
66402  29.479  -16.526  22.512 0.0000000000
45834  19.360  -35.892  32.126 0.0000000000
45835  18.620  -35.801  31.807 0.0000000000
48127  16.706  -33.841  31.727 0.0000000000
48128  15.849  -33.486  31.776 0.0000000000
47012  14.469  -34.062  31.478 0.0000000000
49268  19.247  -32.521  32.939 0.0000000000
60251  25.580  -22.733  28.512 0.0000000000
55130  28.626  -27.224  26.626 0.0000000000
56197  28.211  -26.654  26.154 0.0000000000
56195  29.890  -26.351  26.371 0.0000000000
124767  31.194  -26.639  27.929 0.0000000000
74733  44.735  -8.655  16.710 0.0000000000
74740  46.315  -8.346  15.202 0.0000000000
74741  45.571  -8.490  15.485 0.0000000000
70830  45.582  -12.329  14.910 0.0000000000
70784  38.098  -12.327  17.194 0.0000000000
69621  37.507  -13.009  17.364 0.0000000000
69605  36.296  -13.619  18.029 0.0000000000
67504  36.849  -15.613  19.272 0.0000000000
66434  36.272  -16.155  19.751 0.0000000000
69577  33.040  -13.332  21.115 0.0000000000
69584  32.725  -13.774  20.435 0.0000000000
65377  33.167  -17.506  19.560 0.0000000000
66437  33.570  -16.527  19.469 0.0000000000
65375  35.082  -17.247  20.047 0.0000000000
71872  38.445  -11.100  20.496 0.0000000000
127117  39.051  -10.926  19.896 0.0000000000
71879  39.193  -10.738  18.973 0.0000000000
124340  39.010  -10.973  17.927 0.0000000000
43451  17.348  -37.340  33.465 0.0000000000
42360  17.116  -37.961  34.873 0.0000000000
42361  16.327  -37.946  34.764 0.0000000000
43410  10.453  -37.100  36.785 0.0000000000
49242  8.856  -32.766  35.970 0.0000000000
48058  8.878  -33.814  34.668 0.0000000000
46950  8.268  -34.279  34.952 0.0000000000
42339  6.629  -39.033  35.802 0.0000000000
41312  6.463  -40.059  37.030 0.0000000000
149562  4.006  -38.157  37.315 0.0000000000
40304  2.808  -40.262  37.882 0.0000000000
42323  1.787  -38.710  37.725 0.0000000000
55089  24.391  -27.575  29.750 0.0000000000
53800  22.771  -28.642  33.653 0.0000000000
137392  19.521  -28.967  32.135 0.0000000000
48052  22.829  -33.794  33.667 0.0000000000
66366  26.923  -16.891  24.824 0.0000000000
65323  27.063  -17.042  24.039 0.0000000000
65336  27.257  -17.393  23.255 0.0000000000
64331  27.529  -18.669  22.322 0.0000000000
60276  25.128  -22.823  25.405 0.0000000000
60277  24.551  -22.152  25.783 0.0000000000
60287  25.404  -22.379  24.845 0.0000000000
60286  26.126  -22.141  24.667 0.0000000000
61318  29.311  -21.214  25.962 0.0000000000
61337  29.049  -20.946  25.112 0.0000000000
62331  28.973  -20.808  23.228 0.0000000000
61356  29.280  -20.919  24.140 0.0000000000
61371  30.836  -21.083  23.616 0.0000000000
61354  31.652  -21.234  23.651 0.0000000000
147625  28.436  -29.713  30.555 0.0000000000
52685  28.510  -29.901  31.087 0.0000000000
52684  29.334  -29.791  31.061 0.0000000000
124354  30.081  -29.640  31.015 0.0000000000
75705  52.693  -7.231  13.080 0.0000000000
73808  49.262  -9.491  13.437 0.0000000000
72922  52.131  -10.274  12.192 0.0000000000
58130  27.609  -24.858  28.114 0.0000000000
58137  27.054  -25.149  27.159 0.0000000000
55131  27.769  -27.187  26.637 0.0000000000
53871  30.013  -28.307  28.572 0.0000000000
73782  42.182  -9.632  17.381 0.0000000000
73786  42.433  -9.558  16.542 0.0000000000
73791  43.500  -9.337  15.723 0.0000000000
72909  43.738  -9.674  15.120 0.0000000000
73802  44.451  -9.562  14.792 0.0000000000
71924  43.577  -11.430  15.070 0.0000000000
71893  36.965  -11.339  18.845 0.0000000000
71883  35.719  -11.843  19.391 0.0000000000
71895  35.759  -12.155  18.847 0.0000000000
70777  35.590  -12.692  18.595 0.0000000000
68545  35.003  -13.947  18.772 0.0000000000
67487  31.737  -15.582  19.933 0.0000000000
64369  33.790  -18.656  20.188 0.0000000000
63314  34.935  -20.002  21.949 0.0000000000
52654  25.095  -29.461  33.389 0.0000000000
44631  15.241  -36.819  32.722 0.0000000000
43454  14.842  -37.121  33.440 0.0000000000
43441  14.317  -37.318  34.216 0.0000000000
44596  11.231  -36.798  35.581 0.0000000000
44578  5.461  -37.075  36.392 0.0000000000
43375  3.104  -37.278  38.479 0.0000000000
49287  21.494  -32.592  31.727 0.0000000000
46977  22.274  -34.176  33.076 0.0000000000
129843  22.355  -34.574  33.819 0.0000000000
67501  40.523  -15.510  19.191 0.0000000000
65324  25.573  -18.033  24.803 0.0000000000
64296  25.553  -18.633  24.247 0.0000000000
138878  28.928  -24.004  24.929 0.0000000000
59149  28.335  -23.076  24.936 0.0000000000
145189  30.450  -22.992  26.636 0.0000000000
61303  29.849  -21.325  26.540 0.0000000000
61302  30.340  -21.150  26.902 0.0000000000
138785  51.042  -6.904  14.076 0.0000000000
133666  48.262  -11.659  13.539 0.0000000000
149648  48.713  -11.042  13.340 0.0000000000
40277  0.143  -40.997  39.313 0.0000000000
69569  34.200  -12.979  22.311 0.0000000000
69570  33.348  -13.439  22.024 0.0000000000
68507  32.748  -13.866  21.689 0.0000000000
68508  32.345  -14.240  21.349 0.0000000000
67467  31.966  -14.772  21.361 0.0000000000
127331  31.291  -15.671  20.572 0.0000000000
66427  30.470  -16.832  20.512 0.0000000000
142752  30.468  -18.670  20.355 0.0000000000
63352  30.279  -19.307  20.662 0.0000000000
43437  19.273  -37.347  34.611 0.0000000000
43450  18.178  -37.262  33.645 0.0000000000
43465  15.940  -36.977  32.728 0.0000000000
47008  17.706  -34.763  31.551 0.0000000000
45851  17.074  -35.440  31.577 0.0000000000
44659  16.425  -36.063  31.730 0.0000000000
44647  15.764  -36.496  32.140 0.0000000000
45837  13.542  -35.248  32.084 0.0000000000
45855  13.976  -34.699  31.655 0.0000000000
57110  20.254  -25.560  33.510 0.0000000000
56127  19.386  -26.532  32.950 0.0000000000
55073  18.900  -27.760  32.699 0.0000000000
53821  19.184  -28.396  32.328 0.0000000000
50447  20.672  -31.506  31.701 0.0000000000
50434  19.391  -31.747  32.973 0.0000000000
51590  19.439  -30.774  32.491 0.0000000000
50458  20.970  -32.148  31.586 0.0000000000
45832  20.985  -34.911  32.323 0.0000000000
62262  24.654  -20.652  28.979 0.0000000000
148877  24.594  -21.825  27.872 0.0000000000
59128  25.200  -22.843  27.899 0.0000000000
60265  24.831  -22.769  26.383 0.0000000000
59151  26.443  -23.493  24.967 0.0000000000
127961  27.919  -24.213  24.795 0.0000000000
58145  27.029  -25.325  26.185 0.0000000000
57196  27.910  -26.037  25.724 0.0000000000
57205  27.582  -25.175  25.350 0.0000000000
58151  30.038  -24.559  25.681 0.0000000000
58136  31.004  -24.896  26.778 0.0000000000
57189  31.176  -25.549  27.215 0.0000000000
74751  47.503  -8.551  14.465 0.0000000000
72918  47.242  -10.613  13.625 0.0000000000
71949  47.370  -11.613  13.721 0.0000000000
69618  40.022  -13.743  16.834 0.0000000000
68557  39.617  -14.328  17.339 0.0000000000
69604  37.073  -13.695  17.663 0.0000000000
68559  37.813  -13.785  17.430 0.0000000000
67485  39.084  -16.130  20.120 0.0000000000
144453  38.592  -16.173  20.043 0.0000000000
70757  34.321  -12.468  20.274 0.0000000000
67509  32.512  -15.313  19.643 0.0000000000
67507  34.181  -15.169  19.305 0.0000000000
66424  36.759  -16.708  20.381 0.0000000000
53862  25.975  -28.888  28.877 0.0000000000
136813  27.064  -29.839  30.764 0.0000000000
130152  41.172  -10.283  18.177 0.0000000000
42347  17.352  -38.313  35.564 0.0000000000
42362  15.563  -37.897  34.741 0.0000000000
49291  12.194  -32.145  33.041 0.0000000000
131578  11.513  -32.641  33.202 0.0000000000
48080  11.153  -33.401  33.163 0.0000000000
139553  10.542  -33.456  33.529 0.0000000000
44619  9.477  -36.145  34.461 0.0000000000
44621  7.939  -36.120  34.649 0.0000000000
42318  8.297  -38.686  36.911 0.0000000000
42341  5.106  -38.608  36.367 0.0000000000
41314  4.699  -39.831  36.924 0.0000000000
39143  4.067  -41.208  38.664 0.0000000000
39144  3.130  -41.197  38.839 0.0000000000
40292  0.626  -40.686  38.627 0.0000000000
55103  25.695  -27.552  28.455 0.0000000000
53849  24.967  -28.804  29.864 0.0000000000
57125  20.374  -25.661  32.737 0.0000000000
53820  19.915  -28.177  31.912 0.0000000000
53802  21.532  -28.786  32.926 0.0000000000
52657  22.222  -29.279  34.207 0.0000000000
69634  41.161  -13.370  16.367 0.0000000000
68555  41.524  -14.509  17.427 0.0000000000
66385  29.331  -16.366  23.368 0.0000000000
65345  28.933  -17.003  21.921 0.0000000000
65346  28.262  -17.379  22.194 0.0000000000
63331  29.968  -19.865  21.154 0.0000000000
62263  24.473  -20.191  28.393 0.0000000000
140141  24.323  -19.927  27.152 0.0000000000
138273  24.351  -19.760  26.326 0.0000000000
61322  24.477  -21.357  25.384 0.0000000000
62286  24.299  -20.624  25.857 0.0000000000
63258  24.532  -19.383  25.599 0.0000000000
146182  24.644  -19.730  24.941 0.0000000000
63280  25.161  -19.472  24.338 0.0000000000
63300  25.813  -19.364  23.719 0.0000000000
60285  27.058  -21.766  24.649 0.0000000000
61339  27.349  -21.243  24.393 0.0000000000
62334  26.277  -20.109  23.556 0.0000000000
63299  26.534  -19.352  23.145 0.0000000000
62353  28.675  -20.320  22.273 0.0000000000
62349  32.064  -21.015  22.074 0.0000000000
150040  33.238  -21.310  23.537 0.0000000000
148732  28.287  -29.357  29.441 0.0000000000
144311  30.548  -29.501  31.012 0.0000000000
52697  30.488  -29.254  30.494 0.0000000000
53848  30.704  -28.786  29.894 0.0000000000
55095  31.121  -27.934  28.998 0.0000000000
55094  31.737  -27.668  29.301 0.0000000000
148409  49.439  -7.573  14.344 0.0000000000
75707  50.731  -7.667  13.669 0.0000000000
72915  50.058  -10.957  12.897 0.0000000000
73807  50.084  -9.352  13.223 0.0000000000
74767  52.471  -8.553  12.364 0.0000000000
74777  52.908  -9.049  11.864 0.0000000000
52699  28.354  -29.578  30.077 0.0000000000
56096  19.807  -25.910  34.060 0.0000000000
58144  30.524  -24.736  26.204 0.0000000000
61333  32.869  -21.407  24.344 0.0000000000
63218  24.420  -19.778  27.764 0.0000000000
148263  24.416  -20.004  25.531 0.0000000000
