#!ascii label  , from subject sub-v1s11x0050147_ses-1 vox2ras=TkReg
1028
104768  42.650  30.408  13.607 0.0000000000
107366  45.648  34.563  14.658 0.0000000000
100849  43.277  24.001  15.252 0.0000000000
122397  38.032  27.963  14.088 0.0000000000
102080  41.343  26.162  10.327 0.0000000000
106176  45.760  32.761  8.368 0.0000000000
107355  40.036  34.761  15.360 0.0000000000
108084  42.001  35.802  8.998 0.0000000000
98284  43.640  20.674  18.671 0.0000000000
96575  40.624  18.717  13.717 0.0000000000
106128  48.514  32.498  14.526 0.0000000000
130687  48.270  26.268  13.440 0.0000000000
142330  45.702  30.315  17.612 0.0000000000
101403  42.393  26.130  18.292 0.0000000000
107509  42.577  34.752  1.827 0.0000000000
108115  48.105  36.081  7.552 0.0000000000
122150  41.157  23.801  10.322 0.0000000000
104018  40.533  28.938  13.722 0.0000000000
102043  40.331  26.648  13.217 0.0000000000
102659  42.423  27.478  13.241 0.0000000000
106784  44.473  33.298  11.647 0.0000000000
105500  41.013  31.756  12.132 0.0000000000
108060  38.080  35.158  11.404 0.0000000000
98274  46.980  20.619  19.572 0.0000000000
96515  44.846  18.571  17.358 0.0000000000
97466  48.596  19.309  17.994 0.0000000000
106282  45.611  32.165  -0.538 0.0000000000
107347  49.173  33.817  14.872 0.0000000000
104720  49.132  30.194  17.390 0.0000000000
122503  46.653  32.991  19.582 0.0000000000
102596  39.584  27.325  20.461 0.0000000000
102611  41.394  28.241  19.128 0.0000000000
101405  40.489  25.403  18.705 0.0000000000
100817  43.582  24.978  19.651 0.0000000000
109344  44.293  37.901  12.211 0.0000000000
108100  45.021  36.042  8.451 0.0000000000
108752  46.162  37.283  10.946 0.0000000000
107420  48.858  33.754  11.461 0.0000000000
100863  46.955  24.735  14.149 0.0000000000
100908  45.706  24.976  9.867 0.0000000000
100308  42.487  23.753  12.917 0.0000000000
100902  38.471  24.635  11.155 0.0000000000
100922  39.627  24.957  8.632 0.0000000000
105555  48.744  30.748  5.420 0.0000000000
105559  43.832  31.751  5.347 0.0000000000
107369  42.891  35.499  14.889 0.0000000000
106083  44.054  32.190  17.801 0.0000000000
142530  35.553  36.660  5.366 0.0000000000
108150  38.839  35.685  4.799 0.0000000000
108744  40.977  36.363  11.825 0.0000000000
99644  41.583  22.186  17.298 0.0000000000
99650  40.696  21.842  15.094 0.0000000000
97469  42.153  19.247  17.006 0.0000000000
95696  44.308  17.591  14.563 0.0000000000
105486  45.203  32.044  14.060 0.0000000000
103288  45.043  28.952  13.994 0.0000000000
104757  47.320  30.382  15.683 0.0000000000
102629  48.335  27.170  15.604 0.0000000000
102012  44.525  26.340  15.294 0.0000000000
104689  44.033  31.058  21.457 0.0000000000
103277  43.275  27.926  16.905 0.0000000000
101413  42.749  25.585  16.673 0.0000000000
100262  42.894  24.097  18.379 0.0000000000
99618  45.148  23.713  20.272 0.0000000000
108839  44.051  36.822  -0.008 0.0000000000
106260  45.572  32.267  2.418 0.0000000000
106823  45.541  33.905  4.928 0.0000000000
106838  49.045  33.313  4.587 0.0000000000
106173  49.139  32.518  8.291 0.0000000000
106782  47.886  32.812  11.431 0.0000000000
102054  44.544  26.591  11.491 0.0000000000
100930  42.868  24.927  7.773 0.0000000000
99717  40.173  23.364  7.519 0.0000000000
99034  39.232  20.944  13.247 0.0000000000
104769  41.550  30.366  13.441 0.0000000000
145945  41.681  28.440  13.658 0.0000000000
124084  42.742  29.167  13.774 0.0000000000
141405  43.516  32.441  12.762 0.0000000000
106154  42.361  32.654  11.468 0.0000000000
105495  42.225  31.715  12.806 0.0000000000
105491  41.069  30.857  13.130 0.0000000000
98267  49.175  21.109  20.784 0.0000000000
97451  47.435  20.001  19.089 0.0000000000
97449  50.364  19.840  19.042 0.0000000000
99719  37.659  22.974  8.043 0.0000000000
107365  46.806  34.420  14.720 0.0000000000
106717  47.732  33.250  17.580 0.0000000000
106724  45.979  33.347  16.818 0.0000000000
101398  38.813  25.885  19.296 0.0000000000
101982  39.930  26.812  19.249 0.0000000000
108040  44.680  36.787  13.024 0.0000000000
108739  45.079  37.499  12.373 0.0000000000
108023  46.010  35.243  13.246 0.0000000000
107404  47.398  34.751  12.668 0.0000000000
133225  44.545  24.129  14.476 0.0000000000
100875  44.515  24.064  13.251 0.0000000000
100287  43.213  23.447  14.377 0.0000000000
102639  37.309  27.587  14.247 0.0000000000
102045  38.417  26.534  13.845 0.0000000000
101460  40.413  26.067  12.442 0.0000000000
101471  39.442  25.325  11.705 0.0000000000
136238  39.730  25.471  10.749 0.0000000000
100913  38.610  24.734  10.174 0.0000000000
101482  40.017  25.599  9.793 0.0000000000
106207  47.427  31.829  6.836 0.0000000000
105557  46.063  31.420  5.572 0.0000000000
106209  44.795  32.345  6.717 0.0000000000
104020  38.612  29.364  13.626 0.0000000000
103305  37.265  28.446  13.967 0.0000000000
107354  41.355  35.223  15.278 0.0000000000
106107  42.208  32.983  15.631 0.0000000000
126057  40.901  32.626  15.556 0.0000000000
107405  39.368  34.800  12.981 0.0000000000
108059  39.494  35.832  11.340 0.0000000000
108029  40.883  35.579  13.354 0.0000000000
108028  42.218  36.290  13.514 0.0000000000
98996  42.426  21.858  18.427 0.0000000000
137580  41.771  20.729  17.634 0.0000000000
98290  43.117  20.164  18.176 0.0000000000
125202  46.506  17.960  15.939 0.0000000000
95674  44.938  17.776  16.081 0.0000000000
95706  45.788  17.825  13.714 0.0000000000
106142  47.092  32.644  13.928 0.0000000000
104762  46.360  30.949  15.132 0.0000000000
105458  47.317  31.226  15.597 0.0000000000
104722  47.904  30.489  17.901 0.0000000000
103975  48.650  29.200  16.990 0.0000000000
103274  46.252  28.957  16.240 0.0000000000
102011  46.441  26.817  15.253 0.0000000000
103282  45.465  28.512  15.931 0.0000000000
105413  42.508  31.200  19.938 0.0000000000
139227  44.197  31.862  20.767 0.0000000000
104691  42.960  30.637  21.277 0.0000000000
102610  42.100  27.648  18.206 0.0000000000
103250  42.118  28.624  18.646 0.0000000000
102000  42.630  26.947  17.590 0.0000000000
144458  43.181  26.621  16.415 0.0000000000
101409  42.784  26.203  17.683 0.0000000000
145150  42.362  23.982  17.693 0.0000000000
133456  42.968  24.974  18.113 0.0000000000
100243  43.942  24.742  20.227 0.0000000000
145623  44.147  24.822  19.856 0.0000000000
108196  43.324  35.492  0.466 0.0000000000
106885  44.063  33.650  0.679 0.0000000000
106863  44.154  33.172  1.957 0.0000000000
108135  40.248  34.980  6.659 0.0000000000
107467  41.020  34.684  5.280 0.0000000000
107450  41.760  34.712  6.753 0.0000000000
108099  46.937  36.484  8.206 0.0000000000
107447  45.289  35.097  6.917 0.0000000000
107454  46.730  34.923  6.256 0.0000000000
106839  47.664  33.460  4.544 0.0000000000
107453  48.673  35.175  6.244 0.0000000000
106811  49.416  33.583  5.903 0.0000000000
107445  48.952  34.425  7.314 0.0000000000
106771  49.450  32.983  12.495 0.0000000000
106781  49.070  32.833  11.218 0.0000000000
106772  49.033  32.759  12.511 0.0000000000
142582  46.744  33.047  12.819 0.0000000000
102656  46.190  27.293  13.432 0.0000000000
102673  44.635  27.003  12.645 0.0000000000
102053  46.559  26.048  11.512 0.0000000000
100901  43.071  24.425  10.607 0.0000000000
100919  44.768  25.054  8.389 0.0000000000
100921  42.504  24.583  7.961 0.0000000000
100341  41.323  24.247  7.702 0.0000000000
100336  40.930  23.690  8.642 0.0000000000
98307  40.057  20.204  15.143 0.0000000000
99033  39.822  21.618  13.780 0.0000000000
97500  39.471  19.693  13.490 0.0000000000
104019  39.609  29.125  13.702 0.0000000000
125786  39.371  27.697  13.809 0.0000000000
102662  40.098  27.465  13.627 0.0000000000
102042  41.144  26.824  13.093 0.0000000000
102057  41.489  26.442  12.263 0.0000000000
141629  45.361  33.257  9.600 0.0000000000
104771  39.426  29.973  13.427 0.0000000000
98276  45.029  21.020  19.407 0.0000000000
97461  43.987  19.883  18.318 0.0000000000
98282  45.797  19.559  18.485 0.0000000000
139846  46.607  18.650  17.409 0.0000000000
106755  49.741  33.074  14.561 0.0000000000
134892  48.708  31.757  16.096 0.0000000000
106721  48.987  33.143  16.183 0.0000000000
106079  48.183  31.983  18.404 0.0000000000
105409  47.078  31.866  21.056 0.0000000000
103952  40.951  28.849  21.321 0.0000000000
136077  41.361  29.556  21.032 0.0000000000
102595  40.597  28.136  20.817 0.0000000000
102612  40.676  27.109  18.919 0.0000000000
101404  41.620  25.782  18.652 0.0000000000
101397  42.682  25.533  18.651 0.0000000000
100839  42.027  25.357  18.983 0.0000000000
100244  42.961  24.643  20.112 0.0000000000
100237  42.929  23.735  21.450 0.0000000000
123207  41.599  35.926  1.868 0.0000000000
120738  43.106  37.128  10.272 0.0000000000
108101  43.772  35.863  8.676 0.0000000000
108765  44.291  37.516  10.411 0.0000000000
108773  46.084  37.444  9.927 0.0000000000
108761  47.049  36.788  9.505 0.0000000000
107439  47.820  35.610  9.141 0.0000000000
108055  47.588  34.915  10.773 0.0000000000
107403  48.933  34.014  12.365 0.0000000000
100862  48.873  25.142  13.770 0.0000000000
101468  47.099  25.229  11.719 0.0000000000
100886  46.472  24.680  12.268 0.0000000000
100888  44.232  24.378  12.106 0.0000000000
100316  42.114  24.093  11.700 0.0000000000
96588  42.229  18.194  12.473 0.0000000000
123816  40.860  18.478  11.966 0.0000000000
100891  37.586  24.151  12.683 0.0000000000
101451  38.856  25.863  13.382 0.0000000000
100890  38.334  24.695  12.373 0.0000000000
100903  37.863  24.178  11.639 0.0000000000
100329  37.598  23.880  10.174 0.0000000000
140072  37.822  23.862  9.461 0.0000000000
100345  38.321  23.442  7.858 0.0000000000
104874  47.748  29.453  3.855 0.0000000000
104857  45.124  30.636  4.195 0.0000000000
107351  44.177  34.274  15.208 0.0000000000
106725  44.750  33.275  16.237 0.0000000000
106726  43.794  33.053  15.991 0.0000000000
105436  42.855  31.741  17.160 0.0000000000
105414  41.895  31.028  18.508 0.0000000000
139376  40.427  29.663  20.171 0.0000000000
103243  39.673  28.475  20.950 0.0000000000
108803  37.224  36.096  5.250 0.0000000000
108136  39.047  35.261  6.888 0.0000000000
108104  40.537  35.481  8.526 0.0000000000
108767  41.401  36.757  10.435 0.0000000000
108742  42.735  37.178  12.224 0.0000000000
108026  43.303  36.390  14.032 0.0000000000
100274  41.831  22.836  15.953 0.0000000000
134972  41.921  22.763  15.118 0.0000000000
99648  41.424  22.216  16.390 0.0000000000
98295  40.878  20.515  16.460 0.0000000000
96540  41.400  18.620  15.480 0.0000000000
96516  43.961  18.694  17.298 0.0000000000
96538  43.192  17.914  15.941 0.0000000000
95698  42.676  17.783  14.465 0.0000000000
105487  44.333  31.703  13.763 0.0000000000
104014  43.880  29.975  13.976 0.0000000000
104764  44.672  30.400  14.268 0.0000000000
133928  46.402  29.173  14.812 0.0000000000
102638  47.729  27.589  14.755 0.0000000000
104756  48.415  29.845  16.468 0.0000000000
104005  48.096  28.645  16.057 0.0000000000
102024  49.250  26.227  14.822 0.0000000000
145254  47.735  25.409  14.867 0.0000000000
101436  46.011  24.862  14.479 0.0000000000
101421  44.162  25.419  15.168 0.0000000000
122976  45.543  32.675  19.565 0.0000000000
105397  46.052  31.972  21.518 0.0000000000
104724  45.166  30.829  19.037 0.0000000000
103957  42.783  29.895  20.504 0.0000000000
103978  43.403  29.427  17.924 0.0000000000
103995  44.451  29.256  16.829 0.0000000000
102626  43.934  27.959  16.250 0.0000000000
102013  43.608  26.343  15.776 0.0000000000
101422  42.883  24.869  15.844 0.0000000000
100265  42.244  24.376  17.154 0.0000000000
99643  42.078  23.052  17.905 0.0000000000
98995  43.079  22.093  18.882 0.0000000000
100837  43.647  25.095  19.194 0.0000000000
99632  43.662  23.272  19.235 0.0000000000
98992  43.860  22.235  19.375 0.0000000000
98990  45.659  21.653  19.899 0.0000000000
106896  45.083  34.032  -0.977 0.0000000000
129081  45.201  32.084  1.041 0.0000000000
105598  46.426  31.474  2.002 0.0000000000
134078  43.635  34.971  7.210 0.0000000000
106854  43.560  33.723  3.173 0.0000000000
106852  45.276  33.137  3.640 0.0000000000
106250  47.616  32.035  3.437 0.0000000000
105589  48.819  31.029  3.067 0.0000000000
129446  49.509  31.593  5.046 0.0000000000
106206  48.636  31.826  6.874 0.0000000000
106174  48.651  32.351  8.459 0.0000000000
106794  49.129  33.290  9.036 0.0000000000
125169  48.589  32.598  9.814 0.0000000000
106797  46.356  33.164  9.915 0.0000000000
121267  45.354  33.415  11.188 0.0000000000
106762  45.204  32.910  13.081 0.0000000000
103299  43.472  28.549  13.684 0.0000000000
102674  43.479  27.093  12.764 0.0000000000
102068  42.845  26.549  10.532 0.0000000000
102075  45.762  25.575  9.770 0.0000000000
133853  44.002  25.898  8.427 0.0000000000
102079  42.100  26.187  8.909 0.0000000000
101502  40.573  25.160  8.096 0.0000000000
100937  40.305  23.875  7.411 0.0000000000
143221  41.189  22.618  14.264 0.0000000000
100300  40.897  23.140  12.884 0.0000000000
99695  39.979  22.947  11.452 0.0000000000
97519  39.145  19.444  11.486 0.0000000000
99705  39.441  22.566  10.198 0.0000000000
97464  51.043  19.237  17.629 0.0000000000
96522  50.303  18.703  16.129 0.0000000000
104016  42.180  29.859  13.656 0.0000000000
104015  43.024  29.885  13.760 0.0000000000
105494  43.058  31.902  13.036 0.0000000000
105489  42.646  31.119  13.380 0.0000000000
105490  41.833  31.036  13.184 0.0000000000
98272  49.810  20.465  20.097 0.0000000000
107349  46.017  34.169  15.317 0.0000000000
131949  46.454  33.795  15.986 0.0000000000
106739  45.485  33.735  15.823 0.0000000000
108013  45.256  35.139  14.081 0.0000000000
108024  44.892  35.880  13.529 0.0000000000
107384  46.262  34.765  14.049 0.0000000000
100865  43.833  23.811  14.653 0.0000000000
102663  37.890  27.114  14.138 0.0000000000
102070  40.919  26.052  11.580 0.0000000000
101470  40.125  25.671  11.640 0.0000000000
121864  40.474  25.791  10.605 0.0000000000
101481  40.957  25.949  9.514 0.0000000000
137520  46.578  32.247  7.291 0.0000000000
106208  45.983  32.102  6.639 0.0000000000
106189  45.444  32.533  7.493 0.0000000000
122287  38.101  28.679  13.850 0.0000000000
104021  37.664  29.234  13.601 0.0000000000
139576  40.743  34.839  15.439 0.0000000000
143726  41.559  34.174  15.355 0.0000000000
106743  40.588  33.781  15.428 0.0000000000
107372  39.871  34.904  15.236 0.0000000000
108030  40.179  35.215  13.241 0.0000000000
107385  40.610  35.320  14.490 0.0000000000
107371  41.390  35.585  14.938 0.0000000000
98285  42.780  21.102  18.504 0.0000000000
98291  42.320  20.481  17.919 0.0000000000
95682  46.088  17.766  15.274 0.0000000000
106129  47.205  32.306  14.650 0.0000000000
106105  48.029  32.003  15.388 0.0000000000
132425  46.881  30.047  17.294 0.0000000000
103993  47.405  29.235  16.617 0.0000000000
103994  45.912  29.671  16.814 0.0000000000
122982  45.173  29.230  16.490 0.0000000000
122623  42.980  31.238  20.856 0.0000000000
104708  42.643  30.795  21.041 0.0000000000
101995  42.220  26.833  18.182 0.0000000000
122012  42.859  25.602  18.222 0.0000000000
100236  43.854  24.228  21.386 0.0000000000
108186  42.271  35.537  1.514 0.0000000000
108197  42.715  35.905  0.905 0.0000000000
108185  42.878  35.105  1.047 0.0000000000
107508  43.235  34.429  1.249 0.0000000000
122117  43.156  34.146  1.868 0.0000000000
125399  41.049  35.229  7.922 0.0000000000
108134  40.943  34.916  7.103 0.0000000000
108103  41.809  35.343  8.195 0.0000000000
108098  47.581  36.498  8.231 0.0000000000
108132  47.207  35.524  6.863 0.0000000000
108131  48.186  35.709  6.920 0.0000000000
134235  47.959  35.280  6.238 0.0000000000
107446  48.572  35.430  6.871 0.0000000000
107452  49.096  34.595  6.346 0.0000000000
108097  48.474  35.411  7.643 0.0000000000
106140  49.602  32.954  13.211 0.0000000000
106141  48.960  32.691  13.472 0.0000000000
102655  47.369  27.024  13.827 0.0000000000
102040  47.230  26.316  12.736 0.0000000000
100912  42.028  24.243  10.268 0.0000000000
100911  43.174  24.492  9.247 0.0000000000
100326  41.678  24.065  9.029 0.0000000000
100327  40.846  23.631  9.724 0.0000000000
96554  40.416  18.957  14.488 0.0000000000
98308  39.590  20.002  14.361 0.0000000000
97485  39.908  19.296  14.058 0.0000000000
103303  39.893  28.297  13.764 0.0000000000
102660  41.807  27.927  13.553 0.0000000000
141381  41.500  27.400  13.368 0.0000000000
102041  41.931  26.875  12.855 0.0000000000
106791  44.428  33.387  10.776 0.0000000000
106798  44.331  33.304  9.742 0.0000000000
143789  43.706  33.280  10.490 0.0000000000
106150  41.750  32.144  12.040 0.0000000000
122559  41.643  32.474  11.257 0.0000000000
144196  40.869  30.236  13.405 0.0000000000
104776  40.194  30.610  13.147 0.0000000000
104770  40.312  29.736  13.535 0.0000000000
98275  45.962  20.756  19.478 0.0000000000
138568  45.392  20.213  18.951 0.0000000000
98281  46.352  20.064  19.020 0.0000000000
97458  47.961  19.545  18.527 0.0000000000
97459  46.808  19.507  18.498 0.0000000000
96506  47.421  19.049  17.843 0.0000000000
96513  47.508  18.594  17.037 0.0000000000
96512  48.838  19.012  17.338 0.0000000000
143120  45.427  33.452  -1.093 0.0000000000
106913  45.975  33.779  -1.501 0.0000000000
106735  49.467  32.953  15.368 0.0000000000
143030  48.827  33.561  15.964 0.0000000000
106716  48.124  32.662  17.748 0.0000000000
106080  47.453  32.760  18.976 0.0000000000
105408  47.645  31.693  19.779 0.0000000000
105395  47.214  31.921  20.896 0.0000000000
102586  40.187  27.809  21.143 0.0000000000
103237  40.608  28.366  21.207 0.0000000000
101997  40.647  26.224  18.671 0.0000000000
101996  41.516  26.563  18.496 0.0000000000
100840  40.979  25.003  18.841 0.0000000000
100246  41.604  23.839  19.992 0.0000000000
100245  42.212  23.578  20.894 0.0000000000
109356  43.799  37.835  10.956 0.0000000000
109349  44.448  38.133  11.574 0.0000000000
108057  45.771  36.693  11.827 0.0000000000
108763  45.795  37.873  10.796 0.0000000000
143063  46.010  37.831  10.841 0.0000000000
108772  46.722  37.075  9.435 0.0000000000
108069  46.774  36.397  10.371 0.0000000000
108068  47.363  35.664  9.923 0.0000000000
108056  46.580  35.809  11.306 0.0000000000
107364  48.267  34.273  14.308 0.0000000000
107382  48.603  34.224  13.331 0.0000000000
107381  49.543  33.536  13.950 0.0000000000
100872  47.985  24.855  13.521 0.0000000000
100885  47.555  24.930  12.473 0.0000000000
100873  46.710  24.586  13.395 0.0000000000
100297  43.537  23.934  13.035 0.0000000000
100889  43.160  24.278  11.937 0.0000000000
100309  41.581  23.602  12.534 0.0000000000
100877  36.959  24.190  13.549 0.0000000000
100876  37.755  24.866  13.401 0.0000000000
102044  39.359  26.769  13.619 0.0000000000
136751  38.879  24.980  11.708 0.0000000000
101461  38.969  25.297  12.596 0.0000000000
100319  37.412  23.773  11.074 0.0000000000
100914  37.999  24.279  10.621 0.0000000000
100923  38.839  24.652  9.226 0.0000000000
100924  38.170  24.298  9.741 0.0000000000
100337  38.383  24.036  8.771 0.0000000000
100934  39.175  24.363  8.263 0.0000000000
104854  48.745  30.258  4.810 0.0000000000
104855  48.152  29.929  4.501 0.0000000000
105558  44.873  31.628  5.419 0.0000000000
105574  45.606  31.045  4.843 0.0000000000
105575  44.417  31.288  4.715 0.0000000000
105576  43.315  31.352  4.593 0.0000000000
107352  43.209  34.605  15.168 0.0000000000
106741  43.508  33.733  15.489 0.0000000000
106093  42.138  31.938  16.285 0.0000000000
121389  42.105  31.347  17.267 0.0000000000
141568  40.293  30.052  18.864 0.0000000000
103960  40.097  29.154  20.659 0.0000000000
109386  36.907  37.030  4.383 0.0000000000
121418  36.655  36.448  5.065 0.0000000000
121750  37.995  35.501  6.291 0.0000000000
122656  38.509  35.358  7.527 0.0000000000
108123  39.322  35.306  7.646 0.0000000000
108058  40.249  36.034  11.614 0.0000000000
108757  40.668  36.570  11.114 0.0000000000
108768  40.685  36.573  10.458 0.0000000000
130811  41.097  36.795  10.839 0.0000000000
108756  41.637  37.063  11.024 0.0000000000
108743  41.814  36.779  11.844 0.0000000000
107370  42.086  35.685  15.006 0.0000000000
108027  42.842  36.445  13.937 0.0000000000
108015  43.480  35.944  14.385 0.0000000000
100270  41.782  23.212  17.014 0.0000000000
98292  41.865  20.051  17.377 0.0000000000
98294  41.348  20.609  17.108 0.0000000000
97471  41.309  19.743  16.669 0.0000000000
97477  40.932  19.259  15.952 0.0000000000
96529  41.700  18.862  16.300 0.0000000000
97467  44.399  19.189  17.880 0.0000000000
95684  44.623  17.650  15.352 0.0000000000
96537  44.084  17.798  16.036 0.0000000000
131129  43.754  17.668  15.275 0.0000000000
95685  42.892  17.775  15.166 0.0000000000
95697  43.435  17.641  14.519 0.0000000000
96572  43.543  17.818  13.080 0.0000000000
96571  44.409  17.803  13.072 0.0000000000
105479  44.852  31.227  14.253 0.0000000000
104009  46.344  29.942  15.074 0.0000000000
103286  47.038  28.466  14.820 0.0000000000
104008  47.285  29.001  15.411 0.0000000000
105433  48.888  30.966  16.828 0.0000000000
105434  49.025  30.509  16.810 0.0000000000
103992  48.064  28.724  16.287 0.0000000000
123502  48.401  29.067  16.725 0.0000000000
103280  47.754  27.802  15.967 0.0000000000
102637  48.504  27.117  15.320 0.0000000000
102008  48.900  26.456  15.241 0.0000000000
101417  49.421  26.040  15.060 0.0000000000
102009  48.771  26.422  15.348 0.0000000000
137713  45.455  26.311  15.084 0.0000000000
101419  46.454  25.658  14.884 0.0000000000
101420  45.198  25.463  14.901 0.0000000000
106091  44.143  32.572  16.841 0.0000000000
106090  45.098  32.867  17.087 0.0000000000
106082  44.833  32.531  18.012 0.0000000000
105398  44.589  31.402  21.231 0.0000000000
106074  45.348  32.309  21.003 0.0000000000
104688  45.323  31.534  21.274 0.0000000000
104706  44.391  30.835  20.642 0.0000000000
103251  41.574  28.920  20.133 0.0000000000
103965  42.102  29.437  20.286 0.0000000000
103265  42.952  28.653  17.695 0.0000000000
103996  44.074  29.542  17.407 0.0000000000
103276  43.767  28.788  16.956 0.0000000000
101412  43.038  25.899  16.182 0.0000000000
140965  43.410  25.415  15.616 0.0000000000
100846  42.473  24.651  16.498 0.0000000000
99640  42.744  22.924  18.585 0.0000000000
100829  42.972  25.196  19.336 0.0000000000
100254  44.512  24.520  20.213 0.0000000000
136149  44.141  24.460  19.592 0.0000000000
99631  44.432  23.561  19.735 0.0000000000
98991  44.789  22.246  19.783 0.0000000000
109980  43.825  38.052  0.646 0.0000000000
134323  44.226  37.555  0.230 0.0000000000
108207  44.508  35.467  -0.529 0.0000000000
106268  44.786  32.598  1.651 0.0000000000
106275  44.615  32.923  0.589 0.0000000000
106267  45.514  31.977  1.708 0.0000000000
105607  46.029  31.417  1.305 0.0000000000
108119  43.209  35.214  7.769 0.0000000000
108118  44.149  35.372  7.810 0.0000000000
107455  45.597  34.727  6.278 0.0000000000
140284  44.619  34.673  6.388 0.0000000000
106824  44.231  34.064  4.969 0.0000000000
106841  44.754  33.609  4.251 0.0000000000
138743  44.361  33.445  3.522 0.0000000000
106840  45.656  33.425  4.275 0.0000000000
106240  46.634  32.906  3.987 0.0000000000
106239  48.343  32.665  4.051 0.0000000000
106249  49.164  31.728  3.696 0.0000000000
106248  49.677  31.483  3.980 0.0000000000
106837  49.550  32.895  4.683 0.0000000000
106808  49.226  33.432  7.025 0.0000000000
106205  49.259  32.390  6.703 0.0000000000
106187  48.910  32.263  7.747 0.0000000000
107431  48.152  34.528  10.138 0.0000000000
107438  48.747  33.936  9.645 0.0000000000
107430  49.000  33.411  10.741 0.0000000000
106789  49.013  32.744  10.400 0.0000000000
123584  48.275  32.740  10.797 0.0000000000
123974  47.823  32.711  10.212 0.0000000000
121227  46.681  33.196  10.785 0.0000000000
106783  46.344  33.298  11.705 0.0000000000
106143  45.713  32.592  13.688 0.0000000000
125303  44.715  32.412  13.501 0.0000000000
132262  44.154  29.141  13.896 0.0000000000
103298  44.498  28.370  13.659 0.0000000000
102055  43.249  26.665  11.657 0.0000000000
102067  44.083  26.473  10.339 0.0000000000
101469  46.164  25.263  10.593 0.0000000000
101480  45.494  25.202  9.270 0.0000000000
101491  43.870  25.220  7.966 0.0000000000
101490  44.820  25.310  8.460 0.0000000000
102087  43.206  25.870  8.218 0.0000000000
102078  43.015  26.365  9.100 0.0000000000
101492  42.557  25.412  7.864 0.0000000000
138157  41.543  25.817  8.518 0.0000000000
101500  42.076  24.997  7.586 0.0000000000
100350  40.613  23.847  7.536 0.0000000000
100349  41.010  24.236  7.563 0.0000000000
141112  39.977  23.417  7.355 0.0000000000
100351  39.513  23.182  7.078 0.0000000000
135748  41.322  22.297  15.537 0.0000000000
139095  41.263  22.458  14.768 0.0000000000
99673  40.303  22.422  13.364 0.0000000000
99674  39.558  21.925  12.941 0.0000000000
99684  40.136  22.731  12.425 0.0000000000
99685  39.411  22.223  12.062 0.0000000000
96606  40.209  18.640  11.423 0.0000000000
96591  40.081  18.825  12.272 0.0000000000
96619  39.546  18.885  10.874 0.0000000000
104017  41.236  29.565  13.618 0.0000000000
122312  41.263  28.810  13.707 0.0000000000
103301  41.928  29.037  13.724 0.0000000000
103300  42.462  28.329  13.621 0.0000000000
106776  43.755  32.910  12.173 0.0000000000
106153  43.090  32.859  11.614 0.0000000000
127001  42.795  32.418  12.305 0.0000000000
105496  41.411  31.474  12.684 0.0000000000
138224  40.639  31.299  12.634 0.0000000000
98268  47.713  21.180  20.308 0.0000000000
98273  48.228  20.546  19.801 0.0000000000
97450  48.786  20.005  19.172 0.0000000000
97457  49.371  19.578  18.477 0.0000000000
107348  47.837  34.176  15.163 0.0000000000
106737  48.568  33.887  15.671 0.0000000000
106738  47.510  33.945  15.945 0.0000000000
106723  47.188  33.566  16.831 0.0000000000
106718  46.979  33.299  18.105 0.0000000000
101983  39.197  26.633  19.717 0.0000000000
101998  39.721  25.861  18.837 0.0000000000
100841  40.007  24.805  18.747 0.0000000000
108740  44.333  37.414  12.729 0.0000000000
108754  44.884  38.112  12.030 0.0000000000
108039  45.384  36.208  12.699 0.0000000000
108038  46.362  35.495  12.240 0.0000000000
130254  47.331  34.560  13.960 0.0000000000
100864  45.561  24.386  14.146 0.0000000000
100874  45.516  24.300  13.352 0.0000000000
122744  44.658  23.917  14.121 0.0000000000
138281  43.883  23.625  13.955 0.0000000000
145111  43.139  23.564  13.674 0.0000000000
102058  39.711  25.832  12.811 0.0000000000
101472  39.111  25.096  10.731 0.0000000000
144600  39.494  25.352  10.223 0.0000000000
101483  39.321  25.177  9.671 0.0000000000
101494  39.966  25.423  8.951 0.0000000000
105542  48.211  31.342  6.155 0.0000000000
105556  47.423  31.048  5.569 0.0000000000
105543  46.811  31.594  6.145 0.0000000000
106224  45.274  31.915  6.079 0.0000000000
106225  44.295  32.098  6.030 0.0000000000
104773  37.974  29.848  13.335 0.0000000000
103289  36.594  27.871  14.240 0.0000000000
102640  36.772  27.246  14.351 0.0000000000
107353  42.267  34.938  15.225 0.0000000000
106742  42.620  33.917  15.376 0.0000000000
144050  41.349  33.209  15.480 0.0000000000
108044  38.869  35.145  11.955 0.0000000000
108043  39.782  35.434  12.231 0.0000000000
108042  40.589  35.746  12.468 0.0000000000
108041  41.480  36.101  12.768 0.0000000000
108018  41.494  35.762  13.945 0.0000000000
98997  41.946  22.067  18.054 0.0000000000
99003  41.577  21.351  17.517 0.0000000000
99002  42.023  21.251  18.076 0.0000000000
128023  42.645  19.682  17.608 0.0000000000
96525  45.343  18.113  16.730 0.0000000000
95673  45.754  17.834  16.046 0.0000000000
95695  45.292  17.646  14.660 0.0000000000
95707  44.812  17.644  13.801 0.0000000000
106130  46.198  32.258  14.321 0.0000000000
105478  45.721  31.534  14.587 0.0000000000
105477  46.715  31.812  14.959 0.0000000000
104702  48.852  30.372  17.794 0.0000000000
104721  48.959  29.895  17.586 0.0000000000
103976  48.370  29.454  17.285 0.0000000000
139691  47.387  28.593  16.213 0.0000000000
102630  47.183  27.524  15.666 0.0000000000
103281  46.629  28.251  15.838 0.0000000000
102631  45.851  27.752  15.495 0.0000000000
122164  45.109  27.116  15.327 0.0000000000
105421  43.476  31.791  18.165 0.0000000000
105411  44.352  32.208  19.485 0.0000000000
105412  43.353  31.614  19.930 0.0000000000
105399  43.560  31.321  21.118 0.0000000000
104690  43.317  30.871  21.399 0.0000000000
102622  42.679  27.824  17.596 0.0000000000
102627  43.007  27.160  16.945 0.0000000000
102004  42.905  26.442  16.901 0.0000000000
100843  42.627  25.368  17.372 0.0000000000
139364  43.444  24.933  18.766 0.0000000000
100255  43.953  24.925  19.572 0.0000000000
109426  42.797  37.732  1.010 0.0000000000
130985  43.310  36.341  0.422 0.0000000000
108852  43.884  35.917  -0.089 0.0000000000
108208  43.843  35.056  -0.028 0.0000000000
107521  43.448  34.723  0.603 0.0000000000
106873  44.224  33.196  1.251 0.0000000000
106261  44.726  32.824  2.365 0.0000000000
108143  39.388  35.319  5.441 0.0000000000
120987  40.222  35.044  4.924 0.0000000000
108142  40.205  34.926  5.784 0.0000000000
138805  41.570  34.574  5.912 0.0000000000
136949  46.142  36.502  8.615 0.0000000000
124835  45.111  35.471  7.640 0.0000000000
108117  46.305  35.671  7.458 0.0000000000
108133  46.167  35.182  6.742 0.0000000000
107463  46.178  34.408  5.656 0.0000000000
127317  46.417  33.536  4.574 0.0000000000
107462  47.490  34.635  5.680 0.0000000000
106821  48.515  34.164  5.178 0.0000000000
106820  49.452  33.640  5.097 0.0000000000
106802  49.243  33.164  8.133 0.0000000000
107419  49.405  33.169  12.103 0.0000000000
106780  49.334  33.012  11.420 0.0000000000
126993  49.301  32.957  11.891 0.0000000000
139275  48.778  32.768  11.839 0.0000000000
106773  47.543  32.928  12.246 0.0000000000
106760  47.619  32.834  13.085 0.0000000000
103297  45.512  28.179  13.774 0.0000000000
102657  45.039  27.564  13.289 0.0000000000
102672  45.809  26.750  12.616 0.0000000000
122440  45.784  26.122  10.788 0.0000000000
138161  45.082  24.772  9.808 0.0000000000
100909  45.327  24.992  8.878 0.0000000000
100910  44.397  24.724  9.083 0.0000000000
100920  43.639  24.853  8.126 0.0000000000
100931  42.064  24.652  7.771 0.0000000000
100335  41.629  24.175  7.920 0.0000000000
100342  40.865  23.781  7.735 0.0000000000
100343  40.308  23.233  8.228 0.0000000000
99011  40.319  21.006  15.382 0.0000000000
99022  40.104  21.345  14.576 0.0000000000
136696  39.878  20.623  14.735 0.0000000000
99023  39.589  20.766  14.092 0.0000000000
98320  39.340  20.267  13.655 0.0000000000
103304  38.892  28.392  13.864 0.0000000000
142025  38.658  27.434  13.948 0.0000000000
103302  40.939  28.061  13.676 0.0000000000
102661  40.795  27.267  13.456 0.0000000000
134728  40.850  26.374  12.593 0.0000000000
102069  41.814  26.346  11.135 0.0000000000
106804  45.016  33.077  8.977 0.0000000000
106177  44.676  32.852  8.246 0.0000000000
106805  43.590  33.135  9.136 0.0000000000
106792  42.936  33.036  10.771 0.0000000000
104777  39.264  30.710  12.891 0.0000000000
107422  38.117  34.687  12.135 0.0000000000
136858  38.924  34.446  13.845 0.0000000000
107373  39.060  34.618  15.090 0.0000000000
98277  44.162  21.282  19.220 0.0000000000
98283  44.491  20.419  18.823 0.0000000000
131286  44.870  19.685  18.423 0.0000000000
97460  45.292  19.045  17.966 0.0000000000
96507  46.239  19.000  17.978 0.0000000000
96514  45.754  18.561  17.392 0.0000000000
96524  46.370  18.235  16.688 0.0000000000
121381  47.426  18.281  16.231 0.0000000000
106127  49.677  32.848  14.144 0.0000000000
106104  49.206  32.530  15.071 0.0000000000
106126  49.596  32.834  14.814 0.0000000000
106088  48.999  32.516  16.128 0.0000000000
106089  48.791  31.839  17.004 0.0000000000
144601  48.326  33.086  16.981 0.0000000000
106078  48.478  31.951  17.480 0.0000000000
105420  48.906  31.036  17.617 0.0000000000
104703  48.353  30.884  18.356 0.0000000000
104704  47.472  31.432  19.409 0.0000000000
104723  46.453  30.867  18.441 0.0000000000
103959  41.005  29.395  21.171 0.0000000000
104692  42.031  30.164  21.163 0.0000000000
103242  41.096  28.594  20.967 0.0000000000
102594  40.787  27.911  19.528 0.0000000000
136600  40.183  27.573  19.934 0.0000000000
131352  41.402  27.404  18.628 0.0000000000
144191  42.354  24.646  19.690 0.0000000000
134005  43.233  24.271  20.829 0.0000000000
108171  41.874  35.287  2.200 0.0000000000
108083  42.891  36.227  9.320 0.0000000000
108102  42.660  35.534  8.445 0.0000000000
108775  43.945  36.676  9.635 0.0000000000
108784  44.669  36.487  9.157 0.0000000000
109348  45.149  38.194  11.303 0.0000000000
108764  45.240  37.880  10.618 0.0000000000
108783  45.706  36.850  9.188 0.0000000000
108782  46.850  36.954  8.946 0.0000000000
108082  47.247  36.692  8.729 0.0000000000
136762  48.008  36.252  8.128 0.0000000000
144527  48.527  34.113  10.785 0.0000000000
107421  47.582  34.757  11.763 0.0000000000
107402  49.587  33.219  13.008 0.0000000000
106759  49.897  33.011  13.731 0.0000000000
100884  48.726  25.399  13.368 0.0000000000
102052  47.350  25.635  12.044 0.0000000000
101459  47.963  25.317  12.600 0.0000000000
100897  46.897  24.973  11.501 0.0000000000
100898  46.171  24.867  11.067 0.0000000000
100887  45.346  24.484  12.199 0.0000000000
100899  45.184  24.661  10.949 0.0000000000
100900  44.129  24.550  10.809 0.0000000000
129176  40.978  23.577  11.575 0.0000000000
143623  41.845  18.202  13.164 0.0000000000
96590  40.673  18.628  12.813 0.0000000000
96589  41.430  18.367  12.565 0.0000000000
137688  37.025  23.674  12.856 0.0000000000
101452  38.436  25.240  13.174 0.0000000000
100310  37.258  23.666  12.047 0.0000000000
100320  36.762  23.248  11.500 0.0000000000
100338  37.713  23.476  8.805 0.0000000000
105573  46.926  30.709  4.974 0.0000000000
104875  46.003  29.851  3.688 0.0000000000
106190  44.219  32.656  7.480 0.0000000000
106210  43.789  32.448  6.698 0.0000000000
107367  44.695  34.808  14.654 0.0000000000
106740  44.744  33.793  15.590 0.0000000000
106106  43.049  33.153  15.703 0.0000000000
106092  43.102  32.428  16.343 0.0000000000
105435  43.511  32.098  17.155 0.0000000000
105422  42.684  31.422  18.399 0.0000000000
103966  41.094  30.105  20.475 0.0000000000
103953  40.491  28.725  21.236 0.0000000000
102587  39.542  27.513  20.995 0.0000000000
108151  37.946  35.979  4.914 0.0000000000
108146  36.681  35.924  5.773 0.0000000000
108145  37.560  35.735  5.693 0.0000000000
108144  38.807  35.353  6.195 0.0000000000
142056  39.681  35.148  7.001 0.0000000000
108122  40.213  35.208  7.598 0.0000000000
133668  41.276  35.571  8.694 0.0000000000
131068  38.731  35.727  10.986 0.0000000000
108085  40.106  35.812  9.290 0.0000000000
143379  40.841  35.793  9.141 0.0000000000
136806  41.388  35.979  9.310 0.0000000000
108766  42.219  37.116  10.634 0.0000000000
109351  42.955  37.549  10.932 0.0000000000
109350  43.462  37.693  11.685 0.0000000000
108731  42.242  36.606  12.678 0.0000000000
108730  42.897  36.847  13.123 0.0000000000
108729  43.526  36.855  13.398 0.0000000000
108025  44.040  36.510  13.673 0.0000000000
108014  44.329  35.600  14.200 0.0000000000
100273  42.371  23.238  15.457 0.0000000000
100272  43.044  23.555  15.057 0.0000000000
99010  40.913  21.603  15.887 0.0000000000
99006  41.156  21.356  16.698 0.0000000000
99007  40.681  20.985  16.090 0.0000000000
98299  40.485  20.395  15.820 0.0000000000
96541  40.633  19.014  15.196 0.0000000000
96553  41.196  18.516  14.504 0.0000000000
97468  43.522  19.403  17.766 0.0000000000
96517  43.043  18.893  17.225 0.0000000000
96526  44.454  18.143  16.713 0.0000000000
96527  43.560  18.274  16.654 0.0000000000
96528  42.636  18.500  16.527 0.0000000000
96539  42.295  18.215  15.751 0.0000000000
95686  42.059  18.089  14.895 0.0000000000
96573  42.096  18.019  13.946 0.0000000000
122208  42.633  17.943  13.136 0.0000000000
105488  43.509  31.410  13.522 0.0000000000
104767  43.273  30.615  13.728 0.0000000000
104766  44.059  30.882  13.920 0.0000000000
104011  44.726  29.659  14.190 0.0000000000
104763  45.477  30.672  14.635 0.0000000000
130456  45.297  30.031  14.521 0.0000000000
104010  45.568  29.451  14.468 0.0000000000
103287  45.971  28.713  14.339 0.0000000000
103296  46.595  27.910  14.155 0.0000000000
142055  48.016  31.214  15.979 0.0000000000
143551  48.056  30.653  16.160 0.0000000000
104006  47.796  29.458  15.870 0.0000000000
104739  48.593  29.683  17.367 0.0000000000
103285  47.868  28.118  15.441 0.0000000000
102654  48.478  26.676  14.380 0.0000000000
101450  49.175  25.607  14.063 0.0000000000
101435  48.228  25.129  14.420 0.0000000000
139187  47.093  25.032  14.537 0.0000000000
102010  47.764  26.074  15.276 0.0000000000
101437  44.890  24.627  14.665 0.0000000000
101438  43.855  24.450  15.058 0.0000000000
106081  45.921  32.981  18.149 0.0000000000
106073  46.213  32.603  20.723 0.0000000000
105396  46.701  32.005  21.499 0.0000000000
104705  46.387  31.504  20.563 0.0000000000
103958  42.426  30.157  21.132 0.0000000000
138892  43.014  30.428  21.261 0.0000000000
104707  43.485  30.479  20.743 0.0000000000
103979  42.633  29.358  18.807 0.0000000000
103964  43.225  29.874  19.140 0.0000000000
103963  43.981  30.242  18.616 0.0000000000
103977  44.841  29.913  17.399 0.0000000000
103275  44.542  28.636  16.308 0.0000000000
102632  44.764  27.906  15.733 0.0000000000
102633  44.161  27.185  15.724 0.0000000000
102003  43.488  27.211  16.309 0.0000000000
100850  42.637  23.936  15.749 0.0000000000
100269  42.170  23.667  16.315 0.0000000000
140501  43.461  21.438  18.942 0.0000000000
100838  43.265  25.244  18.775 0.0000000000
100261  43.676  24.455  19.032 0.0000000000
98989  46.581  21.342  20.044 0.0000000000
106283  45.059  33.073  -0.533 0.0000000000
106897  44.450  33.729  -0.107 0.0000000000
106274  45.158  32.343  0.215 0.0000000000
105616  45.795  31.506  0.442 0.0000000000
105606  47.220  30.597  1.599 0.0000000000
105597  47.919  30.675  2.307 0.0000000000
107499  42.170  34.790  2.574 0.0000000000
108120  42.299  35.050  7.592 0.0000000000
107449  42.860  34.751  6.851 0.0000000000
107448  44.372  35.011  7.078 0.0000000000
107489  42.837  34.169  3.767 0.0000000000
107498  42.820  34.233  2.660 0.0000000000
106864  43.569  33.678  2.298 0.0000000000
106853  44.272  33.265  2.776 0.0000000000
106252  45.053  32.844  2.965 0.0000000000
106251  46.080  32.459  3.222 0.0000000000
106259  46.960  31.663  2.723 0.0000000000
105596  49.387  29.989  2.846 0.0000000000
105588  49.531  30.666  3.565 0.0000000000
105554  49.379  31.041  5.158 0.0000000000
106223  49.558  32.528  5.326 0.0000000000
105541  49.205  31.474  5.874 0.0000000000
106188  47.800  32.130  7.704 0.0000000000
106175  47.239  32.529  8.600 0.0000000000
107442  48.468  34.779  8.573 0.0000000000
134766  48.901  34.181  8.128 0.0000000000
137226  49.230  32.948  10.908 0.0000000000
106795  49.128  32.747  9.601 0.0000000000
106164  49.177  32.658  8.863 0.0000000000
106165  48.558  32.495  9.196 0.0000000000
106796  47.434  32.683  9.495 0.0000000000
106803  46.103  32.946  9.146 0.0000000000
106790  45.360  33.393  10.316 0.0000000000
106774  45.919  33.225  12.537 0.0000000000
122590  45.284  33.350  11.918 0.0000000000
106775  44.750  33.127  12.415 0.0000000000
129836  44.252  32.707  12.915 0.0000000000
106144  43.863  32.131  13.275 0.0000000000
141662  43.441  29.339  13.837 0.0000000000
130144  43.150  27.838  13.409 0.0000000000
102658  43.996  27.735  13.323 0.0000000000
102675  42.668  26.856  12.570 0.0000000000
102056  42.303  26.548  11.890 0.0000000000
102064  46.669  25.560  11.247 0.0000000000
102065  46.091  25.672  10.542 0.0000000000
102066  45.359  26.061  9.902 0.0000000000
101489  45.190  25.110  8.675 0.0000000000
102077  44.733  26.013  8.997 0.0000000000
128637  43.736  26.373  9.403 0.0000000000
140172  42.165  26.389  10.041 0.0000000000
101493  40.694  25.656  8.756 0.0000000000
101507  41.529  24.627  7.667 0.0000000000
100932  40.882  24.573  7.639 0.0000000000
100933  40.041  24.518  7.763 0.0000000000
100938  39.534  23.795  7.479 0.0000000000
100288  42.547  23.157  14.735 0.0000000000
100298  42.499  23.334  13.917 0.0000000000
100299  41.688  23.306  13.403 0.0000000000
99662  40.592  22.192  14.248 0.0000000000
99672  41.074  22.786  13.747 0.0000000000
100317  40.461  23.378  10.620 0.0000000000
97499  39.968  19.074  13.157 0.0000000000
127656  39.433  19.462  12.463 0.0000000000
142727  38.912  20.623  12.551 0.0000000000
98332  38.836  20.060  12.040 0.0000000000
99046  39.038  21.372  12.440 0.0000000000
99057  38.880  21.664  11.643 0.0000000000
99696  39.371  22.419  11.154 0.0000000000
100318  39.849  22.963  10.653 0.0000000000
100328  40.169  23.207  9.636 0.0000000000
99711  39.609  22.683  9.020 0.0000000000
97465  49.983  19.331  17.725 0.0000000000
96511  50.602  19.099  16.941 0.0000000000
95683  45.341  17.692  15.485 0.0000000000
95708  43.927  17.635  13.800 0.0000000000
95709  43.030  17.719  13.813 0.0000000000
96509  51.292  19.147  18.137 0.0000000000
96574  41.398  18.366  13.698 0.0000000000
96607  39.654  19.030  11.720 0.0000000000
97456  50.828  19.412  18.246 0.0000000000
97472  40.722  19.896  16.147 0.0000000000
97478  40.428  19.702  15.556 0.0000000000
98331  39.095  20.124  12.952 0.0000000000
98338  38.562  20.406  11.469 0.0000000000
99047  38.642  20.853  11.955 0.0000000000
100289  41.763  22.944  14.293 0.0000000000
100344  38.861  23.821  7.846 0.0000000000
101418  48.800  25.700  15.082 0.0000000000
101434  49.240  25.618  14.555 0.0000000000
101449  49.409  25.889  14.563 0.0000000000
101501  41.357  25.014  7.669 0.0000000000
102039  49.095  25.924  13.870 0.0000000000
102051  48.292  25.769  12.900 0.0000000000
102076  45.369  25.499  8.995 0.0000000000
102625  47.906  27.965  16.114 0.0000000000
103238  40.154  27.965  21.373 0.0000000000
104677  43.568  31.004  21.468 0.0000000000
104678  43.213  30.942  21.370 0.0000000000
104856  46.543  30.268  4.358 0.0000000000
105407  48.180  31.246  18.558 0.0000000000
105410  46.418  31.891  21.525 0.0000000000
105432  48.756  31.947  16.272 0.0000000000
105571  49.601  31.239  4.497 0.0000000000
105572  48.020  30.453  5.096 0.0000000000
106066  46.965  32.479  20.718 0.0000000000
106067  46.296  32.335  21.316 0.0000000000
106072  47.689  32.149  19.776 0.0000000000
106103  49.096  32.555  15.453 0.0000000000
106108  41.580  32.484  15.728 0.0000000000
106159  42.043  32.738  10.663 0.0000000000
106186  49.197  32.626  7.718 0.0000000000
106237  49.573  32.052  4.520 0.0000000000
106238  49.389  32.396  4.244 0.0000000000
106722  48.630  32.501  16.858 0.0000000000
106736  49.268  33.430  15.430 0.0000000000
106761  46.267  32.936  13.216 0.0000000000
106785  43.688  33.192  11.270 0.0000000000
106788  49.131  33.001  10.161 0.0000000000
106822  46.948  34.012  5.104 0.0000000000
106874  43.688  33.740  1.426 0.0000000000
107350  45.116  34.226  15.192 0.0000000000
107368  43.788  35.129  14.744 0.0000000000
107383  47.045  34.753  13.431 0.0000000000
107386  39.714  34.783  14.171 0.0000000000
107406  38.541  34.532  12.842 0.0000000000
107459  40.928  34.714  6.240 0.0000000000
107461  49.119  34.490  5.667 0.0000000000
107464  44.989  34.339  5.670 0.0000000000
107520  43.943  34.281  0.237 0.0000000000
107535  44.431  34.572  -0.424 0.0000000000
108016  42.768  36.055  14.529 0.0000000000
108017  42.160  36.009  14.452 0.0000000000
108116  47.604  36.150  7.608 0.0000000000
108121  41.556  35.017  7.500 0.0000000000
108137  38.400  35.369  6.794 0.0000000000
108741  43.581  37.401  12.618 0.0000000000
108753  45.545  37.907  11.439 0.0000000000
108755  42.441  37.318  11.332 0.0000000000
108762  46.321  37.389  10.199 0.0000000000
108774  45.028  37.246  9.818 0.0000000000
108776  41.959  36.529  9.837 0.0000000000
108777  40.894  36.348  9.780 0.0000000000
108840  42.678  36.767  0.863 0.0000000000
109355  44.648  38.137  11.008 0.0000000000
109376  35.143  37.057  5.277 0.0000000000
109425  43.418  37.207  0.487 0.0000000000
125646  40.103  19.515  14.826 0.0000000000
125740  42.162  30.563  13.464 0.0000000000
126403  38.423  35.573  5.544 0.0000000000
126992  41.196  18.442  13.189 0.0000000000
128482  45.448  26.485  11.851 0.0000000000
130330  41.504  25.359  7.932 0.0000000000
130661  47.920  26.860  15.582 0.0000000000
131534  45.875  36.016  8.081 0.0000000000
132794  45.966  31.766  6.109 0.0000000000
133917  46.496  32.482  7.873 0.0000000000
133990  39.566  35.159  6.307 0.0000000000
135249  44.199  33.589  15.669 0.0000000000
136131  42.636  24.421  8.748 0.0000000000
136321  41.217  36.751  11.280 0.0000000000
136398  40.634  35.175  15.277 0.0000000000
139240  48.239  33.575  16.497 0.0000000000
139938  45.830  25.832  10.117 0.0000000000
141317  37.302  36.411  4.758 0.0000000000
142000  48.431  25.018  13.056 0.0000000000
143883  48.513  34.876  5.800 0.0000000000
144740  44.707  33.169  3.231 0.0000000000
145447  43.652  34.138  0.818 0.0000000000
145927  46.847  34.137  15.430 0.0000000000
