#!ascii label  , from subject sub-v1s11x0050168_ses-1 vox2ras=TkReg
1476
54428  -34.193  -11.460  51.497 0.0000000000
64334  -46.250  -2.531  28.966 0.0000000000
64225  -36.973  -1.771  40.409 0.0000000000
43620  -4.283  -22.858  46.396 0.0000000000
43480  -21.852  -21.678  56.017 0.0000000000
110512  -4.385  -14.077  46.614 0.0000000000
50390  -3.504  -15.460  51.670 0.0000000000
65219  -42.053  -2.104  34.732 0.0000000000
54517  -6.748  -11.268  41.897 0.0000000000
42474  -2.882  -24.169  53.861 0.0000000000
54490  -29.808  -11.176  45.719 0.0000000000
50394  -28.733  -14.439  51.416 0.0000000000
50366  -27.329  -14.366  54.827 0.0000000000
65274  -48.715  -1.616  26.308 0.0000000000
65192  -39.731  -0.987  37.755 0.0000000000
123923  -18.793  -19.359  51.792 0.0000000000
59828  -5.229  -6.957  44.118 0.0000000000
47528  -8.555  -18.249  47.035 0.0000000000
129093  -7.871  -16.940  42.758 0.0000000000
44677  -3.820  -21.448  42.753 0.0000000000
47411  -8.770  -18.587  58.834 0.0000000000
46456  -3.602  -19.432  59.432 0.0000000000
62021  -35.476  -4.357  42.762 0.0000000000
50321  -25.899  -14.754  58.868 0.0000000000
46516  -22.684  -20.546  53.694 0.0000000000
50418  -3.907  -14.860  48.960 0.0000000000
46545  -7.088  -19.102  50.948 0.0000000000
116437  -44.472  -3.025  32.502 0.0000000000
48393  -11.583  -17.473  55.866 0.0000000000
48406  -15.425  -17.571  54.695 0.0000000000
53560  -5.107  -12.817  43.700 0.0000000000
50493  -5.712  -15.744  39.148 0.0000000000
52473  -5.734  -14.088  55.128 0.0000000000
46500  -4.573  -19.247  54.992 0.0000000000
43557  -3.815  -22.862  50.139 0.0000000000
54447  -34.761  -10.992  50.075 0.0000000000
53499  -30.916  -13.077  49.905 0.0000000000
54455  -32.432  -11.184  48.611 0.0000000000
51462  -30.547  -13.708  51.215 0.0000000000
50413  -29.296  -14.414  49.335 0.0000000000
52497  -31.116  -12.996  53.654 0.0000000000
64345  -47.918  -2.009  27.460 0.0000000000
63302  -43.711  -3.227  28.810 0.0000000000
64343  -45.423  -2.539  26.813 0.0000000000
64358  -46.074  -2.294  25.723 0.0000000000
65185  -38.383  -1.237  38.528 0.0000000000
62058  -34.362  -4.506  39.567 0.0000000000
63219  -35.179  -3.158  37.929 0.0000000000
64261  -36.315  -2.541  36.771 0.0000000000
45637  -6.631  -20.633  46.453 0.0000000000
45666  -7.064  -20.266  45.012 0.0000000000
44666  -4.210  -21.935  44.206 0.0000000000
120589  -3.628  -23.881  42.819 0.0000000000
110376  -3.740  -23.771  44.481 0.0000000000
110905  -8.233  -20.141  55.979 0.0000000000
44518  -6.994  -21.506  57.504 0.0000000000
60884  -35.631  -5.664  43.953 0.0000000000
55498  -33.775  -9.874  44.544 0.0000000000
55505  -30.803  -10.437  43.303 0.0000000000
56586  -34.053  -9.174  42.970 0.0000000000
57741  -33.819  -8.074  41.267 0.0000000000
124532  -28.342  -12.145  57.771 0.0000000000
49370  -24.210  -15.628  52.568 0.0000000000
49362  -24.298  -16.015  54.668 0.0000000000
66245  -48.875  -0.519  23.906 0.0000000000
67149  -49.789  0.851  23.277 0.0000000000
127970  -3.577  -15.168  50.252 0.0000000000
48438  -5.428  -16.752  50.130 0.0000000000
123223  -5.095  -17.052  51.688 0.0000000000
64300  -43.373  -2.836  33.702 0.0000000000
63253  -38.904  -2.967  34.248 0.0000000000
62112  -40.567  -4.295  32.929 0.0000000000
62125  -41.192  -4.729  31.717 0.0000000000
48367  -12.106  -16.513  59.130 0.0000000000
48377  -13.725  -16.821  58.229 0.0000000000
125775  -4.130  -12.125  46.866 0.0000000000
55477  -4.437  -10.953  45.749 0.0000000000
51525  -4.907  -13.893  45.136 0.0000000000
47586  -4.702  -18.895  40.889 0.0000000000
49488  -6.085  -16.317  40.856 0.0000000000
46675  -5.156  -18.837  40.032 0.0000000000
52450  -7.483  -14.115  56.948 0.0000000000
44516  -3.153  -22.030  57.381 0.0000000000
46480  -3.277  -19.402  56.910 0.0000000000
44551  -3.138  -21.492  54.684 0.0000000000
44573  -4.086  -21.564  52.521 0.0000000000
42502  -3.130  -23.518  51.986 0.0000000000
107239  -32.996  -10.589  46.981 0.0000000000
54406  -29.968  -12.034  56.119 0.0000000000
53471  -30.546  -12.675  54.777 0.0000000000
124329  -27.935  -14.372  52.916 0.0000000000
119806  -49.953  -0.543  25.418 0.0000000000
65289  -47.568  -1.172  24.243 0.0000000000
65200  -40.783  -1.200  36.572 0.0000000000
64284  -37.966  -2.427  35.299 0.0000000000
111119  -21.568  -22.910  53.389 0.0000000000
44555  -20.342  -21.488  54.199 0.0000000000
57721  -5.314  -8.796  42.719 0.0000000000
49432  -7.063  -15.966  46.462 0.0000000000
50455  -6.322  -14.904  45.028 0.0000000000
47557  -8.539  -18.204  44.471 0.0000000000
47566  -6.424  -19.008  42.714 0.0000000000
44718  -4.281  -20.698  41.387 0.0000000000
49300  -9.206  -15.898  60.874 0.0000000000
50283  -6.299  -16.257  60.227 0.0000000000
45489  -6.280  -19.789  60.243 0.0000000000
43449  -5.185  -22.614  58.360 0.0000000000
63174  -35.894  -2.998  41.442 0.0000000000
59885  -33.912  -6.097  40.253 0.0000000000
47425  -22.701  -18.849  57.939 0.0000000000
51380  -27.225  -14.224  57.077 0.0000000000
48399  -23.323  -17.514  56.025 0.0000000000
46494  -22.577  -20.853  55.239 0.0000000000
54458  -3.652  -12.210  47.637 0.0000000000
53501  -3.328  -12.729  48.705 0.0000000000
51495  -4.213  -14.483  47.552 0.0000000000
49402  -5.847  -16.417  48.570 0.0000000000
47504  -7.748  -18.425  49.218 0.0000000000
114964  -6.328  -20.649  48.510 0.0000000000
127114  -45.382  -2.712  30.796 0.0000000000
62149  -42.186  -4.008  29.841 0.0000000000
48345  -10.835  -16.260  60.271 0.0000000000
47421  -10.216  -17.618  57.330 0.0000000000
46502  -10.041  -18.825  54.569 0.0000000000
46493  -18.685  -19.322  55.229 0.0000000000
47429  -16.860  -18.191  56.293 0.0000000000
48379  -15.234  -17.456  57.631 0.0000000000
48395  -13.884  -17.327  55.399 0.0000000000
47453  -11.385  -18.329  53.189 0.0000000000
129334  -5.427  -7.627  46.068 0.0000000000
56577  -4.848  -9.707  43.368 0.0000000000
53573  -5.752  -11.907  41.939 0.0000000000
50463  -7.136  -14.765  42.882 0.0000000000
51560  -5.978  -14.210  40.705 0.0000000000
129317  -6.158  -13.668  40.306 0.0000000000
51409  -3.989  -14.443  53.802 0.0000000000
50313  -3.682  -15.706  57.960 0.0000000000
49356  -3.201  -16.203  55.266 0.0000000000
48410  -4.103  -16.986  53.540 0.0000000000
46520  -5.903  -19.450  53.193 0.0000000000
44594  -4.847  -21.349  50.553 0.0000000000
43592  -4.040  -22.936  48.245 0.0000000000
116541  -1.980  -26.705  51.559 0.0000000000
40529  -2.414  -25.226  49.405 0.0000000000
41583  -4.033  -24.442  45.715 0.0000000000
54438  -33.887  -11.354  50.634 0.0000000000
54429  -35.316  -11.218  51.866 0.0000000000
53492  -32.157  -12.396  50.674 0.0000000000
54437  -32.799  -11.703  50.294 0.0000000000
53483  -32.412  -12.472  51.467 0.0000000000
53491  -30.822  -13.378  50.367 0.0000000000
123292  -34.454  -11.462  52.151 0.0000000000
53480  -32.526  -12.524  52.317 0.0000000000
118553  -46.989  -2.361  28.522 0.0000000000
63304  -45.397  -2.702  28.629 0.0000000000
63313  -44.463  -2.758  27.202 0.0000000000
63314  -45.356  -2.648  27.673 0.0000000000
64344  -46.223  -2.495  27.233 0.0000000000
65168  -37.603  -1.418  39.920 0.0000000000
66053  -39.108  -0.702  39.973 0.0000000000
66046  -38.832  -0.683  40.981 0.0000000000
63210  -34.668  -3.662  38.408 0.0000000000
125860  -36.357  -2.299  39.189 0.0000000000
119149  -36.906  -1.914  38.504 0.0000000000
44644  -4.884  -21.834  46.725 0.0000000000
114810  -4.856  -21.769  45.665 0.0000000000
112868  -4.348  -22.178  45.055 0.0000000000
123454  -3.767  -22.991  44.275 0.0000000000
42577  -4.058  -23.370  45.129 0.0000000000
45538  -8.458  -20.208  54.353 0.0000000000
44543  -7.759  -20.765  55.554 0.0000000000
56573  -35.194  -9.197  44.929 0.0000000000
55509  -33.799  -9.672  43.820 0.0000000000
57716  -34.946  -8.418  43.714 0.0000000000
58780  -34.738  -7.995  43.118 0.0000000000
66247  -50.385  -0.185  24.607 0.0000000000
67140  -49.206  0.265  23.445 0.0000000000
67988  -51.900  0.902  24.934 0.0000000000
117136  -3.518  -15.155  50.864 0.0000000000
49377  -4.104  -15.889  50.789 0.0000000000
49372  -3.993  -16.162  51.575 0.0000000000
64289  -42.743  -2.489  34.260 0.0000000000
65221  -44.113  -1.638  34.849 0.0000000000
64287  -40.278  -2.522  34.595 0.0000000000
63265  -40.175  -3.695  33.509 0.0000000000
63256  -41.504  -3.120  33.820 0.0000000000
112738  -41.762  -3.603  33.299 0.0000000000
48360  -14.550  -16.884  60.348 0.0000000000
48361  -15.157  -17.423  59.851 0.0000000000
45505  -21.945  -20.220  58.113 0.0000000000
44523  -21.415  -21.329  56.998 0.0000000000
109908  -7.214  -9.726  42.212 0.0000000000
53524  -4.224  -12.859  46.921 0.0000000000
53542  -4.328  -12.975  46.405 0.0000000000
52603  -4.423  -13.634  45.945 0.0000000000
46656  -4.439  -19.760  41.025 0.0000000000
47598  -4.858  -18.781  40.477 0.0000000000
46658  -5.674  -19.667  40.232 0.0000000000
107866  -8.932  -13.886  56.311 0.0000000000
52440  -8.275  -14.079  57.806 0.0000000000
42451  -3.045  -23.947  55.571 0.0000000000
129669  -2.949  -21.749  56.055 0.0000000000
43512  -3.002  -22.944  54.184 0.0000000000
43513  -3.297  -22.402  53.322 0.0000000000
42488  -2.895  -23.783  52.924 0.0000000000
55458  -34.443  -10.565  48.117 0.0000000000
54467  -32.234  -10.889  47.756 0.0000000000
113520  -34.961  -10.354  47.278 0.0000000000
55473  -34.941  -10.170  46.526 0.0000000000
51443  -30.081  -13.883  52.341 0.0000000000
51424  -29.957  -13.751  53.262 0.0000000000
50388  -28.453  -14.442  52.235 0.0000000000
108261  -26.228  -14.971  51.818 0.0000000000
65275  -49.248  -1.320  25.855 0.0000000000
65273  -48.072  -1.947  25.791 0.0000000000
65282  -47.085  -1.629  24.753 0.0000000000
126533  -48.716  -1.653  25.639 0.0000000000
122585  -49.024  -1.397  25.164 0.0000000000
65193  -40.095  -1.140  37.125 0.0000000000
66070  -41.333  -0.363  37.853 0.0000000000
66062  -41.459  -0.018  38.663 0.0000000000
64251  -38.034  -1.808  36.892 0.0000000000
64270  -36.810  -2.488  36.029 0.0000000000
64263  -38.937  -1.749  36.298 0.0000000000
64273  -39.177  -2.062  35.506 0.0000000000
59827  -4.848  -6.289  43.413 0.0000000000
59836  -5.132  -6.819  42.194 0.0000000000
58759  -4.974  -7.277  43.207 0.0000000000
48469  -7.810  -16.501  46.765 0.0000000000
49433  -7.848  -16.221  45.933 0.0000000000
47547  -8.718  -18.128  45.427 0.0000000000
45676  -5.581  -20.403  43.596 0.0000000000
46619  -6.610  -20.074  44.061 0.0000000000
125081  -5.135  -20.138  42.781 0.0000000000
46640  -4.429  -19.836  41.683 0.0000000000
44691  -3.821  -21.091  42.056 0.0000000000
43667  -3.675  -21.794  42.096 0.0000000000
47392  -8.757  -17.572  60.198 0.0000000000
48341  -7.557  -17.577  60.725 0.0000000000
46458  -7.447  -19.573  59.510 0.0000000000
43471  -6.820  -22.734  56.697 0.0000000000
43450  -6.068  -22.501  57.986 0.0000000000
42442  -6.045  -23.675  57.036 0.0000000000
42440  -4.379  -24.061  57.015 0.0000000000
63173  -35.588  -3.710  42.129 0.0000000000
59853  -34.552  -6.343  41.731 0.0000000000
59868  -33.842  -6.925  40.610 0.0000000000
60901  -34.690  -5.093  41.217 0.0000000000
62046  -34.909  -4.348  40.865 0.0000000000
51351  -25.571  -14.609  59.672 0.0000000000
49340  -24.338  -16.258  59.526 0.0000000000
49347  -24.367  -16.361  58.555 0.0000000000
52470  -28.809  -13.354  55.857 0.0000000000
52458  -28.603  -13.195  56.672 0.0000000000
51394  -27.606  -14.208  55.634 0.0000000000
48417  -22.609  -18.517  53.913 0.0000000000
49361  -23.608  -16.803  55.161 0.0000000000
47446  -22.548  -19.098  55.249 0.0000000000
47436  -22.583  -19.355  56.028 0.0000000000
46505  -22.649  -20.760  54.496 0.0000000000
44568  -22.661  -21.811  53.880 0.0000000000
123800  -3.569  -14.588  49.360 0.0000000000
51482  -3.707  -14.412  48.565 0.0000000000
51494  -3.864  -14.192  47.843 0.0000000000
51483  -4.032  -14.681  48.194 0.0000000000
50431  -4.862  -15.202  47.656 0.0000000000
49401  -4.970  -15.898  48.788 0.0000000000
108769  -6.354  -17.445  50.675 0.0000000000
109534  -7.160  -17.424  49.409 0.0000000000
47491  -7.376  -18.476  50.084 0.0000000000
45603  -7.399  -19.914  48.702 0.0000000000
45589  -6.685  -19.975  50.244 0.0000000000
63278  -44.759  -2.974  31.100 0.0000000000
107363  -46.649  -2.206  31.908 0.0000000000
64309  -45.291  -2.603  32.676 0.0000000000
62120  -42.483  -4.069  32.211 0.0000000000
62133  -42.303  -4.195  30.726 0.0000000000
62134  -43.059  -3.898  30.998 0.0000000000
63285  -43.529  -3.548  30.500 0.0000000000
50294  -12.618  -15.436  60.484 0.0000000000
127953  -12.103  -16.722  58.206 0.0000000000
121472  -11.428  -16.688  58.755 0.0000000000
48384  -10.706  -17.443  56.921 0.0000000000
47433  -9.655  -18.846  55.908 0.0000000000
47434  -10.889  -17.958  55.272 0.0000000000
46525  -19.333  -19.907  53.119 0.0000000000
46504  -19.267  -19.871  54.788 0.0000000000
46514  -18.746  -19.289  53.473 0.0000000000
48416  -16.015  -17.708  53.303 0.0000000000
123765  -17.307  -18.317  55.382 0.0000000000
48398  -16.448  -17.867  55.563 0.0000000000
112538  -16.570  -18.046  57.050 0.0000000000
48397  -15.547  -17.593  55.610 0.0000000000
48396  -14.693  -17.382  55.973 0.0000000000
48405  -14.757  -17.467  55.087 0.0000000000
107356  -12.113  -17.993  52.616 0.0000000000
57679  -5.308  -7.999  46.654 0.0000000000
54494  -4.580  -11.357  44.330 0.0000000000
55492  -4.675  -10.551  44.560 0.0000000000
54500  -4.711  -11.392  43.568 0.0000000000
54507  -4.947  -11.084  42.881 0.0000000000
53567  -5.332  -12.428  42.817 0.0000000000
49455  -8.053  -15.927  43.940 0.0000000000
119711  -6.814  -14.779  43.978 0.0000000000
50472  -7.363  -15.591  42.557 0.0000000000
49487  -5.764  -15.884  40.160 0.0000000000
50479  -6.273  -15.443  41.028 0.0000000000
50478  -6.069  -15.040  40.331 0.0000000000
52631  -6.074  -13.863  40.384 0.0000000000
126927  -5.892  -15.255  39.426 0.0000000000
114653  -6.467  -14.515  39.431 0.0000000000
51397  -4.226  -13.968  54.742 0.0000000000
48340  -4.246  -17.422  60.528 0.0000000000
50305  -4.763  -15.571  59.115 0.0000000000
48353  -3.469  -17.580  59.765 0.0000000000
46489  -3.591  -19.014  56.195 0.0000000000
48383  -3.308  -17.396  56.793 0.0000000000
47437  -3.816  -17.670  55.110 0.0000000000
48400  -3.573  -16.819  54.696 0.0000000000
47438  -4.298  -18.177  54.753 0.0000000000
47451  -5.176  -18.112  53.855 0.0000000000
45537  -5.194  -19.291  54.401 0.0000000000
43541  -3.910  -22.534  51.065 0.0000000000
44583  -4.332  -21.739  51.649 0.0000000000
43558  -4.229  -22.310  50.351 0.0000000000
44604  -4.427  -22.158  49.568 0.0000000000
43573  -3.717  -23.102  49.321 0.0000000000
38323  -1.926  -27.744  50.470 0.0000000000
40519  -2.184  -25.753  50.476 0.0000000000
117937  -35.282  -10.562  48.667 0.0000000000
52566  -30.392  -13.385  49.422 0.0000000000
53509  -30.325  -12.926  48.719 0.0000000000
53511  -31.657  -11.883  49.133 0.0000000000
54456  -33.473  -10.933  48.857 0.0000000000
51461  -30.100  -13.934  51.432 0.0000000000
51471  -30.034  -13.979  50.607 0.0000000000
51481  -30.308  -13.770  50.018 0.0000000000
52507  -31.203  -13.309  52.743 0.0000000000
64352  -48.382  -1.657  26.963 0.0000000000
63334  -43.317  -2.803  26.390 0.0000000000
129521  -44.477  -2.400  25.625 0.0000000000
64369  -44.654  -2.167  24.933 0.0000000000
111843  -45.543  -2.438  26.163 0.0000000000
64350  -47.121  -2.341  26.862 0.0000000000
108080  -39.103  -1.051  38.107 0.0000000000
66061  -40.629  -0.353  38.678 0.0000000000
66060  -39.813  -0.512  39.260 0.0000000000
66955  -40.996  0.294  41.287 0.0000000000
59898  -33.009  -6.498  38.759 0.0000000000
62069  -33.631  -4.777  38.376 0.0000000000
62078  -33.539  -4.524  37.706 0.0000000000
120826  -34.565  -3.511  36.904 0.0000000000
63227  -34.967  -3.281  36.291 0.0000000000
64260  -35.733  -2.761  37.396 0.0000000000
64250  -37.217  -1.925  37.595 0.0000000000
46597  -8.042  -19.535  46.508 0.0000000000
46610  -7.883  -19.630  45.469 0.0000000000
45655  -6.356  -20.692  45.609 0.0000000000
45654  -5.418  -21.211  45.140 0.0000000000
44678  -4.336  -21.390  43.464 0.0000000000
43657  -3.577  -22.411  42.596 0.0000000000
43649  -3.567  -22.738  43.368 0.0000000000
42583  -3.525  -23.569  43.694 0.0000000000
46476  -8.803  -19.272  57.176 0.0000000000
46467  -7.768  -19.819  58.646 0.0000000000
45515  -7.669  -20.769  56.372 0.0000000000
108477  -35.526  -4.967  43.431 0.0000000000
129086  -31.783  -10.432  45.177 0.0000000000
55495  -31.266  -10.435  44.650 0.0000000000
125411  -32.798  -10.034  43.838 0.0000000000
55508  -33.106  -9.871  43.121 0.0000000000
124373  -32.911  -9.847  42.119 0.0000000000
56599  -33.855  -8.988  42.221 0.0000000000
125475  -34.600  -6.943  42.218 0.0000000000
52436  -27.788  -13.050  58.144 0.0000000000
114954  -26.271  -14.806  54.172 0.0000000000
50364  -25.798  -15.028  54.646 0.0000000000
49366  -24.600  -15.635  53.952 0.0000000000
48418  -22.907  -17.356  53.526 0.0000000000
67147  -47.741  0.641  22.445 0.0000000000
113055  -49.131  1.013  22.880 0.0000000000
67998  -49.524  1.460  22.553 0.0000000000
68930  -50.172  2.313  21.627 0.0000000000
50406  -3.681  -15.071  49.720 0.0000000000
49386  -4.748  -16.062  49.592 0.0000000000
49385  -4.219  -15.686  49.940 0.0000000000
125022  -5.293  -16.954  50.983 0.0000000000
48431  -6.173  -17.675  51.670 0.0000000000
63268  -44.069  -3.011  33.125 0.0000000000
111043  -44.253  -2.485  33.771 0.0000000000
62118  -39.205  -4.790  32.656 0.0000000000
60987  -39.979  -4.861  32.372 0.0000000000
60997  -40.522  -4.956  31.723 0.0000000000
117895  -40.938  -4.633  32.287 0.0000000000
63270  -42.338  -3.782  32.857 0.0000000000
49308  -13.308  -15.754  60.627 0.0000000000
49324  -13.924  -16.282  60.672 0.0000000000
48369  -13.604  -16.731  59.150 0.0000000000
48376  -12.801  -16.818  57.552 0.0000000000
48426  -16.251  -17.853  52.405 0.0000000000
48414  -14.503  -17.505  53.652 0.0000000000
116476  -4.663  -9.669  46.966 0.0000000000
56548  -4.633  -10.141  46.246 0.0000000000
109485  -4.255  -11.883  46.276 0.0000000000
115617  -4.517  -12.112  44.996 0.0000000000
53559  -4.677  -12.535  44.432 0.0000000000
48495  -6.182  -17.727  41.625 0.0000000000
48505  -6.643  -16.816  41.576 0.0000000000
48504  -5.563  -17.303  40.818 0.0000000000
48503  -4.991  -17.948  40.313 0.0000000000
48514  -5.308  -17.221  39.638 0.0000000000
107863  -9.958  -14.316  53.152 0.0000000000
127914  -8.178  -14.129  55.016 0.0000000000
114232  -6.782  -14.281  56.519 0.0000000000
44507  -3.511  -21.419  58.152 0.0000000000
46466  -3.284  -19.764  58.546 0.0000000000
113462  -3.138  -21.175  57.436 0.0000000000
128170  -3.135  -20.669  56.229 0.0000000000
45535  -3.354  -20.831  55.023 0.0000000000
45536  -4.773  -20.076  54.517 0.0000000000
119012  -3.522  -21.502  53.809 0.0000000000
43528  -3.597  -22.347  52.636 0.0000000000
42503  -3.410  -23.257  50.888 0.0000000000
54478  -30.207  -11.411  46.562 0.0000000000
53523  -30.725  -12.012  48.180 0.0000000000
54466  -31.335  -11.246  47.586 0.0000000000
55485  -31.877  -10.557  45.967 0.0000000000
55487  -33.488  -10.160  45.389 0.0000000000
56568  -34.925  -9.605  45.215 0.0000000000
52483  -29.192  -13.366  55.188 0.0000000000
52486  -30.680  -12.903  54.279 0.0000000000
51423  -29.793  -13.488  54.120 0.0000000000
50377  -27.837  -14.314  53.896 0.0000000000
50385  -25.863  -14.939  52.754 0.0000000000
65287  -45.690  -1.215  23.815 0.0000000000
66244  -47.969  -0.592  23.711 0.0000000000
66239  -50.026  -0.648  24.945 0.0000000000
65208  -41.324  -1.843  35.240 0.0000000000
65202  -42.335  -0.998  36.094 0.0000000000
66078  -41.671  -0.743  36.842 0.0000000000
63240  -35.590  -3.115  35.524 0.0000000000
64285  -38.630  -2.437  34.991 0.0000000000
64274  -39.961  -2.052  35.272 0.0000000000
43505  -21.615  -22.331  55.002 0.0000000000
44545  -21.136  -22.013  55.598 0.0000000000
44567  -20.882  -22.375  53.831 0.0000000000
45560  -19.827  -20.683  52.779 0.0000000000
57726  -6.007  -8.469  42.383 0.0000000000
55523  -6.486  -10.273  42.260 0.0000000000
50445  -5.371  -14.995  46.361 0.0000000000
51517  -5.376  -14.649  45.720 0.0000000000
49443  -6.918  -15.611  45.871 0.0000000000
49456  -8.424  -16.669  44.418 0.0000000000
47568  -8.476  -17.538  43.957 0.0000000000
46620  -7.607  -19.577  44.516 0.0000000000
47567  -7.564  -18.567  43.217 0.0000000000
47575  -6.970  -18.189  42.380 0.0000000000
47574  -5.636  -18.612  41.868 0.0000000000
128922  -7.773  -14.607  59.626 0.0000000000
49298  -7.622  -16.350  60.694 0.0000000000
47385  -6.158  -17.422  60.689 0.0000000000
45487  -4.823  -20.180  60.209 0.0000000000
45498  -6.583  -21.075  58.807 0.0000000000
44501  -5.724  -21.090  59.428 0.0000000000
44499  -4.457  -21.421  59.271 0.0000000000
43459  -4.048  -23.197  57.896 0.0000000000
41468  -3.734  -24.294  56.261 0.0000000000
41489  -3.193  -25.066  55.014 0.0000000000
64224  -36.475  -2.289  40.955 0.0000000000
123406  -37.645  -1.381  41.470 0.0000000000
65153  -37.378  -1.642  42.055 0.0000000000
54502  -29.201  -10.890  43.769 0.0000000000
128829  -33.284  -6.614  39.334 0.0000000000
63189  -35.431  -3.416  40.566 0.0000000000
47418  -22.694  -18.567  58.879 0.0000000000
120048  -22.214  -20.333  57.299 0.0000000000
54405  -29.383  -12.002  56.732 0.0000000000
52447  -28.320  -13.044  57.421 0.0000000000
51372  -26.737  -14.361  57.689 0.0000000000
50352  -25.533  -15.218  55.551 0.0000000000
50340  -25.605  -15.180  56.654 0.0000000000
49354  -24.322  -16.363  57.633 0.0000000000
48391  -23.675  -17.140  56.977 0.0000000000
46485  -22.518  -20.208  56.034 0.0000000000
44546  -22.299  -21.740  55.257 0.0000000000
43507  -22.458  -22.256  54.129 0.0000000000
68940  -50.416  2.564  20.816 0.0000000000
68941  -51.251  2.874  20.605 0.0000000000
68942  -52.142  3.154  20.332 0.0000000000
116330  -3.951  -11.600  47.348 0.0000000000
52584  -4.010  -13.115  47.257 0.0000000000
54448  -3.308  -12.074  48.436 0.0000000000
52567  -3.761  -13.547  47.680 0.0000000000
51507  -4.409  -14.357  47.069 0.0000000000
50440  -5.115  -15.093  46.981 0.0000000000
49417  -6.640  -16.106  47.105 0.0000000000
48465  -8.036  -17.480  48.118 0.0000000000
125202  -6.417  -16.922  49.118 0.0000000000
48459  -7.722  -17.708  48.940 0.0000000000
46569  -8.189  -18.970  47.970 0.0000000000
123991  -7.766  -19.627  48.128 0.0000000000
127739  -5.878  -21.024  47.875 0.0000000000
44627  -4.754  -21.903  47.710 0.0000000000
63297  -45.603  -2.687  29.557 0.0000000000
61008  -40.632  -4.780  30.486 0.0000000000
62131  -40.885  -4.468  29.893 0.0000000000
62158  -41.230  -3.914  28.714 0.0000000000
63295  -42.897  -3.549  29.319 0.0000000000
118644  -44.590  -2.984  29.362 0.0000000000
49304  -9.663  -16.248  60.714 0.0000000000
48355  -9.519  -17.113  60.003 0.0000000000
48357  -11.503  -16.399  59.739 0.0000000000
112510  -9.933  -17.392  58.676 0.0000000000
46469  -8.988  -18.686  58.014 0.0000000000
118227  -8.952  -19.565  55.668 0.0000000000
44535  -20.577  -21.433  56.240 0.0000000000
45517  -19.288  -20.170  56.589 0.0000000000
46484  -18.684  -19.584  57.158 0.0000000000
47457  -18.150  -18.723  53.874 0.0000000000
46492  -18.071  -18.821  55.745 0.0000000000
46477  -18.036  -19.035  57.754 0.0000000000
47424  -17.318  -18.708  58.445 0.0000000000
47415  -16.755  -18.524  59.258 0.0000000000
47414  -15.963  -17.918  59.306 0.0000000000
48378  -14.494  -17.145  57.977 0.0000000000
109065  -13.655  -16.965  57.076 0.0000000000
48394  -12.384  -17.335  55.687 0.0000000000
48413  -13.507  -17.512  53.856 0.0000000000
48403  -12.487  -17.526  54.845 0.0000000000
48402  -11.731  -17.639  55.052 0.0000000000
47452  -10.973  -18.390  53.860 0.0000000000
59819  -5.350  -6.645  44.986 0.0000000000
57693  -4.976  -9.203  45.446 0.0000000000
57703  -5.213  -8.490  44.660 0.0000000000
58760  -5.237  -7.859  43.935 0.0000000000
124967  -4.995  -9.490  42.854 0.0000000000
55522  -5.715  -10.410  42.429 0.0000000000
54516  -6.067  -11.195  42.121 0.0000000000
119430  -5.204  -14.258  45.240 0.0000000000
51526  -5.570  -14.006  44.365 0.0000000000
51537  -5.950  -13.717  43.132 0.0000000000
50471  -6.788  -15.069  41.971 0.0000000000
51549  -6.412  -14.302  42.345 0.0000000000
52617  -5.634  -13.086  42.652 0.0000000000
52623  -5.840  -13.310  41.265 0.0000000000
53583  -5.905  -12.650  41.350 0.0000000000
53584  -6.341  -12.720  40.990 0.0000000000
52645  -6.848  -13.874  39.732 0.0000000000
51355  -6.607  -14.669  58.681 0.0000000000
51366  -5.480  -14.734  57.893 0.0000000000
122615  -4.805  -14.909  57.076 0.0000000000
48374  -3.048  -17.294  57.900 0.0000000000
50322  -3.526  -15.531  56.921 0.0000000000
51383  -3.251  -14.648  55.672 0.0000000000
50342  -3.000  -15.438  54.949 0.0000000000
49363  -3.372  -16.179  53.400 0.0000000000
49367  -3.523  -16.126  52.602 0.0000000000
48419  -4.217  -16.807  52.827 0.0000000000
48421  -5.361  -17.522  52.340 0.0000000000
113832  -6.398  -19.067  52.554 0.0000000000
45557  -5.204  -20.402  53.034 0.0000000000
46533  -5.858  -20.090  52.378 0.0000000000
45577  -6.425  -20.033  50.947 0.0000000000
127027  -5.400  -20.973  49.606 0.0000000000
44615  -4.678  -21.881  48.738 0.0000000000
43606  -4.150  -22.928  47.357 0.0000000000
40489  -2.991  -25.798  53.785 0.0000000000
39417  -2.263  -26.622  52.511 0.0000000000
40488  -2.600  -25.421  53.247 0.0000000000
117413  -2.503  -24.989  51.726 0.0000000000
41533  -2.573  -24.864  50.851 0.0000000000
125170  -3.060  -23.957  49.547 0.0000000000
40530  -2.809  -24.939  48.665 0.0000000000
42529  -3.345  -23.594  49.062 0.0000000000
42544  -3.480  -23.752  48.311 0.0000000000
42561  -3.989  -23.693  46.839 0.0000000000
42572  -4.173  -23.550  45.985 0.0000000000
115621  -3.741  -24.512  44.694 0.0000000000
40570  -3.310  -25.423  43.964 0.0000000000
54439  -34.993  -11.136  50.984 0.0000000000
53493  -33.118  -11.851  51.124 0.0000000000
53484  -33.463  -11.931  52.056 0.0000000000
108224  -47.688  -1.969  28.894 0.0000000000
64335  -47.072  -2.255  29.355 0.0000000000
64338  -46.195  -2.548  28.099 0.0000000000
65169  -38.229  -1.041  40.381 0.0000000000
65161  -37.600  -1.382  40.768 0.0000000000
111160  -36.331  -2.326  40.049 0.0000000000
63202  -35.905  -2.654  39.577 0.0000000000
64233  -36.934  -1.815  39.514 0.0000000000
44657  -4.478  -22.374  46.059 0.0000000000
43632  -4.271  -22.693  45.440 0.0000000000
43619  -4.223  -23.138  45.764 0.0000000000
126093  -8.196  -20.710  53.930 0.0000000000
56580  -34.901  -9.012  44.127 0.0000000000
49376  -3.771  -15.719  51.159 0.0000000000
49371  -3.651  -15.998  51.887 0.0000000000
65220  -43.023  -1.774  34.941 0.0000000000
65209  -42.873  -1.266  35.601 0.0000000000
64288  -41.197  -2.481  34.505 0.0000000000
63255  -40.656  -3.069  33.954 0.0000000000
120662  -41.979  -2.687  34.197 0.0000000000
49311  -15.939  -16.606  61.024 0.0000000000
48346  -15.196  -17.033  60.726 0.0000000000
117009  -15.790  -17.176  61.010 0.0000000000
45512  -21.938  -20.659  57.548 0.0000000000
45511  -21.543  -20.855  57.745 0.0000000000
55524  -7.372  -10.519  42.044 0.0000000000
52585  -4.249  -13.441  46.789 0.0000000000
46657  -4.770  -19.538  40.592 0.0000000000
108505  -8.958  -14.014  57.994 0.0000000000
42462  -2.880  -23.959  54.706 0.0000000000
43497  -2.863  -23.241  55.018 0.0000000000
129051  -2.949  -23.538  54.033 0.0000000000
55459  -35.744  -10.100  47.073 0.0000000000
50389  -29.120  -14.334  51.964 0.0000000000
50393  -28.076  -14.622  51.258 0.0000000000
65271  -49.127  -1.175  26.338 0.0000000000
66069  -40.383  -0.729  37.827 0.0000000000
114114  -39.315  -1.266  37.375 0.0000000000
65198  -38.868  -1.525  36.972 0.0000000000
65199  -39.510  -1.474  36.698 0.0000000000
59818  -5.014  -5.933  44.342 0.0000000000
111162  -8.360  -17.405  47.139 0.0000000000
47538  -8.675  -18.072  46.379 0.0000000000
45675  -4.736  -20.695  43.024 0.0000000000
45674  -4.127  -20.847  42.441 0.0000000000
47402  -8.410  -18.372  59.704 0.0000000000
47401  -7.704  -18.845  60.013 0.0000000000
46459  -8.110  -19.122  59.154 0.0000000000
111980  -6.538  -23.453  56.472 0.0000000000
63162  -36.148  -3.029  42.491 0.0000000000
63161  -35.828  -3.646  42.901 0.0000000000
54489  -29.117  -11.727  45.649 0.0000000000
60902  -34.800  -5.533  41.878 0.0000000000
62032  -35.111  -4.582  41.828 0.0000000000
51362  -26.228  -14.293  59.097 0.0000000000
49341  -24.929  -15.746  59.038 0.0000000000
50320  -25.481  -15.214  58.531 0.0000000000
51395  -28.232  -13.860  55.755 0.0000000000
48408  -22.607  -18.588  54.640 0.0000000000
47445  -22.573  -19.684  54.383 0.0000000000
45550  -22.719  -21.247  53.845 0.0000000000
51473  -3.393  -14.021  49.078 0.0000000000
50419  -4.218  -15.075  48.628 0.0000000000
50420  -4.634  -15.337  48.336 0.0000000000
47490  -6.969  -18.131  50.956 0.0000000000
46556  -7.236  -19.339  50.064 0.0000000000
109957  -44.176  -3.318  31.840 0.0000000000
118592  -45.018  -2.807  31.938 0.0000000000
62127  -43.233  -3.768  31.813 0.0000000000
63277  -43.827  -3.473  31.113 0.0000000000
48385  -11.671  -17.104  56.891 0.0000000000
47428  -10.840  -17.689  56.187 0.0000000000
46515  -19.309  -19.897  53.970 0.0000000000
46524  -18.769  -19.316  52.625 0.0000000000
48407  -16.055  -17.680  54.231 0.0000000000
121686  -16.046  -17.650  54.968 0.0000000000
122190  -14.841  -17.513  54.370 0.0000000000
119730  -4.618  -11.879  44.094 0.0000000000
53566  -4.888  -11.994  43.352 0.0000000000
49466  -7.843  -16.191  43.045 0.0000000000
49496  -5.492  -16.293  39.534 0.0000000000
50485  -5.780  -15.482  39.644 0.0000000000
51569  -6.081  -14.736  39.874 0.0000000000
52474  -6.691  -14.216  54.793 0.0000000000
51398  -5.015  -13.909  54.721 0.0000000000
46449  -3.948  -18.998  60.290 0.0000000000
47387  -3.866  -18.180  60.303 0.0000000000
47400  -3.488  -18.578  59.598 0.0000000000
45526  -3.834  -19.571  55.630 0.0000000000
47432  -3.974  -18.638  55.472 0.0000000000
47439  -5.053  -18.562  54.428 0.0000000000
43542  -4.196  -22.131  51.181 0.0000000000
43574  -4.107  -22.653  49.525 0.0000000000
115503  -2.554  -29.556  49.173 0.0000000000
37296  -2.088  -28.441  50.271 0.0000000000
112794  -1.989  -27.886  49.761 0.0000000000
55436  -35.720  -10.661  49.495 0.0000000000
53510  -30.962  -12.675  49.354 0.0000000000
53500  -31.742  -12.316  49.911 0.0000000000
54446  -33.647  -11.186  49.762 0.0000000000
54457  -34.548  -10.790  49.165 0.0000000000
50396  -29.647  -14.142  50.854 0.0000000000
122453  -31.378  -12.834  50.370 0.0000000000
52553  -30.464  -13.563  49.874 0.0000000000
52552  -30.054  -13.842  49.572 0.0000000000
52522  -31.200  -13.453  51.869 0.0000000000
52508  -31.818  -12.982  52.508 0.0000000000
51444  -30.642  -13.697  52.090 0.0000000000
64341  -48.379  -1.429  27.687 0.0000000000
110639  -42.941  -3.385  28.394 0.0000000000
128437  -42.339  -3.438  28.050 0.0000000000
111384  -42.900  -3.254  27.576 0.0000000000
63324  -43.519  -2.964  27.065 0.0000000000
124716  -43.992  -2.703  26.596 0.0000000000
64347  -43.922  -2.548  26.006 0.0000000000
64348  -44.722  -2.526  26.293 0.0000000000
64339  -47.054  -2.386  27.710 0.0000000000
64349  -46.251  -2.415  26.429 0.0000000000
64351  -47.973  -2.043  26.544 0.0000000000
65186  -39.038  -0.838  38.940 0.0000000000
66047  -39.646  -0.374  40.829 0.0000000000
66048  -40.348  -0.065  40.791 0.0000000000
66040  -40.270  -0.087  41.549 0.0000000000
60945  -33.807  -5.038  39.138 0.0000000000
62070  -34.212  -4.292  38.812 0.0000000000
63211  -35.239  -3.189  38.726 0.0000000000
109946  -34.059  -4.101  38.049 0.0000000000
63218  -34.603  -3.576  37.631 0.0000000000
62079  -33.912  -3.961  37.163 0.0000000000
108678  -35.130  -3.184  37.135 0.0000000000
65175  -37.617  -1.461  38.991 0.0000000000
65184  -37.767  -1.599  38.026 0.0000000000
45638  -7.317  -20.257  46.929 0.0000000000
45656  -7.291  -20.240  45.984 0.0000000000
44658  -4.646  -21.662  44.561 0.0000000000
45664  -5.100  -21.044  44.031 0.0000000000
112771  -3.907  -21.907  43.600 0.0000000000
44664  -3.764  -22.384  43.743 0.0000000000
120678  -3.391  -25.149  43.349 0.0000000000
41595  -3.455  -24.441  43.867 0.0000000000
46481  -8.676  -19.680  56.385 0.0000000000
45516  -8.137  -20.084  56.801 0.0000000000
110938  -35.298  -5.730  43.232 0.0000000000
55497  -33.038  -10.072  44.533 0.0000000000
55496  -32.200  -10.267  44.330 0.0000000000
56578  -33.741  -9.547  43.227 0.0000000000
55517  -32.338  -10.134  42.383 0.0000000000
56585  -33.503  -9.515  42.566 0.0000000000
56598  -33.310  -9.417  41.766 0.0000000000
59833  -35.299  -6.562  43.608 0.0000000000
108226  -34.823  -7.159  42.947 0.0000000000
54398  -27.857  -11.890  58.340 0.0000000000
50384  -24.920  -15.318  53.077 0.0000000000
50375  -25.587  -15.111  53.814 0.0000000000
115725  -24.131  -15.801  53.347 0.0000000000
66253  -48.283  0.110  23.234 0.0000000000
120019  -47.422  0.004  23.010 0.0000000000
67997  -48.816  1.434  22.147 0.0000000000
68007  -49.957  1.887  22.260 0.0000000000
67999  -50.270  1.425  22.980 0.0000000000
50397  -3.822  -15.447  50.296 0.0000000000
49373  -4.464  -16.465  51.260 0.0000000000
107332  -43.165  -3.431  33.098 0.0000000000
63263  -38.382  -3.576  33.725 0.0000000000
62111  -39.690  -4.347  33.085 0.0000000000
63267  -42.420  -3.190  33.630 0.0000000000
50295  -14.079  -15.866  60.794 0.0000000000
48370  -14.396  -17.107  59.210 0.0000000000
107687  -13.966  -16.793  59.961 0.0000000000
109154  -13.047  -16.685  58.424 0.0000000000
48425  -15.494  -17.646  52.600 0.0000000000
118234  -15.008  -17.572  52.100 0.0000000000
115647  -4.304  -10.593  47.168 0.0000000000
55461  -4.270  -11.321  46.643 0.0000000000
53553  -4.460  -12.870  45.547 0.0000000000
116284  -4.330  -12.367  45.968 0.0000000000
52610  -4.758  -13.275  44.855 0.0000000000
47587  -5.062  -18.258  41.089 0.0000000000
47608  -5.069  -18.026  39.823 0.0000000000
47609  -5.588  -18.155  39.488 0.0000000000
52463  -8.113  -14.006  56.450 0.0000000000
121916  -8.503  -14.022  55.577 0.0000000000
52462  -7.345  -14.174  56.257 0.0000000000
52449  -6.986  -14.247  57.304 0.0000000000
113596  -2.907  -22.017  55.540 0.0000000000
44541  -3.038  -21.194  55.635 0.0000000000
45525  -3.437  -20.405  55.650 0.0000000000
44552  -3.857  -20.863  54.314 0.0000000000
42489  -3.281  -22.929  52.697 0.0000000000
109497  -3.636  -22.761  51.893 0.0000000000
53536  -29.326  -12.077  46.379 0.0000000000
53537  -29.754  -12.289  47.168 0.0000000000
124419  -31.004  -12.230  48.787 0.0000000000
54454  -31.533  -11.542  48.370 0.0000000000
55457  -32.049  -10.709  46.876 0.0000000000
55470  -31.108  -10.940  46.750 0.0000000000
55471  -32.766  -10.430  46.097 0.0000000000
120187  -33.525  -10.337  46.267 0.0000000000
55489  -34.944  -9.882  45.802 0.0000000000
50412  -28.904  -14.731  49.055 0.0000000000
53467  -30.305  -12.487  55.291 0.0000000000
52471  -29.438  -13.017  55.506 0.0000000000
52472  -29.978  -12.818  55.137 0.0000000000
53473  -32.022  -12.482  53.834 0.0000000000
51422  -29.246  -13.925  53.526 0.0000000000
51421  -28.629  -14.009  54.202 0.0000000000
109067  -27.262  -14.519  53.131 0.0000000000
66233  -50.201  -0.114  25.494 0.0000000000
64370  -45.671  -2.086  25.063 0.0000000000
65281  -46.155  -1.659  24.562 0.0000000000
65288  -46.624  -1.195  24.041 0.0000000000
66243  -47.047  -0.627  23.517 0.0000000000
65283  -49.630  -0.993  25.386 0.0000000000
66238  -49.365  -0.933  24.657 0.0000000000
65201  -41.452  -1.313  35.982 0.0000000000
66063  -42.153  0.151  38.352 0.0000000000
66071  -42.367  -0.166  37.532 0.0000000000
66054  -40.495  -0.198  39.528 0.0000000000
66055  -41.224  0.087  39.363 0.0000000000
63228  -35.642  -2.885  36.538 0.0000000000
63239  -34.697  -3.527  35.473 0.0000000000
63229  -36.155  -2.716  36.010 0.0000000000
63242  -37.283  -2.618  35.258 0.0000000000
119428  -36.968  -3.117  34.530 0.0000000000
63252  -37.932  -2.887  34.505 0.0000000000
65206  -39.705  -1.720  35.995 0.0000000000
65207  -40.559  -1.650  35.792 0.0000000000
64275  -40.652  -2.099  35.082 0.0000000000
44556  -20.973  -22.170  54.713 0.0000000000
44576  -20.276  -21.555  52.403 0.0000000000
59844  -4.765  -6.033  42.078 0.0000000000
58772  -5.549  -7.678  42.389 0.0000000000
56591  -5.848  -9.507  42.456 0.0000000000
49431  -5.996  -15.543  46.548 0.0000000000
48476  -8.645  -17.382  44.916 0.0000000000
49445  -8.378  -16.620  45.276 0.0000000000
46630  -6.009  -19.783  43.135 0.0000000000
46631  -7.120  -19.351  43.593 0.0000000000
46641  -5.119  -19.500  42.220 0.0000000000
111959  -4.112  -20.669  41.718 0.0000000000
42600  -3.689  -23.200  42.516 0.0000000000
119557  -3.901  -23.923  42.490 0.0000000000
51327  -8.309  -14.975  60.517 0.0000000000
49299  -8.468  -16.123  60.812 0.0000000000
47390  -7.192  -18.436  60.575 0.0000000000
47386  -6.684  -17.901  60.734 0.0000000000
47389  -6.274  -18.847  60.689 0.0000000000
120829  -5.438  -18.661  60.787 0.0000000000
46451  -5.504  -19.558  60.548 0.0000000000
45499  -7.336  -20.518  58.251 0.0000000000
44511  -7.029  -21.156  58.006 0.0000000000
44509  -5.747  -21.893  58.795 0.0000000000
44500  -5.109  -21.532  59.282 0.0000000000
43440  -4.763  -22.105  58.943 0.0000000000
44508  -4.000  -21.959  58.791 0.0000000000
42420  -4.683  -23.097  58.032 0.0000000000
41469  -4.749  -24.494  56.210 0.0000000000
41477  -3.420  -24.758  55.439 0.0000000000
64219  -37.085  -1.726  41.260 0.0000000000
64218  -36.665  -2.258  41.992 0.0000000000
107575  -30.779  -10.433  44.115 0.0000000000
55493  -30.026  -10.579  44.018 0.0000000000
113329  -34.254  -6.315  40.998 0.0000000000
58802  -33.445  -7.537  40.187 0.0000000000
59867  -33.515  -6.738  39.858 0.0000000000
129260  -35.947  -2.744  40.620 0.0000000000
48381  -23.159  -17.863  58.457 0.0000000000
48373  -23.774  -17.008  58.999 0.0000000000
46479  -22.437  -19.676  57.584 0.0000000000
51381  -27.778  -13.912  57.038 0.0000000000
52457  -28.050  -13.538  57.228 0.0000000000
123508  -27.289  -13.914  57.788 0.0000000000
50341  -26.406  -14.670  57.077 0.0000000000
50363  -25.076  -15.456  54.690 0.0000000000
50351  -24.552  -15.924  55.446 0.0000000000
49358  -24.044  -16.541  56.159 0.0000000000
112721  -24.360  -16.289  56.881 0.0000000000
49355  -24.908  -15.693  57.223 0.0000000000
45519  -22.422  -20.750  56.148 0.0000000000
45529  -22.495  -21.310  55.240 0.0000000000
43493  -22.341  -22.092  54.706 0.0000000000
44557  -22.532  -21.778  54.603 0.0000000000
43522  -22.538  -22.357  53.421 0.0000000000
68925  -50.678  2.071  22.474 0.0000000000
68931  -51.152  2.638  21.675 0.0000000000
68932  -52.030  3.122  21.270 0.0000000000
69797  -52.933  3.285  21.794 0.0000000000
54449  -3.511  -11.413  48.149 0.0000000000
53513  -4.008  -12.480  47.174 0.0000000000
126512  -3.847  -12.681  47.410 0.0000000000
114008  -3.359  -13.373  48.914 0.0000000000
52568  -4.112  -13.907  47.233 0.0000000000
50439  -4.598  -14.738  47.298 0.0000000000
49415  -5.261  -15.763  48.065 0.0000000000
49430  -5.581  -15.651  47.362 0.0000000000
49416  -6.242  -16.307  47.855 0.0000000000
48464  -7.492  -16.737  47.625 0.0000000000
48458  -7.084  -16.984  48.541 0.0000000000
49387  -5.565  -16.541  49.304 0.0000000000
124884  -7.491  -17.915  49.606 0.0000000000
47516  -8.138  -18.261  48.484 0.0000000000
46568  -7.905  -19.106  48.690 0.0000000000
112279  -5.336  -21.324  48.227 0.0000000000
121439  -45.075  -2.823  30.268 0.0000000000
64325  -46.032  -2.555  30.447 0.0000000000
66038  -38.739  -0.774  41.861 0.0000000000
112489  -40.250  -5.089  31.085 0.0000000000
60998  -40.982  -4.847  31.135 0.0000000000
62132  -41.451  -4.456  30.419 0.0000000000
62148  -41.428  -4.142  29.497 0.0000000000
62159  -42.086  -3.689  28.846 0.0000000000
63284  -42.920  -3.753  30.209 0.0000000000
63286  -44.240  -3.232  30.352 0.0000000000
63296  -43.644  -3.392  29.763 0.0000000000
50292  -11.134  -15.449  60.517 0.0000000000
48344  -10.050  -16.546  60.435 0.0000000000
48356  -10.379  -16.726  59.838 0.0000000000
49323  -13.075  -16.011  60.366 0.0000000000
49322  -12.321  -16.023  60.248 0.0000000000
48358  -12.559  -16.373  59.830 0.0000000000
48375  -10.919  -17.029  57.825 0.0000000000
48366  -10.560  -16.934  58.883 0.0000000000
47413  -10.072  -17.481  58.079 0.0000000000
47420  -9.548  -18.294  57.447 0.0000000000
46482  -9.448  -18.824  56.678 0.0000000000
46491  -10.163  -18.568  55.191 0.0000000000
46490  -9.554  -19.108  55.064 0.0000000000
45539  -8.975  -19.650  54.750 0.0000000000
46501  -9.594  -19.239  54.257 0.0000000000
44544  -20.355  -21.294  55.212 0.0000000000
45528  -19.243  -19.970  55.630 0.0000000000
112922  -18.664  -19.450  56.163 0.0000000000
47456  -17.487  -18.358  53.397 0.0000000000
115611  -17.478  -18.554  56.253 0.0000000000
46483  -18.025  -18.943  56.698 0.0000000000
47430  -17.252  -18.499  57.209 0.0000000000
48380  -15.973  -17.693  57.334 0.0000000000
47423  -16.530  -18.141  58.119 0.0000000000
47422  -15.795  -17.697  58.230 0.0000000000
48371  -15.169  -17.506  58.721 0.0000000000
108302  -14.024  -17.182  56.273 0.0000000000
111704  -13.264  -17.179  56.045 0.0000000000
125479  -13.051  -17.350  55.315 0.0000000000
48423  -13.699  -17.505  52.868 0.0000000000
47454  -12.015  -17.860  53.570 0.0000000000
47442  -11.914  -17.752  54.313 0.0000000000
114331  -11.497  -18.072  53.882 0.0000000000
47441  -11.259  -18.017  54.473 0.0000000000
115258  -5.477  -7.077  46.344 0.0000000000
58744  -5.462  -7.256  45.616 0.0000000000
59811  -5.405  -6.349  45.803 0.0000000000
57678  -5.047  -9.037  46.382 0.0000000000
56563  -4.787  -10.074  45.312 0.0000000000
57702  -4.935  -9.460  44.486 0.0000000000
57712  -5.053  -8.732  43.688 0.0000000000
57720  -4.992  -8.765  42.975 0.0000000000
54508  -5.526  -11.145  42.415 0.0000000000
55513  -5.212  -10.507  42.648 0.0000000000
51538  -6.337  -14.276  43.559 0.0000000000
52611  -5.333  -13.469  44.044 0.0000000000
49477  -6.851  -15.929  41.733 0.0000000000
51561  -6.192  -14.608  41.251 0.0000000000
51548  -5.943  -13.808  41.775 0.0000000000
117422  -5.599  -12.516  42.009 0.0000000000
125973  -6.035  -13.272  40.695 0.0000000000
125965  -6.464  -13.395  40.365 0.0000000000
51408  -3.580  -14.991  53.155 0.0000000000
51332  -7.392  -14.878  59.794 0.0000000000
51344  -7.155  -14.691  59.211 0.0000000000
51331  -6.593  -15.175  59.460 0.0000000000
50304  -3.898  -15.822  58.913 0.0000000000
51342  -5.311  -15.140  58.693 0.0000000000
50314  -4.452  -15.233  58.363 0.0000000000
124088  -5.568  -14.705  57.191 0.0000000000
50323  -4.043  -15.240  57.619 0.0000000000
46475  -3.147  -19.641  57.684 0.0000000000
111444  -3.032  -18.804  58.226 0.0000000000
123723  -3.146  -18.901  57.455 0.0000000000
49349  -3.328  -16.318  56.317 0.0000000000
51373  -3.477  -14.954  56.358 0.0000000000
50331  -3.188  -15.426  55.911 0.0000000000
48409  -3.636  -16.621  53.832 0.0000000000
49360  -3.234  -16.196  54.293 0.0000000000
49364  -3.763  -16.470  53.051 0.0000000000
49368  -3.874  -16.367  52.308 0.0000000000
123201  -5.636  -18.808  53.844 0.0000000000
47464  -5.520  -17.997  53.179 0.0000000000
46521  -6.086  -18.670  53.117 0.0000000000
47465  -6.203  -18.222  52.533 0.0000000000
44564  -3.819  -21.343  53.354 0.0000000000
45545  -4.589  -20.647  53.687 0.0000000000
45556  -4.392  -21.033  52.893 0.0000000000
44584  -4.703  -21.359  51.250 0.0000000000
45565  -4.843  -21.052  52.139 0.0000000000
45566  -5.532  -20.666  51.310 0.0000000000
45588  -5.619  -20.727  50.241 0.0000000000
44614  -4.272  -22.535  48.850 0.0000000000
44626  -4.368  -22.487  48.008 0.0000000000
39432  -2.290  -27.314  52.288 0.0000000000
40499  -2.410  -25.668  52.509 0.0000000000
41522  -2.638  -24.569  52.416 0.0000000000
40509  -2.250  -25.779  51.623 0.0000000000
41543  -2.647  -24.638  49.856 0.0000000000
41534  -3.056  -24.037  50.332 0.0000000000
41544  -2.941  -24.267  48.963 0.0000000000
41557  -3.442  -24.414  48.008 0.0000000000
41573  -3.924  -24.272  46.877 0.0000000000
43605  -4.131  -23.282  46.680 0.0000000000
129272  -4.079  -23.931  46.155 0.0000000000
112866  -4.019  -23.901  45.347 0.0000000000
55437  -35.822  -10.866  50.450 0.0000000000
54440  -36.071  -11.002  51.295 0.0000000000
52523  -31.749  -13.007  51.685 0.0000000000
52537  -31.024  -13.410  51.063 0.0000000000
52538  -31.549  -12.939  50.927 0.0000000000
53481  -33.266  -12.077  52.878 0.0000000000
54424  -35.023  -11.192  52.518 0.0000000000
64340  -48.065  -1.692  28.330 0.0000000000
129344  -47.619  -2.127  28.172 0.0000000000
63312  -43.690  -3.101  27.851 0.0000000000
63303  -44.529  -2.901  28.233 0.0000000000
65176  -38.309  -1.104  39.452 0.0000000000
63200  -34.745  -3.769  39.203 0.0000000000
63201  -35.376  -3.217  39.595 0.0000000000
64232  -35.794  -2.713  38.974 0.0000000000
64248  -35.751  -2.710  38.216 0.0000000000
64240  -36.256  -2.385  38.522 0.0000000000
45636  -5.692  -21.195  46.356 0.0000000000
44665  -4.046  -22.433  44.459 0.0000000000
43631  -4.092  -22.925  44.998 0.0000000000
45527  -8.337  -20.175  55.160 0.0000000000
44554  -7.838  -20.893  54.642 0.0000000000
56572  -34.485  -9.534  44.481 0.0000000000
126286  -33.312  -9.858  43.960 0.0000000000
56579  -34.258  -9.333  43.673 0.0000000000
57715  -34.546  -8.878  43.413 0.0000000000
127461  -34.644  -8.479  43.257 0.0000000000
58767  -35.138  -7.600  43.662 0.0000000000
55396  -29.110  -11.246  57.156 0.0000000000
66246  -49.720  -0.395  24.226 0.0000000000
67141  -50.120  0.163  23.912 0.0000000000
64290  -43.647  -2.234  34.315 0.0000000000
113748  -43.677  -1.197  35.473 0.0000000000
63254  -39.788  -3.038  34.083 0.0000000000
63264  -39.288  -3.645  33.621 0.0000000000
63266  -41.028  -3.658  33.373 0.0000000000
49309  -14.668  -16.385  60.879 0.0000000000
47417  -22.194  -19.158  59.200 0.0000000000
56592  -6.640  -9.170  42.324 0.0000000000
56593  -7.584  -8.836  42.105 0.0000000000
127516  -4.195  -12.537  46.945 0.0000000000
54469  -4.258  -12.505  46.651 0.0000000000
47585  -4.589  -19.347  40.878 0.0000000000
107867  -8.737  -13.883  57.159 0.0000000000
107868  -8.029  -14.027  57.205 0.0000000000
42452  -3.225  -23.521  56.454 0.0000000000
116104  -2.976  -22.439  56.481 0.0000000000
43484  -2.890  -22.951  55.682 0.0000000000
43498  -2.946  -22.422  54.835 0.0000000000
109637  -3.324  -22.065  53.980 0.0000000000
42475  -3.023  -23.204  53.461 0.0000000000
54468  -33.269  -10.694  47.900 0.0000000000
55472  -34.069  -10.403  46.980 0.0000000000
116714  -29.595  -14.168  49.235 0.0000000000
52506  -30.578  -13.531  53.012 0.0000000000
51442  -29.517  -14.072  52.583 0.0000000000
51441  -28.989  -14.226  52.710 0.0000000000
50387  -27.593  -14.623  52.140 0.0000000000
66232  -49.582  -0.748  25.968 0.0000000000
64359  -47.110  -2.237  25.960 0.0000000000
64371  -46.595  -2.006  25.231 0.0000000000
64372  -47.406  -1.916  25.352 0.0000000000
116196  -48.105  -1.659  25.024 0.0000000000
65290  -48.509  -1.106  24.429 0.0000000000
66077  -40.838  -0.837  37.237 0.0000000000
64271  -37.598  -2.262  36.023 0.0000000000
64272  -38.391  -2.103  35.823 0.0000000000
126471  -40.130  -1.445  36.440 0.0000000000
59835  -4.893  -6.636  42.647 0.0000000000
58771  -5.150  -7.680  42.787 0.0000000000
48470  -8.542  -17.106  46.021 0.0000000000
45665  -5.993  -20.599  44.592 0.0000000000
45685  -4.474  -20.215  42.247 0.0000000000
45684  -4.140  -20.435  41.862 0.0000000000
44705  -3.923  -21.321  41.765 0.0000000000
43668  -3.825  -22.100  41.870 0.0000000000
48342  -8.405  -17.235  60.692 0.0000000000
48336  -8.024  -16.841  60.806 0.0000000000
47391  -8.014  -18.051  60.461 0.0000000000
46452  -6.986  -19.302  60.246 0.0000000000
44517  -6.710  -22.210  57.397 0.0000000000
43460  -6.362  -23.013  57.308 0.0000000000
42432  -5.480  -23.237  57.671 0.0000000000
42431  -4.568  -23.548  57.557 0.0000000000
42441  -5.403  -24.110  56.697 0.0000000000
55516  -31.528  -10.373  42.641 0.0000000000
58791  -34.201  -7.283  41.479 0.0000000000
109130  -34.533  -5.752  41.289 0.0000000000
60914  -34.370  -5.456  40.670 0.0000000000
127680  -34.601  -4.905  40.762 0.0000000000
113174  -35.357  -3.801  41.354 0.0000000000
50312  -25.295  -15.173  59.407 0.0000000000
48382  -23.704  -17.105  58.008 0.0000000000
52459  -29.157  -12.887  56.139 0.0000000000
53462  -29.450  -12.479  56.288 0.0000000000
51382  -28.241  -13.661  56.522 0.0000000000
51393  -27.083  -14.389  56.309 0.0000000000
112862  -22.949  -17.582  54.417 0.0000000000
111059  -22.811  -17.944  55.262 0.0000000000
126697  -22.749  -18.439  55.883 0.0000000000
47435  -22.554  -20.156  55.228 0.0000000000
45541  -22.633  -21.333  54.541 0.0000000000
44569  -22.691  -22.017  53.234 0.0000000000
67159  -48.071  1.240  21.835 0.0000000000
127296  -3.487  -13.275  48.183 0.0000000000
115748  -3.547  -13.844  48.289 0.0000000000
50430  -4.382  -14.913  47.910 0.0000000000
48450  -6.403  -17.187  49.817 0.0000000000
48451  -7.141  -17.737  50.158 0.0000000000
46557  -7.539  -19.232  49.403 0.0000000000
45590  -7.037  -20.048  49.471 0.0000000000
112243  -6.034  -20.566  49.511 0.0000000000
63279  -45.762  -2.568  31.355 0.0000000000
63272  -45.806  -2.490  32.118 0.0000000000
107452  -41.702  -4.525  31.279 0.0000000000
62126  -42.432  -4.194  31.527 0.0000000000
49306  -11.626  -15.832  60.365 0.0000000000
47427  -10.065  -18.142  56.575 0.0000000000
117395  -10.309  -18.262  55.817 0.0000000000
45549  -19.819  -20.676  53.637 0.0000000000
45540  -19.781  -20.602  54.479 0.0000000000
46503  -18.719  -19.281  54.347 0.0000000000
47443  -16.772  -17.949  53.807 0.0000000000
126270  -17.435  -18.289  54.323 0.0000000000
121480  -16.695  -17.903  54.714 0.0000000000
48389  -16.143  -17.778  56.395 0.0000000000
48388  -15.353  -17.522  56.624 0.0000000000
47467  -12.878  -17.636  52.491 0.0000000000
114815  -11.454  -18.462  52.391 0.0000000000
46523  -10.922  -18.768  52.641 0.0000000000
54482  -4.436  -11.566  45.361 0.0000000000
55503  -4.737  -10.692  43.501 0.0000000000
56583  -4.901  -10.191  42.873 0.0000000000
116549  -5.331  -11.832  42.527 0.0000000000
50456  -7.295  -15.320  44.439 0.0000000000
50464  -7.535  -15.371  43.420 0.0000000000
51570  -6.221  -14.132  39.886 0.0000000000
51582  -6.051  -14.980  39.317 0.0000000000
49296  -5.468  -16.730  60.405 0.0000000000
50289  -5.107  -15.950  59.687 0.0000000000
120905  -4.375  -16.911  60.504 0.0000000000
49321  -4.206  -16.104  59.764 0.0000000000
49320  -3.559  -16.622  59.379 0.0000000000
114547  -3.396  -19.927  56.277 0.0000000000
47426  -3.373  -18.485  56.822 0.0000000000
47431  -3.617  -18.048  55.999 0.0000000000
48392  -3.507  -17.068  55.669 0.0000000000
48401  -3.989  -17.273  54.312 0.0000000000
47450  -4.546  -17.712  54.069 0.0000000000
117568  -4.015  -22.174  52.056 0.0000000000
113966  -4.415  -21.834  50.834 0.0000000000
44593  -4.510  -21.866  50.189 0.0000000000
125477  -3.973  -22.902  48.908 0.0000000000
39443  -1.872  -26.883  50.561 0.0000000000
38338  -1.939  -27.144  49.717 0.0000000000
39452  -2.103  -26.241  49.663 0.0000000000
40553  -3.832  -24.950  47.343 0.0000000000
51490  -29.788  -13.829  48.884 0.0000000000
52580  -29.635  -13.507  48.131 0.0000000000
54445  -32.583  -11.482  49.467 0.0000000000
50395  -29.201  -14.298  51.128 0.0000000000
50405  -29.551  -14.226  50.095 0.0000000000
51480  -29.898  -14.043  49.879 0.0000000000
51472  -30.408  -13.733  50.483 0.0000000000
52498  -31.737  -12.878  53.219 0.0000000000
53476  -32.430  -12.541  53.108 0.0000000000
51460  -29.632  -14.144  51.700 0.0000000000
65270  -48.661  -1.204  26.973 0.0000000000
64357  -45.202  -2.332  25.619 0.0000000000
66068  -39.774  -0.741  38.411 0.0000000000
66962  -40.920  0.153  40.274 0.0000000000
110189  -40.031  -0.300  40.093 0.0000000000
107962  -33.206  -4.639  37.009 0.0000000000
62089  -33.562  -4.184  36.313 0.0000000000
64249  -36.457  -2.327  37.704 0.0000000000
65191  -38.567  -1.412  37.656 0.0000000000
60876  -5.115  -5.647  45.199 0.0000000000
46584  -8.366  -18.915  47.226 0.0000000000
46598  -8.480  -18.755  46.608 0.0000000000
44690  -3.645  -21.690  42.440 0.0000000000
44676  -3.587  -22.023  43.058 0.0000000000
42590  -3.496  -23.316  43.022 0.0000000000
41601  -3.477  -24.216  43.255 0.0000000000
46468  -8.410  -19.250  58.229 0.0000000000
45500  -8.029  -19.988  57.723 0.0000000000
45507  -7.463  -20.786  57.311 0.0000000000
115930  -7.395  -21.335  55.964 0.0000000000
44532  -7.158  -21.624  56.729 0.0000000000
43485  -6.925  -22.935  55.857 0.0000000000
63148  -36.317  -3.215  43.432 0.0000000000
62007  -35.870  -4.048  43.659 0.0000000000
55484  -30.874  -10.680  45.718 0.0000000000
55494  -30.303  -10.622  44.878 0.0000000000
55506  -31.509  -10.341  43.683 0.0000000000
55507  -32.275  -10.186  43.296 0.0000000000
55531  -32.398  -10.086  41.666 0.0000000000
57731  -33.622  -8.770  41.453 0.0000000000
57732  -34.103  -8.258  41.901 0.0000000000
57722  -34.370  -8.538  42.741 0.0000000000
58779  -34.490  -7.709  42.386 0.0000000000
59840  -34.915  -6.210  42.600 0.0000000000
118397  -27.309  -12.967  58.706 0.0000000000
51363  -26.772  -13.984  58.579 0.0000000000
50365  -26.464  -14.704  54.972 0.0000000000
49365  -23.669  -16.449  54.032 0.0000000000
49369  -23.480  -16.347  53.054 0.0000000000
47458  -22.576  -19.496  53.429 0.0000000000
67148  -48.515  0.822  22.703 0.0000000000
68005  -48.535  1.704  21.186 0.0000000000
68006  -49.363  1.962  21.626 0.0000000000
67994  -51.257  1.410  23.455 0.0000000000
50407  -4.036  -15.263  49.431 0.0000000000
49400  -4.427  -15.487  49.107 0.0000000000
49378  -4.587  -16.258  50.441 0.0000000000
47478  -6.669  -18.584  51.803 0.0000000000
63271  -43.684  -3.432  32.493 0.0000000000
63269  -44.659  -2.818  32.890 0.0000000000
127982  -44.479  -2.014  34.309 0.0000000000
62110  -38.820  -4.308  33.155 0.0000000000
60996  -39.709  -5.211  31.617 0.0000000000
62113  -41.501  -4.118  32.763 0.0000000000
62119  -41.788  -4.447  32.065 0.0000000000
62121  -42.983  -3.739  32.504 0.0000000000
48359  -13.354  -16.524  59.942 0.0000000000
48368  -12.826  -16.562  59.115 0.0000000000
128128  -12.054  -17.232  56.239 0.0000000000
47499  -18.283  -18.940  51.164 0.0000000000
47483  -18.227  -18.852  52.125 0.0000000000
47470  -17.570  -18.445  52.527 0.0000000000
47469  -16.979  -18.145  52.086 0.0000000000
47455  -16.849  -18.063  52.921 0.0000000000
111619  -15.223  -17.577  53.247 0.0000000000
48424  -14.708  -17.531  52.750 0.0000000000
57661  -4.990  -8.892  47.263 0.0000000000
48496  -7.296  -17.328  42.227 0.0000000000
48515  -5.366  -16.834  40.100 0.0000000000
49504  -5.521  -16.590  39.157 0.0000000000
52490  -9.330  -14.256  53.891 0.0000000000
52476  -8.743  -14.119  54.675 0.0000000000
52461  -6.647  -14.223  55.695 0.0000000000
52460  -5.790  -14.210  55.957 0.0000000000
45490  -3.748  -20.290  59.235 0.0000000000
45497  -3.525  -20.634  58.543 0.0000000000
45506  -3.233  -20.526  57.902 0.0000000000
109265  -3.125  -20.407  57.017 0.0000000000
44531  -3.002  -21.399  56.626 0.0000000000
113702  -4.023  -20.191  55.077 0.0000000000
44563  -3.588  -21.799  53.100 0.0000000000
53522  -30.053  -12.624  47.893 0.0000000000
54465  -30.500  -11.724  47.408 0.0000000000
55486  -32.554  -10.320  45.233 0.0000000000
111651  -34.235  -10.131  46.004 0.0000000000
55488  -34.338  -9.874  45.209 0.0000000000
53463  -30.006  -12.374  55.761 0.0000000000
51406  -28.711  -13.711  55.081 0.0000000000
52496  -30.390  -13.297  53.848 0.0000000000
52485  -30.181  -13.051  54.544 0.0000000000
51407  -29.224  -13.620  54.511 0.0000000000
51405  -28.074  -14.077  54.900 0.0000000000
50376  -26.949  -14.546  54.057 0.0000000000
110051  -26.464  -14.737  53.389 0.0000000000
50386  -26.752  -14.734  52.457 0.0000000000
125673  -25.180  -15.205  52.029 0.0000000000
66240  -50.443  -0.201  25.124 0.0000000000
112177  -42.156  -1.534  35.413 0.0000000000
66079  -42.764  -0.468  36.743 0.0000000000
64286  -39.452  -2.483  34.762 0.0000000000
44536  -21.268  -21.763  56.302 0.0000000000
43479  -21.613  -22.044  55.636 0.0000000000
44566  -20.324  -21.542  53.299 0.0000000000
117008  -19.324  -19.925  52.276 0.0000000000
46537  -18.834  -19.438  51.100 0.0000000000
51508  -4.791  -14.577  46.601 0.0000000000
50446  -6.020  -15.190  45.813 0.0000000000
50447  -6.850  -15.319  45.273 0.0000000000
49444  -7.795  -15.878  45.031 0.0000000000
49467  -8.259  -16.834  43.470 0.0000000000
48487  -7.954  -17.690  43.040 0.0000000000
46611  -8.470  -18.892  45.885 0.0000000000
46621  -8.378  -18.951  44.945 0.0000000000
47556  -8.034  -18.844  44.054 0.0000000000
114014  -8.236  -18.189  43.720 0.0000000000
109257  -4.760  -19.132  41.430 0.0000000000
46648  -4.487  -19.578  41.214 0.0000000000
43658  -3.711  -22.561  42.129 0.0000000000
51326  -7.650  -15.136  60.293 0.0000000000
50284  -7.218  -15.835  60.457 0.0000000000
48335  -7.056  -17.114  60.739 0.0000000000
128913  -6.513  -17.004  60.643 0.0000000000
48334  -6.101  -16.882  60.548 0.0000000000
47384  -5.454  -17.815  60.740 0.0000000000
47388  -4.661  -18.264  60.679 0.0000000000
46457  -4.089  -19.893  60.063 0.0000000000
45494  -7.091  -20.260  59.117 0.0000000000
45493  -6.385  -20.458  59.614 0.0000000000
44510  -6.551  -21.742  58.097 0.0000000000
45488  -5.579  -20.365  60.040 0.0000000000
45492  -4.940  -20.951  59.773 0.0000000000
45491  -4.293  -20.685  59.672 0.0000000000
44498  -3.862  -21.128  59.012 0.0000000000
43447  -3.749  -22.416  58.009 0.0000000000
43470  -3.494  -23.083  57.272 0.0000000000
42430  -3.971  -23.617  57.403 0.0000000000
42439  -3.697  -23.777  56.946 0.0000000000
41476  -3.066  -24.626  55.138 0.0000000000
41488  -2.948  -24.877  54.667 0.0000000000
65154  -38.084  -1.178  42.150 0.0000000000
65147  -37.741  -1.540  42.858 0.0000000000
54496  -29.283  -11.135  44.853 0.0000000000
55504  -30.030  -10.553  43.061 0.0000000000
59884  -33.545  -5.970  39.410 0.0000000000
108630  -34.513  -4.736  40.299 0.0000000000
62047  -34.839  -3.961  40.027 0.0000000000
63190  -35.761  -2.841  40.084 0.0000000000
48363  -23.697  -16.766  60.017 0.0000000000
48372  -23.221  -17.669  59.472 0.0000000000
111895  -22.144  -19.807  58.262 0.0000000000
44525  -22.173  -20.849  56.753 0.0000000000
54402  -28.768  -11.899  57.370 0.0000000000
53461  -28.870  -12.764  56.769 0.0000000000
53459  -28.610  -12.533  57.330 0.0000000000
52446  -27.771  -13.417  57.808 0.0000000000
50330  -26.122  -14.743  58.042 0.0000000000
50354  -26.982  -14.467  55.551 0.0000000000
50353  -26.352  -14.742  56.024 0.0000000000
49359  -24.810  -15.748  56.340 0.0000000000
50329  -25.579  -15.175  57.623 0.0000000000
49348  -24.901  -15.693  58.112 0.0000000000
48390  -23.094  -18.069  57.484 0.0000000000
109800  -22.967  -18.295  56.596 0.0000000000
46486  -22.706  -19.315  56.935 0.0000000000
118845  -22.450  -20.111  56.771 0.0000000000
44537  -22.251  -21.274  56.011 0.0000000000
43492  -22.020  -22.097  55.178 0.0000000000
43506  -22.131  -22.428  54.492 0.0000000000
43521  -22.211  -22.731  53.655 0.0000000000
68939  -49.745  2.323  20.949 0.0000000000
68944  -49.813  2.367  20.188 0.0000000000
68945  -50.594  2.602  19.924 0.0000000000
68947  -52.389  2.949  19.408 0.0000000000
53512  -3.593  -12.820  47.799 0.0000000000
47517  -8.406  -18.178  47.701 0.0000000000
46583  -7.884  -19.650  47.434 0.0000000000
45619  -7.267  -20.251  47.848 0.0000000000
45618  -6.385  -20.771  47.339 0.0000000000
45617  -5.451  -21.364  47.392 0.0000000000
44643  -4.434  -22.451  47.054 0.0000000000
110599  -46.413  -2.471  29.721 0.0000000000
65162  -38.140  -1.040  41.247 0.0000000000
66039  -39.493  -0.436  41.698 0.0000000000
124523  -40.016  -5.014  30.509 0.0000000000
61027  -40.180  -4.690  29.796 0.0000000000
121049  -40.733  -4.278  29.238 0.0000000000
48343  -9.224  -16.920  60.624 0.0000000000
47403  -9.131  -17.880  59.427 0.0000000000
49307  -12.548  -15.673  60.477 0.0000000000
48365  -9.797  -17.314  59.239 0.0000000000
47412  -9.457  -17.983  58.519 0.0000000000
127557  -9.121  -19.266  56.358 0.0000000000
45548  -8.987  -19.703  53.900 0.0000000000
44522  -20.754  -21.309  57.098 0.0000000000
45518  -19.989  -20.879  56.940 0.0000000000
120199  -19.674  -20.476  55.190 0.0000000000
119765  -19.817  -20.758  55.986 0.0000000000
45509  -20.215  -20.724  57.852 0.0000000000
46478  -18.785  -19.627  58.215 0.0000000000
47471  -18.175  -18.793  52.993 0.0000000000
47444  -18.104  -18.722  54.806 0.0000000000
46470  -18.052  -19.207  58.860 0.0000000000
47416  -17.384  -18.862  59.461 0.0000000000
47405  -16.651  -18.200  60.258 0.0000000000
48387  -14.580  -17.261  56.922 0.0000000000
48386  -12.620  -17.060  56.576 0.0000000000
111703  -14.133  -17.432  54.504 0.0000000000
48404  -13.281  -17.453  54.668 0.0000000000
48422  -12.772  -17.623  53.263 0.0000000000
48412  -12.648  -17.630  54.098 0.0000000000
47440  -10.610  -18.435  54.525 0.0000000000
128472  -10.794  -18.678  53.301 0.0000000000
46513  -10.302  -18.849  53.837 0.0000000000
57694  -5.341  -8.172  45.663 0.0000000000
58750  -5.413  -7.573  44.825 0.0000000000
113583  -4.983  -8.089  43.127 0.0000000000
56584  -5.243  -9.827  42.668 0.0000000000
53574  -6.248  -12.037  41.626 0.0000000000
51516  -4.729  -14.239  45.918 0.0000000000
51527  -5.922  -14.438  44.698 0.0000000000
49478  -7.406  -16.481  42.306 0.0000000000
53575  -6.949  -12.071  41.430 0.0000000000
53585  -7.143  -12.691  40.816 0.0000000000
51425  -3.491  -15.048  52.425 0.0000000000
121242  -8.542  -14.191  58.595 0.0000000000
52429  -7.810  -14.227  58.246 0.0000000000
52438  -7.114  -14.267  57.973 0.0000000000
50306  -5.673  -15.454  59.209 0.0000000000
52428  -6.444  -14.501  58.257 0.0000000000
52437  -6.318  -14.431  57.656 0.0000000000
109681  -4.955  -14.397  56.346 0.0000000000
47410  -3.076  -18.216  58.961 0.0000000000
48364  -3.095  -17.363  58.826 0.0000000000
49333  -3.321  -16.509  58.415 0.0000000000
47419  -3.141  -18.148  57.585 0.0000000000
118768  -3.272  -16.425  57.379 0.0000000000
51364  -4.020  -15.065  57.032 0.0000000000
51374  -3.945  -14.563  56.339 0.0000000000
51385  -4.826  -13.948  55.414 0.0000000000
51384  -3.882  -14.037  55.573 0.0000000000
51396  -3.383  -14.664  54.635 0.0000000000
50355  -3.189  -15.640  53.975 0.0000000000
117104  -3.397  -15.133  53.712 0.0000000000
50367  -3.309  -15.662  53.012 0.0000000000
50379  -3.424  -15.765  52.255 0.0000000000
48430  -4.433  -16.756  52.094 0.0000000000
48411  -4.659  -17.478  53.344 0.0000000000
48420  -4.751  -17.292  52.740 0.0000000000
45546  -5.344  -19.811  53.860 0.0000000000
46534  -6.484  -19.590  51.719 0.0000000000
45602  -5.375  -21.147  49.044 0.0000000000
44605  -4.878  -21.464  49.693 0.0000000000
40476  -3.244  -25.468  54.531 0.0000000000
41501  -2.855  -25.158  53.955 0.0000000000
39418  -2.886  -27.212  53.030 0.0000000000
40500  -2.661  -26.325  53.219 0.0000000000
41511  -2.680  -24.622  53.293 0.0000000000
41523  -2.906  -24.176  51.326 0.0000000000
120588  -3.407  -23.443  49.830 0.0000000000
39462  -2.208  -26.637  49.085 0.0000000000
121233  -3.722  -23.273  48.588 0.0000000000
110472  -3.727  -23.861  47.571 0.0000000000
43591  -3.894  -23.400  47.678 0.0000000000
40576  -3.237  -26.099  43.344 0.0000000000
43448  -4.354  -22.632  58.414 0.0000000000
44524  -21.906  -21.127  56.844 0.0000000000
46450  -4.724  -19.304  60.558 0.0000000000
46474  -22.395  -19.300  58.368 0.0000000000
48332  -4.954  -17.519  60.720 0.0000000000
48333  -5.488  -17.232  60.630 0.0000000000
48337  -8.851  -16.537  60.796 0.0000000000
48354  -3.928  -16.751  60.237 0.0000000000
48415  -15.344  -17.578  53.917 0.0000000000
49295  -4.863  -17.035  60.595 0.0000000000
49297  -6.797  -16.581  60.581 0.0000000000
49302  -4.709  -16.491  60.271 0.0000000000
49303  -5.497  -16.297  60.040 0.0000000000
49305  -10.603  -15.971  60.524 0.0000000000
50285  -8.014  -15.581  60.658 0.0000000000
50290  -6.051  -15.832  59.680 0.0000000000
50291  -6.901  -15.460  59.999 0.0000000000
50378  -28.524  -14.207  53.244 0.0000000000
51333  -7.995  -14.699  60.048 0.0000000000
51334  -8.571  -14.607  60.193 0.0000000000
51343  -6.211  -14.990  58.914 0.0000000000
51353  -5.104  -14.966  58.254 0.0000000000
51354  -5.823  -14.815  58.448 0.0000000000
51365  -4.635  -15.024  57.753 0.0000000000
52414  -8.239  -14.484  59.715 0.0000000000
52419  -7.309  -14.407  58.647 0.0000000000
52420  -7.847  -14.445  59.252 0.0000000000
52421  -8.431  -14.332  59.265 0.0000000000
52435  -27.197  -13.485  58.477 0.0000000000
52439  -7.608  -14.141  57.590 0.0000000000
52441  -9.382  -13.930  57.499 0.0000000000
52448  -6.131  -14.483  56.853 0.0000000000
52477  -9.188  -14.031  55.486 0.0000000000
52484  -29.654  -13.205  54.861 0.0000000000
53456  -27.588  -12.489  58.529 0.0000000000
53457  -28.143  -12.596  57.912 0.0000000000
53472  -31.187  -12.575  54.345 0.0000000000
67142  -50.714  0.225  24.327 0.0000000000
67972  -52.168  1.320  25.153 0.0000000000
109696  -5.174  -23.799  57.235 0.0000000000
110762  -7.620  -14.163  55.470 0.0000000000
111037  -26.522  -14.340  58.355 0.0000000000
114191  -7.999  -14.314  58.830 0.0000000000
117620  -27.751  -14.068  56.419 0.0000000000
117834  -3.202  -18.965  58.928 0.0000000000
118993  -3.017  -17.971  58.315 0.0000000000
122563  -5.978  -18.107  60.757 0.0000000000
124371  -29.258  -14.325  50.434 0.0000000000
124711  -29.034  -12.399  56.878 0.0000000000
125750  -6.518  -23.283  56.919 0.0000000000
126957  -6.899  -19.969  59.843 0.0000000000
127749  -42.032  -4.131  32.471 0.0000000000
129012  -35.168  -8.598  44.187 0.0000000000
