#!ascii label  , from subject sub-v1s11x0050168_ses-1 vox2ras=TkReg
1267
52735  -36.097  -13.461  31.979 0.0000000000
60021  -50.405  -6.661  25.020 0.0000000000
56770  -42.024  -8.950  28.258 0.0000000000
41505  -10.827  -24.463  53.494 0.0000000000
50528  -32.099  -15.078  37.621 0.0000000000
39352  -25.688  -27.080  57.294 0.0000000000
45552  -30.644  -20.756  53.460 0.0000000000
47550  -34.078  -18.779  45.085 0.0000000000
50466  -34.602  -15.467  43.058 0.0000000000
39410  -18.570  -25.940  53.569 0.0000000000
38213  -21.638  -27.943  58.346 0.0000000000
107904  -22.430  -27.616  53.787 0.0000000000
42540  -27.878  -23.488  49.164 0.0000000000
45629  -30.473  -20.367  47.331 0.0000000000
55567  -36.363  -10.445  37.390 0.0000000000
55604  -39.382  -9.653  35.304 0.0000000000
108081  -46.007  -7.308  27.152 0.0000000000
54655  -40.030  -12.071  30.212 0.0000000000
61144  -48.683  -5.175  19.826 0.0000000000
38264  -7.950  -27.145  54.177 0.0000000000
52638  -36.258  -13.330  40.620 0.0000000000
52713  -33.429  -12.944  34.432 0.0000000000
39439  -26.649  -26.974  51.770 0.0000000000
40473  -29.536  -25.048  55.058 0.0000000000
56676  -43.550  -10.113  34.936 0.0000000000
62285  -56.691  -4.370  16.556 0.0000000000
46636  -32.096  -19.170  43.929 0.0000000000
47580  -33.127  -18.253  42.746 0.0000000000
38283  -20.467  -27.189  53.520 0.0000000000
115022  -28.038  -20.759  45.807 0.0000000000
112813  -30.378  -20.144  45.088 0.0000000000
46605  -32.277  -19.562  46.228 0.0000000000
54600  -35.924  -10.999  34.670 0.0000000000
56658  -37.623  -9.515  35.965 0.0000000000
54617  -38.294  -11.561  33.575 0.0000000000
117235  -48.638  -7.017  25.740 0.0000000000
113237  -47.779  -7.212  28.923 0.0000000000
61075  -52.305  -5.765  24.400 0.0000000000
40523  -11.087  -25.168  50.127 0.0000000000
40479  -9.461  -25.485  53.934 0.0000000000
119912  -33.164  -15.348  40.554 0.0000000000
51553  -35.055  -14.623  42.510 0.0000000000
51605  -33.589  -13.977  39.124 0.0000000000
52676  -34.261  -12.719  37.461 0.0000000000
124059  -32.667  -13.571  36.135 0.0000000000
116718  -23.702  -27.953  58.565 0.0000000000
110178  -23.312  -27.904  61.511 0.0000000000
39321  -24.849  -26.238  61.125 0.0000000000
40428  -26.491  -25.255  59.407 0.0000000000
38348  -24.562  -27.256  49.229 0.0000000000
109148  -26.400  -26.324  48.168 0.0000000000
43568  -29.189  -21.481  51.054 0.0000000000
42497  -28.948  -24.032  52.108 0.0000000000
114397  -29.598  -22.872  54.182 0.0000000000
42448  -29.243  -22.848  57.358 0.0000000000
43547  -15.333  -22.482  52.119 0.0000000000
42447  -16.076  -23.651  56.536 0.0000000000
43445  -15.076  -22.899  58.765 0.0000000000
55700  -41.049  -10.241  28.835 0.0000000000
107174  -41.981  -11.539  31.637 0.0000000000
55656  -43.252  -10.429  31.395 0.0000000000
63433  -58.225  -2.459  14.492 0.0000000000
42443  -9.694  -24.058  57.062 0.0000000000
47544  -36.415  -17.988  46.848 0.0000000000
49441  -36.444  -16.156  46.358 0.0000000000
48485  -34.951  -17.425  44.253 0.0000000000
48510  -33.248  -16.913  41.540 0.0000000000
40483  -18.274  -25.598  55.079 0.0000000000
40441  -19.275  -26.348  57.970 0.0000000000
110949  -20.165  -26.913  55.899 0.0000000000
38242  -22.271  -27.860  56.227 0.0000000000
109518  -23.895  -27.862  55.899 0.0000000000
41579  -26.774  -24.688  47.245 0.0000000000
43625  -26.500  -21.930  46.640 0.0000000000
44637  -28.048  -21.194  48.289 0.0000000000
110435  -30.685  -20.772  50.049 0.0000000000
45613  -33.004  -20.032  49.012 0.0000000000
109184  -34.550  -19.408  47.659 0.0000000000
41517  -17.215  -24.804  52.086 0.0000000000
54538  -38.181  -11.209  40.721 0.0000000000
55519  -39.989  -9.898  43.123 0.0000000000
56617  -38.266  -8.950  39.105 0.0000000000
57780  -39.069  -8.140  37.748 0.0000000000
57903  -44.188  -7.785  28.027 0.0000000000
57868  -44.431  -8.590  30.080 0.0000000000
58935  -46.493  -7.646  29.804 0.0000000000
34154  -3.080  -31.214  56.056 0.0000000000
52761  -38.223  -13.094  30.858 0.0000000000
109916  -38.813  -10.676  27.641 0.0000000000
57924  -41.761  -8.027  25.290 0.0000000000
107439  -43.982  -7.591  24.912 0.0000000000
59004  -46.065  -7.240  24.101 0.0000000000
108321  -47.791  -6.703  23.057 0.0000000000
61098  -49.411  -5.618  22.221 0.0000000000
61131  -46.689  -5.058  20.414 0.0000000000
40431  -7.686  -25.795  57.270 0.0000000000
38220  -5.276  -27.420  57.660 0.0000000000
37240  -3.854  -29.167  56.925 0.0000000000
52607  -40.162  -13.810  44.925 0.0000000000
51519  -36.568  -14.991  45.003 0.0000000000
51556  -37.848  -14.246  43.166 0.0000000000
52628  -38.048  -13.184  42.004 0.0000000000
53603  -36.314  -12.429  39.274 0.0000000000
53641  -34.864  -11.546  36.303 0.0000000000
52733  -34.399  -13.478  32.727 0.0000000000
38188  -20.694  -27.683  60.532 0.0000000000
38285  -24.295  -27.491  52.751 0.0000000000
38273  -26.214  -27.200  54.618 0.0000000000
40527  -28.156  -25.477  50.542 0.0000000000
39414  -28.076  -26.557  53.423 0.0000000000
39354  -27.298  -26.177  57.184 0.0000000000
41455  -27.787  -23.676  59.598 0.0000000000
41527  -12.179  -24.212  51.189 0.0000000000
42508  -13.572  -23.194  51.541 0.0000000000
42467  -12.429  -23.084  54.242 0.0000000000
54632  -40.130  -11.983  32.892 0.0000000000
56674  -41.745  -9.962  34.947 0.0000000000
57791  -43.057  -8.309  36.365 0.0000000000
56689  -45.581  -9.878  33.783 0.0000000000
62212  -51.517  -4.453  22.043 0.0000000000
63373  -52.445  -3.164  20.966 0.0000000000
63390  -54.333  -2.331  19.544 0.0000000000
61161  -55.056  -5.629  18.373 0.0000000000
122569  -56.335  -1.691  18.840 0.0000000000
46644  -31.035  -19.668  42.924 0.0000000000
118408  -31.361  -19.310  42.346 0.0000000000
113837  -30.659  -19.592  41.305 0.0000000000
45669  -29.279  -20.532  44.225 0.0000000000
46634  -30.540  -20.034  43.582 0.0000000000
45670  -30.838  -19.925  44.424 0.0000000000
53679  -35.606  -12.402  33.453 0.0000000000
54615  -36.495  -11.399  34.105 0.0000000000
53689  -37.282  -12.644  32.637 0.0000000000
60020  -49.556  -6.860  25.583 0.0000000000
60000  -49.494  -6.836  27.233 0.0000000000
60001  -50.407  -6.582  27.047 0.0000000000
60012  -51.296  -6.310  26.457 0.0000000000
122893  -51.038  -6.379  24.566 0.0000000000
40504  -10.776  -24.981  52.049 0.0000000000
122063  -10.242  -25.346  52.388 0.0000000000
41504  -10.167  -24.913  53.683 0.0000000000
50514  -32.733  -14.819  38.967 0.0000000000
51574  -33.574  -14.289  39.841 0.0000000000
51604  -33.041  -14.189  38.641 0.0000000000
51616  -32.965  -13.902  37.686 0.0000000000
51626  -32.209  -14.241  36.516 0.0000000000
41454  -17.270  -24.889  58.781 0.0000000000
38228  -24.467  -27.686  57.880 0.0000000000
107776  -23.998  -27.358  59.751 0.0000000000
39337  -25.251  -26.335  59.520 0.0000000000
39322  -25.422  -25.775  60.810 0.0000000000
39338  -25.918  -26.184  58.808 0.0000000000
44579  -29.844  -21.252  52.103 0.0000000000
43536  -29.232  -22.356  52.361 0.0000000000
44570  -29.753  -21.543  53.379 0.0000000000
44547  -29.933  -21.544  55.218 0.0000000000
41484  -17.190  -24.668  55.422 0.0000000000
113551  -16.710  -24.373  56.972 0.0000000000
41453  -16.639  -24.459  59.030 0.0000000000
111744  -40.587  -12.230  44.751 0.0000000000
56762  -41.541  -9.510  28.532 0.0000000000
55687  -42.013  -10.380  29.951 0.0000000000
56752  -42.644  -9.661  29.816 0.0000000000
47543  -35.766  -18.683  46.805 0.0000000000
47552  -35.844  -18.148  45.957 0.0000000000
47562  -34.640  -18.278  44.626 0.0000000000
128662  -33.031  -17.563  41.749 0.0000000000
48518  -32.456  -17.422  40.469 0.0000000000
49498  -32.643  -16.591  40.315 0.0000000000
40494  -18.135  -25.517  54.248 0.0000000000
39382  -18.901  -26.100  55.328 0.0000000000
39398  -19.491  -26.559  54.682 0.0000000000
110476  -21.174  -27.457  53.283 0.0000000000
38268  -21.253  -27.441  54.560 0.0000000000
38269  -22.073  -27.631  54.529 0.0000000000
123569  -23.086  -27.884  55.837 0.0000000000
107905  -22.906  -27.698  54.458 0.0000000000
43636  -25.972  -22.302  45.892 0.0000000000
45647  -29.386  -20.516  46.482 0.0000000000
45627  -28.743  -20.705  47.140 0.0000000000
44638  -28.927  -20.807  48.058 0.0000000000
45595  -29.573  -20.836  48.981 0.0000000000
111639  -30.564  -20.572  48.620 0.0000000000
45597  -31.295  -20.483  49.246 0.0000000000
108333  -31.332  -20.314  48.279 0.0000000000
46615  -33.064  -19.134  45.740 0.0000000000
46593  -33.583  -19.560  47.377 0.0000000000
46607  -34.289  -19.249  46.761 0.0000000000
46594  -35.506  -19.049  47.557 0.0000000000
40505  -17.724  -25.383  52.343 0.0000000000
55554  -37.393  -10.518  39.074 0.0000000000
55543  -38.339  -10.323  40.449 0.0000000000
55568  -37.298  -9.727  38.223 0.0000000000
56659  -38.588  -9.288  35.956 0.0000000000
57779  -38.382  -8.476  37.608 0.0000000000
115439  -38.883  -8.793  36.535 0.0000000000
57781  -39.904  -7.921  37.490 0.0000000000
57788  -40.223  -8.278  36.792 0.0000000000
58958  -45.246  -7.444  27.234 0.0000000000
58946  -45.420  -7.511  28.504 0.0000000000
58947  -46.193  -7.344  28.413 0.0000000000
59965  -48.923  -6.866  30.215 0.0000000000
57937  -42.556  -7.842  24.918 0.0000000000
59016  -42.706  -7.275  23.439 0.0000000000
59031  -45.087  -6.981  22.836 0.0000000000
60058  -45.510  -6.582  22.364 0.0000000000
60043  -47.063  -6.797  23.138 0.0000000000
60076  -46.870  -6.003  21.902 0.0000000000
61096  -47.756  -5.878  21.964 0.0000000000
39421  -8.586  -26.890  52.827 0.0000000000
38276  -7.539  -27.746  53.874 0.0000000000
41437  -8.341  -24.210  59.286 0.0000000000
128535  -8.724  -24.988  56.844 0.0000000000
40403  -6.959  -25.151  59.189 0.0000000000
39342  -5.490  -26.759  58.264 0.0000000000
38207  -4.421  -27.122  58.429 0.0000000000
38233  -4.168  -28.158  57.326 0.0000000000
37224  -3.946  -28.323  58.246 0.0000000000
36175  -3.816  -29.457  57.260 0.0000000000
122682  -35.728  -15.647  44.814 0.0000000000
49453  -36.476  -15.500  45.891 0.0000000000
50459  -35.683  -15.372  44.478 0.0000000000
52626  -35.641  -13.758  41.131 0.0000000000
51555  -36.931  -14.326  42.931 0.0000000000
52619  -36.708  -13.977  42.160 0.0000000000
52621  -38.487  -13.561  42.794 0.0000000000
52639  -37.030  -13.171  40.873 0.0000000000
53594  -37.353  -12.480  40.536 0.0000000000
52654  -35.991  -13.065  39.910 0.0000000000
53639  -33.691  -12.442  35.698 0.0000000000
53627  -34.549  -12.213  36.951 0.0000000000
53653  -34.161  -11.884  35.137 0.0000000000
53666  -34.205  -12.176  34.403 0.0000000000
126800  -34.059  -12.941  33.627 0.0000000000
123115  -20.394  -27.189  58.587 0.0000000000
39335  -20.254  -27.128  59.275 0.0000000000
38201  -21.364  -27.968  59.867 0.0000000000
119157  -25.595  -27.185  51.075 0.0000000000
38319  -24.410  -27.423  51.433 0.0000000000
38301  -25.138  -27.362  52.320 0.0000000000
38272  -25.428  -27.376  53.885 0.0000000000
38287  -26.227  -27.219  53.165 0.0000000000
116280  -27.606  -24.114  48.590 0.0000000000
41570  -27.475  -24.991  48.449 0.0000000000
117934  -27.868  -24.550  49.182 0.0000000000
40485  -29.441  -25.018  54.181 0.0000000000
40495  -28.806  -25.602  52.980 0.0000000000
40472  -29.126  -25.677  54.634 0.0000000000
39386  -27.890  -26.675  54.997 0.0000000000
40460  -28.881  -25.710  55.955 0.0000000000
108735  -27.951  -25.313  57.550 0.0000000000
40444  -28.783  -24.928  56.872 0.0000000000
46541  -33.630  -19.892  51.953 0.0000000000
114069  -14.311  -22.668  51.924 0.0000000000
43531  -14.379  -22.518  52.695 0.0000000000
42480  -13.185  -22.992  53.121 0.0000000000
43434  -15.144  -22.990  60.640 0.0000000000
53707  -38.802  -12.730  30.397 0.0000000000
111230  -39.377  -12.574  32.116 0.0000000000
53700  -39.894  -12.478  31.486 0.0000000000
54622  -42.958  -11.144  33.014 0.0000000000
55627  -41.839  -11.142  33.820 0.0000000000
56675  -42.628  -10.030  34.989 0.0000000000
57805  -42.490  -8.784  35.955 0.0000000000
57806  -43.596  -8.778  35.881 0.0000000000
57851  -45.608  -8.672  31.272 0.0000000000
56712  -45.092  -9.265  31.864 0.0000000000
56698  -46.097  -9.302  33.113 0.0000000000
62225  -48.980  -4.613  20.992 0.0000000000
61099  -50.243  -5.303  22.225 0.0000000000
118274  -49.735  -4.351  21.052 0.0000000000
62252  -51.339  -4.167  20.023 0.0000000000
62253  -52.204  -3.876  19.897 0.0000000000
63381  -53.154  -2.887  20.451 0.0000000000
62254  -53.142  -3.794  19.573 0.0000000000
60137  -55.901  -6.461  15.610 0.0000000000
60122  -54.708  -6.624  16.670 0.0000000000
61173  -56.036  -5.308  17.600 0.0000000000
62265  -55.555  -4.067  18.495 0.0000000000
63398  -56.554  -2.974  17.745 0.0000000000
63405  -56.848  -3.035  16.740 0.0000000000
64447  -58.995  -2.418  15.119 0.0000000000
46625  -33.131  -18.959  44.957 0.0000000000
47561  -33.784  -18.601  44.344 0.0000000000
47570  -32.626  -18.762  43.310 0.0000000000
47591  -31.811  -18.656  41.291 0.0000000000
39411  -19.221  -26.486  53.214 0.0000000000
116553  -28.625  -20.654  44.204 0.0000000000
109136  -29.572  -20.404  44.997 0.0000000000
45659  -29.922  -20.340  45.794 0.0000000000
108332  -30.983  -20.128  46.752 0.0000000000
122141  -31.057  -19.892  45.136 0.0000000000
46614  -32.326  -19.355  45.307 0.0000000000
54581  -35.821  -10.509  36.018 0.0000000000
55581  -36.797  -9.660  36.887 0.0000000000
55601  -36.450  -10.452  35.139 0.0000000000
55610  -37.281  -10.438  34.914 0.0000000000
54603  -38.778  -10.953  34.109 0.0000000000
115107  -47.287  -7.207  26.079 0.0000000000
58960  -47.194  -7.184  27.493 0.0000000000
58961  -47.965  -7.083  27.111 0.0000000000
59991  -49.356  -6.763  28.663 0.0000000000
61076  -53.161  -5.386  24.702 0.0000000000
40503  -9.720  -25.833  52.306 0.0000000000
39391  -8.859  -26.093  53.959 0.0000000000
50482  -33.966  -15.083  41.795 0.0000000000
50475  -34.844  -15.098  43.092 0.0000000000
129410  -33.811  -14.889  41.226 0.0000000000
51575  -34.151  -14.055  40.416 0.0000000000
52636  -34.829  -13.655  40.075 0.0000000000
52666  -34.953  -12.980  38.680 0.0000000000
52665  -34.261  -13.472  38.878 0.0000000000
52686  -33.166  -13.350  36.870 0.0000000000
52698  -33.113  -13.020  35.328 0.0000000000
38214  -22.631  -28.201  58.671 0.0000000000
129005  -21.948  -28.192  59.733 0.0000000000
38203  -23.547  -27.648  60.345 0.0000000000
38191  -24.309  -26.973  61.349 0.0000000000
40397  -25.989  -25.518  61.261 0.0000000000
38349  -25.271  -27.032  49.279 0.0000000000
125143  -26.331  -26.857  50.191 0.0000000000
43567  -28.539  -22.460  50.232 0.0000000000
42526  -28.486  -23.538  50.513 0.0000000000
42513  -28.929  -23.096  51.805 0.0000000000
42483  -29.425  -23.082  53.316 0.0000000000
41498  -29.622  -24.293  54.613 0.0000000000
41473  -29.327  -24.082  56.556 0.0000000000
43494  -29.717  -22.297  55.727 0.0000000000
42496  -16.254  -23.281  52.158 0.0000000000
42495  -15.823  -22.736  52.391 0.0000000000
43491  -15.144  -22.405  55.079 0.0000000000
43465  -15.043  -22.608  57.001 0.0000000000
42434  -15.552  -23.253  57.296 0.0000000000
54681  -40.548  -11.008  29.177 0.0000000000
54656  -40.938  -11.924  31.065 0.0000000000
55669  -41.748  -11.053  30.389 0.0000000000
55655  -42.615  -11.028  31.521 0.0000000000
55641  -43.579  -10.766  32.792 0.0000000000
123838  -47.982  -5.705  18.311 0.0000000000
61145  -49.460  -5.501  19.560 0.0000000000
60096  -49.614  -6.079  18.649 0.0000000000
61204  -56.810  -5.661  15.032 0.0000000000
62293  -57.476  -3.458  14.965 0.0000000000
61225  -57.286  -4.903  13.664 0.0000000000
62317  -58.234  -3.394  12.564 0.0000000000
42455  -11.452  -23.407  55.475 0.0000000000
41482  -10.217  -24.378  55.112 0.0000000000
49427  -37.473  -16.178  48.003 0.0000000000
48473  -36.719  -16.953  47.055 0.0000000000
49463  -35.512  -16.507  44.761 0.0000000000
128902  -35.023  -16.492  44.055 0.0000000000
48491  -33.821  -17.763  43.084 0.0000000000
123397  -33.990  -17.044  42.766 0.0000000000
49483  -33.802  -16.542  42.243 0.0000000000
49499  -33.046  -16.057  40.923 0.0000000000
50499  -32.483  -15.630  39.324 0.0000000000
40456  -17.855  -25.328  56.567 0.0000000000
40427  -18.546  -25.814  58.401 0.0000000000
40457  -18.505  -25.769  56.793 0.0000000000
39350  -19.816  -26.714  57.176 0.0000000000
38224  -20.650  -27.270  57.169 0.0000000000
39384  -20.068  -26.890  55.188 0.0000000000
38240  -20.765  -27.272  56.258 0.0000000000
38225  -21.456  -27.763  57.523 0.0000000000
114493  -22.743  -28.100  57.166 0.0000000000
38227  -23.622  -28.033  57.473 0.0000000000
38229  -25.027  -27.475  57.340 0.0000000000
43615  -26.635  -22.699  47.085 0.0000000000
44636  -27.384  -22.220  48.214 0.0000000000
44660  -27.017  -21.118  46.350 0.0000000000
109053  -27.493  -21.428  47.736 0.0000000000
44620  -27.928  -21.779  48.853 0.0000000000
44608  -28.510  -21.681  49.592 0.0000000000
44602  -29.330  -21.165  50.541 0.0000000000
45571  -30.297  -21.015  51.557 0.0000000000
45563  -31.309  -20.500  52.717 0.0000000000
113725  -31.801  -20.426  51.076 0.0000000000
45585  -32.442  -20.241  50.411 0.0000000000
46551  -33.871  -19.898  50.289 0.0000000000
46577  -32.983  -19.906  48.091 0.0000000000
123739  -33.600  -19.843  48.599 0.0000000000
46563  -34.633  -19.628  49.847 0.0000000000
47512  -36.058  -18.985  48.852 0.0000000000
41516  -16.727  -24.094  52.764 0.0000000000
54513  -39.343  -11.322  42.675 0.0000000000
55533  -39.139  -10.112  41.763 0.0000000000
55544  -38.803  -9.760  40.979 0.0000000000
57743  -39.273  -8.080  40.259 0.0000000000
56627  -37.940  -8.823  38.069 0.0000000000
57751  -38.727  -8.251  38.863 0.0000000000
120027  -43.506  -8.118  28.189 0.0000000000
57867  -43.842  -8.481  29.326 0.0000000000
57882  -44.522  -8.074  29.262 0.0000000000
57883  -45.019  -8.082  29.753 0.0000000000
129696  -46.663  -8.084  31.244 0.0000000000
108330  -46.790  -7.390  29.043 0.0000000000
107629  -46.936  -7.688  30.337 0.0000000000
52759  -35.951  -13.696  30.161 0.0000000000
52746  -36.824  -13.525  31.223 0.0000000000
52774  -37.167  -13.113  29.814 0.0000000000
53721  -37.668  -12.597  29.293 0.0000000000
53736  -38.153  -12.064  28.801 0.0000000000
54696  -38.982  -11.170  28.259 0.0000000000
55713  -39.538  -10.578  28.029 0.0000000000
56761  -40.799  -9.788  28.139 0.0000000000
56769  -41.349  -9.136  27.698 0.0000000000
57913  -42.265  -8.249  26.704 0.0000000000
57914  -43.056  -7.993  26.521 0.0000000000
58969  -43.959  -7.704  26.552 0.0000000000
58983  -45.222  -7.450  25.762 0.0000000000
121489  -43.962  -7.254  23.352 0.0000000000
59003  -45.149  -7.368  24.123 0.0000000000
108100  -46.038  -7.356  25.697 0.0000000000
59005  -47.212  -7.168  24.532 0.0000000000
60034  -48.207  -6.980  24.316 0.0000000000
60035  -49.586  -6.555  23.623 0.0000000000
126801  -50.299  -6.289  23.506 0.0000000000
60061  -49.086  -6.275  22.802 0.0000000000
61118  -48.173  -5.130  21.228 0.0000000000
109874  -47.427  -4.967  20.123 0.0000000000
61157  -47.299  -5.601  18.564 0.0000000000
41481  -9.535  -24.863  55.262 0.0000000000
109891  -8.572  -25.644  55.792 0.0000000000
39375  -7.983  -26.581  55.310 0.0000000000
40418  -6.186  -25.696  59.020 0.0000000000
39344  -7.139  -26.379  57.282 0.0000000000
38249  -7.052  -27.510  55.569 0.0000000000
37243  -6.378  -27.903  55.914 0.0000000000
37251  -5.096  -28.893  55.674 0.0000000000
36194  -4.034  -29.425  55.746 0.0000000000
110670  -3.575  -29.684  56.589 0.0000000000
53555  -40.069  -12.670  44.273 0.0000000000
51521  -38.286  -14.843  45.664 0.0000000000
51542  -36.185  -14.691  43.569 0.0000000000
51531  -37.173  -14.757  44.576 0.0000000000
129638  -39.224  -13.980  43.931 0.0000000000
52614  -39.156  -13.495  43.453 0.0000000000
110714  -39.217  -12.207  42.833 0.0000000000
53595  -37.973  -12.047  40.984 0.0000000000
54537  -37.616  -11.704  40.253 0.0000000000
54558  -36.362  -11.159  38.144 0.0000000000
53617  -35.611  -12.486  38.573 0.0000000000
120764  -35.201  -11.818  37.212 0.0000000000
54580  -35.458  -11.122  36.575 0.0000000000
54599  -35.247  -11.054  34.982 0.0000000000
115029  -35.018  -11.801  34.177 0.0000000000
52734  -35.214  -13.466  32.377 0.0000000000
51625  -31.736  -14.688  35.997 0.0000000000
122719  -31.922  -14.295  35.264 0.0000000000
112703  -32.254  -14.011  34.613 0.0000000000
52723  -32.816  -13.584  34.136 0.0000000000
51663  -32.908  -13.862  33.360 0.0000000000
51676  -33.892  -14.000  32.224 0.0000000000
51677  -34.701  -13.881  31.939 0.0000000000
51688  -35.018  -14.084  31.167 0.0000000000
109418  -22.403  -28.167  61.295 0.0000000000
127331  -22.354  -27.602  51.682 0.0000000000
38318  -23.724  -27.523  51.697 0.0000000000
122240  -23.170  -27.639  53.767 0.0000000000
38270  -23.828  -27.653  54.296 0.0000000000
38259  -25.311  -27.460  55.020 0.0000000000
39369  -26.052  -27.045  56.581 0.0000000000
40557  -26.640  -25.420  47.381 0.0000000000
39460  -27.255  -26.101  49.438 0.0000000000
118390  -27.282  -26.644  51.286 0.0000000000
41530  -28.742  -24.817  51.653 0.0000000000
39440  -27.989  -26.284  51.844 0.0000000000
39429  -27.696  -26.687  52.660 0.0000000000
39400  -27.092  -26.952  54.384 0.0000000000
39385  -26.893  -26.971  55.215 0.0000000000
39353  -26.448  -26.682  57.271 0.0000000000
40443  -27.223  -25.397  58.312 0.0000000000
40429  -27.154  -24.420  59.579 0.0000000000
41537  -11.607  -24.697  50.661 0.0000000000
41515  -12.034  -24.007  52.118 0.0000000000
43561  -14.416  -22.836  50.296 0.0000000000
42534  -13.803  -23.260  49.779 0.0000000000
42520  -12.930  -23.772  50.828 0.0000000000
42493  -12.789  -23.465  52.582 0.0000000000
42478  -11.871  -23.631  53.784 0.0000000000
42456  -12.230  -22.933  55.113 0.0000000000
43455  -14.499  -22.384  58.365 0.0000000000
113706  -38.019  -12.557  32.526 0.0000000000
53681  -38.729  -12.270  32.818 0.0000000000
54604  -39.871  -10.891  34.103 0.0000000000
54633  -40.818  -11.922  32.686 0.0000000000
55626  -40.928  -11.068  33.940 0.0000000000
55605  -40.334  -9.766  35.046 0.0000000000
57804  -41.597  -8.777  36.015 0.0000000000
107273  -44.034  -9.294  30.777 0.0000000000
55642  -44.227  -10.394  32.786 0.0000000000
55618  -44.753  -10.328  34.038 0.0000000000
61083  -50.672  -5.888  23.023 0.0000000000
61101  -51.886  -5.161  22.816 0.0000000000
62203  -52.633  -5.012  23.180 0.0000000000
62251  -50.546  -4.401  20.099 0.0000000000
62228  -51.953  -3.734  21.479 0.0000000000
127976  -53.419  -3.826  22.399 0.0000000000
107175  -53.715  -3.294  22.037 0.0000000000
64398  -54.743  -1.886  21.044 0.0000000000
61159  -53.609  -5.866  18.850 0.0000000000
62264  -54.829  -4.620  18.768 0.0000000000
63391  -55.371  -1.917  19.032 0.0000000000
64435  -58.115  -2.454  16.092 0.0000000000
45694  -30.297  -20.113  42.694 0.0000000000
46651  -30.796  -19.641  42.112 0.0000000000
45680  -29.637  -20.462  43.394 0.0000000000
53688  -36.405  -12.832  32.711 0.0000000000
108599  -49.659  -6.769  24.558 0.0000000000
60011  -50.458  -6.644  25.969 0.0000000000
60022  -51.158  -6.436  25.421 0.0000000000
41514  -11.288  -24.433  52.666 0.0000000000
41513  -10.509  -24.903  52.891 0.0000000000
51603  -32.559  -14.608  38.130 0.0000000000
122523  -32.352  -14.403  37.298 0.0000000000
115817  -17.883  -25.385  58.655 0.0000000000
38215  -24.587  -27.206  59.014 0.0000000000
38216  -25.291  -27.000  58.202 0.0000000000
123734  -26.013  -26.654  57.895 0.0000000000
122304  -29.620  -21.596  52.589 0.0000000000
44580  -30.019  -21.186  52.956 0.0000000000
123426  -30.492  -20.818  54.262 0.0000000000
113238  -16.816  -24.554  58.036 0.0000000000
120757  -42.288  -9.192  28.940 0.0000000000
47542  -35.086  -18.878  46.248 0.0000000000
47551  -34.928  -18.551  45.434 0.0000000000
47620  -32.018  -17.965  39.892 0.0000000000
47603  -32.207  -18.134  40.766 0.0000000000
39397  -18.752  -26.005  54.473 0.0000000000
38284  -21.639  -27.519  53.868 0.0000000000
45628  -29.638  -20.544  47.261 0.0000000000
45610  -29.991  -20.577  48.021 0.0000000000
45611  -30.725  -20.408  47.933 0.0000000000
123837  -33.606  -18.970  45.409 0.0000000000
47541  -34.070  -19.018  45.869 0.0000000000
40506  -18.090  -25.651  52.885 0.0000000000
129102  -17.952  -25.447  53.559 0.0000000000
54559  -36.826  -10.553  38.263 0.0000000000
125033  -39.333  -9.109  35.967 0.0000000000
56651  -39.747  -8.698  36.335 0.0000000000
109300  -40.096  -9.184  35.680 0.0000000000
107613  -45.681  -7.368  27.830 0.0000000000
59015  -41.879  -7.403  23.634 0.0000000000
112085  -46.412  -6.566  22.552 0.0000000000
60075  -45.974  -6.112  21.809 0.0000000000
61117  -46.439  -5.460  21.171 0.0000000000
38277  -8.064  -27.351  53.375 0.0000000000
38289  -7.654  -28.007  53.090 0.0000000000
41447  -7.883  -24.755  58.787 0.0000000000
41436  -7.438  -24.469  59.746 0.0000000000
37225  -4.053  -27.674  58.404 0.0000000000
36155  -3.956  -28.878  59.065 0.0000000000
49474  -35.282  -15.726  44.267 0.0000000000
50467  -35.109  -15.312  43.768 0.0000000000
52627  -36.496  -13.649  41.362 0.0000000000
53579  -37.299  -13.484  41.639 0.0000000000
53652  -33.678  -12.401  34.920 0.0000000000
38200  -20.981  -27.662  58.981 0.0000000000
38321  -25.950  -27.149  51.546 0.0000000000
38320  -25.178  -27.307  51.651 0.0000000000
38302  -25.919  -27.217  52.276 0.0000000000
39428  -26.885  -27.028  52.553 0.0000000000
42558  -27.467  -23.268  48.385 0.0000000000
129228  -29.185  -25.572  55.355 0.0000000000
40461  -29.360  -25.028  55.899 0.0000000000
46542  -34.254  -19.727  51.343 0.0000000000
43490  -14.445  -22.106  55.326 0.0000000000
53723  -39.341  -12.255  29.868 0.0000000000
53708  -39.605  -12.501  30.693 0.0000000000
55629  -43.429  -10.822  33.551 0.0000000000
55628  -42.676  -11.043  33.679 0.0000000000
55616  -43.108  -10.613  34.298 0.0000000000
56662  -43.050  -9.308  35.517 0.0000000000
57852  -46.338  -8.429  31.573 0.0000000000
57835  -45.824  -8.950  32.177 0.0000000000
62236  -48.825  -4.723  20.526 0.0000000000
62237  -49.440  -4.465  20.620 0.0000000000
61149  -52.845  -5.173  19.293 0.0000000000
60124  -56.250  -6.209  16.266 0.0000000000
61181  -56.413  -5.452  16.847 0.0000000000
62277  -56.424  -4.285  17.323 0.0000000000
46624  -32.393  -19.175  44.611 0.0000000000
47560  -32.894  -18.850  44.123 0.0000000000
46652  -31.274  -19.184  41.667 0.0000000000
47578  -31.808  -18.881  42.096 0.0000000000
46670  -31.156  -19.104  40.880 0.0000000000
44686  -28.197  -20.749  43.605 0.0000000000
110406  -30.067  -20.290  44.278 0.0000000000
45660  -30.791  -20.033  45.891 0.0000000000
46635  -31.338  -19.613  43.762 0.0000000000
46623  -31.660  -19.575  44.682 0.0000000000
54593  -35.803  -10.632  35.353 0.0000000000
55592  -36.312  -10.162  35.745 0.0000000000
54616  -37.305  -11.491  33.820 0.0000000000
54601  -36.854  -10.942  34.497 0.0000000000
54602  -37.786  -10.959  34.264 0.0000000000
55611  -38.172  -10.419  34.755 0.0000000000
58972  -47.252  -7.192  26.762 0.0000000000
58973  -47.969  -7.121  26.288 0.0000000000
114314  -49.877  -6.674  27.960 0.0000000000
59992  -50.126  -6.447  28.836 0.0000000000
61062  -52.462  -5.808  25.219 0.0000000000
40492  -9.870  -25.415  53.055 0.0000000000
39405  -9.170  -26.138  53.123 0.0000000000
50481  -33.514  -15.312  41.143 0.0000000000
51589  -34.196  -13.804  39.623 0.0000000000
52664  -33.633  -13.636  38.340 0.0000000000
51627  -32.621  -13.884  36.912 0.0000000000
118155  -33.256  -12.975  36.154 0.0000000000
127439  -23.001  -28.231  57.910 0.0000000000
113024  -23.333  -28.009  59.389 0.0000000000
39336  -24.677  -26.499  60.321 0.0000000000
38204  -24.272  -26.772  60.909 0.0000000000
39323  -25.780  -25.550  59.946 0.0000000000
40413  -26.312  -25.059  60.730 0.0000000000
39471  -25.957  -26.747  48.844 0.0000000000
38350  -25.800  -26.941  49.712 0.0000000000
39459  -26.572  -26.614  49.544 0.0000000000
124103  -28.878  -22.067  50.826 0.0000000000
43551  -28.754  -22.864  51.031 0.0000000000
43552  -29.011  -22.181  51.493 0.0000000000
128222  -29.486  -22.064  53.073 0.0000000000
110766  -29.584  -23.577  54.159 0.0000000000
42470  -29.693  -23.298  55.026 0.0000000000
43508  -29.696  -22.252  54.678 0.0000000000
44538  -30.025  -21.430  56.393 0.0000000000
42482  -16.113  -23.122  53.069 0.0000000000
113239  -16.236  -23.703  55.624 0.0000000000
42457  -15.674  -23.031  55.634 0.0000000000
42446  -15.474  -22.987  56.515 0.0000000000
42425  -16.174  -23.957  58.578 0.0000000000
113374  -40.824  -11.569  30.205 0.0000000000
55686  -41.344  -10.721  29.615 0.0000000000
55670  -42.530  -10.526  30.673 0.0000000000
113720  -43.193  -10.868  32.126 0.0000000000
56695  -43.884  -10.304  32.059 0.0000000000
61158  -48.717  -5.857  18.474 0.0000000000
60152  -56.266  -6.199  14.774 0.0000000000
60168  -56.361  -5.859  13.995 0.0000000000
116835  -56.825  -5.615  14.241 0.0000000000
61224  -56.769  -5.396  13.483 0.0000000000
42445  -11.193  -23.285  56.390 0.0000000000
42408  -9.281  -23.142  60.262 0.0000000000
125657  -36.874  -17.725  47.783 0.0000000000
122603  -37.072  -16.688  47.736 0.0000000000
48479  -35.395  -17.752  45.052 0.0000000000
48480  -35.993  -17.025  45.595 0.0000000000
47571  -33.440  -18.442  43.562 0.0000000000
48499  -33.435  -17.504  42.270 0.0000000000
49491  -33.605  -15.892  41.668 0.0000000000
49508  -32.473  -16.263  39.760 0.0000000000
40471  -18.378  -25.702  55.941 0.0000000000
39383  -19.521  -26.559  55.612 0.0000000000
39366  -19.001  -26.166  56.181 0.0000000000
39367  -19.610  -26.602  56.405 0.0000000000
39368  -20.207  -26.931  56.575 0.0000000000
39412  -19.766  -26.776  53.793 0.0000000000
39399  -20.392  -27.097  54.430 0.0000000000
124451  -21.714  -27.607  55.307 0.0000000000
38255  -20.805  -27.276  55.354 0.0000000000
123355  -21.388  -27.543  55.958 0.0000000000
38241  -21.409  -27.656  56.693 0.0000000000
116846  -22.011  -27.971  57.076 0.0000000000
38243  -23.329  -27.992  56.567 0.0000000000
38244  -24.356  -27.813  56.804 0.0000000000
42569  -27.003  -22.993  47.694 0.0000000000
43626  -26.893  -22.059  47.470 0.0000000000
44672  -27.858  -20.759  44.701 0.0000000000
111517  -27.161  -20.929  45.536 0.0000000000
123040  -28.134  -20.923  47.662 0.0000000000
44652  -27.790  -20.904  46.927 0.0000000000
127960  -27.692  -21.636  48.277 0.0000000000
44621  -28.603  -21.160  48.951 0.0000000000
45582  -29.782  -20.950  49.924 0.0000000000
45583  -30.051  -21.015  50.714 0.0000000000
45584  -30.935  -20.773  50.884 0.0000000000
45598  -32.261  -20.239  49.562 0.0000000000
45586  -33.168  -20.077  50.563 0.0000000000
45599  -33.115  -20.083  49.850 0.0000000000
45649  -31.757  -19.900  46.950 0.0000000000
46592  -32.645  -19.720  47.166 0.0000000000
46578  -33.800  -19.679  48.052 0.0000000000
46579  -34.291  -19.623  48.523 0.0000000000
46562  -33.892  -19.850  49.311 0.0000000000
114046  -34.683  -19.564  49.090 0.0000000000
46564  -35.370  -19.317  49.381 0.0000000000
46580  -35.224  -19.320  48.434 0.0000000000
47536  -36.261  -18.541  47.527 0.0000000000
47526  -36.573  -18.479  48.347 0.0000000000
41528  -16.699  -24.084  51.685 0.0000000000
40482  -17.673  -25.112  54.827 0.0000000000
54525  -38.508  -11.540  41.456 0.0000000000
54526  -38.980  -10.989  41.972 0.0000000000
55532  -38.660  -10.664  41.231 0.0000000000
55555  -37.995  -9.949  39.603 0.0000000000
56608  -38.518  -9.393  40.107 0.0000000000
56609  -38.987  -8.854  40.666 0.0000000000
57742  -38.808  -8.538  39.730 0.0000000000
55593  -36.832  -9.724  36.191 0.0000000000
56639  -37.334  -9.268  37.381 0.0000000000
56649  -37.373  -9.237  36.678 0.0000000000
57786  -38.513  -8.539  37.146 0.0000000000
57766  -38.605  -8.275  38.170 0.0000000000
57752  -39.226  -7.865  39.378 0.0000000000
57767  -39.256  -7.816  38.545 0.0000000000
58828  -39.871  -7.473  38.695 0.0000000000
58829  -40.395  -7.279  38.592 0.0000000000
58956  -43.574  -7.910  27.412 0.0000000000
57894  -44.030  -8.075  28.680 0.0000000000
108352  -45.941  -7.523  29.133 0.0000000000
58934  -45.197  -7.745  29.175 0.0000000000
58919  -45.694  -7.859  29.832 0.0000000000
57870  -46.255  -8.049  30.684 0.0000000000
59990  -47.877  -7.084  27.954 0.0000000000
58948  -47.038  -7.245  28.256 0.0000000000
58920  -47.575  -7.505  30.490 0.0000000000
35112  -3.043  -30.693  55.489 0.0000000000
35126  -2.860  -30.794  55.012 0.0000000000
34162  -2.848  -31.402  55.388 0.0000000000
53735  -37.278  -12.137  28.488 0.0000000000
53722  -38.515  -12.441  29.553 0.0000000000
54695  -38.310  -11.160  27.924 0.0000000000
55698  -39.722  -11.131  28.701 0.0000000000
108784  -39.993  -9.515  27.164 0.0000000000
122279  -40.589  -9.502  27.532 0.0000000000
56785  -40.708  -9.050  26.904 0.0000000000
57901  -41.522  -8.612  26.904 0.0000000000
57925  -42.424  -8.019  25.833 0.0000000000
59001  -43.328  -7.618  24.508 0.0000000000
57926  -43.371  -7.789  25.536 0.0000000000
58982  -44.378  -7.578  25.745 0.0000000000
108993  -44.765  -7.491  24.902 0.0000000000
59018  -45.512  -7.142  23.410 0.0000000000
59017  -44.695  -7.239  23.409 0.0000000000
108911  -45.619  -7.406  24.902 0.0000000000
110137  -46.410  -7.314  24.841 0.0000000000
127003  -46.628  -7.214  24.325 0.0000000000
60033  -47.627  -6.924  23.682 0.0000000000
60044  -48.539  -6.710  23.434 0.0000000000
123992  -49.001  -6.818  24.149 0.0000000000
60060  -48.223  -6.376  22.637 0.0000000000
124597  -47.266  -5.423  21.307 0.0000000000
125331  -47.470  -5.024  20.694 0.0000000000
61132  -48.232  -4.879  20.595 0.0000000000
36213  -7.132  -28.740  52.881 0.0000000000
111306  -9.800  -24.316  56.095 0.0000000000
41470  -9.243  -24.573  56.843 0.0000000000
40432  -8.263  -25.209  57.395 0.0000000000
40449  -8.301  -25.580  56.566 0.0000000000
39360  -8.114  -26.158  55.908 0.0000000000
40448  -7.674  -26.253  56.583 0.0000000000
40402  -5.782  -25.091  60.053 0.0000000000
39343  -6.394  -26.991  57.301 0.0000000000
39358  -7.174  -26.813  56.567 0.0000000000
38236  -6.767  -27.357  56.349 0.0000000000
38235  -5.934  -27.701  56.804 0.0000000000
37241  -4.000  -28.656  57.077 0.0000000000
110323  -4.412  -28.385  56.926 0.0000000000
37250  -4.331  -28.846  56.440 0.0000000000
36184  -3.748  -29.299  56.535 0.0000000000
36193  -3.426  -29.813  55.988 0.0000000000
35090  -3.960  -30.004  57.946 0.0000000000
52600  -40.835  -13.442  45.535 0.0000000000
53556  -40.432  -13.059  44.829 0.0000000000
49426  -36.992  -16.064  47.224 0.0000000000
50434  -37.469  -15.664  47.441 0.0000000000
50433  -36.935  -15.587  46.673 0.0000000000
50451  -36.460  -15.180  45.486 0.0000000000
50452  -36.924  -15.211  46.210 0.0000000000
51510  -37.648  -15.048  46.395 0.0000000000
51520  -37.200  -14.933  45.507 0.0000000000
51541  -35.384  -14.885  43.352 0.0000000000
51543  -37.085  -14.571  43.737 0.0000000000
109871  -38.008  -14.625  43.927 0.0000000000
51532  -38.111  -14.740  44.779 0.0000000000
51545  -38.791  -14.461  44.238 0.0000000000
51544  -38.642  -14.116  43.534 0.0000000000
53571  -39.053  -12.960  42.969 0.0000000000
53570  -38.684  -12.724  42.381 0.0000000000
54512  -38.850  -11.872  42.155 0.0000000000
53580  -38.319  -12.398  41.689 0.0000000000
53604  -37.051  -12.093  39.773 0.0000000000
54547  -36.795  -11.475  38.936 0.0000000000
53618  -36.100  -11.867  38.409 0.0000000000
52677  -34.952  -12.508  37.852 0.0000000000
53640  -34.240  -11.962  36.029 0.0000000000
54568  -35.831  -11.323  37.522 0.0000000000
54592  -35.296  -10.965  35.667 0.0000000000
53654  -34.735  -11.420  35.391 0.0000000000
53678  -34.729  -12.407  33.758 0.0000000000
52725  -34.954  -12.974  33.138 0.0000000000
50573  -31.273  -14.965  35.139 0.0000000000
126382  -31.899  -14.372  34.242 0.0000000000
51662  -32.208  -14.235  33.753 0.0000000000
51674  -32.365  -14.327  32.803 0.0000000000
51675  -33.105  -14.166  32.507 0.0000000000
52732  -33.600  -13.600  33.063 0.0000000000
40412  -19.082  -26.146  58.994 0.0000000000
107666  -22.999  -27.991  60.783 0.0000000000
37215  -22.106  -28.210  60.351 0.0000000000
38300  -24.459  -27.457  52.132 0.0000000000
107902  -23.692  -27.542  52.486 0.0000000000
124115  -23.856  -27.553  53.327 0.0000000000
38271  -24.490  -27.527  53.826 0.0000000000
38246  -25.662  -27.327  55.886 0.0000000000
38260  -26.109  -27.200  55.329 0.0000000000
40537  -27.685  -25.398  49.262 0.0000000000
39473  -27.280  -25.698  48.765 0.0000000000
40526  -27.748  -25.850  50.052 0.0000000000
39450  -27.139  -26.512  50.325 0.0000000000
40516  -27.823  -26.105  50.884 0.0000000000
42512  -28.720  -23.859  51.309 0.0000000000
41541  -28.469  -24.668  50.707 0.0000000000
39415  -28.562  -26.117  53.424 0.0000000000
40507  -28.602  -25.623  52.144 0.0000000000
39430  -28.341  -26.210  52.732 0.0000000000
39413  -27.214  -26.954  53.453 0.0000000000
39401  -27.797  -26.728  54.107 0.0000000000
39371  -28.278  -26.283  55.747 0.0000000000
39370  -27.459  -26.616  56.044 0.0000000000
123581  -26.784  -26.741  56.604 0.0000000000
40442  -26.598  -26.109  58.085 0.0000000000
41462  -27.643  -24.661  58.543 0.0000000000
41464  -28.770  -23.580  57.788 0.0000000000
45573  -31.988  -20.287  51.983 0.0000000000
41526  -11.478  -24.606  51.637 0.0000000000
119563  -15.500  -22.552  51.369 0.0000000000
43563  -15.400  -22.500  50.679 0.0000000000
43546  -14.942  -22.485  51.443 0.0000000000
43545  -14.339  -22.802  51.105 0.0000000000
42521  -13.708  -23.292  50.566 0.0000000000
42533  -13.033  -23.771  49.804 0.0000000000
42479  -12.588  -23.317  53.437 0.0000000000
42492  -11.993  -23.813  53.002 0.0000000000
42466  -11.668  -23.520  54.600 0.0000000000
43456  -15.070  -22.776  57.866 0.0000000000
43464  -14.536  -22.312  57.490 0.0000000000
55511  -40.417  -10.233  43.845 0.0000000000
52747  -37.629  -13.256  31.356 0.0000000000
52737  -37.814  -12.968  32.019 0.0000000000
52748  -38.265  -13.020  31.496 0.0000000000
53682  -39.601  -12.195  32.698 0.0000000000
54618  -39.419  -11.661  33.384 0.0000000000
54644  -41.281  -11.877  31.645 0.0000000000
53692  -40.942  -12.044  32.114 0.0000000000
54634  -41.620  -11.736  32.379 0.0000000000
55614  -41.398  -10.545  34.420 0.0000000000
55613  -40.570  -10.406  34.510 0.0000000000
56673  -41.021  -9.996  34.864 0.0000000000
56660  -41.084  -9.379  35.454 0.0000000000
57790  -42.070  -8.258  36.547 0.0000000000
58854  -42.595  -7.688  37.061 0.0000000000
56734  -43.550  -9.073  29.992 0.0000000000
56697  -45.352  -9.623  32.766 0.0000000000
56696  -44.625  -9.909  32.392 0.0000000000
56688  -44.792  -10.175  33.230 0.0000000000
61082  -49.914  -6.071  22.897 0.0000000000
122626  -50.899  -6.179  23.790 0.0000000000
62211  -50.759  -4.544  21.777 0.0000000000
61100  -51.114  -5.265  22.510 0.0000000000
62250  -49.806  -4.627  20.129 0.0000000000
62240  -51.684  -3.626  20.389 0.0000000000
63372  -51.730  -3.513  20.815 0.0000000000
63360  -52.872  -3.619  21.832 0.0000000000
63374  -53.295  -2.872  21.176 0.0000000000
63382  -53.773  -2.319  20.139 0.0000000000
64397  -53.871  -2.310  20.638 0.0000000000
64405  -54.401  -1.853  20.249 0.0000000000
60111  -55.176  -6.471  17.289 0.0000000000
60102  -54.714  -6.314  17.959 0.0000000000
60101  -53.802  -6.414  18.216 0.0000000000
61160  -54.371  -5.721  18.639 0.0000000000
64419  -55.974  -2.825  18.411 0.0000000000
62256  -54.963  -3.137  18.848 0.0000000000
64412  -56.209  -1.430  19.737 0.0000000000
126759  -57.423  -2.926  15.572 0.0000000000
63422  -58.030  -2.389  15.433 0.0000000000
46645  -31.816  -19.162  42.987 0.0000000000
45679  -28.941  -20.645  43.657 0.0000000000
53668  -35.795  -11.631  34.102 0.0000000000
112589  -36.668  -12.097  33.447 0.0000000000
53680  -37.720  -12.112  33.136 0.0000000000
60010  -49.773  -6.802  26.466 0.0000000000
61048  -51.873  -5.858  27.296 0.0000000000
126000  -52.100  -5.886  26.568 0.0000000000
61056  -51.886  -6.088  25.749 0.0000000000
61061  -51.749  -6.147  24.896 0.0000000000
40513  -10.940  -25.087  51.104 0.0000000000
50500  -33.046  -14.962  39.834 0.0000000000
107702  -33.158  -14.422  39.297 0.0000000000
125078  -17.065  -24.741  59.476 0.0000000000
115544  -29.387  -21.578  51.802 0.0000000000
43524  -29.571  -22.166  53.792 0.0000000000
44558  -29.831  -21.530  54.217 0.0000000000
44559  -30.208  -21.080  54.682 0.0000000000
41471  -16.674  -24.251  56.020 0.0000000000
42435  -16.172  -23.874  57.618 0.0000000000
56751  -41.797  -9.921  29.286 0.0000000000
55671  -43.315  -9.803  30.660 0.0000000000
47592  -32.371  -18.241  41.403 0.0000000000
47593  -32.799  -18.101  41.933 0.0000000000
48509  -32.710  -17.651  41.247 0.0000000000
48519  -32.845  -16.952  40.884 0.0000000000
48528  -32.245  -17.044  39.727 0.0000000000
122336  -20.971  -27.382  53.932 0.0000000000
38256  -22.569  -27.754  55.246 0.0000000000
38257  -23.429  -27.773  55.147 0.0000000000
45658  -29.067  -20.545  45.730 0.0000000000
45646  -28.620  -20.660  46.415 0.0000000000
45596  -30.390  -20.734  49.367 0.0000000000
45612  -32.146  -20.144  48.668 0.0000000000
46606  -33.278  -19.337  46.526 0.0000000000
47535  -35.087  -19.115  46.973 0.0000000000
115514  -17.433  -24.986  53.054 0.0000000000
55542  -37.804  -10.869  39.952 0.0000000000
56616  -37.750  -9.548  38.827 0.0000000000
56650  -38.074  -8.991  36.619 0.0000000000
58837  -39.795  -7.636  38.147 0.0000000000
57787  -39.327  -8.340  37.009 0.0000000000
58852  -40.655  -7.889  37.207 0.0000000000
58957  -44.451  -7.618  27.316 0.0000000000
58933  -44.698  -7.741  28.589 0.0000000000
58945  -44.928  -7.534  27.926 0.0000000000
59982  -48.709  -6.924  29.277 0.0000000000
58937  -48.092  -7.184  29.889 0.0000000000
112459  -54.879  -3.384  23.247 0.0000000000
55724  -39.388  -10.090  27.364 0.0000000000
57936  -41.848  -7.774  24.464 0.0000000000
59000  -42.616  -7.565  24.092 0.0000000000
113628  -43.349  -7.382  23.700 0.0000000000
59032  -45.766  -6.872  22.876 0.0000000000
59019  -46.281  -6.967  23.293 0.0000000000
60059  -47.369  -6.430  22.544 0.0000000000
37267  -7.201  -28.293  53.586 0.0000000000
37260  -6.993  -28.157  54.275 0.0000000000
42421  -9.088  -23.835  58.829 0.0000000000
41448  -8.659  -24.405  58.384 0.0000000000
40420  -8.269  -24.871  58.027 0.0000000000
40419  -7.640  -25.350  58.122 0.0000000000
40417  -5.192  -25.766  59.624 0.0000000000
38234  -4.896  -27.960  57.163 0.0000000000
38219  -4.390  -27.774  57.829 0.0000000000
37233  -4.035  -28.180  57.689 0.0000000000
37232  -3.963  -28.763  57.488 0.0000000000
36165  -3.941  -29.147  58.123 0.0000000000
35079  -4.078  -29.815  58.880 0.0000000000
49452  -36.018  -15.902  45.448 0.0000000000
50450  -36.105  -15.399  45.143 0.0000000000
50460  -36.059  -15.136  44.831 0.0000000000
51565  -34.956  -14.210  41.640 0.0000000000
51554  -35.979  -14.413  42.757 0.0000000000
51566  -35.788  -14.077  41.944 0.0000000000
52620  -37.599  -13.834  42.414 0.0000000000
122744  -37.686  -12.835  41.269 0.0000000000
53593  -36.711  -12.786  40.146 0.0000000000
52687  -33.836  -12.691  36.689 0.0000000000
39334  -19.777  -26.713  58.720 0.0000000000
121508  -20.667  -27.550  59.717 0.0000000000
108312  -23.930  -27.532  61.524 0.0000000000
38334  -25.018  -27.183  49.923 0.0000000000
108562  -24.820  -27.305  50.784 0.0000000000
125127  -24.787  -27.432  52.656 0.0000000000
108837  -24.700  -27.467  53.217 0.0000000000
38286  -25.367  -27.360  52.916 0.0000000000
112633  -26.442  -27.153  53.903 0.0000000000
41580  -27.175  -24.133  47.870 0.0000000000
40558  -27.063  -25.026  47.773 0.0000000000
41553  -28.086  -25.034  49.909 0.0000000000
40496  -29.228  -24.941  53.324 0.0000000000
41518  -28.955  -24.879  52.503 0.0000000000
40484  -28.984  -25.654  53.787 0.0000000000
115693  -28.500  -26.299  54.224 0.0000000000
39387  -28.711  -26.123  55.169 0.0000000000
40459  -28.182  -25.925  56.559 0.0000000000
41463  -28.164  -24.219  58.168 0.0000000000
43532  -14.948  -22.343  52.825 0.0000000000
119037  -14.816  -22.481  52.209 0.0000000000
42494  -13.607  -22.923  52.467 0.0000000000
43516  -13.178  -22.791  53.821 0.0000000000
43501  -13.154  -22.500  54.735 0.0000000000
42411  -15.617  -23.512  60.065 0.0000000000
43439  -15.124  -22.950  59.674 0.0000000000
53699  -39.001  -12.830  31.300 0.0000000000
53691  -40.229  -12.241  32.223 0.0000000000
54621  -42.209  -11.385  33.070 0.0000000000
55615  -42.252  -10.608  34.367 0.0000000000
56661  -42.097  -9.332  35.471 0.0000000000
121682  -43.046  -8.787  35.924 0.0000000000
57850  -44.809  -8.963  30.996 0.0000000000
61120  -49.572  -4.888  21.581 0.0000000000
62226  -50.139  -4.577  21.527 0.0000000000
117719  -50.456  -4.148  21.127 0.0000000000
63380  -52.313  -3.320  20.456 0.0000000000
63388  -52.821  -3.245  20.057 0.0000000000
63389  -53.497  -2.904  19.852 0.0000000000
60136  -55.111  -6.552  15.844 0.0000000000
60123  -55.549  -6.509  16.469 0.0000000000
60112  -55.936  -6.177  17.105 0.0000000000
61172  -55.476  -5.993  17.797 0.0000000000
61162  -55.566  -5.045  18.259 0.0000000000
62266  -56.034  -4.195  18.033 0.0000000000
64420  -56.835  -2.001  18.205 0.0000000000
63434  -58.831  -2.184  13.919 0.0000000000
63423  -58.691  -2.208  14.971 0.0000000000
64458  -59.052  -2.256  14.208 0.0000000000
47579  -32.416  -18.621  42.470 0.0000000000
115049  -32.258  -18.513  41.822 0.0000000000
39426  -18.674  -26.184  52.646 0.0000000000
38298  -20.643  -27.314  52.710 0.0000000000
110468  -21.419  -27.512  52.518 0.0000000000
38299  -21.949  -27.591  53.134 0.0000000000
111859  -27.297  -20.855  44.000 0.0000000000
45668  -28.751  -20.595  44.927 0.0000000000
45648  -30.211  -20.330  46.584 0.0000000000
45630  -31.226  -20.195  47.495 0.0000000000
46604  -31.466  -19.860  46.280 0.0000000000
46613  -31.588  -19.720  45.586 0.0000000000
118857  -35.902  -10.649  36.778 0.0000000000
55580  -36.290  -10.069  36.416 0.0000000000
55602  -36.947  -10.031  35.579 0.0000000000
117283  -37.665  -10.034  35.312 0.0000000000
55603  -38.410  -9.858  35.322 0.0000000000
55612  -39.081  -10.302  34.683 0.0000000000
110687  -46.521  -7.285  26.418 0.0000000000
109344  -46.659  -7.252  27.119 0.0000000000
59999  -48.677  -6.975  27.537 0.0000000000
121863  -48.606  -6.964  28.380 0.0000000000
59983  -49.563  -6.622  29.583 0.0000000000
61049  -52.852  -5.460  27.213 0.0000000000
62185  -53.841  -5.063  25.590 0.0000000000
62204  -53.460  -4.753  23.708 0.0000000000
122689  -10.278  -25.588  51.567 0.0000000000
39423  -9.693  -26.116  51.594 0.0000000000
39422  -9.143  -26.539  52.085 0.0000000000
39404  -8.493  -26.689  53.667 0.0000000000
49492  -34.094  -15.644  42.401 0.0000000000
50474  -34.438  -15.071  42.534 0.0000000000
51552  -34.489  -14.696  41.970 0.0000000000
50488  -33.619  -14.736  40.624 0.0000000000
51564  -34.205  -14.463  41.251 0.0000000000
51576  -34.838  -13.879  40.843 0.0000000000
52637  -35.496  -13.488  40.400 0.0000000000
119906  -35.365  -13.292  39.816 0.0000000000
52652  -34.879  -13.363  39.386 0.0000000000
119754  -34.275  -13.046  38.150 0.0000000000
52675  -33.683  -13.205  37.550 0.0000000000
109633  -21.825  -28.112  59.179 0.0000000000
38202  -22.633  -28.182  59.748 0.0000000000
38190  -23.831  -27.313  61.027 0.0000000000
38335  -25.656  -27.091  50.442 0.0000000000
38336  -26.387  -26.939  50.947 0.0000000000
42541  -28.221  -23.208  49.868 0.0000000000
42498  -29.145  -23.335  52.488 0.0000000000
41519  -29.255  -24.112  52.888 0.0000000000
41508  -29.470  -24.210  53.727 0.0000000000
41485  -29.615  -24.257  55.565 0.0000000000
42459  -29.587  -23.216  56.174 0.0000000000
43481  -29.617  -22.077  56.930 0.0000000000
42509  -15.869  -22.739  51.709 0.0000000000
43533  -15.468  -22.514  52.931 0.0000000000
42481  -15.668  -22.666  53.687 0.0000000000
43503  -14.646  -22.165  54.358 0.0000000000
43478  -14.983  -22.357  56.079 0.0000000000
42424  -15.576  -23.413  58.214 0.0000000000
42416  -15.576  -23.502  59.119 0.0000000000
54668  -39.925  -11.665  29.504 0.0000000000
53709  -40.357  -12.196  30.873 0.0000000000
124396  -41.501  -11.573  30.991 0.0000000000
54645  -42.105  -11.219  31.021 0.0000000000
54635  -42.554  -11.305  32.351 0.0000000000
122217  -43.070  -11.027  32.588 0.0000000000
119427  -47.982  -5.572  19.279 0.0000000000
60087  -48.883  -5.807  19.140 0.0000000000
60088  -50.155  -6.004  19.180 0.0000000000
60150  -55.495  -6.357  15.013 0.0000000000
60138  -56.416  -6.154  15.503 0.0000000000
123178  -56.729  -5.351  15.921 0.0000000000
62286  -57.036  -3.682  15.838 0.0000000000
61192  -57.063  -4.767  15.227 0.0000000000
61205  -57.221  -4.855  14.509 0.0000000000
62302  -57.689  -3.771  13.965 0.0000000000
61240  -57.234  -4.845  12.857 0.0000000000
62316  -57.765  -4.124  13.030 0.0000000000
63445  -58.330  -2.748  13.510 0.0000000000
41495  -11.151  -23.983  54.049 0.0000000000
41494  -10.530  -24.445  54.279 0.0000000000
42454  -10.644  -23.808  55.770 0.0000000000
42444  -10.405  -23.697  56.725 0.0000000000
42414  -8.812  -23.651  59.760 0.0000000000
48472  -36.337  -17.271  46.338 0.0000000000
49473  -34.803  -15.920  43.577 0.0000000000
47572  -34.287  -18.004  43.826 0.0000000000
48492  -34.552  -17.053  43.421 0.0000000000
49484  -34.258  -16.182  42.944 0.0000000000
49509  -32.797  -15.779  40.128 0.0000000000
50513  -32.263  -15.319  38.465 0.0000000000
126372  -18.076  -25.537  58.001 0.0000000000
40440  -18.590  -25.843  57.591 0.0000000000
40458  -19.124  -26.229  57.025 0.0000000000
39351  -20.141  -26.917  57.938 0.0000000000
38212  -20.864  -27.482  58.082 0.0000000000
122253  -19.150  -26.354  53.947 0.0000000000
38226  -22.245  -28.095  57.772 0.0000000000
42574  -26.282  -22.966  46.487 0.0000000000
42568  -26.665  -23.702  47.049 0.0000000000
43583  -27.734  -22.636  48.817 0.0000000000
44651  -27.023  -21.429  47.086 0.0000000000
43584  -28.077  -22.501  49.458 0.0000000000
44601  -28.931  -21.545  50.324 0.0000000000
44609  -29.020  -21.095  49.765 0.0000000000
44590  -29.603  -21.246  51.294 0.0000000000
45562  -30.498  -20.929  52.438 0.0000000000
45572  -31.123  -20.658  51.777 0.0000000000
111116  -31.579  -20.494  50.195 0.0000000000
45574  -32.768  -20.151  51.293 0.0000000000
119010  -33.639  -19.963  51.032 0.0000000000
122386  -34.079  -19.839  50.822 0.0000000000
45631  -32.012  -19.992  47.785 0.0000000000
46553  -35.411  -19.265  50.421 0.0000000000
47525  -35.952  -18.915  48.113 0.0000000000
123127  -16.293  -23.257  51.277 0.0000000000
41507  -16.991  -24.416  53.712 0.0000000000
41472  -17.263  -24.793  56.332 0.0000000000
109289  -39.644  -9.572  42.336 0.0000000000
56600  -39.307  -9.210  41.520 0.0000000000
125923  -36.881  -9.893  37.630 0.0000000000
56640  -37.882  -8.797  37.195 0.0000000000
57892  -42.808  -8.573  28.403 0.0000000000
56753  -43.100  -8.860  29.207 0.0000000000
57893  -43.459  -8.396  28.754 0.0000000000
57869  -45.317  -8.381  30.422 0.0000000000
58959  -46.435  -7.263  27.717 0.0000000000
58936  -47.293  -7.466  29.739 0.0000000000
58902  -47.049  -7.795  30.999 0.0000000000
35144  -3.231  -30.441  54.811 0.0000000000
51689  -35.921  -13.864  31.004 0.0000000000
108566  -36.628  -13.518  30.375 0.0000000000
52760  -37.440  -13.303  30.599 0.0000000000
53706  -37.990  -12.929  30.080 0.0000000000
124355  -38.459  -11.555  28.424 0.0000000000
54667  -39.020  -11.782  29.003 0.0000000000
55699  -40.286  -10.454  28.430 0.0000000000
55714  -40.106  -10.005  27.756 0.0000000000
57912  -41.022  -8.556  26.369 0.0000000000
57902  -42.238  -8.540  27.599 0.0000000000
112696  -43.004  -8.230  27.800 0.0000000000
107569  -42.848  -8.180  27.250 0.0000000000
58970  -44.823  -7.508  26.557 0.0000000000
58971  -45.638  -7.388  26.500 0.0000000000
59002  -44.165  -7.449  24.095 0.0000000000
58984  -46.883  -7.269  25.471 0.0000000000
58985  -47.861  -7.142  25.362 0.0000000000
59020  -46.824  -7.069  23.815 0.0000000000
60019  -48.841  -6.947  24.942 0.0000000000
60036  -50.339  -6.521  24.172 0.0000000000
61097  -48.614  -5.771  22.095 0.0000000000
61119  -48.962  -5.204  21.597 0.0000000000
125452  -48.187  -4.917  20.234 0.0000000000
61143  -47.127  -5.436  19.255 0.0000000000
41493  -9.861  -24.866  54.474 0.0000000000
123097  -9.362  -25.273  54.695 0.0000000000
40450  -9.001  -25.024  56.063 0.0000000000
40466  -8.978  -25.421  55.259 0.0000000000
40478  -8.902  -25.773  54.590 0.0000000000
40465  -8.482  -26.019  55.230 0.0000000000
39390  -8.360  -26.483  54.541 0.0000000000
39389  -7.846  -26.985  54.840 0.0000000000
41435  -6.604  -24.657  60.152 0.0000000000
119687  -6.916  -25.695  58.434 0.0000000000
110936  -5.615  -26.170  58.819 0.0000000000
39328  -6.486  -26.280  58.143 0.0000000000
39374  -7.534  -27.082  55.399 0.0000000000
38263  -7.392  -27.529  54.743 0.0000000000
37252  -6.742  -28.022  55.080 0.0000000000
37242  -5.327  -28.336  56.354 0.0000000000
112384  -6.042  -28.485  55.448 0.0000000000
129387  -3.403  -29.983  55.450 0.0000000000
35127  -3.132  -30.265  55.433 0.0000000000
35113  -3.265  -30.340  56.131 0.0000000000
35101  -3.584  -30.301  57.040 0.0000000000
53550  -41.218  -12.574  45.546 0.0000000000
50424  -38.007  -15.838  48.257 0.0000000000
51529  -35.686  -15.074  44.132 0.0000000000
51530  -36.378  -14.871  44.357 0.0000000000
51533  -39.487  -14.179  44.538 0.0000000000
52606  -39.740  -13.426  44.187 0.0000000000
53562  -39.587  -12.639  43.574 0.0000000000
121315  -37.336  -11.367  39.599 0.0000000000
52653  -35.559  -12.944  39.269 0.0000000000
53628  -35.563  -12.042  37.929 0.0000000000
53667  -35.280  -11.322  34.546 0.0000000000
108288  -34.791  -11.551  34.728 0.0000000000
53687  -35.671  -13.050  32.741 0.0000000000
50542  -31.402  -15.305  36.455 0.0000000000
51639  -32.191  -14.089  35.842 0.0000000000
113877  -32.459  -13.683  35.315 0.0000000000
52712  -32.796  -13.399  34.757 0.0000000000
52724  -33.351  -13.348  33.750 0.0000000000
51686  -33.317  -14.358  31.622 0.0000000000
52745  -35.413  -13.770  31.692 0.0000000000
40396  -18.822  -26.050  60.107 0.0000000000
39319  -19.571  -26.631  59.626 0.0000000000
121883  -22.197  -27.607  52.356 0.0000000000
107903  -22.883  -27.595  52.987 0.0000000000
38258  -24.326  -27.699  55.129 0.0000000000
110682  -24.673  -27.558  54.431 0.0000000000
110530  -24.789  -27.636  55.889 0.0000000000
38245  -25.266  -27.454  56.617 0.0000000000
39481  -26.297  -26.070  47.512 0.0000000000
40551  -26.898  -25.698  48.092 0.0000000000
39472  -26.794  -26.223  48.765 0.0000000000
41554  -28.200  -24.096  49.890 0.0000000000
40517  -28.378  -25.559  51.276 0.0000000000
122678  -27.345  -26.764  52.015 0.0000000000
119426  -26.497  -27.003  55.934 0.0000000000
40414  -26.855  -24.496  60.381 0.0000000000
42436  -28.399  -23.074  59.220 0.0000000000
124244  -13.200  -23.315  52.091 0.0000000000
42507  -12.798  -23.682  51.730 0.0000000000
124849  -11.409  -24.081  53.400 0.0000000000
43444  -14.507  -22.463  59.278 0.0000000000
52736  -37.037  -13.207  32.007 0.0000000000
53690  -38.562  -12.789  32.058 0.0000000000
126261  -39.843  -10.184  34.702 0.0000000000
54643  -40.622  -12.162  31.598 0.0000000000
54620  -41.337  -11.552  33.226 0.0000000000
54619  -40.438  -11.566  33.389 0.0000000000
57803  -40.651  -8.743  36.141 0.0000000000
57789  -41.120  -8.257  36.648 0.0000000000
56710  -43.778  -9.880  31.300 0.0000000000
56711  -44.389  -9.627  31.557 0.0000000000
55630  -44.131  -10.531  33.432 0.0000000000
55617  -43.958  -10.533  34.172 0.0000000000
56677  -44.489  -10.139  34.776 0.0000000000
56663  -44.018  -9.465  35.398 0.0000000000
61074  -51.585  -5.996  24.106 0.0000000000
61084  -51.400  -5.741  23.300 0.0000000000
61085  -52.123  -5.591  23.609 0.0000000000
61086  -52.751  -5.382  23.913 0.0000000000
62249  -49.228  -4.745  20.198 0.0000000000
62238  -50.133  -4.258  20.635 0.0000000000
62239  -51.018  -3.944  20.644 0.0000000000
62227  -51.187  -3.924  21.261 0.0000000000
62213  -52.343  -4.414  22.344 0.0000000000
62214  -53.143  -4.339  22.714 0.0000000000
62215  -53.958  -3.888  22.925 0.0000000000
63361  -54.643  -3.017  22.444 0.0000000000
63375  -54.221  -2.554  21.519 0.0000000000
64385  -55.291  -2.205  21.979 0.0000000000
61150  -53.791  -4.788  19.072 0.0000000000
62255  -54.003  -3.482  19.193 0.0000000000
64411  -55.053  -1.626  19.756 0.0000000000
63413  -57.448  -2.691  16.065 0.0000000000
64446  -58.511  -2.264  15.735 0.0000000000
39329  -7.181  -25.911  57.821 0.0000000000
39359  -7.619  -26.676  55.950 0.0000000000
41449  -9.378  -24.038  57.896 0.0000000000
42465  -10.889  -23.887  54.854 0.0000000000
46552  -34.541  -19.649  50.667 0.0000000000
60100  -53.013  -6.221  18.692 0.0000000000
60110  -54.298  -6.569  17.452 0.0000000000
64406  -55.423  -1.529  20.508 0.0000000000
64437  -58.762  -2.475  15.792 0.0000000000
127565  -38.389  -8.505  38.488 0.0000000000
128332  -9.302  -24.348  57.345 0.0000000000
128951  -46.959  -5.180  20.925 0.0000000000
129694  -7.256  -27.105  55.966 0.0000000000
