#!ascii label  , from subject sub-v1s11x0050168_ses-1 vox2ras=TkReg
1593
76716  -42.974  11.485  13.015 0.0000000000
72682  -54.298  7.357  2.015 0.0000000000
80829  -52.054  16.092  4.798 0.0000000000
74349  -48.623  8.182  10.724 0.0000000000
73372  -48.405  7.664  21.207 0.0000000000
76053  -41.552  10.732  2.392 0.0000000000
80045  -46.960  15.781  -6.970 0.0000000000
109107  -46.493  23.108  -1.014 0.0000000000
113086  -41.660  15.908  16.990 0.0000000000
73458  -42.937  7.056  10.951 0.0000000000
74405  -44.721  8.594  6.260 0.0000000000
77431  -40.582  12.307  7.487 0.0000000000
82892  -52.388  18.970  -1.072 0.0000000000
126534  -49.470  15.198  0.039 0.0000000000
82342  -52.163  18.191  -4.301 0.0000000000
82314  -47.325  18.362  -1.795 0.0000000000
84764  -51.916  22.666  -0.928 0.0000000000
73611  -49.985  7.547  -2.097 0.0000000000
79872  -41.570  15.593  9.715 0.0000000000
78947  -47.696  14.435  11.070 0.0000000000
76699  -53.983  11.674  13.120 0.0000000000
73422  -48.451  7.600  15.743 0.0000000000
71613  -41.125  5.515  16.288 0.0000000000
75932  -41.834  11.065  18.965 0.0000000000
75282  -48.512  9.235  1.702 0.0000000000
75313  -44.471  10.205  -2.625 0.0000000000
112096  -45.860  14.856  4.197 0.0000000000
79966  -42.806  15.244  -0.678 0.0000000000
77502  -41.101  12.713  -5.054 0.0000000000
80890  -40.748  16.147  -3.901 0.0000000000
81606  -42.298  17.291  0.431 0.0000000000
122272  -40.277  8.517  11.047 0.0000000000
75197  -40.734  8.963  8.354 0.0000000000
76728  -41.063  11.630  10.056 0.0000000000
82895  -55.750  19.689  -0.875 0.0000000000
81645  -54.616  16.879  -2.957 0.0000000000
83486  -55.238  20.792  -4.577 0.0000000000
84074  -52.022  21.176  -3.786 0.0000000000
73585  -52.161  7.520  -0.303 0.0000000000
82232  -40.948  18.018  7.887 0.0000000000
80796  -43.622  16.616  7.810 0.0000000000
72502  -48.325  6.833  18.498 0.0000000000
71617  -45.345  5.789  15.885 0.0000000000
124890  -45.241  6.081  19.550 0.0000000000
78110  -42.032  13.509  18.218 0.0000000000
76686  -35.728  11.331  13.936 0.0000000000
78925  -37.280  14.039  11.165 0.0000000000
78920  -34.839  14.075  11.964 0.0000000000
107830  -49.877  8.485  7.969 0.0000000000
75246  -42.658  9.491  4.230 0.0000000000
122878  -46.271  8.938  4.250 0.0000000000
108165  -44.783  9.441  2.595 0.0000000000
75292  -46.262  9.499  0.118 0.0000000000
76062  -43.280  9.909  0.708 0.0000000000
79890  -50.238  15.209  8.488 0.0000000000
116516  -46.241  14.212  7.673 0.0000000000
79007  -49.346  14.492  5.653 0.0000000000
79997  -48.555  15.387  -3.926 0.0000000000
122491  -46.193  15.503  -0.314 0.0000000000
107809  -45.274  15.534  -3.185 0.0000000000
79086  -41.926  14.783  -2.293 0.0000000000
80024  -42.164  14.940  -5.626 0.0000000000
79099  -40.755  14.275  -5.498 0.0000000000
81678  -43.774  16.690  -6.754 0.0000000000
83462  -47.433  20.562  -1.225 0.0000000000
81619  -44.990  17.901  -0.712 0.0000000000
83443  -45.041  20.347  0.264 0.0000000000
124662  -42.614  19.189  1.744 0.0000000000
111738  -43.819  23.000  0.199 0.0000000000
73469  -45.378  7.393  10.464 0.0000000000
74372  -46.634  8.332  8.107 0.0000000000
107126  -44.025  8.154  8.330 0.0000000000
74385  -41.602  9.166  6.824 0.0000000000
115965  -40.498  11.588  4.930 0.0000000000
80860  -51.500  16.522  1.049 0.0000000000
79040  -53.125  14.766  2.276 0.0000000000
79974  -53.893  15.012  -0.153 0.0000000000
80000  -52.331  14.818  -2.918 0.0000000000
80031  -49.807  15.828  -4.647 0.0000000000
110027  -47.766  17.054  -4.861 0.0000000000
82334  -49.984  18.176  -3.336 0.0000000000
83472  -49.336  21.077  -2.488 0.0000000000
85583  -49.252  23.253  -1.100 0.0000000000
73595  -46.864  7.297  -1.083 0.0000000000
78167  -42.452  13.165  12.376 0.0000000000
77408  -44.808  12.630  12.385 0.0000000000
79866  -44.795  15.089  10.897 0.0000000000
80788  -46.474  16.138  8.755 0.0000000000
81563  -48.300  16.976  5.282 0.0000000000
82861  -46.739  19.762  3.542 0.0000000000
81589  -48.822  17.788  2.841 0.0000000000
75163  -50.952  9.365  12.244 0.0000000000
75150  -51.056  9.857  14.421 0.0000000000
73453  -48.347  7.852  12.819 0.0000000000
72542  -45.471  6.459  13.488 0.0000000000
72549  -42.119  6.465  12.897 0.0000000000
75902  -47.869  10.455  21.246 0.0000000000
78897  -45.230  14.750  17.817 0.0000000000
76641  -45.396  12.128  18.994 0.0000000000
75097  -45.120  8.898  20.267 0.0000000000
74297  -40.825  7.562  19.131 0.0000000000
117846  -40.487  11.592  13.013 0.0000000000
129432  -53.258  8.841  2.985 0.0000000000
74408  -47.635  8.515  6.078 0.0000000000
74460  -49.756  8.653  3.486 0.0000000000
74506  -51.978  8.945  0.088 0.0000000000
75318  -49.837  8.996  -1.967 0.0000000000
75328  -47.821  9.117  -3.949 0.0000000000
74542  -45.541  9.401  -4.622 0.0000000000
78186  -44.091  13.391  9.105 0.0000000000
121970  -42.912  14.038  6.304 0.0000000000
79016  -41.809  14.211  3.549 0.0000000000
79928  -48.244  15.149  2.089 0.0000000000
79938  -44.549  15.469  1.778 0.0000000000
78252  -41.135  14.008  1.267 0.0000000000
76787  -41.586  11.850  -1.049 0.0000000000
76799  -42.693  11.402  -4.594 0.0000000000
75324  -42.786  9.755  -4.177 0.0000000000
127772  -44.113  17.485  -3.106 0.0000000000
128481  -41.391  16.623  -1.829 0.0000000000
80857  -39.398  16.051  -0.033 0.0000000000
81596  -40.436  17.276  1.695 0.0000000000
82865  -40.766  19.264  2.857 0.0000000000
118726  -40.620  10.309  11.632 0.0000000000
126531  -40.021  9.982  10.880 0.0000000000
76714  -41.532  10.829  11.982 0.0000000000
82916  -56.100  19.512  -2.681 0.0000000000
84066  -54.883  21.633  -3.763 0.0000000000
73555  -53.501  7.383  1.302 0.0000000000
111293  -48.754  7.170  20.030 0.0000000000
72492  -46.606  6.058  19.019 0.0000000000
125695  -46.571  6.608  20.173 0.0000000000
77373  -34.685  11.499  14.725 0.0000000000
77390  -35.568  12.651  12.622 0.0000000000
108721  -49.722  8.511  10.047 0.0000000000
74358  -48.647  8.359  9.281 0.0000000000
75255  -42.395  9.775  3.571 0.0000000000
75256  -43.705  9.393  3.545 0.0000000000
75266  -42.952  9.745  2.214 0.0000000000
75278  -43.580  9.647  1.650 0.0000000000
76060  -41.769  10.819  1.389 0.0000000000
80812  -51.579  15.477  7.235 0.0000000000
121986  -51.167  14.693  7.166 0.0000000000
78995  -52.061  14.676  6.286 0.0000000000
80014  -48.096  15.392  -4.875 0.0000000000
107808  -46.689  15.450  -3.117 0.0000000000
80011  -45.169  15.569  -4.317 0.0000000000
80010  -43.708  15.504  -4.741 0.0000000000
124974  -44.947  15.787  -6.684 0.0000000000
80042  -42.948  15.765  -6.510 0.0000000000
81688  -45.546  16.540  -7.325 0.0000000000
118539  -46.459  22.185  -0.845 0.0000000000
83453  -46.077  20.365  -0.404 0.0000000000
127757  -45.823  21.833  -0.449 0.0000000000
121251  -44.794  21.237  0.344 0.0000000000
84756  -44.910  22.735  -0.308 0.0000000000
73468  -44.441  7.328  10.422 0.0000000000
115124  -44.902  7.705  9.359 0.0000000000
73479  -43.191  7.566  9.742 0.0000000000
76014  -39.928  10.838  7.980 0.0000000000
75212  -40.696  9.508  7.444 0.0000000000
121452  -40.070  10.973  7.016 0.0000000000
76029  -40.845  10.115  5.872 0.0000000000
118597  -40.411  12.209  6.290 0.0000000000
81621  -51.777  17.349  -0.453 0.0000000000
123547  -52.383  15.873  0.707 0.0000000000
81622  -52.492  17.145  -1.103 0.0000000000
80909  -54.118  16.760  -4.286 0.0000000000
80002  -54.498  15.008  -3.127 0.0000000000
80907  -52.943  16.132  -4.670 0.0000000000
80033  -51.485  15.562  -4.309 0.0000000000
81670  -51.180  16.767  -4.366 0.0000000000
81656  -49.727  17.134  -3.891 0.0000000000
82336  -51.546  18.891  -3.874 0.0000000000
84785  -51.797  21.994  -2.633 0.0000000000
83474  -50.623  21.015  -3.302 0.0000000000
127650  -50.277  22.242  -2.588 0.0000000000
84772  -48.872  22.352  -2.142 0.0000000000
85597  -49.911  22.986  -1.429 0.0000000000
107178  -48.890  7.359  -1.789 0.0000000000
78940  -42.107  14.611  10.904 0.0000000000
78942  -44.060  14.339  11.545 0.0000000000
110031  -42.996  15.585  9.661 0.0000000000
81550  -44.550  17.489  6.532 0.0000000000
80797  -45.542  16.363  7.946 0.0000000000
122450  -45.771  16.623  7.159 0.0000000000
80809  -47.701  16.500  7.138 0.0000000000
81561  -46.597  17.485  5.546 0.0000000000
84005  -46.624  21.363  3.553 0.0000000000
82281  -47.838  19.140  2.665 0.0000000000
83428  -48.465  20.211  1.814 0.0000000000
125052  -49.250  19.088  1.236 0.0000000000
83434  -49.900  20.895  0.921 0.0000000000
75998  -53.147  10.432  11.405 0.0000000000
75988  -52.782  10.678  12.667 0.0000000000
75135  -51.123  10.018  15.938 0.0000000000
74312  -49.521  8.607  15.355 0.0000000000
110146  -49.411  8.579  13.946 0.0000000000
73437  -48.343  7.727  14.368 0.0000000000
73442  -46.685  6.983  13.070 0.0000000000
72534  -47.172  6.931  14.767 0.0000000000
107535  -43.501  5.270  16.297 0.0000000000
71626  -44.104  5.714  14.593 0.0000000000
71624  -41.913  5.830  14.374 0.0000000000
79820  -43.962  15.583  17.352 0.0000000000
77334  -44.307  12.610  18.588 0.0000000000
76639  -44.244  11.178  19.186 0.0000000000
75919  -45.625  10.760  19.674 0.0000000000
75933  -43.390  10.306  19.339 0.0000000000
74289  -43.078  8.210  19.596 0.0000000000
75126  -41.467  8.782  19.364 0.0000000000
77405  -40.160  12.391  12.419 0.0000000000
77404  -39.110  12.660  12.037 0.0000000000
120451  -54.346  9.023  3.822 0.0000000000
74389  -45.900  8.450  7.158 0.0000000000
74391  -47.303  8.427  7.529 0.0000000000
114292  -46.087  8.594  5.849 0.0000000000
75260  -47.359  9.181  3.009 0.0000000000
74458  -48.050  8.929  3.580 0.0000000000
74475  -48.969  8.997  2.404 0.0000000000
74477  -50.824  8.757  2.151 0.0000000000
74490  -50.153  9.031  0.955 0.0000000000
113348  -50.990  9.115  -0.734 0.0000000000
75294  -48.527  9.362  0.202 0.0000000000
75304  -45.505  9.621  -1.324 0.0000000000
115084  -47.118  9.440  -1.930 0.0000000000
118417  -46.530  9.406  -4.067 0.0000000000
74543  -46.374  9.036  -4.471 0.0000000000
125467  -45.023  10.133  -4.081 0.0000000000
78174  -45.778  13.001  12.108 0.0000000000
78179  -44.219  12.935  10.377 0.0000000000
78181  -46.076  13.449  10.474 0.0000000000
107820  -46.597  14.460  6.016 0.0000000000
78977  -45.349  14.347  6.634 0.0000000000
78990  -44.465  14.512  5.373 0.0000000000
78224  -42.108  14.056  4.935 0.0000000000
123261  -43.768  14.593  4.557 0.0000000000
79060  -51.527  14.701  0.903 0.0000000000
79038  -50.175  14.590  2.949 0.0000000000
79956  -49.319  15.133  0.664 0.0000000000
79968  -44.493  15.513  -0.522 0.0000000000
79953  -45.964  15.520  0.669 0.0000000000
79951  -43.566  15.401  0.796 0.0000000000
79048  -42.621  14.907  1.647 0.0000000000
79058  -41.654  14.502  0.626 0.0000000000
77474  -41.043  12.426  -0.188 0.0000000000
79068  -41.250  14.145  -0.943 0.0000000000
77493  -41.341  12.582  -4.550 0.0000000000
77487  -41.455  12.695  -3.064 0.0000000000
126151  -42.234  11.346  -5.123 0.0000000000
76095  -43.080  10.952  -5.530 0.0000000000
76094  -42.236  10.892  -4.978 0.0000000000
75323  -42.036  10.137  -3.784 0.0000000000
76093  -41.688  11.353  -4.536 0.0000000000
80023  -40.377  14.971  -4.976 0.0000000000
78275  -39.700  13.607  -4.480 0.0000000000
81654  -46.985  17.414  -3.643 0.0000000000
111705  -45.894  17.462  -3.666 0.0000000000
81642  -46.373  17.566  -2.639 0.0000000000
81608  -43.834  17.895  0.204 0.0000000000
116820  -43.155  17.147  -1.262 0.0000000000
81616  -42.611  17.049  -0.557 0.0000000000
80867  -40.463  16.337  -1.048 0.0000000000
80859  -40.917  16.578  -0.283 0.0000000000
112674  -39.951  16.418  0.433 0.0000000000
81598  -41.992  17.682  1.244 0.0000000000
83426  -42.291  20.467  1.966 0.0000000000
82866  -41.508  19.405  2.467 0.0000000000
120595  -41.128  19.903  2.724 0.0000000000
82860  -40.228  19.581  3.261 0.0000000000
73466  -41.618  7.536  10.688 0.0000000000
74355  -41.186  8.078  9.674 0.0000000000
75177  -40.348  8.704  9.987 0.0000000000
76727  -40.335  11.272  9.597 0.0000000000
77416  -40.744  11.947  9.164 0.0000000000
82317  -53.840  18.005  -2.003 0.0000000000
82318  -54.757  18.603  -2.332 0.0000000000
82337  -55.193  18.976  -3.538 0.0000000000
82929  -53.984  19.548  -4.511 0.0000000000
82922  -52.586  20.179  -4.317 0.0000000000
83485  -53.768  21.000  -4.695 0.0000000000
84065  -53.597  21.548  -3.536 0.0000000000
73584  -51.122  7.460  -0.560 0.0000000000
80784  -40.818  16.844  8.712 0.0000000000
80782  -42.499  16.133  8.896 0.0000000000
81538  -42.404  17.631  7.461 0.0000000000
73423  -48.500  7.308  17.022 0.0000000000
72516  -46.629  6.341  16.152 0.0000000000
72509  -46.668  6.182  17.072 0.0000000000
71598  -45.269  5.482  17.515 0.0000000000
121917  -42.400  5.364  18.131 0.0000000000
78893  -41.742  15.174  17.375 0.0000000000
77332  -40.460  12.511  18.497 0.0000000000
124490  -37.520  11.811  12.755 0.0000000000
77392  -37.304  12.768  11.995 0.0000000000
77391  -36.424  12.779  12.240 0.0000000000
78162  -35.710  13.974  11.660 0.0000000000
74422  -44.230  8.739  5.403 0.0000000000
74423  -45.356  8.677  5.504 0.0000000000
75248  -44.459  9.187  3.959 0.0000000000
75258  -45.087  9.285  3.368 0.0000000000
107827  -46.024  9.451  1.772 0.0000000000
107825  -46.952  9.490  0.548 0.0000000000
75279  -45.488  9.490  1.167 0.0000000000
75290  -43.994  9.720  0.109 0.0000000000
75302  -43.941  9.913  -1.045 0.0000000000
78949  -48.787  15.014  10.025 0.0000000000
78951  -47.090  13.999  9.240 0.0000000000
78963  -48.998  14.510  8.839 0.0000000000
108104  -48.793  14.437  6.630 0.0000000000
79006  -47.643  14.673  4.526 0.0000000000
122405  -49.271  15.396  -1.804 0.0000000000
79970  -48.052  15.455  -0.288 0.0000000000
107814  -47.755  15.509  -1.300 0.0000000000
107816  -46.008  15.515  -1.261 0.0000000000
79982  -44.574  15.514  -1.489 0.0000000000
79980  -42.624  15.213  -1.633 0.0000000000
79995  -42.544  15.196  -2.718 0.0000000000
80009  -42.497  15.122  -4.079 0.0000000000
79100  -41.542  14.455  -5.513 0.0000000000
77508  -40.943  12.939  -5.205 0.0000000000
79101  -41.752  14.871  -5.922 0.0000000000
80916  -42.014  15.527  -6.066 0.0000000000
117263  -42.563  17.037  -5.249 0.0000000000
82900  -47.676  19.493  -1.497 0.0000000000
82313  -46.479  18.233  -1.374 0.0000000000
82307  -46.156  18.811  -0.758 0.0000000000
82299  -44.849  18.947  0.163 0.0000000000
82298  -44.197  18.688  0.498 0.0000000000
82289  -43.063  18.710  1.328 0.0000000000
82880  -43.972  19.641  0.886 0.0000000000
84025  -43.289  21.334  1.217 0.0000000000
84743  -42.795  22.117  1.177 0.0000000000
122735  -46.743  7.697  10.290 0.0000000000
108282  -47.826  8.218  9.189 0.0000000000
73482  -46.477  7.847  9.610 0.0000000000
73495  -45.293  7.995  8.790 0.0000000000
74388  -44.223  8.416  7.524 0.0000000000
75185  -42.383  8.153  8.770 0.0000000000
74386  -42.560  8.686  7.208 0.0000000000
74404  -43.805  8.669  6.193 0.0000000000
75235  -42.458  9.215  5.449 0.0000000000
76035  -41.108  10.310  4.936 0.0000000000
76762  -40.956  10.949  3.781 0.0000000000
115918  -51.859  16.045  2.697 0.0000000000
79918  -53.683  15.012  3.986 0.0000000000
80853  -53.106  15.231  2.394 0.0000000000
79053  -53.563  14.899  1.060 0.0000000000
79071  -52.179  14.717  -0.303 0.0000000000
80877  -53.864  15.784  -1.823 0.0000000000
79079  -53.513  14.674  -1.418 0.0000000000
79985  -51.514  14.944  -2.179 0.0000000000
79998  -49.791  15.401  -2.903 0.0000000000
108168  -48.854  15.538  -5.035 0.0000000000
80029  -48.315  15.711  -5.859 0.0000000000
81681  -46.802  16.645  -7.159 0.0000000000
81669  -48.624  16.526  -5.058 0.0000000000
81655  -49.001  16.941  -3.968 0.0000000000
82325  -48.638  18.541  -2.461 0.0000000000
82921  -50.848  20.171  -3.438 0.0000000000
82913  -49.613  19.828  -2.667 0.0000000000
82901  -48.463  19.510  -2.008 0.0000000000
83463  -48.229  20.477  -1.736 0.0000000000
84771  -48.170  22.639  -1.751 0.0000000000
85594  -47.841  23.161  -1.431 0.0000000000
78159  -43.182  12.250  13.033 0.0000000000
77406  -43.618  11.714  12.938 0.0000000000
78160  -43.983  12.139  13.065 0.0000000000
78932  -45.051  13.650  12.231 0.0000000000
78944  -46.681  14.417  11.726 0.0000000000
79880  -44.274  16.011  8.854 0.0000000000
79881  -45.508  15.859  9.459 0.0000000000
79877  -47.511  15.405  10.548 0.0000000000
80790  -48.791  15.521  9.419 0.0000000000
121887  -49.551  16.294  7.220 0.0000000000
80820  -50.721  16.370  6.150 0.0000000000
122899  -46.082  19.189  4.423 0.0000000000
82265  -47.115  18.341  4.246 0.0000000000
81580  -48.630  17.551  3.671 0.0000000000
80835  -50.572  16.557  4.022 0.0000000000
81599  -49.797  17.593  1.779 0.0000000000
82301  -50.340  18.388  0.430 0.0000000000
82891  -51.617  19.499  -0.477 0.0000000000
75172  -51.386  9.309  11.295 0.0000000000
125609  -49.873  8.675  11.703 0.0000000000
75969  -52.224  10.868  14.981 0.0000000000
125089  -52.295  10.753  14.186 0.0000000000
118674  -51.329  9.747  12.964 0.0000000000
74335  -50.144  8.933  12.485 0.0000000000
113296  -48.468  8.041  11.411 0.0000000000
114253  -47.200  7.499  11.761 0.0000000000
73450  -45.842  6.918  12.092 0.0000000000
72561  -44.156  6.721  11.752 0.0000000000
72532  -45.632  6.330  14.315 0.0000000000
72540  -43.831  6.264  13.112 0.0000000000
72559  -42.289  6.915  11.606 0.0000000000
126622  -41.061  7.526  11.731 0.0000000000
78115  -47.071  13.944  18.708 0.0000000000
78132  -43.675  14.096  18.065 0.0000000000
78113  -45.369  13.356  18.486 0.0000000000
77320  -46.627  12.629  19.242 0.0000000000
76632  -46.873  11.252  20.133 0.0000000000
75099  -46.733  9.575  20.835 0.0000000000
74258  -47.023  7.922  21.197 0.0000000000
73380  -45.292  7.111  20.333 0.0000000000
72499  -43.469  6.081  19.390 0.0000000000
123745  -40.382  5.790  17.773 0.0000000000
76708  -42.124  11.121  13.103 0.0000000000
77395  -41.498  11.924  12.945 0.0000000000
78939  -40.798  14.158  11.092 0.0000000000
79862  -40.365  14.962  10.311 0.0000000000
80781  -40.386  16.345  9.230 0.0000000000
73533  -55.589  7.737  3.943 0.0000000000
74466  -55.251  8.245  2.989 0.0000000000
74479  -54.228  8.525  1.525 0.0000000000
74374  -48.364  8.372  8.544 0.0000000000
74392  -48.777  8.445  7.208 0.0000000000
127562  -46.921  8.642  5.195 0.0000000000
123035  -49.026  8.570  4.885 0.0000000000
109829  -50.377  8.528  4.082 0.0000000000
74462  -51.797  8.578  3.252 0.0000000000
122000  -52.706  8.852  1.656 0.0000000000
108349  -53.511  8.468  0.119 0.0000000000
107642  -52.686  8.648  -0.903 0.0000000000
73613  -52.040  8.091  -2.059 0.0000000000
127898  -50.819  8.035  -2.713 0.0000000000
75306  -47.716  9.436  -1.133 0.0000000000
74527  -49.100  9.029  -2.719 0.0000000000
73623  -48.861  8.170  -3.258 0.0000000000
73622  -48.009  8.001  -3.563 0.0000000000
73620  -46.235  7.971  -3.331 0.0000000000
73619  -45.420  8.157  -3.085 0.0000000000
77412  -43.367  11.852  11.863 0.0000000000
77417  -42.599  12.740  9.560 0.0000000000
78184  -41.988  13.178  8.037 0.0000000000
78200  -45.752  13.892  8.501 0.0000000000
78198  -43.523  13.644  7.940 0.0000000000
78196  -41.698  13.255  7.300 0.0000000000
78207  -40.941  13.172  5.817 0.0000000000
78222  -40.751  13.197  4.311 0.0000000000
78232  -40.700  13.239  3.435 0.0000000000
79023  -50.525  14.486  4.085 0.0000000000
110757  -49.344  14.601  3.600 0.0000000000
79021  -47.300  14.931  3.673 0.0000000000
79940  -47.685  15.386  1.199 0.0000000000
79926  -46.475  15.416  2.176 0.0000000000
127652  -45.128  15.173  3.356 0.0000000000
108816  -43.161  14.824  2.992 0.0000000000
79032  -41.814  14.358  2.712 0.0000000000
77461  -40.690  12.322  2.059 0.0000000000
117711  -41.332  11.435  0.901 0.0000000000
76074  -42.715  10.899  -1.417 0.0000000000
78265  -41.176  13.456  -1.823 0.0000000000
76792  -41.783  12.121  -2.608 0.0000000000
119950  -44.142  10.548  -4.375 0.0000000000
76097  -43.839  10.623  -6.011 0.0000000000
75325  -43.587  9.845  -5.146 0.0000000000
77507  -40.318  12.924  -4.801 0.0000000000
112329  -45.225  17.255  -6.621 0.0000000000
112282  -44.203  17.521  -4.943 0.0000000000
122425  -42.419  17.135  -4.239 0.0000000000
81640  -44.475  17.478  -2.313 0.0000000000
81626  -42.815  17.079  -2.328 0.0000000000
80874  -41.347  16.628  -2.631 0.0000000000
80873  -40.716  16.418  -1.956 0.0000000000
79965  -39.017  15.574  -0.825 0.0000000000
79964  -38.351  15.087  -0.524 0.0000000000
82287  -41.640  18.179  1.884 0.0000000000
81587  -40.132  17.735  2.345 0.0000000000
86319  -47.729  24.289  0.498 0.0000000000
86317  -46.003  24.183  -0.063 0.0000000000
85563  -44.305  23.716  0.066 0.0000000000
85562  -43.413  23.596  0.434 0.0000000000
84742  -42.249  22.846  1.002 0.0000000000
75986  -41.545  10.743  12.747 0.0000000000
76715  -42.322  11.168  12.685 0.0000000000
110260  -53.659  7.761  0.602 0.0000000000
73383  -49.408  7.673  20.571 0.0000000000
110422  -48.798  7.471  20.761 0.0000000000
72482  -48.000  6.772  20.052 0.0000000000
73382  -48.180  7.177  20.622 0.0000000000
109066  -48.952  8.369  9.996 0.0000000000
74359  -49.456  8.469  9.319 0.0000000000
76047  -41.628  10.385  3.431 0.0000000000
76048  -42.292  10.039  2.750 0.0000000000
76054  -42.318  10.251  1.868 0.0000000000
80821  -51.927  16.081  5.813 0.0000000000
79898  -52.365  15.145  6.783 0.0000000000
79904  -53.114  15.032  6.039 0.0000000000
80028  -47.474  15.508  -5.843 0.0000000000
123858  -46.616  15.445  -5.137 0.0000000000
80027  -45.647  15.562  -5.491 0.0000000000
80044  -45.896  15.775  -6.816 0.0000000000
80051  -45.117  16.165  -7.172 0.0000000000
80052  -46.106  16.050  -7.280 0.0000000000
84762  -45.641  22.759  -0.625 0.0000000000
84040  -45.201  21.970  -0.122 0.0000000000
73459  -43.853  7.018  11.022 0.0000000000
73467  -43.527  7.332  10.348 0.0000000000
76742  -40.198  11.598  7.736 0.0000000000
75211  -40.209  10.236  7.315 0.0000000000
76749  -40.261  11.829  6.944 0.0000000000
82310  -52.046  18.004  -1.017 0.0000000000
82316  -52.762  18.004  -1.455 0.0000000000
81673  -53.730  17.601  -4.476 0.0000000000
124441  -53.571  16.738  -4.545 0.0000000000
81672  -52.915  17.387  -4.595 0.0000000000
80906  -51.827  15.984  -4.593 0.0000000000
81671  -52.032  17.072  -4.438 0.0000000000
81658  -51.319  17.848  -4.073 0.0000000000
84784  -50.830  22.181  -2.641 0.0000000000
84775  -51.298  22.400  -1.831 0.0000000000
84774  -50.266  22.559  -2.077 0.0000000000
84763  -50.767  22.847  -1.084 0.0000000000
73583  -49.912  7.348  -0.317 0.0000000000
127929  -49.034  7.318  -0.115 0.0000000000
79864  -42.417  15.227  10.255 0.0000000000
79873  -42.114  15.792  9.420 0.0000000000
81559  -45.003  17.906  5.914 0.0000000000
81551  -45.535  17.175  6.433 0.0000000000
81552  -46.306  17.184  6.114 0.0000000000
81560  -45.811  17.688  5.726 0.0000000000
122060  -48.653  20.911  1.742 0.0000000000
83433  -49.102  20.488  1.370 0.0000000000
76709  -54.851  11.838  12.161 0.0000000000
75989  -53.596  11.196  12.441 0.0000000000
75979  -53.117  11.077  13.079 0.0000000000
74319  -48.949  8.233  14.479 0.0000000000
73429  -48.657  7.917  15.047 0.0000000000
73436  -47.713  7.330  14.327 0.0000000000
117150  -47.932  7.364  15.125 0.0000000000
71606  -42.580  5.229  16.524 0.0000000000
116326  -43.014  5.324  15.656 0.0000000000
71623  -41.540  5.606  15.333 0.0000000000
72530  -40.886  5.988  14.894 0.0000000000
72522  -40.640  5.790  15.807 0.0000000000
79818  -42.352  15.804  17.108 0.0000000000
113130  -43.144  11.467  18.918 0.0000000000
117445  -42.462  10.560  19.189 0.0000000000
75943  -42.361  9.752  19.353 0.0000000000
75942  -41.595  9.903  19.273 0.0000000000
77393  -38.694  12.167  12.446 0.0000000000
77394  -39.554  12.066  12.581 0.0000000000
118292  -52.585  8.611  4.902 0.0000000000
74406  -45.572  8.541  6.421 0.0000000000
110449  -46.330  8.511  6.525 0.0000000000
75271  -47.552  9.337  2.065 0.0000000000
75272  -48.215  9.128  2.679 0.0000000000
74489  -49.443  9.041  1.723 0.0000000000
75283  -49.221  9.211  0.766 0.0000000000
129497  -48.478  9.331  0.967 0.0000000000
75303  -44.750  9.744  -1.370 0.0000000000
75315  -46.196  9.594  -2.649 0.0000000000
75314  -45.275  9.822  -2.752 0.0000000000
75326  -45.718  9.712  -4.192 0.0000000000
78176  -47.157  13.944  11.567 0.0000000000
127209  -45.818  13.152  11.394 0.0000000000
78182  -47.143  13.845  10.749 0.0000000000
108169  -46.155  14.614  5.053 0.0000000000
78991  -45.527  14.484  5.767 0.0000000000
79004  -45.245  14.655  4.786 0.0000000000
79003  -44.506  14.686  4.467 0.0000000000
79957  -50.277  14.960  0.247 0.0000000000
79943  -50.362  14.807  1.153 0.0000000000
79952  -44.408  15.507  0.436 0.0000000000
79967  -43.673  15.431  -0.164 0.0000000000
79950  -42.622  15.083  0.813 0.0000000000
79059  -42.239  14.925  -0.108 0.0000000000
121697  -41.593  14.491  -0.325 0.0000000000
78276  -41.269  13.277  -4.791 0.0000000000
76805  -41.368  12.291  -4.407 0.0000000000
80007  -40.373  15.584  -4.238 0.0000000000
80006  -39.849  15.094  -4.081 0.0000000000
79993  -40.168  15.795  -3.393 0.0000000000
81643  -47.347  17.689  -2.654 0.0000000000
81631  -46.731  17.814  -2.018 0.0000000000
81607  -43.114  17.570  0.307 0.0000000000
81617  -43.477  17.431  -0.421 0.0000000000
81615  -41.718  16.789  -0.350 0.0000000000
81605  -41.408  17.007  0.635 0.0000000000
84024  -42.494  21.302  1.626 0.0000000000
83425  -41.667  20.207  2.406 0.0000000000
74347  -40.939  7.939  10.412 0.0000000000
120049  -39.968  9.590  10.468 0.0000000000
76721  -40.774  11.039  10.781 0.0000000000
75997  -40.006  10.357  10.179 0.0000000000
77411  -41.658  12.226  9.694 0.0000000000
82903  -54.178  19.029  -1.665 0.0000000000
82904  -55.234  19.245  -1.709 0.0000000000
126442  -55.801  19.960  -3.786 0.0000000000
82915  -55.639  19.074  -3.040 0.0000000000
82345  -54.625  18.735  -4.095 0.0000000000
82930  -54.952  19.779  -4.304 0.0000000000
83491  -53.429  20.374  -4.602 0.0000000000
115969  -54.607  21.047  -4.753 0.0000000000
84788  -55.595  22.028  -3.083 0.0000000000
84786  -53.001  21.836  -2.569 0.0000000000
122042  -52.642  7.297  1.127 0.0000000000
73570  -52.282  7.381  0.538 0.0000000000
81530  -41.242  17.339  8.199 0.0000000000
81537  -41.656  17.815  7.683 0.0000000000
73406  -49.465  7.810  17.939 0.0000000000
113565  -48.759  7.286  17.850 0.0000000000
72510  -47.386  6.473  17.455 0.0000000000
72511  -48.096  6.798  17.709 0.0000000000
71586  -45.645  5.709  18.981 0.0000000000
71591  -46.134  5.769  18.419 0.0000000000
129542  -45.041  5.519  18.600 0.0000000000
71597  -44.250  5.248  17.689 0.0000000000
71589  -44.338  5.425  18.581 0.0000000000
77376  -36.324  9.434  15.909 0.0000000000
76687  -36.233  10.666  14.370 0.0000000000
75965  -37.057  10.741  13.817 0.0000000000
76694  -36.821  11.493  13.232 0.0000000000
76704  -37.019  12.207  12.514 0.0000000000
77384  -36.143  12.073  12.899 0.0000000000
78156  -35.292  13.323  12.258 0.0000000000
78923  -35.367  14.692  11.470 0.0000000000
75236  -43.081  9.123  4.825 0.0000000000
74438  -43.926  8.998  4.609 0.0000000000
75267  -43.827  9.510  2.592 0.0000000000
75257  -44.375  9.384  3.219 0.0000000000
75269  -45.729  9.370  2.693 0.0000000000
107828  -45.219  9.480  1.897 0.0000000000
107258  -44.168  9.603  1.025 0.0000000000
129535  -44.527  9.652  -0.403 0.0000000000
76070  -43.410  10.068  -0.206 0.0000000000
78953  -49.368  14.956  9.336 0.0000000000
78964  -49.863  14.803  8.640 0.0000000000
78994  -50.650  14.480  6.308 0.0000000000
122705  -50.000  14.481  6.974 0.0000000000
78993  -48.106  14.533  5.480 0.0000000000
122039  -48.478  14.576  4.742 0.0000000000
108107  -48.919  15.411  -2.849 0.0000000000
127897  -48.503  15.458  -1.852 0.0000000000
107810  -48.068  15.461  -2.549 0.0000000000
124152  -45.950  15.506  -2.828 0.0000000000
107812  -46.329  15.509  -2.055 0.0000000000
107813  -45.430  15.533  -1.983 0.0000000000
79996  -44.536  15.511  -2.555 0.0000000000
125503  -43.923  15.456  -2.056 0.0000000000
110627  -42.942  15.369  -5.039 0.0000000000
80008  -41.924  14.674  -4.710 0.0000000000
80918  -43.422  16.005  -6.866 0.0000000000
80917  -42.698  15.807  -6.414 0.0000000000
81664  -42.966  16.556  -6.299 0.0000000000
80902  -42.247  16.334  -5.815 0.0000000000
127039  -46.858  19.069  -1.137 0.0000000000
82890  -46.467  19.689  -0.684 0.0000000000
120976  -45.563  20.165  -0.101 0.0000000000
82882  -45.246  19.536  0.040 0.0000000000
82881  -44.628  19.600  0.457 0.0000000000
83442  -44.364  20.453  0.664 0.0000000000
84039  -44.427  22.234  0.249 0.0000000000
84038  -44.032  21.328  0.746 0.0000000000
116133  -43.577  22.160  0.708 0.0000000000
73470  -46.208  7.440  10.784 0.0000000000
123124  -46.089  7.595  10.144 0.0000000000
73494  -44.512  7.875  8.889 0.0000000000
74370  -44.839  8.259  8.129 0.0000000000
75184  -40.658  8.680  9.213 0.0000000000
74356  -42.020  7.879  9.437 0.0000000000
118798  -41.481  8.323  8.933 0.0000000000
75213  -41.623  8.817  7.629 0.0000000000
120742  -43.522  8.588  6.940 0.0000000000
74403  -42.696  8.859  6.272 0.0000000000
75225  -41.635  9.423  6.031 0.0000000000
76034  -40.490  10.984  5.480 0.0000000000
76041  -40.763  10.945  4.566 0.0000000000
76042  -41.266  10.475  4.201 0.0000000000
80852  -51.670  16.204  1.839 0.0000000000
80862  -53.114  15.383  0.342 0.0000000000
79958  -53.543  14.946  1.127 0.0000000000
79959  -53.618  14.865  0.443 0.0000000000
79061  -52.611  14.701  0.645 0.0000000000
79062  -53.524  14.807  0.337 0.0000000000
82327  -54.518  17.749  -2.635 0.0000000000
81633  -54.076  16.816  -2.418 0.0000000000
80885  -54.332  15.655  -2.680 0.0000000000
80001  -53.119  14.761  -3.464 0.0000000000
79089  -54.359  14.837  -2.485 0.0000000000
79088  -53.539  14.678  -2.464 0.0000000000
79087  -52.576  14.715  -2.016 0.0000000000
79999  -50.691  15.282  -3.016 0.0000000000
111163  -51.504  15.081  -3.324 0.0000000000
80032  -50.534  15.722  -4.317 0.0000000000
80015  -50.015  15.699  -4.380 0.0000000000
107248  -49.301  15.735  -4.909 0.0000000000
111122  -49.102  15.813  -5.132 0.0000000000
80904  -48.695  15.956  -5.631 0.0000000000
80893  -49.369  16.225  -4.818 0.0000000000
82333  -49.217  17.825  -3.154 0.0000000000
81644  -48.352  17.614  -3.085 0.0000000000
82326  -49.476  18.860  -2.790 0.0000000000
83483  -52.108  20.654  -4.044 0.0000000000
126266  -51.697  19.944  -3.864 0.0000000000
83482  -51.390  20.775  -3.689 0.0000000000
83473  -49.946  21.132  -2.850 0.0000000000
82914  -50.174  20.367  -2.981 0.0000000000
127329  -49.620  20.560  -2.650 0.0000000000
82912  -49.023  19.430  -2.406 0.0000000000
83464  -48.985  20.357  -2.298 0.0000000000
84056  -48.703  21.421  -2.134 0.0000000000
85596  -49.406  22.756  -1.895 0.0000000000
84055  -48.200  22.116  -1.844 0.0000000000
85595  -48.610  23.000  -1.650 0.0000000000
85582  -48.374  23.458  -0.970 0.0000000000
72705  -47.281  7.273  -0.363 0.0000000000
128279  -46.528  7.367  -1.702 0.0000000000
78168  -43.477  12.968  12.640 0.0000000000
121289  -44.649  14.543  11.474 0.0000000000
78943  -45.623  14.397  11.765 0.0000000000
78933  -46.128  13.662  12.103 0.0000000000
122456  -45.790  15.035  11.228 0.0000000000
80786  -43.125  16.350  8.421 0.0000000000
123999  -43.361  15.890  9.090 0.0000000000
129623  -45.782  16.096  8.830 0.0000000000
79882  -46.494  15.851  9.688 0.0000000000
79883  -47.271  15.838  9.628 0.0000000000
79884  -48.220  15.420  10.093 0.0000000000
80789  -47.557  16.086  8.864 0.0000000000
80819  -48.380  16.636  6.333 0.0000000000
80810  -48.911  16.285  7.724 0.0000000000
126648  -48.843  16.719  5.772 0.0000000000
116517  -49.557  16.488  6.323 0.0000000000
80827  -49.342  16.717  5.305 0.0000000000
83419  -46.943  20.598  3.234 0.0000000000
82272  -46.617  19.080  4.030 0.0000000000
82264  -46.414  18.571  4.587 0.0000000000
82282  -48.452  18.566  2.386 0.0000000000
82274  -48.110  18.321  3.151 0.0000000000
81572  -49.420  16.916  4.303 0.0000000000
81581  -49.515  17.131  3.406 0.0000000000
81590  -49.650  17.348  2.572 0.0000000000
82283  -49.083  18.049  2.086 0.0000000000
82877  -49.567  19.807  0.865 0.0000000000
82300  -49.714  18.795  0.830 0.0000000000
82883  -50.232  19.360  0.351 0.0000000000
82308  -50.817  18.926  -0.164 0.0000000000
82884  -50.913  19.894  -0.022 0.0000000000
75999  -54.092  10.687  10.626 0.0000000000
75164  -51.765  9.768  12.165 0.0000000000
75173  -52.317  9.830  11.378 0.0000000000
127349  -50.763  8.872  10.864 0.0000000000
75171  -50.529  8.952  11.593 0.0000000000
75142  -51.104  9.955  15.167 0.0000000000
75960  -51.646  10.444  15.449 0.0000000000
75968  -51.632  10.368  14.659 0.0000000000
75977  -51.638  10.206  13.747 0.0000000000
75156  -50.865  9.625  13.676 0.0000000000
74326  -48.705  8.078  13.697 0.0000000000
74333  -49.279  8.459  12.968 0.0000000000
74340  -48.770  8.155  12.089 0.0000000000
73462  -47.994  7.763  11.956 0.0000000000
73452  -47.403  7.395  12.748 0.0000000000
72553  -46.038  6.759  12.873 0.0000000000
72552  -45.272  6.591  12.686 0.0000000000
72562  -45.026  6.785  11.904 0.0000000000
72551  -44.437  6.505  12.523 0.0000000000
71618  -46.050  6.160  15.816 0.0000000000
72523  -45.825  6.232  15.134 0.0000000000
71630  -43.223  5.980  13.637 0.0000000000
71631  -44.030  5.946  13.823 0.0000000000
111988  -42.973  6.293  12.971 0.0000000000
72550  -43.564  6.496  12.382 0.0000000000
121496  -42.693  6.581  12.290 0.0000000000
122929  -41.973  6.735  12.277 0.0000000000
128455  -48.104  9.757  21.624 0.0000000000
79822  -45.754  15.554  17.557 0.0000000000
78899  -46.753  15.078  18.037 0.0000000000
78879  -47.263  14.847  18.359 0.0000000000
78878  -46.495  14.391  18.324 0.0000000000
78130  -41.929  14.377  17.740 0.0000000000
78131  -42.773  14.196  17.909 0.0000000000
76657  -44.787  12.185  18.803 0.0000000000
120244  -44.641  13.152  18.464 0.0000000000
77335  -45.083  12.665  18.657 0.0000000000
78097  -46.597  13.211  18.902 0.0000000000
77319  -46.075  12.038  19.264 0.0000000000
76642  -46.732  11.969  19.649 0.0000000000
75920  -46.190  11.330  19.668 0.0000000000
75108  -45.479  9.900  20.001 0.0000000000
75909  -46.271  10.424  20.182 0.0000000000
75098  -45.956  9.323  20.474 0.0000000000
74269  -46.465  8.624  20.937 0.0000000000
74268  -45.751  8.346  20.611 0.0000000000
123591  -45.691  7.609  20.557 0.0000000000
74267  -45.136  7.874  20.384 0.0000000000
74298  -42.065  7.966  19.412 0.0000000000
73404  -42.846  7.070  19.505 0.0000000000
73415  -41.558  6.738  19.067 0.0000000000
72508  -42.409  5.932  18.955 0.0000000000
73414  -40.446  6.472  18.533 0.0000000000
76707  -40.551  10.853  13.315 0.0000000000
75976  -40.319  10.155  13.363 0.0000000000
75985  -41.172  10.646  13.141 0.0000000000
113673  -41.325  11.102  13.235 0.0000000000
78166  -39.647  13.179  11.678 0.0000000000
124957  -40.580  12.909  12.083 0.0000000000
78164  -37.612  13.414  11.507 0.0000000000
78926  -38.093  14.011  11.009 0.0000000000
79869  -39.035  15.901  9.739 0.0000000000
79870  -39.915  15.767  9.680 0.0000000000
80780  -39.512  16.525  9.329 0.0000000000
119591  -39.989  17.032  8.836 0.0000000000
109572  -55.734  6.917  4.412 0.0000000000
74448  -55.475  8.727  4.257 0.0000000000
74464  -54.104  8.935  2.977 0.0000000000
74465  -54.939  8.746  3.059 0.0000000000
110703  -54.478  8.674  2.315 0.0000000000
74480  -54.804  8.249  2.176 0.0000000000
109248  -53.816  8.865  2.246 0.0000000000
74357  -46.990  8.109  8.993 0.0000000000
74373  -47.548  8.325  8.378 0.0000000000
108873  -47.883  8.461  6.919 0.0000000000
74440  -45.646  8.824  4.771 0.0000000000
74424  -46.315  8.698  5.144 0.0000000000
123489  -47.011  8.737  4.693 0.0000000000
74442  -48.776  8.684  4.128 0.0000000000
74441  -47.817  8.738  4.415 0.0000000000
122171  -49.615  8.556  4.467 0.0000000000
74444  -51.156  8.512  3.923 0.0000000000
74461  -50.806  8.593  3.156 0.0000000000
74491  -51.027  8.932  1.081 0.0000000000
108099  -51.794  8.709  2.331 0.0000000000
74492  -52.113  8.896  1.155 0.0000000000
74493  -53.275  8.801  0.795 0.0000000000
107829  -52.976  8.809  0.010 0.0000000000
74507  -53.154  8.461  -0.510 0.0000000000
74515  -50.459  9.060  -1.234 0.0000000000
74516  -51.378  8.837  -1.582 0.0000000000
107394  -50.767  8.649  -2.229 0.0000000000
73625  -51.425  8.025  -2.489 0.0000000000
116182  -50.847  8.152  -2.681 0.0000000000
75293  -47.745  9.457  -0.112 0.0000000000
108534  -46.981  9.474  -0.496 0.0000000000
75316  -47.674  9.327  -3.209 0.0000000000
75317  -48.184  9.346  -2.344 0.0000000000
75329  -48.332  9.070  -3.436 0.0000000000
74538  -48.840  8.506  -3.294 0.0000000000
73634  -48.177  8.520  -3.862 0.0000000000
74544  -47.753  8.770  -4.224 0.0000000000
73631  -46.579  8.519  -4.183 0.0000000000
74537  -45.871  8.597  -4.196 0.0000000000
74536  -45.042  8.760  -4.243 0.0000000000
77407  -44.123  12.032  12.734 0.0000000000
77413  -44.240  12.418  11.630 0.0000000000
78178  -43.390  13.061  9.575 0.0000000000
77418  -43.396  12.563  10.543 0.0000000000
77423  -41.866  12.803  8.735 0.0000000000
78185  -42.815  13.267  8.614 0.0000000000
127783  -47.353  14.202  8.328 0.0000000000
128034  -43.596  14.146  6.602 0.0000000000
78961  -44.051  14.022  7.268 0.0000000000
78210  -43.155  13.830  7.066 0.0000000000
78197  -42.553  13.502  7.606 0.0000000000
78209  -42.287  13.656  6.752 0.0000000000
78208  -41.415  13.344  6.379 0.0000000000
78217  -42.139  13.847  5.892 0.0000000000
79002  -42.374  14.357  4.082 0.0000000000
78223  -41.340  13.666  4.666 0.0000000000
79001  -41.779  14.054  4.228 0.0000000000
77451  -40.523  12.443  3.842 0.0000000000
79025  -53.229  14.765  3.208 0.0000000000
121615  -53.251  14.733  4.072 0.0000000000
79024  -51.892  14.514  3.602 0.0000000000
79049  -49.244  14.859  2.102 0.0000000000
79037  -48.801  14.796  2.884 0.0000000000
79022  -48.330  14.721  3.797 0.0000000000
79036  -47.803  15.059  2.901 0.0000000000
79969  -47.192  15.488  -0.345 0.0000000000
121870  -47.611  15.450  0.339 0.0000000000
79954  -46.831  15.487  0.574 0.0000000000
123438  -45.097  15.523  1.102 0.0000000000
79939  -45.965  15.508  1.516 0.0000000000
79925  -45.208  15.485  1.996 0.0000000000
79916  -46.078  15.332  2.877 0.0000000000
79924  -44.585  15.362  2.481 0.0000000000
122215  -44.645  15.157  3.207 0.0000000000
79047  -41.863  14.493  1.737 0.0000000000
79033  -42.544  14.717  2.437 0.0000000000
78246  -41.122  13.976  2.127 0.0000000000
78240  -40.702  13.256  2.515 0.0000000000
77467  -40.721  13.157  1.449 0.0000000000
77468  -40.813  12.105  1.201 0.0000000000
76782  -41.474  11.591  0.049 0.0000000000
76783  -42.042  11.171  -0.608 0.0000000000
79077  -41.437  14.189  -2.019 0.0000000000
121748  -42.254  11.698  -3.834 0.0000000000
121414  -42.788  11.282  -3.075 0.0000000000
76082  -43.298  11.117  -4.326 0.0000000000
76089  -43.566  10.910  -5.435 0.0000000000
75334  -42.864  10.408  -5.215 0.0000000000
75341  -43.631  10.703  -5.776 0.0000000000
74535  -44.175  8.998  -4.114 0.0000000000
78282  -41.036  13.508  -5.402 0.0000000000
78281  -40.472  13.496  -5.169 0.0000000000
113669  -39.599  13.048  -3.995 0.0000000000
81668  -47.306  16.950  -6.302 0.0000000000
111836  -46.191  17.276  -6.459 0.0000000000
81653  -44.719  17.497  -3.594 0.0000000000
81652  -43.656  17.487  -3.965 0.0000000000
81651  -42.895  17.319  -4.524 0.0000000000
82312  -45.765  18.026  -0.987 0.0000000000
81629  -45.213  17.637  -1.532 0.0000000000
117596  -42.502  16.894  -1.506 0.0000000000
81627  -43.719  17.334  -1.805 0.0000000000
80875  -41.985  16.784  -2.141 0.0000000000
80884  -42.059  16.949  -3.292 0.0000000000
80866  -39.769  15.990  -0.937 0.0000000000
79949  -38.733  15.601  -0.110 0.0000000000
80851  -40.198  16.702  1.045 0.0000000000
114594  -39.470  16.390  0.977 0.0000000000
80850  -39.849  16.852  1.498 0.0000000000
81595  -39.813  17.201  1.973 0.0000000000
82288  -42.366  18.419  1.596 0.0000000000
82280  -41.977  18.886  2.121 0.0000000000
82279  -41.232  18.665  2.396 0.0000000000
82278  -40.474  18.445  2.655 0.0000000000
82277  -39.727  18.181  2.886 0.0000000000
86302  -46.326  24.565  0.911 0.0000000000
85564  -45.162  24.050  -0.137 0.0000000000
120668  -45.459  24.456  0.644 0.0000000000
86315  -43.745  24.203  0.579 0.0000000000
85561  -42.634  23.535  0.756 0.0000000000
109051  -40.151  9.532  11.505 0.0000000000
76722  -42.038  11.504  11.328 0.0000000000
82905  -55.978  19.369  -1.731 0.0000000000
83475  -56.371  20.522  -3.201 0.0000000000
84077  -55.241  21.264  -4.402 0.0000000000
84067  -55.837  21.682  -3.797 0.0000000000
84789  -56.142  22.015  -2.964 0.0000000000
84779  -56.104  22.577  -2.314 0.0000000000
123376  -52.894  7.632  -0.122 0.0000000000
82237  -40.830  18.801  7.673 0.0000000000
82238  -41.398  18.385  7.554 0.0000000000
73396  -49.569  7.625  19.706 0.0000000000
73405  -49.004  7.260  18.900 0.0000000000
72501  -47.541  6.425  18.557 0.0000000000
72494  -48.172  6.727  19.339 0.0000000000
128712  -46.646  6.327  19.635 0.0000000000
72491  -46.075  6.190  19.602 0.0000000000
77383  -35.008  12.041  13.521 0.0000000000
74350  -50.506  8.695  10.157 0.0000000000
74360  -50.240  8.571  9.403 0.0000000000
107765  -49.999  8.522  8.695 0.0000000000
74375  -49.205  8.443  8.523 0.0000000000
128078  -43.015  9.472  3.706 0.0000000000
107413  -43.011  9.586  3.053 0.0000000000
75268  -44.404  9.520  1.852 0.0000000000
124953  -42.897  9.915  1.482 0.0000000000
76061  -42.477  10.385  0.986 0.0000000000
79891  -50.882  15.308  7.827 0.0000000000
78965  -50.408  14.966  8.288 0.0000000000
78966  -51.141  14.947  7.610 0.0000000000
107807  -47.607  15.397  -3.488 0.0000000000
80013  -47.129  15.389  -4.417 0.0000000000
80012  -46.056  15.486  -3.978 0.0000000000
108096  -44.440  15.543  -3.859 0.0000000000
80026  -44.432  15.607  -5.570 0.0000000000
80025  -43.317  15.553  -6.151 0.0000000000
123185  -42.576  15.453  -6.141 0.0000000000
80043  -43.890  15.810  -6.990 0.0000000000
80919  -44.102  16.182  -7.189 0.0000000000
81679  -44.798  16.722  -7.039 0.0000000000
84054  -47.035  21.433  -1.047 0.0000000000
83454  -46.741  20.526  -0.761 0.0000000000
84049  -46.291  21.231  -0.556 0.0000000000
120144  -45.561  21.020  -0.102 0.0000000000
84755  -44.454  23.077  -0.161 0.0000000000
114445  -44.904  7.518  9.892 0.0000000000
73480  -44.175  7.570  9.672 0.0000000000
73493  -43.679  7.794  9.089 0.0000000000
75196  -39.978  10.013  8.183 0.0000000000
75224  -40.800  9.779  6.663 0.0000000000
75223  -40.426  10.352  6.643 0.0000000000
117830  -40.269  11.440  6.273 0.0000000000
76755  -40.380  11.910  5.586 0.0000000000
81610  -51.474  16.951  0.302 0.0000000000
80870  -52.177  16.389  0.068 0.0000000000
114588  -52.686  16.233  -0.415 0.0000000000
80876  -53.361  15.984  -1.045 0.0000000000
81646  -54.626  17.145  -3.373 0.0000000000
80886  -54.484  15.975  -3.315 0.0000000000
80895  -54.416  16.339  -3.914 0.0000000000
123008  -53.523  15.293  -4.403 0.0000000000
80018  -53.405  14.876  -4.121 0.0000000000
80017  -52.202  15.002  -4.021 0.0000000000
80905  -50.804  15.949  -4.521 0.0000000000
127308  -50.653  16.607  -4.344 0.0000000000
80894  -50.167  16.395  -4.395 0.0000000000
81657  -50.508  17.374  -3.950 0.0000000000
82335  -50.752  18.535  -3.600 0.0000000000
84064  -52.377  21.517  -3.400 0.0000000000
84063  -51.131  21.351  -3.434 0.0000000000
117887  -51.351  21.690  -3.208 0.0000000000
84062  -50.401  21.796  -2.958 0.0000000000
84061  -49.482  21.751  -2.572 0.0000000000
84773  -49.752  22.284  -2.456 0.0000000000
72706  -48.320  7.270  -0.517 0.0000000000
73596  -47.794  7.264  -1.376 0.0000000000
78930  -42.774  13.883  11.739 0.0000000000
78941  -43.120  14.537  11.186 0.0000000000
79865  -43.692  15.038  10.680 0.0000000000
81540  -44.058  17.016  7.129 0.0000000000
125473  -44.549  16.465  7.833 0.0000000000
80807  -44.950  16.761  7.068 0.0000000000
111516  -46.478  16.388  7.836 0.0000000000
80798  -47.266  16.366  7.750 0.0000000000
80808  -46.556  16.663  6.868 0.0000000000
80818  -47.126  16.893  6.170 0.0000000000
81562  -47.447  17.209  5.430 0.0000000000
82862  -47.332  19.826  2.954 0.0000000000
82273  -47.327  18.908  3.468 0.0000000000
82290  -48.827  18.819  1.712 0.0000000000
82876  -48.894  19.633  1.474 0.0000000000
75994  -54.117  11.125  11.562 0.0000000000
75165  -52.499  10.281  12.099 0.0000000000
75141  -50.519  9.467  15.632 0.0000000000
75148  -50.053  9.122  14.984 0.0000000000
75149  -50.431  9.400  14.320 0.0000000000
74320  -49.492  8.645  14.671 0.0000000000
73444  -47.945  7.529  13.599 0.0000000000
73443  -47.104  7.021  13.787 0.0000000000
72543  -46.250  6.669  13.657 0.0000000000
71616  -44.435  5.484  16.023 0.0000000000
71615  -43.910  5.499  15.420 0.0000000000
110745  -42.586  5.539  14.927 0.0000000000
72539  -42.389  6.097  13.580 0.0000000000
72548  -41.421  6.844  12.725 0.0000000000
72538  -41.398  6.394  13.707 0.0000000000
77333  -42.456  12.787  18.473 0.0000000000
78111  -43.044  13.412  18.289 0.0000000000
118581  -43.344  12.502  18.568 0.0000000000
76656  -44.168  11.930  18.786 0.0000000000
76640  -44.896  11.662  19.078 0.0000000000
116800  -45.545  11.497  19.344 0.0000000000
75918  -45.029  10.969  19.382 0.0000000000
75917  -44.501  10.344  19.485 0.0000000000
75107  -44.801  9.621  19.819 0.0000000000
113042  -44.378  8.820  19.943 0.0000000000
118599  -43.739  8.719  19.710 0.0000000000
75119  -42.890  9.082  19.499 0.0000000000
75975  -39.231  9.523  13.841 0.0000000000
76697  -39.479  10.464  13.492 0.0000000000
74447  -55.169  9.071  4.114 0.0000000000
109835  -53.176  8.788  3.847 0.0000000000
74463  -52.546  8.671  3.362 0.0000000000
126940  -46.199  8.400  7.642 0.0000000000
74390  -46.564  8.448  7.256 0.0000000000
109571  -47.080  8.487  6.675 0.0000000000
75259  -46.501  9.187  3.316 0.0000000000
74457  -47.178  8.920  3.907 0.0000000000
74459  -48.919  8.831  3.161 0.0000000000
126903  -50.250  8.691  2.849 0.0000000000
74476  -49.755  8.824  2.537 0.0000000000
110325  -50.223  8.897  1.739 0.0000000000
74505  -51.017  9.062  0.109 0.0000000000
74504  -50.168  9.079  -0.051 0.0000000000
75308  -49.470  9.202  -0.553 0.0000000000
75305  -46.251  9.530  -1.005 0.0000000000
128444  -46.968  9.439  -3.203 0.0000000000
75327  -47.283  9.237  -4.035 0.0000000000
75337  -47.517  8.978  -4.277 0.0000000000
107257  -45.947  9.354  -4.553 0.0000000000
123841  -44.820  9.970  -5.088 0.0000000000
78173  -45.163  12.773  11.535 0.0000000000
78180  -45.087  13.234  10.276 0.0000000000
78187  -45.274  13.556  9.265 0.0000000000
122703  -46.145  14.386  6.636 0.0000000000
127301  -44.901  14.430  6.022 0.0000000000
78975  -43.527  14.299  5.981 0.0000000000
78974  -42.838  14.235  5.522 0.0000000000
78989  -43.563  14.433  5.311 0.0000000000
107339  -42.944  14.424  4.698 0.0000000000
108817  -43.178  14.647  3.808 0.0000000000
79051  -51.671  14.648  1.722 0.0000000000
79039  -51.723  14.588  2.604 0.0000000000
79050  -50.362  14.693  1.982 0.0000000000
79942  -49.537  14.927  1.445 0.0000000000
79941  -48.703  15.161  1.337 0.0000000000
107818  -45.260  15.528  0.096 0.0000000000
109556  -44.255  15.487  1.243 0.0000000000
79937  -43.743  15.374  1.587 0.0000000000
127041  -43.164  15.224  1.404 0.0000000000
126764  -42.202  14.767  1.204 0.0000000000
120523  -40.870  13.502  0.430 0.0000000000
120918  -41.148  14.094  -0.143 0.0000000000
78258  -40.942  13.397  -0.654 0.0000000000
116203  -41.494  14.215  -3.324 0.0000000000
78271  -41.285  13.466  -3.271 0.0000000000
76798  -41.774  11.980  -4.395 0.0000000000
76088  -43.055  11.106  -5.449 0.0000000000
76087  -41.439  10.744  -3.855 0.0000000000
80039  -40.873  14.955  -5.546 0.0000000000
79098  -39.970  14.293  -4.828 0.0000000000
79092  -39.406  14.427  -3.837 0.0000000000
120853  -47.767  17.350  -3.582 0.0000000000
108275  -46.614  17.365  -5.027 0.0000000000
81641  -45.453  17.522  -2.508 0.0000000000
81618  -44.238  17.745  -0.412 0.0000000000
81628  -44.424  17.541  -1.258 0.0000000000
80869  -41.873  16.743  -1.257 0.0000000000
80868  -41.150  16.590  -1.133 0.0000000000
80858  -40.579  16.634  0.451 0.0000000000
81604  -40.785  16.970  1.094 0.0000000000
81597  -41.224  17.505  1.505 0.0000000000
82874  -42.682  19.884  1.767 0.0000000000
82867  -42.174  19.650  2.138 0.0000000000
83418  -40.591  20.084  3.068 0.0000000000
84004  -40.284  20.940  3.014 0.0000000000
118540  -42.517  7.422  10.336 0.0000000000
73477  -41.764  7.693  10.044 0.0000000000
75183  -39.945  9.717  9.334 0.0000000000
76004  -39.927  10.661  8.956 0.0000000000
76734  -40.203  11.459  8.625 0.0000000000
77421  -40.613  12.144  8.308 0.0000000000
82319  -55.534  19.018  -2.430 0.0000000000
82328  -55.004  18.226  -2.969 0.0000000000
116951  -54.754  18.141  -3.512 0.0000000000
82344  -53.969  18.523  -4.428 0.0000000000
82343  -53.088  18.545  -4.506 0.0000000000
82927  -52.340  19.239  -4.237 0.0000000000
82928  -53.129  19.551  -4.508 0.0000000000
83484  -52.832  20.861  -4.363 0.0000000000
84076  -54.214  21.261  -4.410 0.0000000000
84075  -53.098  21.199  -4.188 0.0000000000
84776  -52.455  22.268  -1.712 0.0000000000
125957  -50.533  7.488  -1.401 0.0000000000
115255  -41.299  16.162  9.189 0.0000000000
126996  -41.911  16.172  9.012 0.0000000000
113690  -41.687  16.621  8.579 0.0000000000
80785  -42.397  16.619  8.298 0.0000000000
80795  -42.765  16.889  7.803 0.0000000000
82239  -42.056  18.433  7.239 0.0000000000
81539  -43.213  17.320  7.269 0.0000000000
73424  -48.827  7.774  16.314 0.0000000000
129120  -48.298  7.319  16.394 0.0000000000
72525  -47.251  6.788  15.637 0.0000000000
121115  -47.294  6.606  16.518 0.0000000000
71609  -45.871  5.821  16.675 0.0000000000
72500  -46.746  6.082  18.043 0.0000000000
71599  -46.068  5.747  17.662 0.0000000000
71608  -44.878  5.447  16.752 0.0000000000
71607  -44.016  5.258  16.821 0.0000000000
107763  -43.122  5.150  17.364 0.0000000000
107729  -42.009  5.292  17.340 0.0000000000
124756  -41.118  14.566  17.660 0.0000000000
127068  -41.365  13.919  18.014 0.0000000000
78108  -40.036  13.203  18.303 0.0000000000
78109  -40.998  13.265  18.304 0.0000000000
120674  -41.507  12.528  18.521 0.0000000000
121164  -37.816  12.255  12.387 0.0000000000
78157  -36.845  13.311  11.720 0.0000000000
127967  -35.861  13.029  12.243 0.0000000000
119862  -36.117  13.374  11.898 0.0000000000
78163  -36.570  13.917  11.418 0.0000000000
74439  -44.841  8.868  4.739 0.0000000000
75249  -45.365  9.036  4.146 0.0000000000
114248  -45.796  9.196  3.563 0.0000000000
75270  -46.666  9.359  2.394 0.0000000000
75280  -46.851  9.452  1.480 0.0000000000
75281  -47.780  9.407  1.019 0.0000000000
107826  -46.204  9.495  0.968 0.0000000000
128669  -45.691  9.501  0.533 0.0000000000
107626  -44.854  9.507  1.291 0.0000000000
75291  -44.915  9.543  0.411 0.0000000000
109083  -45.593  9.534  -0.232 0.0000000000
122392  -45.051  9.582  -0.501 0.0000000000
78948  -48.308  14.764  10.506 0.0000000000
109761  -47.996  14.289  10.220 0.0000000000
78952  -48.677  14.690  9.811 0.0000000000
124872  -48.163  14.264  9.234 0.0000000000
122910  -48.050  14.279  8.265 0.0000000000
78980  -49.507  14.481  7.890 0.0000000000
78979  -48.365  14.354  7.544 0.0000000000
78978  -47.164  14.350  7.228 0.0000000000
107819  -47.637  14.452  6.316 0.0000000000
78992  -47.119  14.554  5.265 0.0000000000
79005  -46.744  14.770  4.375 0.0000000000
79971  -49.617  15.257  -0.679 0.0000000000
112288  -48.872  15.330  -0.108 0.0000000000
79983  -48.646  15.432  -0.970 0.0000000000
107815  -46.766  15.516  -1.221 0.0000000000
107811  -47.183  15.482  -2.227 0.0000000000
107817  -45.332  15.526  -0.875 0.0000000000
111908  -43.639  15.436  -1.196 0.0000000000
79981  -43.206  15.365  -2.118 0.0000000000
126065  -43.446  15.419  -3.305 0.0000000000
79994  -41.945  14.766  -3.508 0.0000000000
79093  -41.530  14.214  -4.595 0.0000000000
78283  -41.207  13.703  -5.394 0.0000000000
79105  -41.345  14.424  -5.575 0.0000000000
126309  -41.243  14.738  -5.757 0.0000000000
80041  -42.242  15.325  -6.189 0.0000000000
80040  -41.739  14.945  -5.993 0.0000000000
80915  -41.388  15.248  -5.723 0.0000000000
80900  -40.890  15.658  -4.932 0.0000000000
80891  -41.246  16.327  -4.464 0.0000000000
82889  -45.823  19.536  -0.364 0.0000000000
82306  -45.385  18.675  -0.352 0.0000000000
82305  -44.663  18.323  -0.107 0.0000000000
82297  -43.455  18.258  0.774 0.0000000000
82296  -42.767  17.920  1.028 0.0000000000
118276  -43.631  18.969  1.042 0.0000000000
82875  -43.258  19.621  1.385 0.0000000000
83432  -43.667  20.494  1.112 0.0000000000
83431  -42.967  20.521  1.545 0.0000000000
73471  -47.385  7.830  10.434 0.0000000000
74348  -48.072  8.126  10.067 0.0000000000
73483  -47.264  7.962  9.771 0.0000000000
73496  -46.122  8.085  8.856 0.0000000000
73481  -45.598  7.713  9.584 0.0000000000
74371  -45.724  8.324  7.995 0.0000000000
109506  -45.052  8.456  7.176 0.0000000000
122271  -44.295  8.543  6.800 0.0000000000
73478  -42.448  7.647  9.771 0.0000000000
73492  -42.821  7.807  9.264 0.0000000000
74369  -43.173  8.110  8.573 0.0000000000
75198  -41.894  8.484  8.273 0.0000000000
75214  -42.458  8.530  7.835 0.0000000000
74387  -43.271  8.409  7.802 0.0000000000
74421  -43.320  8.855  5.515 0.0000000000
114677  -42.339  9.479  4.817 0.0000000000
75234  -41.684  9.705  5.238 0.0000000000
75245  -41.841  9.893  4.331 0.0000000000
111489  -41.073  10.976  3.079 0.0000000000
80836  -52.004  16.038  3.706 0.0000000000
80837  -53.226  15.371  4.442 0.0000000000
80844  -53.261  15.269  3.374 0.0000000000
79929  -53.411  14.950  2.906 0.0000000000
80861  -52.727  15.412  1.501 0.0000000000
79944  -53.356  14.902  1.894 0.0000000000
79052  -52.976  14.743  1.459 0.0000000000
79070  -51.407  14.752  0.188 0.0000000000
79972  -50.784  14.930  -0.566 0.0000000000
81632  -53.289  16.975  -1.700 0.0000000000
79986  -54.131  14.971  -0.816 0.0000000000
79987  -54.200  14.822  -1.934 0.0000000000
79073  -54.168  14.887  -0.943 0.0000000000
79072  -53.470  14.729  -0.497 0.0000000000
79973  -51.350  14.855  -1.185 0.0000000000
79984  -50.371  15.212  -1.729 0.0000000000
80016  -50.974  15.388  -4.069 0.0000000000
107625  -49.424  15.523  -4.136 0.0000000000
80046  -47.822  15.787  -6.674 0.0000000000
80920  -47.511  16.015  -7.170 0.0000000000
80047  -48.124  15.916  -6.417 0.0000000000
80903  -48.136  16.365  -6.074 0.0000000000
125815  -48.323  17.033  -4.078 0.0000000000
82324  -47.920  18.148  -2.352 0.0000000000
125180  -51.014  19.413  -3.568 0.0000000000
82920  -50.265  19.363  -3.166 0.0000000000
82315  -48.025  18.752  -1.966 0.0000000000
118998  -47.859  21.449  -1.573 0.0000000000
122182  -47.396  22.478  -1.416 0.0000000000
122720  -47.170  23.291  -1.177 0.0000000000
77396  -42.754  11.657  13.118 0.0000000000
77397  -43.592  11.773  13.035 0.0000000000
77398  -44.022  11.917  13.057 0.0000000000
77399  -44.326  12.320  12.793 0.0000000000
78931  -43.852  13.683  12.092 0.0000000000
78169  -44.425  12.749  12.658 0.0000000000
78170  -45.292  12.958  12.385 0.0000000000
111797  -46.156  13.401  12.039 0.0000000000
78171  -46.731  13.834  11.822 0.0000000000
78945  -47.218  14.216  11.548 0.0000000000
79874  -44.009  15.557  9.869 0.0000000000
80787  -45.099  16.167  8.548 0.0000000000
79875  -45.117  15.535  10.190 0.0000000000
79876  -46.433  15.388  10.757 0.0000000000
79867  -47.466  14.792  11.241 0.0000000000
79878  -48.164  14.961  10.769 0.0000000000
80800  -49.321  15.699  8.764 0.0000000000
80799  -48.271  16.176  8.314 0.0000000000
80801  -50.014  15.790  8.162 0.0000000000
80811  -50.704  16.036  7.217 0.0000000000
80828  -50.590  16.477  5.042 0.0000000000
82257  -46.136  18.131  5.169 0.0000000000
81569  -46.865  17.863  4.896 0.0000000000
81570  -47.639  17.585  4.670 0.0000000000
81579  -47.864  18.010  3.948 0.0000000000
81571  -48.473  17.267  4.499 0.0000000000
80843  -50.550  16.640  3.070 0.0000000000
81591  -50.564  16.830  2.215 0.0000000000
81600  -50.602  17.129  1.422 0.0000000000
82291  -49.399  18.363  1.432 0.0000000000
82292  -49.986  17.917  1.048 0.0000000000
81609  -50.710  17.492  0.681 0.0000000000
81620  -50.977  17.921  -0.024 0.0000000000
82309  -51.510  18.464  -0.579 0.0000000000
83445  -51.824  20.491  0.015 0.0000000000
75178  -52.996  10.000  10.648 0.0000000000
107262  -52.128  9.438  10.489 0.0000000000
74351  -51.314  8.991  10.299 0.0000000000
74342  -49.974  8.626  10.893 0.0000000000
128759  -49.281  8.407  10.588 0.0000000000
75987  -52.054  10.228  12.856 0.0000000000
74327  -50.111  9.081  13.547 0.0000000000
124238  -50.663  9.379  12.976 0.0000000000
74341  -49.195  8.365  11.351 0.0000000000
73472  -47.823  7.829  11.036 0.0000000000
114453  -46.973  7.580  10.972 0.0000000000
73461  -46.409  7.298  11.541 0.0000000000
73451  -46.598  7.153  12.341 0.0000000000
112264  -45.607  7.167  11.318 0.0000000000
73460  -44.749  7.083  11.143 0.0000000000
72560  -43.253  6.747  11.647 0.0000000000
72524  -46.566  6.524  15.317 0.0000000000
72533  -46.439  6.611  14.484 0.0000000000
71627  -44.902  5.806  15.040 0.0000000000
72531  -44.824  6.102  14.093 0.0000000000
72541  -44.669  6.320  13.298 0.0000000000
107944  -42.182  7.246  10.963 0.0000000000
113662  -41.569  7.345  11.339 0.0000000000
74346  -40.920  7.747  11.155 0.0000000000
74339  -40.558  7.933  11.888 0.0000000000
75170  -40.168  8.766  12.159 0.0000000000
74260  -48.761  8.391  21.636 0.0000000000
79804  -48.570  15.576  19.040 0.0000000000
78880  -47.870  14.708  18.757 0.0000000000
117927  -47.825  13.980  19.144 0.0000000000
78894  -42.539  14.992  17.481 0.0000000000
78895  -43.378  14.856  17.594 0.0000000000
78896  -44.284  14.762  17.704 0.0000000000
110939  -43.936  13.306  18.375 0.0000000000
78112  -44.677  13.954  18.219 0.0000000000
78877  -45.667  14.149  18.254 0.0000000000
78114  -46.191  13.603  18.575 0.0000000000
78098  -47.207  13.256  19.190 0.0000000000
78091  -47.913  13.338  19.615 0.0000000000
76633  -47.399  11.962  20.130 0.0000000000
76624  -47.647  11.201  20.677 0.0000000000
75910  -47.147  10.447  20.697 0.0000000000
75091  -47.475  9.680  21.298 0.0000000000
75090  -47.243  8.755  21.341 0.0000000000
73371  -47.597  7.444  21.042 0.0000000000
73370  -46.826  7.227  20.751 0.0000000000
73381  -46.044  7.100  20.507 0.0000000000
72479  -44.875  6.547  19.901 0.0000000000
74279  -43.882  7.865  19.837 0.0000000000
73394  -43.823  6.851  19.727 0.0000000000
72507  -41.328  5.669  18.211 0.0000000000
71596  -41.066  5.466  17.150 0.0000000000
75941  -39.967  9.375  19.162 0.0000000000
75125  -40.416  8.904  19.250 0.0000000000
120639  -40.256  8.030  19.141 0.0000000000
75124  -39.181  7.670  18.692 0.0000000000
74296  -39.748  7.123  18.636 0.0000000000
73413  -39.634  6.235  17.815 0.0000000000
73421  -39.354  6.222  16.860 0.0000000000
72515  -40.212  5.768  16.727 0.0000000000
78158  -42.293  12.404  12.799 0.0000000000
125941  -41.348  13.226  12.049 0.0000000000
78929  -41.745  13.987  11.457 0.0000000000
79863  -41.425  15.134  10.253 0.0000000000
79871  -40.811  15.658  9.692 0.0000000000
77403  -38.169  12.750  11.913 0.0000000000
78165  -38.614  13.340  11.481 0.0000000000
81529  -40.438  17.615  8.417 0.0000000000
81525  -39.206  17.287  9.042 0.0000000000
82230  -39.653  18.417  8.461 0.0000000000
82231  -40.325  18.304  8.170 0.0000000000
72651  -55.575  6.852  3.757 0.0000000000
111502  -55.285  8.694  3.576 0.0000000000
73543  -55.423  7.578  3.274 0.0000000000
72669  -55.345  7.015  3.234 0.0000000000
72684  -55.120  7.612  2.664 0.0000000000
73557  -54.626  7.678  1.977 0.0000000000
74495  -54.297  8.072  1.315 0.0000000000
107751  -48.762  8.412  7.989 0.0000000000
109407  -48.116  8.417  7.777 0.0000000000
74393  -49.269  8.442  7.798 0.0000000000
74407  -46.832  8.571  5.785 0.0000000000
74425  -47.521  8.619  5.218 0.0000000000
74443  -50.281  8.500  4.902 0.0000000000
74445  -51.967  8.525  4.181 0.0000000000
108098  -52.751  8.789  2.490 0.0000000000
74478  -53.537  8.817  1.527 0.0000000000
127426  -54.066  8.304  0.979 0.0000000000
73556  -54.122  7.718  1.190 0.0000000000
73586  -53.385  7.873  -0.053 0.0000000000
108074  -52.925  7.879  -0.823 0.0000000000
108164  -51.816  8.956  -0.865 0.0000000000
129594  -52.597  8.397  -1.361 0.0000000000
73598  -52.379  7.973  -1.654 0.0000000000
122075  -51.804  7.972  -2.208 0.0000000000
73612  -51.038  7.816  -2.380 0.0000000000
128463  -50.362  7.888  -2.709 0.0000000000
75307  -48.673  9.332  -1.242 0.0000000000
74528  -49.981  8.487  -2.732 0.0000000000
73624  -50.000  8.143  -2.952 0.0000000000
73610  -49.489  7.772  -2.711 0.0000000000
73609  -48.288  7.565  -2.604 0.0000000000
112272  -47.254  7.319  -2.016 0.0000000000
73632  -47.180  8.800  -4.309 0.0000000000
73621  -47.115  7.985  -3.680 0.0000000000
73608  -46.714  7.497  -2.592 0.0000000000
73607  -45.871  7.559  -2.067 0.0000000000
76723  -42.952  11.488  12.576 0.0000000000
124366  -42.572  12.213  10.559 0.0000000000
112402  -41.157  12.417  8.755 0.0000000000
77422  -41.214  12.769  7.962 0.0000000000
78188  -46.287  13.690  9.621 0.0000000000
78199  -44.609  13.766  8.193 0.0000000000
78962  -45.040  14.144  7.415 0.0000000000
128482  -40.567  12.425  6.835 0.0000000000
115922  -40.760  12.831  6.356 0.0000000000
114909  -40.584  12.673  5.683 0.0000000000
78216  -41.436  13.559  5.471 0.0000000000
78215  -40.835  13.195  5.145 0.0000000000
77444  -40.506  12.433  4.823 0.0000000000
76761  -40.586  11.631  4.199 0.0000000000
76765  -40.676  11.619  3.380 0.0000000000
76771  -40.553  12.428  2.955 0.0000000000
79909  -53.447  14.976  5.090 0.0000000000
79009  -52.316  14.558  4.863 0.0000000000
79008  -50.655  14.451  5.264 0.0000000000
110117  -49.346  14.531  4.476 0.0000000000
79955  -48.351  15.349  0.525 0.0000000000
126510  -46.392  15.512  1.038 0.0000000000
110755  -46.779  15.462  1.426 0.0000000000
79927  -47.312  15.320  2.106 0.0000000000
79917  -46.907  15.222  2.895 0.0000000000
79020  -46.429  15.082  3.593 0.0000000000
79019  -45.006  14.909  3.892 0.0000000000
127845  -43.567  14.829  3.348 0.0000000000
79017  -42.480  14.547  3.271 0.0000000000
79034  -43.302  15.106  2.173 0.0000000000
78241  -41.179  13.868  3.049 0.0000000000
121167  -40.845  11.528  2.570 0.0000000000
76776  -41.111  11.425  1.740 0.0000000000
76068  -41.907  10.919  0.447 0.0000000000
129351  -41.013  11.979  0.530 0.0000000000
76075  -43.278  10.445  -0.925 0.0000000000
114154  -43.532  10.628  -2.416 0.0000000000
79069  -41.909  14.747  -1.106 0.0000000000
77480  -41.300  12.610  -1.480 0.0000000000
76793  -42.206  11.550  -1.996 0.0000000000
76096  -43.623  10.739  -5.908 0.0000000000
75335  -43.949  10.551  -5.920 0.0000000000
74541  -44.541  9.721  -5.020 0.0000000000
77501  -40.841  12.596  -4.843 0.0000000000
76804  -40.795  11.826  -4.214 0.0000000000
77500  -40.215  12.435  -4.203 0.0000000000
122018  -46.114  16.568  -7.419 0.0000000000
81680  -45.768  16.970  -7.200 0.0000000000
81666  -44.323  17.350  -6.257 0.0000000000
81667  -45.291  17.470  -5.213 0.0000000000
81665  -43.380  17.298  -5.568 0.0000000000
80883  -41.320  16.584  -3.616 0.0000000000
81630  -46.015  17.703  -1.776 0.0000000000
81639  -43.608  17.392  -2.796 0.0000000000
81638  -42.858  17.283  -3.510 0.0000000000
80882  -40.707  16.337  -2.960 0.0000000000
80881  -40.053  15.982  -2.435 0.0000000000
79979  -39.385  15.594  -1.791 0.0000000000
80872  -40.074  16.104  -1.637 0.0000000000
79978  -38.692  15.083  -1.461 0.0000000000
79076  -38.410  14.417  -1.172 0.0000000000
80856  -38.775  15.881  0.598 0.0000000000
81588  -40.897  17.938  2.159 0.0000000000
82859  -39.639  19.504  3.531 0.0000000000
127092  -49.584  23.439  -0.509 0.0000000000
85567  -49.069  23.674  -0.190 0.0000000000
85566  -48.110  23.886  -0.211 0.0000000000
85581  -47.564  23.607  -0.833 0.0000000000
85580  -46.725  23.796  -0.630 0.0000000000
86303  -47.232  24.651  1.180 0.0000000000
86318  -46.879  24.279  0.233 0.0000000000
85579  -45.809  23.661  -0.593 0.0000000000
84761  -45.003  23.425  -0.410 0.0000000000
86316  -44.593  24.334  0.536 0.0000000000
84754  -43.025  22.898  0.594 0.0000000000
71584  -44.039  5.701  19.206 0.0000000000
71585  -44.748  5.649  19.099 0.0000000000
71590  -45.533  5.557  18.228 0.0000000000
71605  -41.769  5.343  16.628 0.0000000000
71614  -42.108  5.345  15.878 0.0000000000
71625  -43.356  5.708  14.329 0.0000000000
72480  -45.663  6.579  20.082 0.0000000000
72481  -47.446  6.860  20.414 0.0000000000
72493  -47.303  6.469  19.647 0.0000000000
72517  -47.842  7.098  16.043 0.0000000000
72518  -47.920  6.881  16.850 0.0000000000
72558  -41.508  7.117  11.991 0.0000000000
73373  -49.209  7.848  21.198 0.0000000000
73395  -44.515  7.216  20.086 0.0000000000
73571  -53.139  7.551  0.483 0.0000000000
73572  -53.829  8.081  0.495 0.0000000000
73582  -49.424  7.334  -1.043 0.0000000000
73597  -51.637  7.717  -1.706 0.0000000000
73599  -52.808  8.232  -1.089 0.0000000000
73600  -53.313  8.138  -0.360 0.0000000000
73614  -52.442  8.240  -1.575 0.0000000000
73633  -47.712  8.473  -4.064 0.0000000000
74259  -47.820  8.134  21.439 0.0000000000
74270  -49.948  8.102  21.084 0.0000000000
74280  -44.592  8.164  20.153 0.0000000000
74334  -49.461  8.517  12.131 0.0000000000
74426  -48.336  8.619  4.943 0.0000000000
74494  -53.861  8.522  0.817 0.0000000000
74517  -52.211  8.479  -1.613 0.0000000000
74529  -51.544  8.295  -2.224 0.0000000000
74545  -48.024  8.854  -3.992 0.0000000000
75106  -44.031  9.473  19.619 0.0000000000
75155  -49.912  8.993  14.309 0.0000000000
75199  -42.677  8.342  8.238 0.0000000000
75247  -43.373  9.291  4.167 0.0000000000
75336  -46.822  9.108  -4.414 0.0000000000
75342  -43.752  10.667  -5.982 0.0000000000
76028  -40.372  10.752  6.268 0.0000000000
76695  -37.662  11.282  13.208 0.0000000000
77321  -47.299  12.614  19.623 0.0000000000
77336  -45.919  12.766  18.835 0.0000000000
77432  -40.982  12.874  7.064 0.0000000000
77509  -41.085  13.070  -5.260 0.0000000000
78175  -46.497  13.535  11.691 0.0000000000
78233  -41.248  13.736  3.880 0.0000000000
78874  -48.390  14.729  19.199 0.0000000000
78898  -46.088  14.890  17.897 0.0000000000
78954  -49.891  15.015  8.880 0.0000000000
78976  -44.346  14.324  6.375 0.0000000000
78981  -50.428  14.729  7.912 0.0000000000
78982  -52.007  14.967  6.998 0.0000000000
78983  -52.748  14.972  6.419 0.0000000000
78996  -53.205  14.911  5.705 0.0000000000
79010  -53.487  14.895  4.759 0.0000000000
79018  -44.070  14.817  3.732 0.0000000000
79035  -43.890  15.106  2.881 0.0000000000
79078  -52.359  14.705  -1.238 0.0000000000
79080  -54.181  14.795  -1.765 0.0000000000
79094  -54.109  14.786  -3.357 0.0000000000
79809  -47.998  15.614  18.488 0.0000000000
79819  -43.128  15.682  17.246 0.0000000000
79885  -49.444  15.120  9.311 0.0000000000
79889  -49.834  15.308  8.820 0.0000000000
79897  -51.686  15.091  7.309 0.0000000000
79915  -45.282  15.348  2.819 0.0000000000
79923  -44.022  15.357  2.118 0.0000000000
80003  -54.449  15.451  -3.781 0.0000000000
80019  -54.252  14.982  -3.965 0.0000000000
80030  -48.701  15.820  -5.514 0.0000000000
80034  -52.575  15.388  -4.431 0.0000000000
80830  -52.923  15.473  5.461 0.0000000000
80892  -41.881  16.734  -4.597 0.0000000000
80901  -41.555  16.042  -5.356 0.0000000000
80908  -54.037  15.812  -4.354 0.0000000000
80926  -45.894  16.268  -7.385 0.0000000000
80927  -46.599  16.182  -7.339 0.0000000000
81531  -42.020  17.110  7.962 0.0000000000
81659  -54.398  17.567  -4.014 0.0000000000
81682  -47.669  16.294  -6.852 0.0000000000
82869  -48.344  19.381  2.026 0.0000000000
82899  -47.050  19.867  -0.990 0.0000000000
83465  -56.171  19.746  -1.163 0.0000000000
83476  -56.578  20.945  -2.451 0.0000000000
83492  -54.362  20.583  -4.730 0.0000000000
85565  -47.378  24.025  -0.255 0.0000000000
107335  -55.120  12.259  12.842 0.0000000000
107833  -52.211  7.719  -1.153 0.0000000000
110553  -42.999  15.268  0.140 0.0000000000
110686  -46.557  15.536  -6.102 0.0000000000
110934  -47.481  7.584  -2.908 0.0000000000
111152  -51.768  15.814  6.664 0.0000000000
112253  -41.504  18.885  7.330 0.0000000000
113355  -43.820  17.398  -1.000 0.0000000000
114338  -53.509  19.083  -4.486 0.0000000000
115105  -45.795  15.449  2.274 0.0000000000
115287  -40.035  18.018  8.433 0.0000000000
115778  -53.827  15.085  -0.110 0.0000000000
116547  -55.434  8.244  3.566 0.0000000000
116834  -44.203  6.360  19.627 0.0000000000
117234  -45.623  15.156  3.465 0.0000000000
117402  -50.626  9.573  14.909 0.0000000000
117525  -46.288  7.755  20.813 0.0000000000
122026  -40.784  12.601  0.675 0.0000000000
122237  -44.554  6.026  19.498 0.0000000000
122565  -43.387  5.416  18.557 0.0000000000
122604  -52.538  15.519  6.212 0.0000000000
122812  -44.895  5.399  18.113 0.0000000000
122952  -37.132  10.214  14.249 0.0000000000
123662  -42.695  5.784  14.138 0.0000000000
125751  -43.407  5.534  14.973 0.0000000000
125822  -45.120  10.289  19.664 0.0000000000
126541  -44.140  15.445  1.694 0.0000000000
127441  -43.633  8.873  5.083 0.0000000000
127624  -44.261  18.121  0.087 0.0000000000
127656  -53.185  10.715  12.050 0.0000000000
128255  -43.965  14.410  5.759 0.0000000000
128697  -37.072  13.671  11.437 0.0000000000
129077  -43.872  9.246  4.075 0.0000000000
129368  -50.193  15.500  -3.812 0.0000000000
