#!ascii label  , from subject sub-v1s11x0050168_ses-1 vox2ras=TkReg
1124
84768  -56.657  22.685  -1.441 0.0000000000
123700  -45.501  41.064  0.207 0.0000000000
90178  -48.226  30.416  5.142 0.0000000000
90317  -54.365  30.686  -6.920 0.0000000000
94004  -45.261  36.474  -4.681 0.0000000000
93996  -52.355  36.415  -3.315 0.0000000000
89093  -48.898  28.450  -7.254 0.0000000000
89062  -47.705  28.359  -4.873 0.0000000000
84013  -48.551  21.525  2.125 0.0000000000
84719  -54.522  22.632  3.651 0.0000000000
97597  -39.109  43.117  -3.799 0.0000000000
115422  -47.395  45.355  -3.187 0.0000000000
95667  -47.903  39.238  -9.323 0.0000000000
111831  -54.750  27.551  4.326 0.0000000000
93318  -48.138  36.242  2.461 0.0000000000
91488  -51.037  31.995  0.771 0.0000000000
89039  -56.169  27.921  -0.306 0.0000000000
89023  -50.964  27.962  1.068 0.0000000000
88384  -45.721  27.224  2.576 0.0000000000
84778  -55.106  22.417  -2.125 0.0000000000
122915  -46.354  34.249  -7.166 0.0000000000
91528  -47.054  32.377  -4.474 0.0000000000
90325  -45.859  30.443  -6.641 0.0000000000
89102  -44.844  26.991  -8.024 0.0000000000
84732  -51.781  22.571  2.435 0.0000000000
110447  -52.267  23.448  5.673 0.0000000000
120462  -35.360  43.412  -2.808 0.0000000000
96618  -46.781  42.231  -6.690 0.0000000000
116606  -52.900  26.694  5.993 0.0000000000
88998  -50.938  28.945  3.900 0.0000000000
95574  -42.320  39.291  -0.703 0.0000000000
114602  -47.143  38.779  0.502 0.0000000000
91545  -53.548  33.317  -6.890 0.0000000000
92761  -50.778  34.473  -1.848 0.0000000000
90898  -53.077  31.463  -3.562 0.0000000000
90872  -55.157  30.991  0.018 0.0000000000
108547  -55.221  30.497  -2.554 0.0000000000
89031  -53.381  28.331  -0.095 0.0000000000
110986  -52.407  29.437  -2.218 0.0000000000
90241  -47.241  30.104  -0.055 0.0000000000
95089  -45.768  39.005  -2.708 0.0000000000
95079  -48.919  39.195  -1.030 0.0000000000
93384  -47.658  35.430  -3.155 0.0000000000
118982  -50.168  31.439  -5.090 0.0000000000
89107  -52.630  28.284  -8.960 0.0000000000
88438  -51.907  27.442  -6.664 0.0000000000
87833  -48.418  25.192  -8.581 0.0000000000
89075  -44.486  27.273  -5.787 0.0000000000
83444  -50.350  20.264  0.452 0.0000000000
113859  -53.642  21.059  0.862 0.0000000000
84032  -56.081  20.987  1.835 0.0000000000
111433  -35.226  41.446  0.460 0.0000000000
96587  -38.436  42.068  -0.299 0.0000000000
97567  -41.843  43.807  -0.138 0.0000000000
97095  -44.232  43.086  -1.429 0.0000000000
96110  -44.561  40.637  -5.087 0.0000000000
95137  -45.734  38.074  -7.448 0.0000000000
94036  -47.674  36.199  -9.478 0.0000000000
94617  -49.757  37.039  -11.021 0.0000000000
125522  -56.025  23.974  7.209 0.0000000000
86277  -56.384  23.931  4.850 0.0000000000
86292  -55.798  24.445  2.447 0.0000000000
93261  -49.373  36.274  7.556 0.0000000000
94509  -52.123  38.570  1.616 0.0000000000
107271  -49.781  35.525  2.544 0.0000000000
91460  -50.415  32.143  3.656 0.0000000000
90201  -53.402  30.487  3.143 0.0000000000
89024  -55.983  28.200  0.817 0.0000000000
87065  -56.933  25.358  -1.002 0.0000000000
86325  -53.632  24.753  0.358 0.0000000000
86308  -51.873  24.734  1.174 0.0000000000
87054  -48.601  25.291  1.831 0.0000000000
129454  -49.486  29.576  -2.330 0.0000000000
89012  -47.869  28.055  2.160 0.0000000000
121642  -45.809  24.901  1.383 0.0000000000
109862  -56.596  20.904  -0.884 0.0000000000
84068  -56.262  21.548  -3.389 0.0000000000
84780  -56.365  22.484  -2.173 0.0000000000
92819  -46.687  33.403  -7.981 0.0000000000
92187  -46.155  32.662  -6.403 0.0000000000
90951  -45.503  31.459  -7.817 0.0000000000
90333  -44.974  30.338  -7.528 0.0000000000
122962  -49.478  29.950  4.272 0.0000000000
114680  -43.664  40.663  -0.262 0.0000000000
90936  -54.116  32.170  -7.361 0.0000000000
90907  -52.976  32.113  -4.874 0.0000000000
111917  -54.283  30.704  -4.693 0.0000000000
90900  -55.346  31.096  -2.752 0.0000000000
90294  -54.679  30.344  -4.079 0.0000000000
89649  -54.650  29.951  -2.887 0.0000000000
89678  -53.770  29.403  -4.936 0.0000000000
94559  -45.399  37.755  -3.754 0.0000000000
93981  -46.975  37.086  -2.856 0.0000000000
93383  -46.523  35.489  -3.495 0.0000000000
90302  -48.060  30.946  -4.911 0.0000000000
90917  -48.571  31.619  -4.498 0.0000000000
90314  -49.985  30.578  -5.477 0.0000000000
90326  -51.707  30.347  -7.026 0.0000000000
89094  -50.878  28.338  -8.277 0.0000000000
88472  -51.318  26.252  -9.275 0.0000000000
88461  -49.563  26.565  -9.074 0.0000000000
88445  -44.409  25.753  -7.314 0.0000000000
84718  -53.150  22.882  3.315 0.0000000000
84029  -52.368  21.791  1.556 0.0000000000
84748  -53.379  21.912  2.043 0.0000000000
84031  -55.506  21.037  1.892 0.0000000000
84735  -55.441  21.944  3.124 0.0000000000
113095  -37.461  43.048  -3.552 0.0000000000
97077  -37.338  42.491  -1.243 0.0000000000
97092  -38.729  42.810  -1.982 0.0000000000
96589  -40.098  42.580  -0.318 0.0000000000
97094  -40.233  43.198  -2.627 0.0000000000
98109  -45.694  46.205  -2.051 0.0000000000
98101  -44.234  45.257  -1.019 0.0000000000
97602  -45.454  44.293  -2.781 0.0000000000
96607  -44.547  41.859  -3.837 0.0000000000
97114  -44.897  42.299  -4.731 0.0000000000
96136  -47.153  40.348  -8.308 0.0000000000
95645  -45.875  39.548  -7.618 0.0000000000
95146  -46.675  38.370  -8.468 0.0000000000
120909  -46.570  37.331  -8.303 0.0000000000
94608  -47.879  37.261  -9.669 0.0000000000
94609  -48.701  37.118  -10.396 0.0000000000
95155  -49.048  38.165  -10.363 0.0000000000
86249  -51.076  24.519  8.740 0.0000000000
85461  -53.328  23.285  9.176 0.0000000000
86251  -53.212  24.038  8.600 0.0000000000
86253  -55.258  23.394  8.049 0.0000000000
86998  -54.205  24.990  7.610 0.0000000000
88359  -54.420  27.043  5.430 0.0000000000
87017  -55.641  25.766  6.000 0.0000000000
87024  -55.592  25.660  4.673 0.0000000000
86284  -56.103  24.028  3.788 0.0000000000
109193  -55.385  26.098  2.859 0.0000000000
92719  -46.224  35.012  2.764 0.0000000000
92685  -46.976  35.316  6.370 0.0000000000
109333  -49.273  36.627  4.654 0.0000000000
94535  -51.123  38.156  -1.504 0.0000000000
95567  -51.031  40.280  0.967 0.0000000000
93976  -52.289  37.427  -1.748 0.0000000000
91494  -50.142  33.012  -0.386 0.0000000000
92750  -49.866  34.415  -0.214 0.0000000000
126177  -49.694  32.971  1.311 0.0000000000
92110  -49.433  33.561  2.781 0.0000000000
118084  -50.519  32.284  2.157 0.0000000000
90199  -52.116  31.311  3.238 0.0000000000
90861  -53.091  31.681  1.988 0.0000000000
89627  -55.632  29.961  -0.786 0.0000000000
89607  -55.643  29.522  0.775 0.0000000000
89032  -56.335  28.035  -0.127 0.0000000000
87786  -56.420  27.317  0.188 0.0000000000
88407  -56.390  26.929  -0.465 0.0000000000
86333  -56.366  25.195  -1.065 0.0000000000
87791  -55.125  26.774  -0.407 0.0000000000
88399  -51.948  27.773  0.816 0.0000000000
116880  -52.521  25.973  1.216 0.0000000000
88394  -51.269  27.152  1.411 0.0000000000
86306  -49.978  24.710  1.383 0.0000000000
87044  -49.787  25.951  2.048 0.0000000000
89079  -49.163  27.852  -5.375 0.0000000000
89065  -50.561  28.526  -4.557 0.0000000000
89676  -49.042  28.848  -4.157 0.0000000000
89018  -46.518  28.788  2.002 0.0000000000
89605  -48.042  29.239  1.164 0.0000000000
88385  -46.601  27.386  2.505 0.0000000000
87041  -47.282  25.913  2.294 0.0000000000
87774  -45.697  26.334  2.464 0.0000000000
86300  -44.145  24.740  1.262 0.0000000000
82894  -54.569  19.647  -1.036 0.0000000000
84777  -53.708  22.269  -1.758 0.0000000000
93405  -45.613  35.151  -5.521 0.0000000000
121235  -46.217  34.125  -4.391 0.0000000000
92179  -46.128  33.044  -5.356 0.0000000000
90915  -46.569  31.827  -5.147 0.0000000000
89701  -47.583  29.273  -6.447 0.0000000000
89104  -47.275  27.623  -7.916 0.0000000000
110965  -46.204  29.162  -6.982 0.0000000000
84744  -49.924  22.119  1.814 0.0000000000
85538  -50.846  23.352  3.561 0.0000000000
85540  -53.517  23.268  4.260 0.0000000000
97618  -37.634  43.902  -5.219 0.0000000000
97115  -46.027  43.161  -5.234 0.0000000000
96627  -48.668  41.853  -7.875 0.0000000000
126492  -49.645  40.482  -9.298 0.0000000000
87009  -52.208  25.801  6.992 0.0000000000
88367  -51.947  27.766  4.697 0.0000000000
88989  -53.400  28.425  4.210 0.0000000000
93949  -47.200  36.929  0.819 0.0000000000
92172  -52.901  35.275  -5.012 0.0000000000
93374  -52.441  36.339  -3.267 0.0000000000
92161  -53.021  34.842  -4.844 0.0000000000
125146  -51.678  32.682  -2.998 0.0000000000
90878  -51.785  31.808  -0.793 0.0000000000
110301  -53.696  31.510  0.316 0.0000000000
90890  -53.875  31.472  -1.392 0.0000000000
90270  -55.550  30.913  -1.554 0.0000000000
89626  -55.425  29.770  -0.929 0.0000000000
88401  -54.439  28.080  -0.266 0.0000000000
89637  -54.201  29.562  -1.527 0.0000000000
89624  -52.640  29.154  -0.764 0.0000000000
89623  -51.785  29.223  -0.761 0.0000000000
89656  -47.608  29.749  -2.930 0.0000000000
112731  -47.078  32.533  6.652 0.0000000000
96098  -45.718  40.742  -0.807 0.0000000000
108722  -47.025  40.650  0.053 0.0000000000
95091  -47.324  38.617  -2.032 0.0000000000
114826  -48.408  37.603  -2.290 0.0000000000
93386  -50.738  36.353  -3.349 0.0000000000
92158  -47.352  33.485  -3.780 0.0000000000
92160  -49.618  34.054  -3.781 0.0000000000
124205  -51.013  34.891  -4.470 0.0000000000
90933  -52.215  32.808  -6.341 0.0000000000
90327  -52.996  31.056  -7.809 0.0000000000
89716  -54.049  29.714  -8.667 0.0000000000
89082  -53.486  28.422  -6.907 0.0000000000
88463  -52.228  26.707  -9.007 0.0000000000
87824  -50.276  25.735  -8.311 0.0000000000
88434  -47.661  26.674  -6.496 0.0000000000
88468  -46.082  25.362  -8.402 0.0000000000
88447  -46.486  25.668  -7.306 0.0000000000
84027  -50.674  21.397  0.970 0.0000000000
83445  -51.824  20.491  0.015 0.0000000000
83455  -52.647  19.944  -0.559 0.0000000000
83447  -54.275  20.550  0.327 0.0000000000
83449  -56.062  20.406  0.531 0.0000000000
84044  -56.452  21.236  0.633 0.0000000000
96083  -36.970  40.011  0.200 0.0000000000
96585  -36.914  41.846  0.034 0.0000000000
96088  -38.277  40.295  -0.305 0.0000000000
123806  -40.453  40.718  -0.556 0.0000000000
115493  -41.605  42.058  -0.252 0.0000000000
96592  -43.411  42.595  -0.064 0.0000000000
97611  -41.277  43.537  -4.268 0.0000000000
97586  -41.823  43.789  -2.078 0.0000000000
97082  -43.535  44.208  -0.202 0.0000000000
96596  -44.055  42.448  -0.822 0.0000000000
95589  -44.769  40.408  -2.667 0.0000000000
95101  -44.914  38.996  -3.737 0.0000000000
94586  -44.852  37.895  -5.406 0.0000000000
96117  -45.186  40.446  -6.580 0.0000000000
120634  -45.094  38.984  -6.595 0.0000000000
94019  -45.510  36.485  -6.409 0.0000000000
93422  -45.956  35.884  -6.984 0.0000000000
93431  -46.931  35.498  -8.415 0.0000000000
93440  -48.079  34.868  -10.136 0.0000000000
93451  -49.098  34.846  -11.748 0.0000000000
95682  -50.819  39.048  -10.495 0.0000000000
85496  -55.182  23.427  6.815 0.0000000000
85528  -55.734  23.431  5.372 0.0000000000
87010  -54.550  25.652  6.965 0.0000000000
86266  -56.322  24.095  6.578 0.0000000000
85542  -56.112  23.025  4.372 0.0000000000
117507  -56.241  22.604  3.449 0.0000000000
85550  -56.124  23.297  2.440 0.0000000000
85557  -56.466  22.915  0.534 0.0000000000
91451  -49.132  33.828  6.978 0.0000000000
95565  -48.688  40.344  0.691 0.0000000000
113921  -48.564  38.554  0.902 0.0000000000
94494  -49.760  37.484  2.079 0.0000000000
93350  -50.964  36.186  -0.457 0.0000000000
93320  -50.829  36.950  2.131 0.0000000000
93915  -50.105  36.645  3.621 0.0000000000
92709  -49.582  35.178  4.173 0.0000000000
92100  -49.592  33.376  5.248 0.0000000000
90834  -49.409  31.699  4.872 0.0000000000
90187  -50.416  31.027  3.819 0.0000000000
89584  -52.684  29.820  3.367 0.0000000000
89001  -53.912  28.962  3.775 0.0000000000
90863  -54.292  31.236  2.107 0.0000000000
89596  -54.762  29.726  2.448 0.0000000000
88377  -54.862  28.048  3.419 0.0000000000
87778  -55.757  26.480  1.546 0.0000000000
111188  -56.647  25.543  0.044 0.0000000000
85590  -56.612  24.266  -1.106 0.0000000000
85589  -56.351  24.299  -1.277 0.0000000000
85588  -55.038  23.716  -1.013 0.0000000000
85586  -52.526  23.177  -0.207 0.0000000000
87790  -54.129  26.351  0.222 0.0000000000
86324  -52.686  24.681  0.836 0.0000000000
85570  -51.935  23.643  0.352 0.0000000000
85568  -50.064  23.575  0.033 0.0000000000
86320  -48.619  24.198  0.610 0.0000000000
89066  -51.851  28.535  -4.897 0.0000000000
89647  -51.280  29.444  -2.263 0.0000000000
89614  -50.242  29.249  -0.110 0.0000000000
89632  -48.544  29.838  -1.303 0.0000000000
89613  -49.258  29.388  0.225 0.0000000000
88392  -49.455  27.650  1.830 0.0000000000
87777  -48.619  26.618  2.329 0.0000000000
87053  -47.683  25.274  1.811 0.0000000000
84050  -56.648  21.633  -0.569 0.0000000000
121278  -56.630  21.212  -1.811 0.0000000000
84057  -56.685  21.924  -1.718 0.0000000000
84789  -56.142  22.015  -2.964 0.0000000000
91568  -46.606  32.753  -8.896 0.0000000000
110224  -46.357  32.511  -7.762 0.0000000000
91560  -46.016  32.059  -8.362 0.0000000000
89571  -49.101  29.413  4.496 0.0000000000
120271  -48.925  30.130  4.578 0.0000000000
96093  -44.340  41.418  -0.078 0.0000000000
122266  -45.081  40.315  0.197 0.0000000000
96094  -46.044  40.917  0.491 0.0000000000
90920  -53.920  31.217  -6.146 0.0000000000
90304  -54.431  30.257  -5.313 0.0000000000
111934  -54.593  29.940  -4.666 0.0000000000
128933  -54.025  29.344  -5.647 0.0000000000
93992  -45.603  36.837  -3.833 0.0000000000
93382  -45.733  35.964  -3.923 0.0000000000
89687  -48.185  29.729  -5.843 0.0000000000
90313  -48.725  30.358  -5.355 0.0000000000
89688  -49.325  29.681  -5.939 0.0000000000
89703  -49.876  28.887  -6.944 0.0000000000
116793  -49.677  27.921  -8.097 0.0000000000
89105  -48.519  27.603  -8.000 0.0000000000
84026  -49.294  21.418  1.580 0.0000000000
84734  -53.993  22.280  2.825 0.0000000000
84015  -54.862  21.578  2.386 0.0000000000
97596  -38.174  43.087  -3.827 0.0000000000
97101  -37.866  42.775  -3.010 0.0000000000
97102  -38.709  42.876  -2.921 0.0000000000
97093  -39.374  43.002  -2.131 0.0000000000
97103  -39.473  43.042  -3.087 0.0000000000
98595  -46.955  46.617  -2.409 0.0000000000
98116  -45.829  46.268  -3.367 0.0000000000
98590  -46.407  46.292  -1.850 0.0000000000
97590  -46.346  46.164  -1.751 0.0000000000
97603  -46.859  45.858  -2.139 0.0000000000
97109  -44.833  42.875  -3.755 0.0000000000
97110  -45.875  43.714  -4.119 0.0000000000
126626  -47.793  40.016  -8.844 0.0000000000
95655  -46.482  39.421  -8.189 0.0000000000
95656  -47.167  39.308  -8.747 0.0000000000
95147  -47.432  38.335  -9.159 0.0000000000
95154  -48.202  38.263  -9.773 0.0000000000
95668  -48.740  39.140  -9.863 0.0000000000
86992  -50.397  25.119  8.179 0.0000000000
86255  -51.418  24.928  8.124 0.0000000000
86250  -52.188  24.281  8.686 0.0000000000
86256  -52.534  24.732  8.145 0.0000000000
86257  -53.900  24.330  8.229 0.0000000000
88370  -54.298  27.612  4.820 0.0000000000
123026  -54.786  27.168  4.981 0.0000000000
87759  -55.148  26.744  4.661 0.0000000000
87767  -55.241  26.506  3.778 0.0000000000
88378  -55.055  27.271  3.808 0.0000000000
120655  -46.927  35.722  1.679 0.0000000000
93300  -47.073  35.450  2.508 0.0000000000
93287  -47.070  35.321  3.407 0.0000000000
118941  -48.286  36.110  3.458 0.0000000000
117077  -51.606  37.132  -2.792 0.0000000000
94536  -52.229  38.092  -1.098 0.0000000000
94550  -52.265  37.304  -2.206 0.0000000000
91495  -50.879  32.199  -0.308 0.0000000000
91486  -49.815  32.986  0.579 0.0000000000
91479  -50.257  32.446  1.258 0.0000000000
117580  -49.855  32.772  2.151 0.0000000000
91480  -51.140  31.965  1.774 0.0000000000
90852  -52.055  31.757  2.411 0.0000000000
90860  -52.027  31.726  1.371 0.0000000000
111003  -55.819  29.039  -0.400 0.0000000000
115502  -56.140  28.598  -0.224 0.0000000000
110576  -56.390  27.321  -0.322 0.0000000000
87794  -56.081  26.617  -0.715 0.0000000000
88402  -55.709  27.496  -0.523 0.0000000000
89029  -51.550  28.468  0.405 0.0000000000
87783  -50.529  26.372  1.799 0.0000000000
88393  -50.310  27.376  1.642 0.0000000000
89063  -48.639  28.389  -4.783 0.0000000000
89064  -49.526  28.416  -4.705 0.0000000000
89675  -48.232  28.912  -4.206 0.0000000000
89010  -46.133  28.103  2.422 0.0000000000
129563  -46.285  26.708  2.521 0.0000000000
87039  -44.954  26.044  2.436 0.0000000000
113929  -45.150  26.681  2.560 0.0000000000
84787  -54.298  21.898  -2.736 0.0000000000
92810  -45.931  34.783  -6.378 0.0000000000
92801  -45.853  34.385  -5.606 0.0000000000
92186  -46.035  33.590  -5.864 0.0000000000
90944  -45.803  31.127  -6.835 0.0000000000
91542  -46.147  31.983  -5.872 0.0000000000
90930  -46.178  31.115  -5.855 0.0000000000
89686  -46.576  30.284  -5.917 0.0000000000
89700  -46.742  29.532  -6.425 0.0000000000
110947  -46.095  29.784  -6.681 0.0000000000
90323  -44.644  29.592  -7.368 0.0000000000
85537  -50.002  23.406  3.711 0.0000000000
85539  -52.312  23.294  3.754 0.0000000000
109204  -53.291  23.454  5.206 0.0000000000
98113  -36.429  44.307  -4.890 0.0000000000
96623  -48.216  42.034  -7.476 0.0000000000
96628  -49.242  41.638  -8.490 0.0000000000
97129  -48.418  42.151  -7.736 0.0000000000
88986  -50.490  28.476  4.359 0.0000000000
88366  -50.949  27.797  4.735 0.0000000000
88987  -51.413  28.401  4.234 0.0000000000
88368  -52.939  27.833  4.685 0.0000000000
88988  -52.389  28.409  4.165 0.0000000000
95573  -41.405  39.187  -0.696 0.0000000000
94505  -46.702  37.696  0.425 0.0000000000
91532  -53.102  34.081  -6.058 0.0000000000
111762  -53.302  35.036  -5.612 0.0000000000
90897  -52.406  32.435  -3.979 0.0000000000
90888  -52.245  31.819  -2.683 0.0000000000
121429  -51.561  32.121  -1.854 0.0000000000
90889  -52.595  31.599  -1.521 0.0000000000
114446  -53.536  31.438  -2.403 0.0000000000
90282  -55.426  30.991  -2.765 0.0000000000
90891  -55.483  31.067  -2.135 0.0000000000
90269  -55.472  30.835  -2.091 0.0000000000
89639  -55.432  30.478  -1.381 0.0000000000
89638  -55.188  30.097  -1.730 0.0000000000
89625  -54.804  29.472  -1.091 0.0000000000
122896  -54.678  29.905  -2.183 0.0000000000
89648  -53.590  29.588  -3.040 0.0000000000
109279  -53.590  29.564  -2.047 0.0000000000
89636  -52.488  29.349  -1.377 0.0000000000
95591  -46.104  39.806  -1.726 0.0000000000
95090  -46.509  38.820  -2.325 0.0000000000
93994  -47.251  36.245  -3.009 0.0000000000
93982  -47.905  36.944  -2.619 0.0000000000
93372  -48.373  36.204  -2.830 0.0000000000
93983  -49.171  37.046  -2.534 0.0000000000
93385  -49.170  35.504  -3.201 0.0000000000
92170  -46.302  33.463  -4.638 0.0000000000
92157  -46.712  33.910  -3.907 0.0000000000
92171  -46.809  33.120  -4.260 0.0000000000
115568  -49.727  31.895  -4.649 0.0000000000
91517  -49.126  33.032  -3.927 0.0000000000
91530  -50.315  32.922  -4.590 0.0000000000
91518  -50.836  34.090  -4.583 0.0000000000
91531  -52.306  34.275  -5.646 0.0000000000
90918  -51.166  32.627  -5.391 0.0000000000
89705  -52.552  29.876  -8.292 0.0000000000
89714  -53.002  29.416  -8.883 0.0000000000
90334  -53.540  30.355  -8.644 0.0000000000
89715  -53.526  29.445  -8.768 0.0000000000
89108  -53.099  28.267  -8.858 0.0000000000
88473  -52.422  27.337  -9.046 0.0000000000
87841  -49.634  25.350  -9.055 0.0000000000
87842  -50.642  25.617  -9.125 0.0000000000
87823  -49.017  25.502  -8.014 0.0000000000
88449  -49.490  26.434  -7.039 0.0000000000
89103  -46.027  27.473  -8.115 0.0000000000
88459  -46.627  26.505  -8.459 0.0000000000
118103  -45.407  26.105  -8.347 0.0000000000
88432  -44.832  26.359  -6.542 0.0000000000
88446  -45.221  25.446  -7.426 0.0000000000
84731  -50.770  22.532  2.279 0.0000000000
84745  -50.769  21.944  1.577 0.0000000000
84746  -51.589  22.154  1.839 0.0000000000
126315  -53.159  21.495  1.378 0.0000000000
84042  -52.378  21.248  0.735 0.0000000000
83446  -53.064  20.616  0.131 0.0000000000
83456  -53.810  20.099  -0.432 0.0000000000
83436  -55.835  20.730  1.268 0.0000000000
83437  -56.138  20.803  1.098 0.0000000000
84033  -56.238  21.065  1.509 0.0000000000
96080  -34.773  40.882  0.889 0.0000000000
119388  -35.046  40.236  0.962 0.0000000000
96081  -35.510  40.728  0.643 0.0000000000
95561  -36.355  39.430  0.510 0.0000000000
96082  -36.240  40.410  0.447 0.0000000000
112571  -34.682  43.570  -2.332 0.0000000000
97574  -35.198  42.964  -1.900 0.0000000000
97061  -37.964  42.340  -0.569 0.0000000000
97060  -37.121  42.241  -0.447 0.0000000000
96586  -37.654  41.996  -0.156 0.0000000000
120682  -38.017  41.339  -0.173 0.0000000000
114345  -38.914  41.194  -0.359 0.0000000000
128227  -39.660  40.578  -0.512 0.0000000000
124146  -39.831  41.592  -0.399 0.0000000000
97064  -41.226  43.367  -0.150 0.0000000000
96590  -40.958  42.838  -0.157 0.0000000000
97065  -41.942  43.244  0.030 0.0000000000
96591  -42.615  42.345  -0.083 0.0000000000
97066  -42.891  43.387  0.142 0.0000000000
97600  -41.579  43.587  -3.323 0.0000000000
97601  -42.449  44.020  -2.815 0.0000000000
97579  -44.280  44.439  -0.861 0.0000000000
97578  -43.822  44.780  -0.571 0.0000000000
97083  -43.835  43.407  -0.514 0.0000000000
111216  -44.477  41.702  -1.334 0.0000000000
96600  -44.355  42.020  -2.072 0.0000000000
117996  -44.521  41.221  -4.519 0.0000000000
96106  -44.471  40.416  -4.311 0.0000000000
114625  -44.506  39.982  -4.857 0.0000000000
95111  -44.738  38.776  -4.423 0.0000000000
95121  -44.701  38.554  -5.213 0.0000000000
97119  -46.278  42.597  -6.050 0.0000000000
96612  -45.270  41.998  -5.678 0.0000000000
96617  -45.624  41.521  -6.499 0.0000000000
95138  -46.065  38.719  -7.825 0.0000000000
95644  -45.322  39.661  -7.040 0.0000000000
120581  -45.499  38.875  -7.271 0.0000000000
95128  -45.274  38.190  -6.781 0.0000000000
94594  -45.562  37.325  -6.978 0.0000000000
94027  -45.989  36.522  -7.290 0.0000000000
94595  -46.084  37.280  -7.657 0.0000000000
94035  -47.046  36.376  -8.689 0.0000000000
93432  -47.471  35.274  -9.192 0.0000000000
124865  -47.302  34.632  -8.891 0.0000000000
114166  -47.616  34.260  -9.616 0.0000000000
125464  -49.393  35.686  -11.250 0.0000000000
93462  -50.200  35.269  -11.967 0.0000000000
94051  -50.683  35.949  -11.774 0.0000000000
95669  -49.856  39.820  -9.819 0.0000000000
84677  -54.364  21.932  8.608 0.0000000000
85477  -55.465  23.604  7.557 0.0000000000
126074  -54.911  23.111  7.476 0.0000000000
85512  -54.462  23.417  5.889 0.0000000000
85497  -56.005  23.831  6.848 0.0000000000
87739  -52.586  26.286  6.465 0.0000000000
116674  -53.321  25.728  7.017 0.0000000000
87740  -53.658  26.310  6.431 0.0000000000
116736  -56.110  25.123  5.610 0.0000000000
87018  -56.248  24.768  6.323 0.0000000000
86272  -56.438  24.171  5.779 0.0000000000
85529  -56.236  23.687  5.079 0.0000000000
84721  -56.146  22.629  3.785 0.0000000000
85543  -56.239  23.166  4.199 0.0000000000
85556  -56.251  23.178  1.423 0.0000000000
86309  -56.220  24.446  1.001 0.0000000000
93269  -48.550  36.239  7.077 0.0000000000
92091  -49.088  35.162  7.643 0.0000000000
95584  -47.660  40.200  -0.370 0.0000000000
95579  -47.871  40.584  0.529 0.0000000000
95580  -49.182  40.412  0.651 0.0000000000
95058  -51.971  39.542  1.102 0.0000000000
95057  -51.138  39.963  1.168 0.0000000000
95048  -51.518  38.877  1.632 0.0000000000
94507  -49.554  38.361  1.419 0.0000000000
94495  -50.937  38.075  2.421 0.0000000000
119510  -51.696  35.796  -2.228 0.0000000000
115552  -51.556  36.217  -1.465 0.0000000000
92751  -50.489  35.090  -1.050 0.0000000000
92735  -49.531  34.590  1.486 0.0000000000
112770  -50.014  35.643  1.508 0.0000000000
122364  -50.236  36.618  3.338 0.0000000000
93302  -50.187  36.234  3.599 0.0000000000
93290  -50.278  36.674  4.141 0.0000000000
92720  -49.474  34.927  3.168 0.0000000000
91469  -49.879  32.752  3.303 0.0000000000
92103  -49.522  33.365  3.966 0.0000000000
91459  -49.867  32.568  4.364 0.0000000000
91454  -49.590  32.574  5.124 0.0000000000
90835  -50.091  31.849  4.233 0.0000000000
90186  -49.639  30.785  4.297 0.0000000000
90200  -53.099  31.216  3.011 0.0000000000
89583  -51.863  30.209  3.417 0.0000000000
123310  -52.660  30.694  3.273 0.0000000000
89585  -53.615  29.650  3.342 0.0000000000
90870  -54.502  31.342  0.289 0.0000000000
110453  -53.808  31.501  1.150 0.0000000000
90871  -54.587  31.213  1.140 0.0000000000
89597  -55.403  29.067  1.589 0.0000000000
89606  -55.141  30.018  1.599 0.0000000000
89013  -54.858  28.881  2.786 0.0000000000
89014  -55.299  28.159  2.180 0.0000000000
88388  -55.268  27.177  2.741 0.0000000000
111468  -55.696  27.473  1.499 0.0000000000
87064  -56.759  25.888  -0.708 0.0000000000
111642  -56.558  26.314  0.095 0.0000000000
86328  -56.890  24.789  -0.940 0.0000000000
86334  -56.852  25.056  -1.064 0.0000000000
86326  -54.961  25.179  -0.531 0.0000000000
118781  -55.486  24.544  -0.951 0.0000000000
85572  -54.254  24.162  -0.251 0.0000000000
85587  -53.683  23.329  -0.417 0.0000000000
87789  -54.303  27.160  0.039 0.0000000000
87785  -53.264  26.636  0.703 0.0000000000
87057  -51.676  25.437  1.421 0.0000000000
124909  -52.358  25.232  1.186 0.0000000000
119027  -52.181  24.196  0.751 0.0000000000
86323  -51.410  24.141  0.840 0.0000000000
85569  -51.007  23.582  0.266 0.0000000000
86322  -50.523  24.091  0.824 0.0000000000
86305  -49.064  24.665  1.340 0.0000000000
86321  -49.570  24.104  0.712 0.0000000000
85566  -48.110  23.886  -0.211 0.0000000000
86304  -48.155  24.673  1.288 0.0000000000
89081  -52.446  28.055  -6.000 0.0000000000
112832  -51.239  27.962  -5.516 0.0000000000
107329  -49.908  29.392  -2.966 0.0000000000
89659  -50.851  29.301  -3.013 0.0000000000
89646  -50.249  29.502  -2.243 0.0000000000
89634  -50.615  29.513  -1.495 0.0000000000
89621  -50.165  29.529  -0.874 0.0000000000
90268  -47.112  30.235  -1.358 0.0000000000
89631  -47.829  30.040  -0.805 0.0000000000
89020  -48.344  28.588  1.606 0.0000000000
89612  -48.416  29.511  0.441 0.0000000000
89027  -48.843  29.075  1.005 0.0000000000
89021  -49.191  28.405  1.455 0.0000000000
88391  -48.682  27.891  1.993 0.0000000000
124242  -48.911  27.247  2.213 0.0000000000
88387  -48.228  27.336  2.325 0.0000000000
87052  -46.627  25.266  1.762 0.0000000000
86302  -46.326  24.565  0.911 0.0000000000
83458  -56.212  20.074  -0.370 0.0000000000
83466  -56.488  20.318  -1.361 0.0000000000
83487  -55.943  21.153  -4.146 0.0000000000
113480  -46.279  33.413  -6.908 0.0000000000
91551  -45.999  31.770  -7.286 0.0000000000
90324  -45.424  29.944  -7.235 0.0000000000
90943  -45.256  30.676  -7.482 0.0000000000
88985  -49.577  28.724  4.499 0.0000000000
89573  -50.258  29.200  4.042 0.0000000000
95575  -43.259  39.615  -0.544 0.0000000000
95067  -44.439  39.156  -0.321 0.0000000000
94524  -46.373  38.867  0.283 0.0000000000
90935  -53.946  33.005  -7.208 0.0000000000
91533  -53.443  33.279  -6.361 0.0000000000
90919  -53.986  32.769  -6.844 0.0000000000
112168  -53.540  31.684  -5.544 0.0000000000
90908  -54.034  31.123  -4.247 0.0000000000
90899  -54.687  31.209  -3.144 0.0000000000
90295  -54.985  30.836  -3.370 0.0000000000
89663  -55.075  30.543  -3.263 0.0000000000
89662  -54.679  29.957  -3.744 0.0000000000
89661  -53.657  29.526  -4.022 0.0000000000
95103  -46.020  38.204  -3.063 0.0000000000
94545  -46.759  37.921  -2.671 0.0000000000
94560  -46.168  37.371  -3.250 0.0000000000
93993  -46.339  36.485  -3.380 0.0000000000
90916  -47.472  31.646  -4.660 0.0000000000
91529  -48.110  32.237  -4.172 0.0000000000
90303  -49.220  31.051  -4.863 0.0000000000
90315  -51.002  30.710  -6.080 0.0000000000
89689  -50.490  29.834  -6.338 0.0000000000
89704  -51.240  29.301  -7.515 0.0000000000
89106  -51.660  27.691  -9.095 0.0000000000
89114  -51.904  27.073  -9.307 0.0000000000
111734  -50.624  27.412  -8.970 0.0000000000
124850  -48.788  25.280  -8.967 0.0000000000
87819  -44.555  25.620  -7.601 0.0000000000
83434  -49.900  20.895  0.921 0.0000000000
84733  -52.755  22.489  2.586 0.0000000000
84030  -54.242  21.352  1.606 0.0000000000
84016  -55.895  21.448  2.445 0.0000000000
96583  -34.848  42.003  0.156 0.0000000000
97584  -36.238  43.053  -2.968 0.0000000000
97090  -36.621  42.642  -2.122 0.0000000000
97100  -37.070  42.820  -2.982 0.0000000000
97091  -37.554  42.615  -2.199 0.0000000000
97062  -38.816  42.553  -0.646 0.0000000000
96588  -39.269  42.283  -0.385 0.0000000000
97079  -39.143  42.932  -1.154 0.0000000000
97080  -40.062  43.263  -1.111 0.0000000000
97081  -41.068  43.490  -0.585 0.0000000000
98115  -44.459  45.352  -3.335 0.0000000000
98107  -43.380  44.779  -1.805 0.0000000000
98108  -44.494  45.434  -1.869 0.0000000000
97589  -45.381  45.361  -1.607 0.0000000000
113911  -44.638  44.037  -1.782 0.0000000000
97104  -44.515  42.691  -2.739 0.0000000000
96611  -44.723  41.390  -5.210 0.0000000000
96126  -46.735  40.951  -7.681 0.0000000000
96125  -45.806  40.446  -7.350 0.0000000000
120256  -46.346  40.152  -7.879 0.0000000000
124141  -46.195  37.970  -7.962 0.0000000000
94602  -47.192  37.358  -8.932 0.0000000000
94043  -48.422  35.916  -10.324 0.0000000000
86991  -49.468  25.279  8.336 0.0000000000
85463  -54.829  22.867  8.452 0.0000000000
124810  -54.845  23.548  8.333 0.0000000000
86258  -55.065  24.093  8.035 0.0000000000
86259  -55.569  23.844  7.683 0.0000000000
87750  -53.725  26.882  5.795 0.0000000000
111220  -54.744  26.331  6.193 0.0000000000
87751  -55.077  26.584  5.479 0.0000000000
87752  -55.483  25.991  5.331 0.0000000000
116342  -55.890  24.820  4.237 0.0000000000
115905  -55.611  25.100  3.184 0.0000000000
87045  -55.594  25.525  2.255 0.0000000000
112622  -46.975  35.275  4.274 0.0000000000
93277  -47.599  35.682  5.489 0.0000000000
93278  -48.960  36.508  5.872 0.0000000000
95080  -50.196  39.080  -0.792 0.0000000000
95070  -49.636  40.229  -0.020 0.0000000000
95081  -51.596  39.073  -0.463 0.0000000000
95073  -52.274  39.009  -0.137 0.0000000000
94510  -52.394  38.820  0.666 0.0000000000
92139  -50.494  33.414  -1.403 0.0000000000
92133  -50.043  33.944  -0.821 0.0000000000
92132  -49.729  33.687  0.120 0.0000000000
92125  -49.501  33.678  1.071 0.0000000000
92120  -49.392  34.196  2.049 0.0000000000
91478  -49.531  33.376  1.796 0.0000000000
91470  -50.485  32.334  2.945 0.0000000000
90843  -50.993  31.618  3.417 0.0000000000
90844  -51.773  31.718  3.038 0.0000000000
90853  -52.690  31.535  2.793 0.0000000000
90854  -53.521  31.410  2.476 0.0000000000
90243  -55.545  30.422  -0.320 0.0000000000
90242  -55.165  30.759  0.608 0.0000000000
89616  -55.900  29.463  -0.178 0.0000000000
120778  -56.088  28.832  0.286 0.0000000000
87792  -56.521  26.684  -0.483 0.0000000000
87795  -56.563  26.235  -0.675 0.0000000000
87069  -56.036  26.161  -1.045 0.0000000000
87063  -55.082  26.105  -0.481 0.0000000000
89030  -52.484  28.339  0.221 0.0000000000
88400  -53.143  27.611  0.414 0.0000000000
88395  -52.290  26.928  1.099 0.0000000000
87784  -51.529  26.263  1.497 0.0000000000
112517  -50.970  25.654  1.628 0.0000000000
86307  -50.952  24.844  1.404 0.0000000000
87056  -50.271  25.461  1.721 0.0000000000
87055  -49.459  25.330  1.786 0.0000000000
88437  -50.812  27.351  -6.247 0.0000000000
89080  -50.140  27.923  -5.352 0.0000000000
129667  -49.779  28.818  -4.121 0.0000000000
89645  -49.094  29.496  -2.908 0.0000000000
89610  -46.979  29.801  0.753 0.0000000000
89611  -47.676  29.671  0.584 0.0000000000
89603  -46.811  29.367  1.427 0.0000000000
89019  -47.435  28.805  1.738 0.0000000000
87776  -47.784  26.612  2.417 0.0000000000
87775  -46.969  26.646  2.481 0.0000000000
87040  -46.421  26.034  2.359 0.0000000000
87051  -45.604  25.548  2.028 0.0000000000
86301  -45.036  24.852  1.352 0.0000000000
87050  -44.595  25.405  1.942 0.0000000000
82893  -53.452  19.473  -1.077 0.0000000000
94013  -45.350  35.969  -5.531 0.0000000000
109857  -45.508  35.557  -4.675 0.0000000000
120624  -45.839  34.697  -4.663 0.0000000000
92169  -45.991  33.891  -5.025 0.0000000000
91527  -46.336  32.658  -4.932 0.0000000000
90931  -46.987  31.030  -5.247 0.0000000000
122904  -47.279  29.823  -5.920 0.0000000000
89092  -47.925  28.522  -7.149 0.0000000000
89091  -46.793  28.652  -7.174 0.0000000000
89090  -45.634  28.362  -7.677 0.0000000000
89699  -45.356  29.158  -7.430 0.0000000000
84014  -49.130  22.149  2.178 0.0000000000
84730  -49.785  22.656  2.486 0.0000000000
85548  -50.340  23.078  2.979 0.0000000000
85549  -51.216  22.997  2.927 0.0000000000
85524  -50.603  23.564  4.338 0.0000000000
123572  -51.561  23.255  3.454 0.0000000000
84717  -52.108  22.973  3.040 0.0000000000
97594  -35.862  43.581  -3.563 0.0000000000
97605  -36.218  43.860  -4.233 0.0000000000
109644  -37.447  43.306  -4.096 0.0000000000
97607  -37.898  43.485  -4.604 0.0000000000
97613  -47.688  44.576  -4.438 0.0000000000
96622  -47.552  41.950  -7.190 0.0000000000
96127  -47.843  41.418  -7.794 0.0000000000
96137  -48.468  40.970  -8.381 0.0000000000
96148  -48.737  40.122  -9.240 0.0000000000
88356  -51.524  27.271  5.322 0.0000000000
88357  -52.665  27.244  5.385 0.0000000000
88358  -53.673  27.482  5.183 0.0000000000
88369  -53.785  27.974  4.666 0.0000000000
93927  -46.732  36.221  1.136 0.0000000000
93928  -47.658  36.452  1.522 0.0000000000
124809  -52.579  35.900  -4.466 0.0000000000
92772  -52.802  35.829  -4.072 0.0000000000
92147  -52.413  34.924  -3.816 0.0000000000
92146  -51.186  33.879  -2.536 0.0000000000
91508  -52.551  33.707  -4.518 0.0000000000
91507  -51.765  33.574  -3.372 0.0000000000
91501  -50.953  32.930  -2.068 0.0000000000
91502  -51.022  32.321  -1.227 0.0000000000
90868  -51.900  31.735  0.264 0.0000000000
90869  -52.920  31.590  0.830 0.0000000000
90879  -52.981  31.566  -0.365 0.0000000000
90880  -54.218  31.438  -0.512 0.0000000000
90881  -55.128  31.193  -0.646 0.0000000000
118986  -54.912  31.320  -2.300 0.0000000000
108421  -55.003  31.317  -1.417 0.0000000000
90882  -55.496  30.901  -0.909 0.0000000000
90256  -55.549  30.566  -1.066 0.0000000000
88406  -55.449  28.741  -0.595 0.0000000000
89038  -54.095  28.840  -0.562 0.0000000000
116380  -53.620  29.221  -0.888 0.0000000000
89037  -52.973  28.783  -0.387 0.0000000000
89036  -52.070  28.846  -0.222 0.0000000000
89615  -51.206  29.032  -0.141 0.0000000000
114358  -47.900  29.388  -3.585 0.0000000000
113709  -47.103  29.493  -3.573 0.0000000000
90281  -46.607  30.254  -2.137 0.0000000000
90255  -46.621  30.317  -0.605 0.0000000000
90240  -46.309  30.218  0.290 0.0000000000
115089  -46.070  29.422  1.549 0.0000000000
89017  -45.585  28.859  2.136 0.0000000000
89009  -45.272  28.048  2.511 0.0000000000
95583  -46.341  40.890  0.396 0.0000000000
119170  -46.432  40.517  -0.593 0.0000000000
95077  -46.998  39.744  -1.239 0.0000000000
95078  -47.912  39.371  -1.176 0.0000000000
94546  -47.578  37.732  -2.427 0.0000000000
94547  -48.220  38.372  -1.851 0.0000000000
94534  -49.445  38.066  -1.813 0.0000000000
93984  -50.560  36.862  -2.870 0.0000000000
93995  -51.783  36.754  -3.251 0.0000000000
92792  -46.301  34.649  -3.896 0.0000000000
114676  -47.037  34.673  -3.469 0.0000000000
122502  -47.973  34.771  -3.289 0.0000000000
91516  -47.719  32.891  -3.914 0.0000000000
92159  -48.324  33.591  -3.599 0.0000000000
92783  -48.740  34.426  -3.426 0.0000000000
92784  -50.165  35.010  -3.726 0.0000000000
125383  -50.938  35.871  -3.790 0.0000000000
92785  -51.917  35.655  -4.552 0.0000000000
123897  -52.428  35.186  -5.193 0.0000000000
108632  -53.206  34.929  -5.580 0.0000000000
91544  -53.273  33.513  -6.700 0.0000000000
90316  -52.143  31.648  -6.696 0.0000000000
90934  -52.942  32.922  -7.039 0.0000000000
91552  -53.699  33.132  -7.160 0.0000000000
90328  -53.967  31.457  -8.199 0.0000000000
90329  -54.161  31.426  -8.072 0.0000000000
89706  -54.297  30.229  -8.051 0.0000000000
89690  -54.323  29.382  -6.652 0.0000000000
89097  -54.033  29.109  -8.031 0.0000000000
89095  -52.824  27.745  -7.210 0.0000000000
114402  -51.497  26.768  -7.413 0.0000000000
87835  -51.547  26.163  -9.110 0.0000000000
88462  -51.761  26.349  -8.644 0.0000000000
88450  -50.498  26.602  -7.109 0.0000000000
88436  -49.787  27.283  -6.128 0.0000000000
88435  -48.795  27.143  -6.185 0.0000000000
89078  -48.172  27.710  -5.500 0.0000000000
88460  -47.933  26.557  -8.607 0.0000000000
88469  -47.289  25.620  -8.669 0.0000000000
87102  -47.258  25.051  -8.323 0.0000000000
87820  -45.037  25.015  -7.871 0.0000000000
87821  -45.716  24.787  -7.961 0.0000000000
87822  -47.691  25.337  -7.778 0.0000000000
116409  -50.088  21.583  1.339 0.0000000000
83435  -50.637  20.885  0.593 0.0000000000
84028  -51.510  21.649  1.210 0.0000000000
84041  -51.315  21.101  0.564 0.0000000000
119904  -51.000  20.560  0.281 0.0000000000
82892  -52.388  18.970  -1.072 0.0000000000
83457  -54.967  20.144  -0.289 0.0000000000
84043  -54.881  20.817  1.138 0.0000000000
83448  -55.409  20.469  0.520 0.0000000000
107969  -55.880  20.071  -0.025 0.0000000000
83450  -56.368  20.644  0.217 0.0000000000
96584  -35.565  41.947  0.116 0.0000000000
97076  -36.473  42.478  -1.114 0.0000000000
97059  -36.184  42.201  -0.273 0.0000000000
96581  -36.098  41.434  0.300 0.0000000000
96087  -36.872  40.986  0.208 0.0000000000
95569  -37.693  39.636  -0.111 0.0000000000
129550  -39.039  38.950  -0.465 0.0000000000
95571  -39.701  39.016  -0.552 0.0000000000
114120  -40.077  39.798  -0.610 0.0000000000
114775  -40.966  39.918  -0.667 0.0000000000
96090  -41.316  40.878  -0.543 0.0000000000
114474  -41.858  40.043  -0.685 0.0000000000
114473  -42.779  40.306  -0.518 0.0000000000
96092  -43.378  41.574  -0.178 0.0000000000
110285  -43.873  42.038  -0.142 0.0000000000
97598  -39.933  43.207  -3.713 0.0000000000
97599  -40.749  43.345  -3.579 0.0000000000
97585  -41.067  43.419  -2.732 0.0000000000
97576  -41.738  43.950  -0.825 0.0000000000
98096  -43.214  44.714  -0.665 0.0000000000
119842  -43.183  44.436  -0.033 0.0000000000
97568  -42.632  44.015  0.171 0.0000000000
97067  -43.431  43.411  -0.049 0.0000000000
96593  -43.682  42.586  -0.299 0.0000000000
96097  -44.323  41.597  -0.207 0.0000000000
96102  -44.913  41.082  -1.320 0.0000000000
95590  -45.328  40.000  -2.320 0.0000000000
95599  -45.254  39.202  -3.140 0.0000000000
96603  -44.475  41.621  -3.080 0.0000000000
95598  -44.816  39.695  -3.288 0.0000000000
95102  -45.395  38.552  -3.420 0.0000000000
95112  -44.997  38.366  -3.952 0.0000000000
94571  -44.886  37.942  -4.579 0.0000000000
94578  -44.986  37.255  -5.106 0.0000000000
96616  -44.866  40.987  -5.845 0.0000000000
128024  -45.627  40.940  -6.953 0.0000000000
95633  -44.958  39.640  -6.384 0.0000000000
95632  -44.758  39.129  -5.835 0.0000000000
95127  -44.909  38.360  -6.010 0.0000000000
94587  -45.120  37.448  -6.061 0.0000000000
128028  -45.189  36.714  -5.562 0.0000000000
93414  -46.215  35.127  -7.129 0.0000000000
94028  -46.480  36.462  -8.008 0.0000000000
93423  -46.423  35.684  -7.658 0.0000000000
92827  -46.832  34.460  -8.151 0.0000000000
121210  -47.045  33.446  -8.756 0.0000000000
94050  -48.669  34.987  -10.957 0.0000000000
95681  -49.563  38.907  -10.306 0.0000000000
95163  -50.242  38.080  -10.760 0.0000000000
85494  -53.035  23.069  6.676 0.0000000000
85476  -54.876  22.820  8.182 0.0000000000
85495  -54.170  23.193  6.748 0.0000000000
85511  -53.364  23.372  6.001 0.0000000000
85527  -54.361  23.368  5.037 0.0000000000
85541  -55.153  23.019  4.446 0.0000000000
122964  -55.443  24.613  7.394 0.0000000000
87011  -55.610  25.346  6.712 0.0000000000
87012  -56.115  24.478  6.885 0.0000000000
85514  -56.242  23.882  6.078 0.0000000000
84720  -55.884  22.431  3.799 0.0000000000
84736  -56.120  22.083  3.147 0.0000000000
125017  -56.159  23.373  3.366 0.0000000000
84749  -56.132  21.511  2.192 0.0000000000
118282  -56.327  22.249  1.683 0.0000000000
84757  -56.636  22.499  -0.297 0.0000000000
91448  -48.047  33.722  7.089 0.0000000000
91450  -48.167  32.386  6.326 0.0000000000
121879  -48.676  31.636  5.459 0.0000000000
96084  -46.410  40.888  0.407 0.0000000000
95055  -47.999  39.709  0.714 0.0000000000
128991  -50.164  40.461  0.770 0.0000000000
95056  -49.262  39.945  1.103 0.0000000000
94506  -47.662  38.029  0.632 0.0000000000
93950  -48.442  37.402  1.255 0.0000000000
93929  -48.978  36.893  2.249 0.0000000000
93361  -52.432  36.864  -2.200 0.0000000000
93975  -52.195  37.171  -1.151 0.0000000000
93965  -51.755  37.353  0.262 0.0000000000
93341  -50.104  35.276  0.160 0.0000000000
93342  -50.729  36.446  0.884 0.0000000000
93951  -51.595  37.710  1.839 0.0000000000
93931  -50.975  37.624  2.529 0.0000000000
93930  -50.382  37.150  2.919 0.0000000000
93301  -49.249  36.666  3.356 0.0000000000
93289  -49.767  36.839  3.995 0.0000000000
111682  -50.073  36.761  4.553 0.0000000000
92698  -50.058  36.075  5.546 0.0000000000
92109  -49.327  34.214  3.643 0.0000000000
92102  -49.395  34.398  4.656 0.0000000000
92099  -49.662  34.812  6.234 0.0000000000
91452  -49.465  33.516  6.275 0.0000000000
90830  -49.289  32.399  5.557 0.0000000000
122996  -48.929  30.877  4.776 0.0000000000
89581  -50.156  30.061  3.856 0.0000000000
89582  -50.959  29.657  3.641 0.0000000000
90198  -51.083  30.664  3.552 0.0000000000
88999  -51.830  29.167  3.678 0.0000000000
89000  -52.918  29.038  3.662 0.0000000000
88990  -54.277  28.254  4.186 0.0000000000
90862  -53.912  31.500  1.873 0.0000000000
90213  -53.903  30.986  2.766 0.0000000000
90226  -54.907  30.752  1.474 0.0000000000
90214  -54.586  30.580  2.296 0.0000000000
89595  -54.189  30.189  2.922 0.0000000000
89586  -54.366  29.384  3.185 0.0000000000
89002  -54.468  28.720  3.511 0.0000000000
87059  -56.043  25.465  1.197 0.0000000000
85573  -56.589  24.061  0.010 0.0000000000
85574  -56.721  23.738  -0.723 0.0000000000
113219  -56.680  23.409  -1.236 0.0000000000
85598  -56.410  23.344  -1.605 0.0000000000
84767  -55.840  23.288  -1.712 0.0000000000
84766  -54.385  22.820  -1.190 0.0000000000
84765  -53.117  22.648  -0.882 0.0000000000
87062  -53.983  25.592  0.271 0.0000000000
122165  -53.373  25.969  0.755 0.0000000000
85571  -53.034  23.912  0.378 0.0000000000
85585  -51.443  23.148  -0.295 0.0000000000
115025  -50.674  23.258  -0.368 0.0000000000
85584  -50.031  23.240  -0.760 0.0000000000
85567  -49.069  23.674  -0.190 0.0000000000
89067  -53.256  28.772  -5.514 0.0000000000
89677  -52.596  29.081  -4.363 0.0000000000
89660  -52.194  29.344  -3.238 0.0000000000
89050  -51.337  28.964  -3.926 0.0000000000
89635  -51.555  29.413  -1.464 0.0000000000
89622  -50.929  29.371  -0.787 0.0000000000
89028  -50.641  28.657  0.541 0.0000000000
89644  -48.340  29.629  -2.923 0.0000000000
89619  -47.974  29.836  -0.052 0.0000000000
89620  -48.726  29.716  -0.480 0.0000000000
89633  -49.506  29.647  -1.429 0.0000000000
127671  -49.581  29.546  -0.534 0.0000000000
119180  -49.720  28.865  0.758 0.0000000000
89022  -50.062  28.197  1.291 0.0000000000
87782  -49.543  26.729  2.122 0.0000000000
87042  -48.175  25.899  2.249 0.0000000000
82902  -53.276  18.754  -1.497 0.0000000000
82906  -56.410  19.941  -2.051 0.0000000000
84069  -56.471  21.856  -2.569 0.0000000000
84747  -52.351  22.202  2.071 0.0000000000
84750  -56.391  21.805  1.115 0.0000000000
85513  -55.626  23.574  6.245 0.0000000000
86303  -47.232  24.651  1.180 0.0000000000
86327  -56.985  24.897  -0.355 0.0000000000
87032  -55.460  25.662  3.743 0.0000000000
87043  -49.051  25.945  2.205 0.0000000000
87058  -53.085  25.352  0.841 0.0000000000
87070  -56.791  25.631  -0.930 0.0000000000
87101  -46.740  25.018  -8.329 0.0000000000
87103  -48.135  25.207  -8.583 0.0000000000
87104  -48.952  25.233  -8.800 0.0000000000
87825  -51.185  25.837  -8.873 0.0000000000
87830  -45.131  25.043  -8.139 0.0000000000
87831  -46.329  24.825  -8.069 0.0000000000
87832  -47.338  25.003  -8.265 0.0000000000
87834  -49.500  25.244  -8.891 0.0000000000
87839  -45.842  24.849  -8.168 0.0000000000
87840  -47.830  25.244  -8.659 0.0000000000
88386  -47.425  27.394  2.425 0.0000000000
88448  -48.531  26.286  -7.044 0.0000000000
88451  -52.488  27.092  -8.151 0.0000000000
88452  -52.703  27.469  -8.785 0.0000000000
88458  -44.623  25.816  -8.024 0.0000000000
88470  -48.497  25.675  -9.051 0.0000000000
88471  -50.341  25.890  -9.348 0.0000000000
89011  -47.017  28.126  2.310 0.0000000000
89049  -50.305  29.045  -3.682 0.0000000000
89096  -53.350  28.062  -8.268 0.0000000000
89109  -53.676  28.963  -8.641 0.0000000000
89113  -51.006  26.739  -9.343 0.0000000000
89572  -49.693  29.455  4.239 0.0000000000
89604  -47.402  29.416  1.190 0.0000000000
89643  -47.378  30.068  -2.242 0.0000000000
89657  -48.681  29.280  -3.564 0.0000000000
89658  -49.479  29.173  -3.565 0.0000000000
89702  -48.609  29.109  -6.523 0.0000000000
89713  -52.122  28.803  -8.676 0.0000000000
90227  -55.431  30.181  0.656 0.0000000000
90312  -47.615  30.361  -5.465 0.0000000000
90335  -54.026  30.544  -8.626 0.0000000000
90932  -51.030  31.537  -5.705 0.0000000000
90945  -53.474  32.323  -7.495 0.0000000000
90946  -53.966  32.408  -7.513 0.0000000000
91461  -50.990  31.934  3.176 0.0000000000
91471  -51.186  31.986  2.705 0.0000000000
91487  -50.366  32.486  0.361 0.0000000000
91519  -53.200  33.973  -5.639 0.0000000000
91543  -52.731  33.820  -6.326 0.0000000000
92672  -49.517  36.015  7.809 0.0000000000
92686  -49.835  36.262  7.132 0.0000000000
92699  -50.216  36.597  4.577 0.0000000000
92708  -46.238  34.904  3.601 0.0000000000
92710  -50.212  36.142  4.015 0.0000000000
92742  -49.644  34.461  0.624 0.0000000000
92771  -52.073  35.325  -3.030 0.0000000000
92782  -47.614  34.098  -3.503 0.0000000000
92786  -52.775  35.603  -4.567 0.0000000000
92793  -52.705  35.577  -4.850 0.0000000000
93279  -49.782  36.438  5.624 0.0000000000
93288  -47.981  35.897  4.456 0.0000000000
93319  -50.412  36.768  2.697 0.0000000000
93362  -52.384  36.954  -2.630 0.0000000000
93373  -49.506  36.388  -2.914 0.0000000000
93387  -52.141  36.226  -4.057 0.0000000000
93388  -52.735  35.992  -4.127 0.0000000000
93397  -45.885  35.233  -4.036 0.0000000000
93413  -45.714  35.567  -6.339 0.0000000000
93952  -52.262  38.217  0.946 0.0000000000
93966  -52.346  38.129  -0.379 0.0000000000
93985  -52.270  37.043  -2.794 0.0000000000
94496  -51.509  38.138  2.223 0.0000000000
94508  -50.478  39.346  1.376 0.0000000000
94525  -52.339  38.793  -0.122 0.0000000000
94548  -50.636  37.431  -2.342 0.0000000000
94549  -51.954  37.464  -2.232 0.0000000000
95059  -52.307  39.215  0.417 0.0000000000
95071  -50.803  40.076  0.260 0.0000000000
95072  -51.817  39.675  0.445 0.0000000000
95560  -35.619  39.851  0.760 0.0000000000
95566  -50.039  40.453  1.007 0.0000000000
95570  -38.435  39.284  -0.339 0.0000000000
95576  -44.299  40.243  -0.174 0.0000000000
95578  -46.834  40.668  0.385 0.0000000000
95585  -48.518  40.198  -0.186 0.0000000000
95607  -44.584  39.609  -4.153 0.0000000000
95619  -44.577  39.329  -5.020 0.0000000000
96089  -39.144  39.832  -0.506 0.0000000000
96091  -42.255  41.134  -0.419 0.0000000000
96101  -44.530  41.089  -2.596 0.0000000000
96104  -44.570  40.310  -3.481 0.0000000000
96116  -44.666  40.004  -5.685 0.0000000000
96138  -49.543  40.965  -8.807 0.0000000000
96621  -46.225  41.357  -7.153 0.0000000000
97063  -39.639  42.884  -0.594 0.0000000000
97078  -38.256  42.634  -1.376 0.0000000000
97089  -35.951  42.660  -1.743 0.0000000000
97575  -40.990  43.479  -1.659 0.0000000000
97577  -42.518  44.307  -0.245 0.0000000000
97583  -35.866  42.887  -2.347 0.0000000000
97587  -42.611  44.346  -1.694 0.0000000000
97588  -44.495  45.360  -1.192 0.0000000000
97593  -35.221  44.023  -3.428 0.0000000000
97595  -36.742  43.305  -3.752 0.0000000000
97606  -37.017  43.688  -4.631 0.0000000000
97608  -38.745  43.378  -4.535 0.0000000000
97609  -39.597  43.368  -4.491 0.0000000000
97610  -40.432  43.418  -4.421 0.0000000000
97617  -37.017  44.173  -5.244 0.0000000000
98102  -45.395  45.851  -1.547 0.0000000000
98110  -47.152  46.425  -2.211 0.0000000000
98117  -47.765  46.267  -2.623 0.0000000000
107440  -46.861  29.912  -2.874 0.0000000000
110012  -56.277  22.259  2.632 0.0000000000
111777  -49.407  36.554  6.912 0.0000000000
112028  -49.131  32.287  -4.296 0.0000000000
114675  -44.445  41.009  -3.693 0.0000000000
116518  -54.463  29.872  -5.694 0.0000000000
117363  -40.684  41.811  -0.358 0.0000000000
117869  -40.507  43.152  -0.398 0.0000000000
118166  -45.344  41.058  0.254 0.0000000000
118707  -45.193  37.235  -4.374 0.0000000000
118802  -56.204  24.645  5.118 0.0000000000
119279  -49.002  32.725  6.139 0.0000000000
119361  -37.536  40.612  -0.035 0.0000000000
119369  -49.506  36.817  3.098 0.0000000000
119404  -50.582  32.758  -1.094 0.0000000000
120569  -45.556  24.834  -8.046 0.0000000000
121071  -52.869  35.517  -4.584 0.0000000000
121326  -46.586  24.820  -8.038 0.0000000000
123301  -51.929  26.607  -9.199 0.0000000000
123542  -43.146  44.031  0.177 0.0000000000
124900  -55.483  31.050  -1.382 0.0000000000
125684  -38.213  42.708  -2.331 0.0000000000
126318  -51.094  26.203  -8.098 0.0000000000
127763  -47.194  30.207  -0.693 0.0000000000
128892  -53.251  29.349  -1.257 0.0000000000
129068  -37.397  41.429  0.009 0.0000000000
129149  -46.077  34.120  -6.385 0.0000000000
129589  -46.396  29.816  1.014 0.0000000000
129643  -49.393  25.640  -9.236 0.0000000000
129675  -42.352  44.320  -0.987 0.0000000000
