#!ascii label  , from subject sub-v1s11x0050168_ses-1 vox2ras=TkReg
1004
53268  22.350  -10.109  -24.424 0.2500000000
53267  22.824  -10.609  -24.416 0.7500000000
56299  20.303  -7.571  -24.876 0.2500000000
55210  20.485  -8.112  -24.726 0.1250000000
56298  20.632  -7.870  -25.065 0.3750000000
55224  20.955  -8.552  -24.840 0.2500000000
54235  21.528  -9.209  -24.764 0.2500000000
53281  22.770  -10.198  -25.076 0.7500000000
116054  22.056  -9.690  -24.713 0.3750000000
52359  23.392  -10.964  -24.844 0.8750000000
52344  23.862  -11.718  -24.590 0.8750000000
55237  21.389  -8.217  -25.532 0.3750000000
55223  21.744  -8.915  -25.353 0.3750000000
54234  22.173  -9.534  -25.207 0.7500000000
53294  24.228  -10.341  -26.474 1.0000000000
53295  23.336  -10.142  -25.853 1.0000000000
54233  22.788  -9.774  -25.671 0.8750000000
52358  24.218  -11.427  -25.298 1.0000000000
110674  25.182  -11.785  -25.619 1.0000000000
56310  20.460  -7.204  -25.186 0.2500000000
55236  22.161  -8.608  -26.112 0.8750000000
54247  22.481  -9.279  -25.902 0.8750000000
54246  23.386  -9.621  -26.425 1.0000000000
52366  25.702  -11.464  -26.304 1.0000000000
52367  24.697  -11.102  -26.022 1.0000000000
57353  20.216  -7.134  -25.014 0.1250000000
56309  21.158  -7.435  -25.696 0.6250000000
56308  21.918  -7.839  -26.345 1.0000000000
55235  22.966  -8.908  -26.616 1.0000000000
53306  25.854  -10.463  -27.457 1.0000000000
53307  25.024  -10.229  -27.187 1.0000000000
54264  23.707  -9.094  -27.065 1.0000000000
53292  26.258  -11.152  -27.036 1.0000000000
53293  25.285  -10.807  -26.757 1.0000000000
53291  27.853  -11.178  -26.980 1.0000000000
52365  26.667  -11.723  -26.479 1.0000000000
120125  17.854  -3.345  -26.314 0.2500000000
57369  19.280  -6.225  -25.454 0.3750000000
57368  20.376  -6.731  -25.359 0.5000000000
56321  21.778  -6.983  -26.611 1.0000000000
57367  20.941  -6.565  -25.936 0.6250000000
56319  23.306  -7.747  -27.550 1.0000000000
56320  22.528  -7.406  -27.127 1.0000000000
53311  26.366  -9.898  -28.031 1.0000000000
54262  25.474  -9.785  -27.794 1.0000000000
55262  24.080  -8.091  -27.999 1.0000000000
54278  26.761  -9.345  -28.570 1.0000000000
53304  27.473  -10.577  -27.534 1.0000000000
54277  27.343  -9.295  -28.467 1.0000000000
53303  27.705  -9.833  -27.886 1.0000000000
60209  20.163  -3.941  -26.496 0.5000000000
107607  17.685  -4.141  -26.372 0.3750000000
59310  18.322  -4.826  -26.045 0.3750000000
58375  18.817  -5.486  -25.760 0.5000000000
124288  20.299  -4.498  -26.385 0.5000000000
57381  21.812  -5.962  -27.065 0.8750000000
57380  22.445  -6.561  -27.405 1.0000000000
112815  22.503  -5.868  -27.721 1.0000000000
55260  25.721  -8.664  -28.844 1.0000000000
55261  24.857  -8.460  -28.509 1.0000000000
55259  27.506  -8.615  -28.728 1.0000000000
54286  27.027  -8.690  -28.901 1.0000000000
54276  27.954  -9.176  -28.251 0.8750000000
60220  20.459  -3.426  -26.752 0.5000000000
117089  20.539  -3.927  -26.711 0.6250000000
58387  21.681  -4.844  -27.487 0.6250000000
58373  21.011  -5.585  -26.456 0.7500000000
56356  26.937  -7.106  -30.658 1.0000000000
56357  26.412  -6.968  -30.414 1.0000000000
56347  25.151  -7.164  -29.453 1.0000000000
56348  24.384  -6.782  -28.971 1.0000000000
56344  27.131  -7.439  -30.027 1.0000000000
55274  26.260  -8.102  -29.385 1.0000000000
55275  25.449  -7.986  -29.191 1.0000000000
56343  27.874  -7.353  -29.505 0.8750000000
55272  27.218  -8.030  -29.261 1.0000000000
55258  28.059  -8.432  -28.459 0.8750000000
125381  22.150  -3.970  -28.173 0.8750000000
58411  24.735  -4.936  -30.579 1.0000000000
58403  24.013  -4.975  -29.508 1.0000000000
56364  27.078  -6.831  -31.273 1.0000000000
57421  25.175  -5.823  -30.399 1.0000000000
57394  23.695  -6.377  -28.481 1.0000000000
58418  27.478  -6.172  -32.107 1.0000000000
57406  28.171  -6.643  -29.940 1.0000000000
56354  27.587  -7.049  -30.348 1.0000000000
57430  27.745  -6.282  -31.653 1.0000000000
58402  28.387  -5.661  -30.226 1.0000000000
60219  20.998  -3.247  -27.218 0.5000000000
122816  21.377  -3.854  -27.536 0.8750000000
59338  22.728  -3.541  -28.930 1.0000000000
59366  25.092  -3.756  -31.859 1.0000000000
58412  24.121  -4.359  -30.089 1.0000000000
59337  23.177  -3.925  -29.205 1.0000000000
60256  27.820  -4.115  -32.491 1.0000000000
59363  27.479  -4.907  -32.603 1.0000000000
119097  28.849  -3.473  -31.284 1.0000000000
116720  28.193  -3.371  -32.049 1.0000000000
58426  27.186  -5.656  -32.441 1.0000000000
59346  28.707  -4.896  -30.824 1.0000000000
60248  28.464  -4.147  -31.787 1.0000000000
59336  28.568  -4.702  -29.887 0.8750000000
64144  26.032  -0.439  -32.824 1.0000000000
63153  24.683  -1.221  -31.705 0.3750000000
63168  25.729  -0.973  -33.117 0.8750000000
60266  25.730  -2.707  -32.655 1.0000000000
61195  27.684  -3.327  -33.009 1.0000000000
61204  27.287  -2.985  -33.901 1.0000000000
65172  27.170  1.122  -34.248 0.8750000000
64159  27.113  0.142  -34.108 1.0000000000
64150  26.376  -0.554  -33.720 1.0000000000
63183  25.993  -1.177  -33.966 1.0000000000
127445  27.044  -0.502  -34.277 1.0000000000
61213  26.702  -2.062  -34.708 1.0000000000
62205  28.218  -2.180  -34.238 1.0000000000
62213  28.020  -1.950  -34.885 1.0000000000
62194  28.327  -2.033  -33.327 1.0000000000
66117  26.975  2.193  -34.447 0.7500000000
65171  27.512  0.241  -35.204 1.0000000000
64158  27.578  -0.554  -34.941 1.0000000000
118733  28.142  -0.558  -35.288 1.0000000000
63195  27.935  -1.061  -35.077 1.0000000000
62221  27.957  -1.560  -35.092 1.0000000000
115496  26.911  1.073  -36.315 1.0000000000
64168  27.545  0.540  -36.165 1.0000000000
64167  27.970  0.077  -35.684 1.0000000000
114665  23.618  6.995  -37.590 0.1250000000
71050  23.013  7.731  -37.779 0.1250000000
70019  22.247  5.665  -36.978 0.2500000000
120404  21.605  5.975  -36.924 0.1250000000
116456  21.111  5.019  -37.537 0.3750000000
70020  20.826  6.189  -36.932 0.2500000000
69077  21.214  5.296  -38.241 0.5000000000
70030  20.940  5.683  -37.655 0.2500000000
70045  20.960  6.166  -38.704 0.3750000000
72049  20.873  7.016  -36.906 0.2500000000
71065  20.494  6.538  -38.084 0.2500000000
71059  19.968  6.963  -37.548 0.2500000000
71060  18.814  7.359  -38.112 0.2500000000
70031  19.955  6.752  -39.044 0.2500000000
108552  21.018  6.729  -39.653 0.3750000000
71066  19.532  6.937  -38.310 0.2500000000
69095  19.799  6.773  -39.858 0.2500000000
54223  21.722  -9.434  -24.452 0.1250000000
55209  20.735  -8.468  -24.519 0.1250000000
59329  22.543  -4.379  -28.430 0.8750000000
58419  26.124  -5.793  -31.977 1.0000000000
53256  21.917  -10.158  -23.448 0.1250000000
52345  23.157  -11.228  -24.126 0.6250000000
51453  23.560  -11.984  -23.851 0.7500000000
51452  24.346  -12.470  -24.314 1.0000000000
54224  21.147  -8.881  -24.491 0.1250000000
51459  24.704  -12.177  -25.010 1.0000000000
52357  26.138  -12.096  -25.861 1.0000000000
52356  27.043  -12.306  -25.945 1.0000000000
58360  18.581  -5.848  -25.434 0.3750000000
59312  16.822  -4.160  -26.324 0.2500000000
59311  17.627  -4.809  -26.037 0.2500000000
54260  28.289  -9.563  -27.511 0.8750000000
56330  28.131  -7.628  -28.649 0.8750000000
55244  28.359  -8.751  -27.698 0.8750000000
58396  28.516  -5.922  -29.217 0.8750000000
63154  23.599  -0.849  -31.523 0.1250000000
118466  23.226  -1.304  -31.406 0.1250000000
60218  21.727  -2.956  -28.022 0.3750000000
107350  22.658  -2.811  -29.378 0.6250000000
60241  28.927  -4.200  -31.142 1.0000000000
114199  28.634  -5.203  -29.382 0.8750000000
109082  26.519  0.115  -33.292 0.8750000000
112583  24.094  -1.350  -31.577 0.3750000000
122862  23.706  -1.925  -31.376 0.8750000000
61194  28.180  -2.683  -32.628 1.0000000000
63167  28.435  -1.008  -32.732 1.0000000000
120142  28.603  -0.651  -33.686 1.0000000000
65182  27.195  1.141  -35.303 1.0000000000
63194  28.170  -1.155  -34.961 1.0000000000
66130  26.675  2.035  -35.559 0.8750000000
66152  24.640  1.799  -36.907 1.0000000000
65192  26.530  0.828  -37.140 1.0000000000
64174  27.720  0.589  -36.634 1.0000000000
71039  23.881  7.925  -37.249 0.1250000000
70010  24.124  6.246  -37.259 0.1250000000
68111  22.582  4.359  -36.786 0.6250000000
117286  21.529  4.909  -37.274 0.6250000000
68134  22.103  4.157  -38.820 0.5000000000
71058  21.464  6.478  -37.065 0.2500000000
69093  22.414  5.036  -39.355 0.5000000000
72050  20.492  7.911  -37.180 0.2500000000
116980  20.157  7.319  -37.136 0.2500000000
69094  21.833  5.845  -39.069 0.5000000000
69105  22.076  5.846  -40.080 0.5000000000
72051  19.274  7.641  -37.554 0.1250000000
71067  18.962  7.061  -38.820 0.2500000000
70047  18.530  6.753  -40.272 0.2500000000
69106  21.022  6.582  -40.432 0.3750000000
70063  17.974  6.524  -40.987 0.2500000000
72060  18.080  7.879  -38.210 0.1250000000
52346  22.698  -10.841  -23.867 0.5000000000
53280  23.738  -10.705  -25.603 1.0000000000
55247  22.714  -8.194  -26.865 1.0000000000
53305  26.725  -10.597  -27.595 1.0000000000
54263  24.434  -9.604  -27.294 1.0000000000
55245  24.294  -8.811  -27.711 1.0000000000
52371  27.154  -11.287  -27.124 1.0000000000
52364  27.465  -11.724  -26.437 1.0000000000
110066  20.568  -6.067  -25.864 0.5000000000
54261  27.086  -9.928  -28.069 1.0000000000
54279  26.022  -9.317  -28.500 1.0000000000
54280  25.125  -9.157  -28.182 1.0000000000
54287  26.486  -8.704  -28.943 1.0000000000
58374  20.514  -5.265  -26.227 0.6250000000
58388  20.827  -4.684  -26.684 0.6250000000
57396  22.395  -5.222  -27.960 1.0000000000
56331  24.613  -7.687  -28.759 1.0000000000
56332  23.881  -7.282  -28.228 1.0000000000
55271  27.659  -7.976  -29.063 0.8750000000
55234  28.604  -8.980  -26.846 0.8750000000
58397  23.057  -4.760  -28.665 1.0000000000
57409  23.522  -5.374  -28.778 1.0000000000
57417  27.958  -6.442  -30.885 1.0000000000
56345  26.703  -7.483  -29.923 1.0000000000
56358  25.652  -6.652  -30.095 1.0000000000
57393  28.303  -6.760  -28.900 0.8750000000
58420  24.944  -4.683  -31.125 1.0000000000
58404  23.598  -4.447  -29.398 1.0000000000
58410  25.412  -5.534  -30.973 1.0000000000
57422  24.519  -5.294  -29.949 1.0000000000
57419  26.598  -6.704  -31.103 1.0000000000
57407  24.820  -6.267  -29.718 1.0000000000
57433  26.029  -6.146  -31.426 1.0000000000
59354  28.495  -4.917  -31.605 1.0000000000
58409  28.281  -5.702  -31.306 1.0000000000
107334  22.205  -3.254  -28.496 0.6250000000
59348  23.911  -3.563  -30.425 1.0000000000
127799  24.546  -4.083  -31.021 1.0000000000
59356  24.245  -3.541  -30.904 1.0000000000
60249  24.481  -3.433  -31.328 1.0000000000
60258  25.922  -3.694  -32.638 1.0000000000
59365  25.700  -4.493  -32.320 1.0000000000
60257  27.029  -3.887  -33.002 1.0000000000
58427  25.970  -5.188  -32.329 1.0000000000
63152  25.336  -1.340  -31.878 0.7500000000
62196  25.543  -1.625  -32.208 1.0000000000
62183  24.963  -1.495  -31.768 0.7500000000
60250  24.093  -2.874  -31.097 1.0000000000
60265  26.407  -3.020  -33.365 1.0000000000
61197  24.804  -2.373  -31.753 1.0000000000
61206  25.826  -2.118  -33.180 1.0000000000
61211  27.765  -2.544  -34.504 1.0000000000
62195  25.659  -1.387  -33.197 1.0000000000
63182  27.021  -1.057  -34.487 1.0000000000
62214  27.468  -1.755  -34.824 1.0000000000
61212  27.313  -2.416  -34.896 1.0000000000
126632  26.553  -1.577  -34.508 1.0000000000
63181  28.457  -1.455  -34.168 1.0000000000
64175  27.234  0.642  -36.885 1.0000000000
65204  25.613  1.301  -37.383 1.0000000000
66140  26.075  1.879  -36.501 1.0000000000
71049  24.477  7.107  -36.997 0.1250000000
70011  23.248  6.129  -37.392 0.1250000000
71051  22.001  7.462  -37.634 0.2500000000
69062  21.241  5.398  -36.977 0.2500000000
122938  21.999  5.114  -38.628 0.5000000000
69076  21.309  4.536  -37.954 0.7500000000
71081  18.552  7.113  -39.593 0.2500000000
69096  19.109  6.586  -40.370 0.2500000000
53244  21.935  -10.169  -22.689 0.1250000000
111696  22.641  -11.230  -23.288 0.1250000000
52331  22.869  -11.548  -23.366 0.6250000000
61186  22.434  -1.789  -30.810 0.5000000000
107145  22.285  -2.533  -28.878 0.6250000000
111003  23.475  -3.127  -30.247 0.8750000000
60243  22.785  -2.553  -30.012 0.7500000000
59357  23.624  -2.871  -30.665 0.8750000000
111037  23.088  -1.818  -31.190 0.7500000000
61185  23.018  -2.285  -30.768 0.8750000000
118421  23.558  -2.355  -31.097 1.0000000000
62197  24.804  -1.942  -31.735 1.0000000000
66141  25.226  2.150  -36.691 1.0000000000
66160  25.118  1.257  -37.824 1.0000000000
65203  26.567  0.725  -37.950 1.0000000000
69051  23.736  5.534  -37.058 0.3750000000
68124  21.511  3.635  -38.027 0.7500000000
69075  21.794  4.296  -37.407 0.7500000000
69061  22.131  4.928  -36.863 0.5000000000
70062  20.003  6.420  -40.646 0.2500000000
107295  21.312  6.009  -40.839 0.3750000000
48282  24.113  -15.354  -21.335 0.7500000000
121828  25.579  -15.469  -20.549 0.7500000000
127259  23.768  -14.776  -21.707 0.7500000000
49496  25.466  -14.818  -21.744 0.7500000000
49497  24.604  -14.902  -21.839 0.7500000000
49509  24.250  -14.466  -22.344 0.7500000000
49507  25.990  -14.464  -22.239 0.7500000000
49508  25.113  -14.612  -22.428 0.7500000000
50572  23.537  -13.197  -23.055 0.7500000000
51443  23.219  -12.372  -23.209 0.6250000000
50556  24.730  -14.252  -23.046 0.7500000000
50571  24.346  -13.612  -23.440 0.8750000000
50555  25.687  -14.305  -23.002 0.7500000000
50578  24.794  -13.217  -24.053 0.8750000000
50568  26.883  -13.497  -23.499 0.7500000000
119750  26.189  -13.890  -23.422 0.7500000000
50569  26.243  -13.547  -24.044 0.8750000000
51451  25.209  -12.878  -24.684 0.8750000000
51441  27.036  -13.166  -24.304 0.7500000000
51450  26.237  -13.095  -24.818 0.8750000000
51457  26.497  -12.610  -25.444 0.8750000000
52343  28.078  -12.273  -24.921 0.8750000000
51449  27.248  -12.714  -25.145 0.8750000000
52355  27.756  -12.135  -25.752 0.8750000000
53279  28.061  -11.479  -26.198 0.8750000000
54221  29.317  -9.297  -24.142 0.3750000000
54232  28.746  -10.120  -25.654 0.6250000000
53278  28.328  -10.740  -26.485 0.7500000000
55208  29.358  -8.421  -24.418 0.5000000000
54231  29.122  -9.232  -25.028 0.5000000000
55222  28.820  -9.133  -25.929 0.7500000000
57333  29.796  -6.822  -24.300 0.1250000000
107703  29.444  -6.724  -25.082 0.3750000000
56297  29.074  -7.468  -25.564 0.6250000000
55233  28.783  -8.229  -26.137 0.6250000000
56307  28.563  -8.105  -26.978 0.6250000000
58319  31.213  -5.801  -23.593 0.1250000000
57332  29.978  -6.071  -24.694 0.1250000000
57352  29.571  -5.949  -25.456 0.1250000000
58354  29.751  -5.061  -25.789 0.1250000000
107537  28.936  -5.941  -27.248 0.6250000000
58385  28.924  -5.170  -27.664 0.6250000000
58386  28.654  -5.969  -28.225 0.7500000000
59289  30.439  -4.720  -25.049 0.1250000000
60186  30.732  -3.350  -25.563 0.1250000000
60202  29.470  -3.569  -26.819 0.1250000000
59319  29.151  -4.378  -27.190 0.5000000000
58395  28.758  -5.205  -28.586 0.6250000000
59328  28.788  -4.552  -29.005 0.7500000000
59270  31.160  -4.470  -24.488 0.1250000000
60217  28.988  -3.681  -27.644 0.5000000000
120726  28.807  -3.006  -28.155 0.5000000000
60227  28.786  -3.805  -28.585 0.6250000000
60228  28.696  -3.939  -29.523 0.7500000000
67096  26.193  2.933  -35.799 0.6250000000
67085  25.765  3.765  -35.935 0.5000000000
67097  25.514  2.933  -36.343 0.7500000000
61166  28.708  -2.333  -28.770 0.6250000000
62166  28.660  -2.022  -30.421 0.6250000000
127660  28.803  -2.317  -30.939 0.8750000000
63107  28.793  -0.924  -28.764 0.5000000000
123750  28.646  -1.575  -29.428 0.6250000000
63137  28.660  -1.070  -30.434 0.6250000000
62175  28.676  -1.788  -31.135 0.7500000000
67109  24.680  2.856  -36.533 0.7500000000
61183  28.571  -2.583  -31.525 0.8750000000
64157  28.458  -0.308  -34.902 0.8750000000
64166  28.302  0.313  -35.600 0.8750000000
63150  28.484  -0.993  -31.494 0.7500000000
64149  28.692  0.110  -33.880 0.8750000000
65181  28.449  1.084  -36.161 0.8750000000
65191  28.261  1.045  -36.784 0.8750000000
64109  29.144  0.265  -29.154 0.3750000000
64110  28.793  -0.112  -30.128 0.5000000000
64125  28.740  0.402  -30.829 0.5000000000
64133  28.489  -0.043  -31.775 0.6250000000
126705  29.589  1.310  -30.030 0.2500000000
64124  29.222  0.678  -30.018 0.3750000000
65133  28.697  1.009  -31.576 0.5000000000
67110  24.242  3.780  -36.530 0.6250000000
126245  23.676  2.606  -36.770 0.7500000000
64182  27.009  0.578  -37.408 0.8750000000
108465  26.216  0.892  -39.224 0.7500000000
65201  27.899  1.057  -37.344 0.8750000000
64143  28.608  -0.026  -32.836 0.6250000000
65160  28.730  0.827  -34.553 0.7500000000
65121  29.119  1.201  -30.636 0.3750000000
65147  28.908  1.933  -31.977 0.5000000000
117895  28.518  1.662  -36.476 0.7500000000
68110  23.411  3.986  -36.629 0.6250000000
66161  24.396  1.350  -37.579 0.8750000000
66172  24.578  1.028  -38.705 0.8750000000
65230  23.079  1.386  -39.749 0.7500000000
65224  25.729  0.767  -39.497 0.8750000000
65222  26.822  1.578  -39.352 0.7500000000
66116  28.712  1.410  -35.317 0.5000000000
124171  29.086  2.968  -34.046 0.2500000000
66115  28.911  2.674  -34.942 0.5000000000
109112  28.989  1.832  -32.959 0.5000000000
66074  29.606  2.704  -31.437 0.2500000000
68097  24.018  4.757  -36.716 0.5000000000
68123  22.143  3.479  -37.401 0.6250000000
66174  22.028  2.458  -38.744 0.7500000000
65226  22.510  1.917  -39.151 0.7500000000
110422  22.269  1.858  -39.622 0.7500000000
64194  22.449  1.334  -40.077 0.7500000000
65236  24.066  0.740  -40.954 0.7500000000
64193  23.353  1.000  -40.362 0.7500000000
64197  22.274  0.653  -40.547 0.7500000000
65229  24.203  0.649  -40.273 0.7500000000
65228  25.433  0.900  -40.843 0.7500000000
65235  24.880  0.772  -41.414 0.7500000000
66170  27.111  2.378  -39.200 0.5000000000
66180  26.608  2.163  -40.291 0.3750000000
66181  26.193  1.306  -40.426 0.6250000000
66128  28.790  2.932  -35.623 0.2500000000
120453  28.344  2.851  -37.009 0.3750000000
66159  27.539  2.422  -38.489 0.3750000000
67132  21.861  2.713  -37.986 0.7500000000
64195  21.634  1.477  -40.216 0.7500000000
111281  24.064  0.718  -41.259 0.7500000000
65240  24.585  0.862  -42.026 0.6250000000
66186  26.292  1.791  -41.333 0.3750000000
65239  25.190  1.381  -42.520 0.3750000000
67095  28.768  3.722  -35.845 0.1250000000
130221  26.510  3.735  -39.955 0.1250000000
67143  26.657  3.006  -40.216 0.2500000000
67145  21.915  3.228  -38.805 0.6250000000
65232  21.577  2.455  -40.176 0.7500000000
63236  22.354  0.224  -41.327 0.6250000000
63239  23.722  0.686  -42.349 0.7500000000
64204  24.506  0.725  -43.539 0.3750000000
64199  24.296  0.426  -43.416 0.3750000000
122500  25.950  1.897  -42.650 0.2500000000
129234  26.347  4.665  -40.032 0.1250000000
67151  26.333  3.783  -40.641 0.1250000000
68095  28.343  4.723  -36.832 0.1250000000
67146  22.015  3.334  -39.671 0.6250000000
107120  22.334  0.369  -42.313 0.3750000000
109334  21.359  1.792  -40.651 0.3750000000
107343  23.588  -0.024  -42.914 0.3750000000
64208  26.571  0.325  -44.671 0.2500000000
63243  24.745  0.506  -43.834 0.3750000000
62239  24.417  -1.096  -43.138 0.3750000000
66189  26.138  2.595  -43.134 0.1250000000
64210  25.236  1.333  -44.282 0.3750000000
65243  25.004  1.281  -43.625 0.3750000000
68122  26.853  5.144  -39.235 0.1250000000
66188  26.475  2.217  -42.273 0.1250000000
107126  22.008  3.546  -40.583 0.3750000000
68135  22.336  4.050  -39.610 0.3750000000
65237  21.239  2.331  -41.140 0.3750000000
122437  21.953  1.122  -42.879 0.3750000000
107121  21.247  0.759  -42.346 0.3750000000
62248  24.344  -0.479  -44.886 0.3750000000
107118  23.482  0.216  -43.883 0.3750000000
107303  23.574  1.467  -43.183 0.3750000000
62244  26.880  -0.549  -45.531 0.3750000000
63241  26.052  -0.401  -44.077 0.3750000000
107191  24.485  -1.208  -44.191 0.3750000000
67155  25.959  3.422  -43.538 0.1250000000
65242  25.498  1.788  -44.297 0.1250000000
65246  26.257  1.199  -45.005 0.2500000000
119436  26.505  3.800  -42.103 0.1250000000
107125  21.491  2.531  -42.094 0.2500000000
64212  23.171  1.639  -43.625 0.2500000000
119238  22.330  1.584  -42.816 0.3750000000
64205  21.528  1.637  -42.530 0.3750000000
64221  24.668  0.873  -45.976 0.1250000000
63251  23.471  0.391  -44.929 0.3750000000
63246  23.691  1.736  -43.234 0.3750000000
63254  25.882  0.270  -46.041 0.1250000000
63249  25.533  -0.051  -45.648 0.2500000000
66193  25.154  3.183  -45.788 0.1250000000
64206  27.543  0.201  -46.105 0.1250000000
107240  22.314  4.898  -40.790 0.3750000000
122173  21.554  3.069  -41.350 0.3750000000
110913  22.151  2.502  -42.614 0.2500000000
64222  23.899  1.124  -45.959 0.1250000000
64216  22.923  1.448  -44.717 0.1250000000
65258  24.087  1.743  -46.065 0.1250000000
66200  23.349  2.487  -44.613 0.1250000000
67156  25.098  3.154  -44.304 0.1250000000
67167  25.025  3.019  -45.736 0.1250000000
67159  22.826  4.224  -43.322 0.1250000000
113662  24.787  3.387  -45.118 0.1250000000
125259  23.952  3.992  -43.431 0.1250000000
68150  24.927  4.009  -43.717 0.1250000000
68149  25.016  3.751  -43.939 0.1250000000
52354  28.330  -11.593  -25.382 0.6250000000
110314  28.807  1.062  -33.594 0.5000000000
127747  22.823  3.390  -36.885 0.6250000000
67119  22.680  2.573  -37.454 0.8750000000
67131  23.466  1.664  -37.832 0.8750000000
66173  22.534  1.940  -38.233 0.7500000000
65225  23.597  1.272  -39.088 0.8750000000
107882  25.024  0.602  -39.771 0.7500000000
66129  28.727  2.005  -35.859 0.5000000000
66151  28.022  2.470  -37.681 0.5000000000
127244  28.050  1.667  -37.559 0.7500000000
66198  25.945  2.929  -45.674 0.1250000000
64215  23.393  0.992  -45.193 0.2500000000
66199  24.600  2.591  -45.229 0.1250000000
67157  24.779  3.099  -44.802 0.1250000000
107720  29.234  -5.878  -26.299 0.5000000000
57366  28.848  -6.674  -26.773 0.6250000000
56318  28.376  -7.902  -27.810 0.7500000000
61165  29.078  -2.176  -27.764 0.3750000000
62158  28.902  -1.501  -28.335 0.3750000000
64092  29.975  0.573  -28.595 0.2500000000
64219  26.127  0.901  -46.308 0.1250000000
64108  29.788  1.124  -29.296 0.1250000000
126928  24.070  -16.078  -20.416 0.7500000000
48263  23.697  -15.694  -20.747 0.7500000000
48283  23.324  -15.154  -21.067 0.7500000000
49498  23.083  -14.409  -21.325 0.7500000000
48251  24.828  -16.064  -20.212 0.7500000000
120727  24.543  -15.727  -20.825 0.7500000000
50557  23.882  -13.946  -22.796 0.7500000000
49495  26.225  -14.533  -21.450 0.6250000000
50543  26.610  -13.904  -22.684 0.7500000000
50554  27.427  -13.300  -22.767 0.6250000000
51440  27.694  -12.914  -23.582 0.6250000000
52342  28.618  -11.477  -24.415 0.5000000000
53255  28.963  -10.836  -23.667 0.3750000000
56270  29.731  -7.623  -23.830 0.1250000000
57316  30.419  -6.247  -23.947 0.1250000000
58318  32.057  -5.486  -23.423 0.1250000000
59269  31.934  -4.285  -24.201 0.1250000000
60184  32.051  -3.141  -24.992 0.1250000000
61134  31.467  -2.720  -25.556 0.1250000000
61145  31.217  -2.266  -26.102 0.1250000000
118694  30.646  -2.771  -26.052 0.1250000000
62146  29.590  -1.386  -27.516 0.1250000000
63106  29.432  -0.686  -28.114 0.2500000000
63122  29.039  -0.368  -28.748 0.2500000000
68083  24.778  4.627  -36.619 0.5000000000
66073  30.379  2.808  -30.829 0.1250000000
65120  29.641  1.828  -30.412 0.2500000000
67063  30.168  4.223  -32.936 0.1250000000
68067  29.181  4.599  -35.436 0.1250000000
68081  28.755  4.639  -36.123 0.1250000000
68098  23.344  4.885  -36.664 0.3750000000
69039  28.843  5.491  -36.444 0.1250000000
68109  27.330  5.647  -38.451 0.1250000000
68147  25.995  4.186  -43.242 0.1250000000
118611  25.586  4.860  -42.798 0.1250000000
72034  21.427  8.386  -37.488 0.1250000000
123075  21.855  5.578  -41.344 0.2500000000
107281  22.163  4.850  -41.855 0.1250000000
107128  21.676  5.527  -42.157 0.1250000000
68153  23.384  5.074  -43.201 0.1250000000
67158  24.650  3.451  -44.126 0.1250000000
123062  25.066  4.658  -43.641 0.1250000000
53290  28.122  -10.410  -27.292 0.7500000000
122985  28.958  -3.597  -30.785 0.7500000000
119540  28.645  -3.355  -30.066 0.7500000000
65161  26.895  0.923  -33.246 0.3750000000
64180  27.913  0.691  -36.906 0.8750000000
51442  23.957  -12.812  -23.664 0.7500000000
51458  25.651  -12.503  -25.291 0.8750000000
54245  28.550  -9.889  -26.682 0.7500000000
57379  28.523  -6.890  -27.806 0.6250000000
62182  28.265  -1.820  -32.082 0.8750000000
124090  25.297  0.958  -38.581 0.8750000000
65202  27.290  0.718  -37.745 0.8750000000
113531  22.440  4.465  -40.048 0.3750000000
107131  20.370  6.165  -41.064 0.1250000000
48281  25.024  -15.292  -21.309 0.7500000000
49479  25.776  -14.970  -21.129 0.7500000000
49510  23.496  -14.129  -22.047 0.7500000000
50570  25.369  -13.810  -23.665 0.8750000000
50577  25.594  -13.348  -24.271 0.8750000000
110752  27.695  -12.714  -24.422 0.7500000000
51439  28.243  -12.278  -24.014 0.6250000000
121395  28.441  -10.960  -25.749 0.7500000000
54209  29.237  -10.096  -23.883 0.2500000000
119949  28.965  -10.663  -24.345 0.5000000000
53266  28.762  -10.830  -25.048 0.6250000000
55221  29.100  -8.337  -25.293 0.5000000000
56287  29.388  -7.548  -24.731 0.2500000000
55194  29.595  -8.575  -23.560 0.1250000000
119296  29.125  -6.658  -25.901 0.3750000000
113363  28.785  -7.401  -26.381 0.6250000000
58332  30.668  -5.360  -24.351 0.1250000000
123809  31.543  -4.983  -23.905 0.1250000000
58353  30.074  -5.431  -25.068 0.1250000000
59308  29.631  -4.286  -26.369 0.1250000000
59307  30.235  -4.124  -25.651 0.1250000000
58372  29.256  -5.112  -26.739 0.5000000000
60168  30.867  -3.911  -25.032 0.1250000000
60201  30.094  -3.482  -26.161 0.1250000000
61146  29.925  -2.802  -26.581 0.1250000000
59327  28.839  -4.460  -28.084 0.6250000000
118918  29.300  -2.879  -27.279 0.1250000000
120725  28.699  -3.170  -29.156 0.6250000000
61172  28.611  -2.547  -29.775 0.6250000000
118286  28.636  -0.370  -30.931 0.6250000000
118494  27.633  1.485  -38.016 0.7500000000
65148  28.734  0.928  -32.719 0.5000000000
65213  26.699  0.957  -38.805 0.7500000000
66104  29.161  2.654  -33.342 0.3750000000
65212  27.223  1.554  -38.767 0.6250000000
65223  26.514  1.447  -39.864 0.7500000000
65170  28.945  2.005  -34.346 0.5000000000
67072  29.307  3.706  -34.283 0.1250000000
67064  29.513  3.639  -33.448 0.1250000000
66091  29.288  2.738  -32.340 0.2500000000
67053  29.830  3.371  -31.929 0.1250000000
66182  21.933  2.608  -39.427 0.7500000000
64196  23.165  0.935  -40.748 0.7500000000
65234  25.653  1.483  -41.850 0.3750000000
67118  27.622  3.538  -38.084 0.3750000000
128106  22.943  0.431  -42.190 0.3750000000
67144  26.500  2.696  -40.837 0.3750000000
67108  28.109  3.695  -37.308 0.1250000000
67152  26.743  2.827  -41.773 0.1250000000
119671  26.802  4.062  -39.384 0.1250000000
64202  25.681  0.325  -44.227 0.3750000000
62240  24.944  -1.200  -43.401 0.3750000000
66190  25.686  1.941  -43.401 0.2500000000
129442  26.238  4.074  -41.333 0.1250000000
68096  27.754  4.902  -37.658 0.1250000000
124126  26.483  3.487  -41.295 0.1250000000
67153  22.123  3.546  -40.044 0.3750000000
64209  25.509  1.046  -44.495 0.2500000000
67154  26.536  3.144  -42.685 0.1250000000
121866  25.666  2.636  -44.008 0.1250000000
64198  21.209  2.392  -41.411 0.3750000000
63256  24.695  0.311  -45.443 0.3750000000
122253  25.912  -1.466  -45.037 0.3750000000
66192  25.200  2.485  -44.971 0.1250000000
65247  25.531  1.776  -44.901 0.1250000000
64217  27.348  0.885  -46.592 0.1250000000
68142  25.937  4.645  -41.740 0.1250000000
68143  25.972  4.471  -42.567 0.1250000000
122174  21.705  3.199  -42.301 0.2500000000
107193  21.908  3.894  -41.454 0.2500000000
65248  22.963  2.257  -43.217 0.2500000000
65256  25.316  1.324  -46.371 0.1250000000
67165  25.539  3.610  -47.048 0.1250000000
65260  26.760  1.821  -47.027 0.1250000000
66191  22.248  3.306  -43.116 0.1250000000
66195  22.717  2.668  -43.249 0.1250000000
119644  22.924  3.583  -43.672 0.1250000000
66203  24.563  2.468  -46.367 0.1250000000
68148  25.301  3.986  -43.772 0.1250000000
65261  26.038  2.009  -46.977 0.1250000000
122224  22.439  5.301  -42.733 0.1250000000
122175  22.425  4.802  -42.865 0.1250000000
47267  24.187  -16.500  -19.715 0.7500000000
118886  25.046  -16.405  -19.596 0.7500000000
47278  23.479  -16.092  -20.128 0.7500000000
50558  23.209  -13.441  -22.366 0.5000000000
51425  28.282  -12.285  -23.124 0.5000000000
62131  31.378  -1.694  -26.447 0.1250000000
62130  32.264  -1.540  -26.605 0.1250000000
61158  29.766  -2.090  -27.003 0.1250000000
48264  23.115  -15.502  -20.394 0.7500000000
46263  24.876  -17.017  -18.983 0.6250000000
47265  26.525  -16.114  -19.141 0.3750000000
48250  25.673  -15.928  -19.723 0.6250000000
48249  26.432  -15.321  -19.807 0.2500000000
52330  28.631  -11.592  -23.439 0.3750000000
67098  25.076  3.772  -36.401 0.3750000000
69052  22.931  5.382  -36.848 0.2500000000
49478  26.491  -14.695  -20.583 0.5000000000
50542  27.319  -13.595  -21.855 0.5000000000
47252  26.683  -17.303  -18.721 0.5000000000
47266  25.734  -16.647  -19.073 0.6250000000
51426  27.954  -12.777  -22.783 0.5000000000
46247  23.968  -18.368  -18.519 0.6250000000
118479  22.603  -13.857  -20.883 0.3750000000
48265  22.787  -15.303  -19.974 0.3750000000
46264  24.073  -17.283  -18.817 0.6250000000
48252  22.982  -15.902  -19.701 0.6250000000
45370  26.464  -20.100  -18.717 0.3750000000
47253  25.754  -17.828  -18.652 0.5000000000
121086  24.745  -18.230  -18.596 0.6250000000
49458  27.220  -14.705  -19.796 0.2500000000
49477  27.346  -14.095  -20.403 0.2500000000
50529  27.599  -13.545  -20.939 0.3750000000
51389  27.933  -13.131  -21.389 0.2500000000
51410  28.346  -12.337  -22.284 0.2500000000
52321  28.675  -11.667  -22.566 0.2500000000
123149  16.067  -4.542  -25.457 0.1250000000
53254  29.316  -10.234  -23.079 0.2500000000
61178  22.604  -2.185  -30.393 0.3750000000
123103  21.439  -2.704  -27.668 0.2500000000
69041  24.490  5.467  -36.896 0.2500000000
60210  16.933  -3.424  -26.466 0.1250000000
58361  17.810  -5.327  -25.457 0.2500000000
107147  22.408  -2.156  -29.763 0.3750000000
123885  26.639  -14.147  -21.894 0.5000000000
49480  22.771  -14.749  -20.526 0.5000000000
53243  29.008  -10.965  -22.837 0.2500000000
50544  22.872  -13.646  -21.647 0.3750000000
51444  22.737  -12.072  -22.729 0.2500000000
50559  22.653  -12.945  -21.991 0.3750000000
51411  27.944  -12.973  -22.094 0.2500000000
48248  27.294  -15.514  -19.226 0.2500000000
50530  26.910  -14.051  -21.156 0.3750000000
46245  26.846  -18.974  -18.802 0.3750000000
46246  25.641  -19.313  -18.626 0.3750000000
58343  16.693  -4.854  -24.710 0.1250000000
46248  22.890  -17.818  -18.177 0.5000000000
121797  25.413  -20.600  -18.513 0.2500000000
43578  24.498  -20.986  -18.359 0.3750000000
45371  24.448  -19.706  -18.499 0.5000000000
46265  23.467  -17.642  -18.543 0.5000000000
46249  22.464  -17.698  -17.814 0.3750000000
47269  22.862  -16.322  -18.737 0.5000000000
123765  23.100  -17.043  -18.474 0.5000000000
47268  23.431  -16.615  -19.160 0.5000000000
118993  21.722  -17.473  -17.007 0.1250000000
48253  22.731  -15.516  -19.290 0.2500000000
45345  21.453  -18.013  -16.304 0.1250000000
46224  21.763  -17.995  -16.927 0.2500000000
45358  22.479  -18.314  -17.403 0.3750000000
44469  24.980  -21.312  -18.001 0.2500000000
120256  23.626  -20.132  -17.934 0.3750000000
113787  23.297  -19.060  -17.804 0.5000000000
47238  21.365  -17.648  -16.408 0.1250000000
46232  22.115  -17.902  -17.428 0.3750000000
48231  22.436  -16.144  -17.704 0.1250000000
48239  22.648  -15.819  -18.465 0.1250000000
63105  30.311  -0.002  -27.891 0.1250000000
49459  22.547  -14.692  -19.636 0.2500000000
44481  26.319  -20.223  -18.627 0.2500000000
45372  22.698  -18.322  -17.766 0.5000000000
108188  23.425  -18.839  -18.199 0.5000000000
47254  22.679  -17.081  -18.107 0.5000000000
44483  24.637  -20.884  -18.422 0.3750000000
44471  23.878  -20.365  -18.226 0.3750000000
117145  22.584  -16.483  -18.064 0.1250000000
47230  21.423  -16.999  -16.486 0.1250000000
47237  21.965  -16.656  -17.065 0.1250000000
47243  22.254  -17.093  -17.591 0.1250000000
46217  21.070  -17.755  -15.952 0.1250000000
123690  24.353  -20.619  -17.767 0.2500000000
45344  22.227  -18.306  -16.736 0.2500000000
109974  23.510  -18.534  -16.585 0.2500000000
51428  22.621  -12.392  -22.257 0.2500000000
124771  23.144  -18.756  -17.525 0.2500000000
51412  22.429  -12.402  -21.751 0.1250000000
117890  26.650  2.948  -34.970 0.1250000000
66105  26.917  1.939  -33.391 0.1250000000
121218  26.819  2.951  -34.351 0.1250000000
67073  26.698  3.627  -34.336 0.1250000000
68082  25.494  4.561  -36.195 0.1250000000
67084  26.347  3.734  -35.270 0.1250000000
68060  26.673  4.418  -34.007 0.1250000000
68069  26.094  4.499  -35.582 0.1250000000
69040  25.231  5.375  -36.463 0.1250000000
66092  26.618  1.557  -32.417 0.1250000000
109286  25.873  5.277  -35.806 0.1250000000
69024  26.205  5.978  -35.144 0.1250000000
64134  25.929  -0.285  -31.832 0.1250000000
107141  20.943  -2.860  -27.217 0.1250000000
117813  22.469  -14.050  -20.209 0.1250000000
51390  22.317  -12.652  -20.974 0.1250000000
129651  22.177  -2.060  -29.171 0.1250000000
120279  25.144  -0.305  -31.610 0.1250000000
115787  26.621  2.698  -32.697 0.1250000000
117192  26.593  3.794  -33.221 0.1250000000
69015  26.547  5.770  -33.416 0.1250000000
69992  26.474  6.296  -34.179 0.1250000000
115583  25.573  6.126  -35.962 0.1250000000
64135  25.311  -0.928  -31.814 0.1250000000
52322  22.591  -11.659  -22.716 0.1250000000
51427  22.950  -12.726  -22.591 0.1250000000
118278  22.410  -13.099  -21.257 0.1250000000
119632  22.365  -13.270  -20.401 0.1250000000
109809  21.937  -2.360  -28.408 0.1250000000
121246  22.530  -12.018  -22.288 0.1250000000
124712  22.384  -12.235  -21.551 0.1250000000
118565  26.845  2.898  -33.702 0.1250000000
69031  26.312  5.110  -35.170 0.1250000000
69023  26.538  5.279  -34.311 0.1250000000
67040  25.729  3.565  -31.703 0.1250000000
119888  26.209  6.922  -34.814 0.1250000000
45369  27.255  -19.853  -18.930 0.1250000000
46244  27.634  -18.105  -18.823 0.1250000000
47251  27.591  -16.699  -18.784 0.1250000000
110085  28.023  -14.940  -19.338 0.1250000000
50502  27.949  -13.644  -20.313 0.1250000000
50527  29.084  -12.959  -20.125 0.1250000000
113829  28.841  -12.519  -20.665 0.1250000000
50528  28.319  -13.079  -20.670 0.1250000000
52282  29.087  -11.986  -20.963 0.1250000000
53203  30.114  -11.018  -20.842 0.1250000000
52302  29.419  -11.356  -21.256 0.1250000000
118489  29.458  -10.411  -22.266 0.1250000000
109798  24.627  -18.994  -17.116 0.1250000000
126244  23.802  -19.340  -17.569 0.1250000000
45343  25.267  -20.369  -17.556 0.1250000000
121835  25.577  -20.868  -17.954 0.1250000000
44468  26.326  -20.379  -18.306 0.1250000000
45368  27.849  -19.420  -18.999 0.1250000000
44467  27.335  -19.819  -18.826 0.1250000000
111132  28.323  -17.735  -19.003 0.1250000000
47250  28.489  -16.888  -18.977 0.1250000000
112841  28.752  -15.373  -19.175 0.1250000000
50501  28.582  -13.574  -19.914 0.1250000000
50500  29.466  -13.630  -19.621 0.1250000000
52281  29.793  -11.697  -20.593 0.1250000000
54169  30.018  -9.931  -21.770 0.1250000000
53223  30.490  -10.377  -21.206 0.1250000000
54208  29.488  -9.431  -23.302 0.1250000000
125438  27.780  -19.312  -19.074 0.1250000000
52320  29.144  -11.120  -22.016 0.1250000000
48238  28.204  -15.882  -18.958 0.1250000000
51388  28.439  -12.510  -21.385 0.1250000000
43576  25.337  -20.987  -18.284 0.1250000000
49457  27.960  -14.149  -19.775 0.1250000000
51387  29.478  -12.337  -20.337 0.1250000000
52303  28.815  -11.800  -21.732 0.1250000000
53224  29.726  -10.666  -21.516 0.1250000000
52280  30.607  -11.557  -20.382 0.1250000000
46243  28.432  -18.765  -19.159 0.1250000000
54168  30.861  -9.647  -21.495 0.1250000000
43577  24.871  -21.227  -18.303 0.2500000000
44470  24.434  -21.049  -18.204 0.3750000000
44482  24.926  -21.162  -18.363 0.3750000000
54222  29.091  -10.051  -24.695 0.5000000000
55246  23.498  -8.490  -27.309 1.0000000000
55273  26.830  -8.062  -29.391 1.0000000000
56317  28.591  -7.382  -27.124 0.6250000000
56333  23.178  -6.899  -27.759 1.0000000000
56346  26.012  -7.419  -29.769 1.0000000000
56355  27.211  -6.993  -30.752 1.0000000000
57317  30.184  -6.924  -23.709 0.1250000000
57395  23.075  -6.059  -28.004 1.0000000000
57408  24.155  -5.823  -29.250 1.0000000000
57418  27.441  -6.691  -31.170 1.0000000000
57420  25.895  -6.362  -30.798 1.0000000000
57431  27.273  -6.551  -31.755 1.0000000000
57432  26.696  -6.512  -31.703 1.0000000000
57439  26.898  -6.226  -32.211 1.0000000000
58344  16.044  -4.654  -25.085 0.1250000000
58362  16.889  -4.931  -25.193 0.1250000000
58376  18.177  -5.303  -25.767 0.2500000000
58417  27.918  -5.589  -32.122 1.0000000000
59268  32.595  -4.298  -24.212 0.1250000000
59298  16.852  -4.727  -25.770 0.1250000000
59299  15.110  -3.995  -25.240 0.1250000000
59347  24.390  -4.155  -30.712 1.0000000000
59355  25.418  -4.772  -31.759 1.0000000000
59362  28.086  -4.794  -32.193 1.0000000000
59364  26.530  -4.866  -32.666 1.0000000000
60166  32.411  -3.747  -24.556 0.1250000000
60167  31.604  -3.755  -24.659 0.1250000000
60185  31.330  -3.345  -25.147 0.1250000000
60233  28.771  -4.114  -30.388 1.0000000000
60234  23.128  -3.120  -29.760 0.8750000000
60242  23.104  -2.654  -30.342 0.8750000000
60259  25.195  -2.863  -32.111 1.0000000000
60260  24.566  -2.922  -31.581 1.0000000000
61157  30.566  -2.153  -26.500 0.1250000000
61177  28.841  -2.849  -30.717 0.7500000000
61184  24.180  -2.277  -31.446 1.0000000000
61196  25.410  -2.144  -32.114 1.0000000000
61203  27.970  -2.673  -33.701 1.0000000000
61205  26.567  -2.607  -34.343 1.0000000000
61235  24.964  -1.053  -45.128 0.3750000000
61236  24.843  -0.506  -45.153 0.3750000000
62184  24.222  -1.688  -31.563 0.8750000000
62185  23.669  -1.579  -31.453 0.3750000000
62206  26.040  -1.781  -34.125 1.0000000000
62241  24.289  -0.695  -43.188 0.3750000000
62242  25.385  -0.499  -43.729 0.3750000000
62243  26.829  -1.420  -44.971 0.3750000000
62245  26.315  -0.850  -45.327 0.3750000000
62246  25.699  -0.828  -45.342 0.3750000000
62247  25.049  -0.235  -45.335 0.3750000000
62249  23.688  0.065  -44.635 0.3750000000
62250  26.095  -0.183  -45.780 0.3750000000
63123  28.738  -0.611  -29.424 0.5000000000
63151  25.692  -1.039  -32.222 0.7500000000
63169  25.609  -1.340  -32.288 0.8750000000
63235  23.646  0.565  -41.959 0.7500000000
63237  25.032  -0.318  -43.572 0.3750000000
63238  24.074  0.071  -43.187 0.3750000000
63240  26.421  -1.331  -44.170 0.3750000000
63242  25.400  -0.074  -43.888 0.3750000000
63244  27.314  -0.312  -45.536 0.3750000000
63245  26.978  -0.613  -44.541 0.2500000000
63247  27.202  -0.176  -46.005 0.1250000000
63248  26.643  -0.246  -45.828 0.3750000000
63250  24.094  -0.037  -45.006 0.3750000000
63252  27.284  0.370  -46.242 0.1250000000
63253  26.648  -0.021  -46.003 0.1250000000
63255  25.175  0.258  -45.899 0.2500000000
64093  29.547  -0.026  -28.466 0.2500000000
64173  28.085  0.551  -36.435 0.8750000000
64181  27.507  0.628  -37.169 0.8750000000
64200  23.945  0.513  -42.667 0.3750000000
64201  20.856  1.768  -41.992 0.3750000000
64203  25.057  0.895  -44.230 0.3750000000
64207  27.460  0.331  -45.361 0.1250000000
64211  22.891  1.022  -44.494 0.2500000000
64213  23.395  2.012  -43.069 0.3750000000
64214  27.215  0.837  -46.512 0.1250000000
64218  27.286  0.714  -46.464 0.1250000000
64220  25.631  0.828  -46.223 0.1250000000
64223  27.568  0.822  -46.710 0.1250000000
64224  26.940  1.184  -46.810 0.1250000000
64225  26.427  1.457  -46.716 0.1250000000
65119  30.110  1.736  -29.823 0.2500000000
65132  29.227  1.872  -31.110 0.3750000000
65149  26.495  0.424  -32.388 0.1250000000
65159  28.934  1.663  -33.770 0.5000000000
65214  25.851  0.918  -38.398 1.0000000000
65231  21.744  2.086  -39.898 0.7500000000
65233  21.452  2.747  -40.755 0.3750000000
65238  21.383  2.641  -41.036 0.3750000000
65241  21.447  2.058  -41.819 0.3750000000
65244  22.280  2.112  -42.503 0.3750000000
65245  27.095  1.095  -45.432 0.2500000000
65249  23.076  2.149  -42.821 0.2500000000
65250  27.197  1.191  -46.814 0.1250000000
65251  27.875  1.719  -45.974 0.1250000000
65252  26.700  2.053  -45.617 0.1250000000
65253  23.767  1.871  -45.438 0.1250000000
65254  27.565  1.456  -46.921 0.1250000000
65255  25.865  1.369  -46.512 0.1250000000
65257  24.811  2.044  -46.487 0.1250000000
65259  27.438  1.733  -47.069 0.1250000000
65262  25.387  2.129  -46.984 0.1250000000
66059  29.776  2.348  -30.777 0.2500000000
66139  28.601  2.646  -36.361 0.3750000000
66150  28.350  1.847  -37.078 0.7500000000
66171  26.786  2.313  -39.790 0.5000000000
66183  21.722  2.855  -39.882 0.7500000000
66184  21.545  2.915  -40.316 0.3750000000
66187  21.764  3.044  -40.249 0.3750000000
66194  23.239  3.232  -44.148 0.1250000000
66196  28.029  1.891  -46.746 0.1250000000
66197  27.349  2.482  -46.640 0.1250000000
66201  27.549  2.346  -47.000 0.1250000000
66202  27.045  2.808  -47.003 0.1250000000
66204  27.800  1.923  -47.044 0.1250000000
66205  27.120  2.205  -47.016 0.1250000000
66206  26.726  2.387  -47.038 0.1250000000
66207  25.791  2.599  -47.093 0.1250000000
66208  25.131  2.750  -47.011 0.1250000000
67083  29.051  3.732  -35.099 0.1250000000
67107  28.468  3.717  -36.565 0.1250000000
67129  27.208  3.323  -38.902 0.3750000000
67130  26.848  3.148  -39.593 0.2500000000
67160  26.529  3.199  -46.889 0.1250000000
67161  25.836  3.614  -46.769 0.1250000000
67162  25.228  3.538  -46.446 0.1250000000
67163  24.285  3.168  -44.486 0.1250000000
67164  26.144  3.252  -47.053 0.1250000000
67166  25.040  3.384  -47.081 0.1250000000
67168  25.576  3.139  -47.017 0.1250000000
68068  26.475  4.457  -34.794 0.1250000000
68133  26.199  4.692  -40.951 0.1250000000
70046  19.097  6.894  -39.662 0.2500000000
70048  17.969  6.841  -40.541 0.2500000000
71038  24.616  8.023  -36.470 0.1250000000
71057  22.534  6.658  -37.615 0.1250000000
72052  18.401  7.816  -37.891 0.1250000000
107119  23.994  2.146  -43.448 0.3750000000
107122  21.469  0.614  -40.769 0.6250000000
107123  21.458  0.275  -41.616 0.3750000000
107124  21.437  2.582  -40.619 0.3750000000
107196  24.589  -1.080  -44.310 0.3750000000
107201  19.505  6.333  -41.221 0.1250000000
107210  24.844  -1.325  -44.529 0.3750000000
107220  25.945  -1.908  -44.506 0.3750000000
107229  21.941  4.092  -42.633 0.1250000000
107235  23.115  1.370  -42.925 0.3750000000
107247  23.608  0.970  -42.660 0.3750000000
107286  23.504  1.161  -43.775 0.3750000000
107294  21.561  3.013  -40.781 0.3750000000
107308  21.338  2.572  -41.383 0.3750000000
107323  20.977  1.238  -41.316 0.3750000000
107328  24.031  -0.692  -44.285 0.3750000000
109604  24.716  -4.052  -31.332 1.0000000000
109927  24.455  1.357  -46.098 0.1250000000
110074  26.449  3.094  -46.305 0.1250000000
110783  24.428  -0.424  -43.281 0.3750000000
113086  23.591  -3.686  -29.896 1.0000000000
113234  28.520  -0.744  -34.415 1.0000000000
117069  27.261  4.431  -38.614 0.1250000000
117835  15.773  -4.049  -25.910 0.1250000000
119827  26.365  3.859  -42.938 0.1250000000
119901  29.687  3.526  -32.635 0.1250000000
120073  27.132  0.921  -38.340 0.8750000000
120997  20.134  6.665  -40.274 0.2500000000
121259  25.259  -1.007  -44.374 0.3750000000
122105  25.939  -1.278  -45.116 0.3750000000
122113  23.845  -1.078  -43.991 0.3750000000
122114  25.715  -2.014  -44.787 0.3750000000
122117  24.335  -1.312  -43.621 0.3750000000
122118  25.342  -1.278  -45.013 0.3750000000
122186  18.797  6.473  -40.781 0.2500000000
122251  24.015  -0.910  -43.275 0.3750000000
122252  25.038  -1.386  -44.625 0.3750000000
123071  23.632  1.336  -45.405 0.1250000000
124282  25.551  -5.413  -31.483 1.0000000000
124474  24.150  0.524  -45.381 0.3750000000
124577  22.900  -5.448  -28.225 1.0000000000
124864  27.445  -7.549  -29.647 0.8750000000
125002  21.547  2.049  -42.279 0.2500000000
125021  26.528  -5.632  -32.412 1.0000000000
125041  22.984  0.735  -41.219 0.7500000000
127687  20.461  6.766  -36.999 0.2500000000
128079  28.569  0.489  -32.208 0.6250000000
128138  22.887  2.204  -42.791 0.2500000000
128201  24.419  -0.054  -45.062 0.3750000000
128315  21.088  1.983  -41.305 0.3750000000
128365  23.080  0.604  -41.753 0.7500000000
128694  27.271  -2.766  -34.585 1.0000000000
130189  24.743  -21.163  -18.353 0.3750000000
