#!ascii label  , from subject sub-v1s11x0050168_ses-1 vox2ras=TkReg
698
16338  29.047  -51.763  0.263 0.6000000238
13652  24.333  -55.293  -6.147 0.6999999881
13627  24.912  -54.857  -4.422 0.6999999881
14193  26.669  -54.749  -0.599 0.8999999762
14192  27.259  -54.243  -0.044 0.8000000119
14856  28.088  -52.962  0.038 0.8000000119
16360  28.728  -51.265  -0.400 0.6000000238
16359  29.412  -50.833  0.212 0.6999999881
17098  29.985  -50.038  0.538 0.6999999881
13653  23.511  -55.332  -6.263 0.6999999881
117341  22.530  -55.058  -5.788 0.6999999881
13628  24.596  -55.247  -5.321 0.6999999881
110988  25.299  -54.095  -4.606 0.6000000238
14245  25.415  -54.404  -3.513 0.6999999881
14230  25.409  -55.001  -2.655 0.6999999881
108458  26.226  -54.046  -2.230 0.8000000119
14875  26.696  -53.628  -1.746 0.8000000119
14211  26.929  -53.922  -0.908 0.8000000119
15585  27.701  -52.670  -0.728 0.8000000119
15584  28.317  -52.095  -0.334 0.6000000238
17109  28.838  -50.508  -0.536 0.6000000238
17108  29.314  -49.930  -0.101 0.6999999881
17823  30.481  -49.334  0.744 0.6999999881
14271  22.284  -54.298  -5.544 0.5000000000
14272  21.477  -54.714  -5.193 0.6000000238
14933  23.753  -53.768  -6.216 0.4000000060
114026  24.467  -54.667  -6.183 0.6000000238
14270  24.849  -54.272  -6.051 0.5000000000
14904  25.657  -53.675  -3.932 0.6000000238
14229  26.009  -53.693  -3.065 0.8000000119
15611  26.472  -52.930  -3.010 0.6999999881
121539  27.269  -52.107  -2.240 0.6999999881
16374  27.663  -51.608  -1.755 0.6999999881
112659  28.403  -50.338  -1.263 0.5000000000
17834  28.769  -49.768  -0.822 0.6000000238
17833  29.206  -49.170  -0.430 0.6000000238
17824  29.794  -49.276  0.224 0.6000000238
17811  31.080  -49.361  1.143 0.5000000000
15629  22.170  -53.024  -4.299 0.5000000000
14915  21.603  -53.675  -4.505 0.6000000238
14916  21.076  -54.245  -4.098 0.6000000238
14924  21.808  -53.741  -5.095 0.5000000000
14914  25.631  -53.230  -4.819 0.5000000000
15620  26.099  -52.419  -4.410 0.6000000238
16386  26.607  -51.719  -3.918 0.6000000238
16379  27.318  -51.512  -2.605 0.6000000238
17120  27.652  -50.897  -2.294 0.5000000000
17127  27.943  -50.250  -1.986 0.5000000000
17845  28.324  -49.637  -1.616 0.6000000238
17844  28.694  -49.027  -1.177 0.6000000238
18509  29.641  -48.575  -0.076 0.5000000000
115184  30.608  -47.856  0.523 0.5000000000
18500  31.428  -47.772  0.975 0.5000000000
18501  31.024  -48.619  0.939 0.5000000000
14905  22.107  -53.484  -3.482 0.5000000000
111790  21.871  -54.062  -2.970 0.5000000000
14923  22.343  -53.090  -5.279 0.5000000000
15649  23.967  -52.845  -6.289 0.4000000060
114090  24.176  -52.141  -6.345 0.3000000119
15648  24.781  -52.648  -6.527 0.4000000060
15634  25.408  -52.393  -6.224 0.3000000119
16411  24.803  -51.733  -6.636 0.3000000119
15627  25.730  -52.425  -5.409 0.5000000000
16393  26.160  -51.694  -4.943 0.5000000000
17135  26.584  -50.987  -4.559 0.5000000000
120388  27.312  -50.871  -3.025 0.5000000000
17851  27.873  -49.538  -2.406 0.5000000000
108522  28.239  -48.877  -1.966 0.6000000238
18518  28.597  -48.246  -1.462 0.6000000238
18517  29.074  -48.418  -0.716 0.5000000000
120179  29.564  -47.869  -0.296 0.5000000000
108737  30.991  -47.034  0.639 0.5000000000
15614  22.837  -53.212  -3.006 0.5000000000
15622  22.738  -52.738  -3.630 0.5000000000
16389  22.909  -52.173  -4.363 0.5000000000
16402  22.909  -51.896  -5.051 0.4000000060
15636  22.606  -52.511  -5.214 0.5000000000
16401  23.393  -51.253  -5.464 0.4000000060
16412  23.958  -51.409  -6.186 0.3000000119
16400  25.449  -51.537  -6.535 0.3000000119
17143  26.515  -50.271  -5.087 0.4000000060
119869  27.248  -50.226  -3.472 0.5000000000
17852  27.522  -49.529  -3.186 0.4000000060
19191  28.988  -47.618  -0.946 0.5000000000
119391  28.956  -46.780  -1.255 0.5000000000
19184  29.617  -47.006  -0.434 0.5000000000
19175  31.946  -47.004  1.074 0.5000000000
19865  30.712  -46.258  0.363 0.4000000060
19183  30.324  -46.897  0.169 0.5000000000
14892  23.231  -53.373  -2.284 0.5000000000
15613  23.483  -52.640  -2.834 0.5000000000
15621  23.319  -52.184  -3.601 0.5000000000
16388  23.561  -51.551  -3.947 0.4000000060
16394  23.350  -51.354  -4.733 0.4000000060
17152  23.860  -50.585  -5.892 0.3000000119
121444  25.195  -51.039  -6.836 0.3000000119
17150  26.248  -50.269  -5.984 0.4000000060
17865  26.487  -49.565  -5.625 0.4000000060
17864  26.739  -49.515  -4.748 0.4000000060
17142  26.832  -50.241  -4.215 0.4000000060
17857  27.142  -49.518  -3.938 0.4000000060
119289  27.415  -48.902  -3.644 0.5000000000
18536  27.838  -47.862  -2.968 0.5000000000
18528  28.203  -48.074  -2.266 0.6000000238
19874  29.468  -46.143  -0.861 0.4000000060
19873  30.088  -46.241  -0.193 0.5000000000
15612  24.266  -52.168  -2.248 0.4000000060
16381  23.919  -51.845  -3.120 0.4000000060
17137  23.842  -50.803  -4.272 0.4000000060
17145  23.592  -50.580  -5.057 0.4000000060
17166  24.565  -50.816  -6.535 0.4000000060
129752  25.686  -50.224  -6.971 0.4000000060
17163  26.019  -50.197  -6.693 0.4000000060
17871  26.277  -49.589  -6.445 0.4000000060
18547  26.660  -48.920  -5.307 0.4000000060
18546  27.047  -48.661  -4.498 0.5000000000
18537  27.503  -48.045  -3.741 0.5000000000
19209  27.771  -47.220  -3.414 0.6000000238
19884  28.541  -46.588  -2.134 0.5000000000
19893  28.643  -45.771  -2.530 0.4000000060
19883  28.977  -45.972  -1.673 0.4000000060
15603  24.552  -52.399  -1.277 0.4000000060
16387  24.228  -51.102  -3.452 0.4000000060
16380  24.555  -51.377  -2.583 0.4000000060
17136  24.434  -50.309  -3.732 0.4000000060
17867  23.979  -49.904  -5.393 0.4000000060
17881  26.080  -49.636  -6.915 0.4000000060
18558  26.492  -48.861  -6.125 0.4000000060
116887  27.213  -47.675  -4.718 0.4000000060
19902  27.694  -46.561  -3.982 0.4000000060
19894  28.167  -46.377  -3.133 0.6000000238
16375  24.877  -51.630  -1.667 0.4000000060
17122  25.156  -50.854  -2.071 0.4000000060
17130  24.779  -50.589  -2.904 0.4000000060
17144  24.079  -50.045  -4.549 0.4000000060
129608  24.238  -49.285  -5.571 0.4000000060
116069  25.025  -48.997  -6.696 0.5000000000
17882  25.671  -49.157  -7.076 0.4000000060
114216  26.291  -48.065  -7.061 0.3000000119
19226  26.475  -48.128  -6.535 0.3000000119
18557  26.728  -48.108  -5.571 0.4000000060
116949  27.429  -46.816  -4.819 0.4000000060
19909  27.660  -45.920  -4.661 0.4000000060
119478  27.953  -45.886  -3.840 0.5000000000
17866  24.236  -49.312  -4.846 0.4000000060
113706  24.383  -48.661  -5.239 0.3000000119
17872  24.480  -48.798  -6.055 0.3000000119
18571  25.606  -48.379  -6.999 0.3000000119
19247  26.317  -47.419  -7.200 0.3000000119
19225  26.717  -47.526  -6.264 0.3000000119
20678  27.538  -45.493  -5.329 0.4000000060
20670  27.793  -45.216  -4.735 0.4000000060
17129  25.327  -50.070  -2.397 0.3000000119
17853  24.988  -49.832  -3.187 0.3000000119
18538  25.133  -48.674  -3.751 0.3000000119
18539  24.664  -48.676  -4.493 0.3000000119
18549  24.675  -47.962  -4.921 0.3000000119
18572  24.896  -48.148  -6.435 0.4000000060
19237  25.426  -47.427  -6.819 0.4000000060
19939  26.003  -47.062  -7.396 0.3000000119
19938  26.411  -46.725  -7.351 0.3000000119
121312  27.122  -46.161  -6.854 0.3000000119
19917  27.333  -46.270  -5.759 0.4000000060
21483  27.570  -44.674  -5.185 0.4000000060
19238  24.717  -47.306  -6.130 0.4000000060
19926  25.551  -46.499  -7.005 0.4000000060
114528  26.060  -46.276  -7.444 0.4000000060
114714  26.625  -46.039  -7.364 0.3000000119
20684  27.200  -45.333  -6.229 0.4000000060
21498  26.646  -44.817  -6.916 0.4000000060
22316  26.984  -44.308  -6.030 0.4000000060
129247  26.104  -45.612  -7.445 0.4000000060
20696  26.300  -45.113  -7.386 0.5000000000
21508  26.160  -44.405  -7.322 0.4000000060
22317  26.396  -43.948  -6.797 0.4000000060
114032  27.953  -43.890  -4.500 0.3000000119
22303  26.800  -43.330  -6.012 0.3000000119
15565  28.704  -52.539  0.446 0.6999999881
14212  26.432  -54.384  -1.457 0.8000000119
126442  28.455  -50.903  -0.976 0.6000000238
15602  27.437  -52.402  -1.541 0.6999999881
15601  27.826  -52.027  -1.061 0.6999999881
18502  30.255  -48.626  0.434 0.6000000238
120704  24.828  -53.920  -6.273 0.4000000060
14922  25.386  -53.154  -5.913 0.4000000060
14903  26.036  -53.046  -3.789 0.6999999881
15610  26.873  -52.134  -2.979 0.6999999881
17119  28.062  -50.915  -1.567 0.6999999881
15628  22.503  -52.515  -4.796 0.5000000000
17134  26.944  -50.918  -3.727 0.5000000000
15633  25.786  -51.657  -5.884 0.4000000060
18529  27.771  -48.697  -2.877 0.6000000238
19192  28.538  -47.426  -1.755 0.5000000000
19201  28.150  -47.256  -2.607 0.6000000238
17151  24.501  -49.795  -6.320 0.3000000119
19218  27.066  -47.203  -5.631 0.4000000060
16361  25.454  -51.048  -1.156 0.4000000060
19925  26.737  -46.789  -7.086 0.3000000119
20685  26.873  -45.532  -7.097 0.3000000119
22302  27.433  -43.645  -5.239 0.3000000119
11241  27.160  -59.218  2.770 0.6000000238
11240  28.084  -59.286  3.173 0.6000000238
119613  30.788  -60.785  2.794 0.6000000238
114983  31.303  -60.189  2.472 0.6000000238
10684  26.440  -60.603  2.265 0.5000000000
119230  26.718  -59.952  2.518 0.6000000238
113365  26.422  -57.907  1.219 0.6999999881
11784  26.901  -58.455  2.431 0.6999999881
121205  27.498  -60.031  3.070 0.6000000238
115155  28.210  -57.920  2.920 0.6000000238
11782  28.602  -58.536  3.112 0.6000000238
11781  29.546  -58.538  3.038 0.6000000238
11780  30.475  -58.595  2.714 0.6000000238
11237  30.917  -59.395  2.611 0.6000000238
11779  31.368  -58.701  2.336 0.6000000238
11792  32.789  -58.912  1.118 0.6999999881
125574  26.045  -59.647  0.933 0.6000000238
119210  26.037  -58.037  0.317 0.6999999881
10694  26.188  -60.084  1.600 0.5000000000
11805  26.171  -58.847  0.831 0.6999999881
11251  26.303  -59.268  1.473 0.6999999881
12335  27.132  -57.115  2.118 0.6999999881
12324  27.476  -57.657  2.564 0.6999999881
114488  29.014  -57.797  2.996 0.5000000000
12320  30.965  -57.888  2.454 0.6000000238
116449  31.597  -57.161  2.165 0.6000000238
125077  32.263  -57.589  1.751 0.6999999881
12937  32.487  -56.950  1.657 0.6999999881
12345  33.092  -58.223  0.829 0.6999999881
12344  33.361  -57.474  0.612 0.6999999881
13017  32.453  -56.514  -5.624 0.4000000060
13599  32.689  -55.786  -3.117 0.5000000000
113232  33.618  -55.691  -1.750 0.6000000238
12969  33.531  -56.358  -1.443 0.6000000238
12948  33.681  -56.697  0.424 0.6999999881
10743  25.345  -60.730  -1.589 0.5000000000
11288  25.268  -59.853  -1.284 0.5000000000
121000  25.306  -58.963  -0.903 0.6000000238
10721  25.537  -60.468  -0.797 0.5000000000
11815  25.521  -58.099  -0.526 0.6999999881
11814  25.725  -58.878  -0.084 0.5000000000
11262  25.806  -59.624  0.262 0.6000000238
12356  25.949  -57.279  -0.224 0.6999999881
12346  26.402  -57.215  0.642 0.6999999881
12949  26.720  -56.452  0.959 0.6999999881
12927  28.480  -56.457  2.576 0.6999999881
110546  30.518  -57.046  2.564 0.6000000238
12925  31.056  -56.311  2.365 0.6000000238
12938  31.968  -56.291  1.949 0.6999999881
12936  33.248  -56.850  1.181 0.6999999881
114724  33.609  -56.086  1.026 0.6999999881
12958  33.797  -56.508  -0.512 0.6000000238
13568  34.101  -55.825  0.203 0.6000000238
11348  23.661  -59.346  -4.599 0.5000000000
10785  24.462  -60.738  -3.560 0.4000000060
115648  24.412  -58.817  -2.522 0.5000000000
11327  24.089  -59.212  -3.375 0.5000000000
11289  24.814  -59.106  -1.776 0.5000000000
12366  24.469  -57.406  -2.336 0.6000000238
11826  24.559  -58.202  -2.060 0.6000000238
12971  25.425  -56.386  -1.432 0.6999999881
12357  25.339  -57.267  -1.080 0.6000000238
12960  25.872  -56.496  -0.692 0.6999999881
13556  26.680  -55.885  0.441 0.6999999881
13522  27.894  -56.019  2.299 0.6999999881
118920  29.166  -56.024  2.588 0.6999999881
12926  30.081  -56.207  2.598 0.6999999881
13519  30.626  -55.541  2.408 0.6999999881
13538  31.486  -55.601  2.148 0.6999999881
14164  32.481  -54.754  1.649 0.8000000119
13536  33.213  -55.331  1.355 0.6999999881
14210  33.964  -55.048  -1.591 0.5000000000
14191  34.497  -54.510  -0.603 0.6000000238
13553  34.186  -54.962  0.453 0.6000000238
11349  23.497  -59.473  -5.683 0.4000000060
12398  23.573  -57.752  -5.031 0.6000000238
11837  24.062  -58.112  -3.004 0.6000000238
12387  23.781  -57.516  -3.918 0.6000000238
12984  24.558  -56.548  -2.669 0.6000000238
12983  25.070  -56.221  -2.057 0.6000000238
13571  25.874  -55.872  -1.132 0.6999999881
13570  26.365  -55.683  -0.393 0.6999999881
13555  27.095  -55.736  1.108 0.6999999881
13540  27.613  -55.543  1.771 0.6999999881
14180  27.593  -54.469  0.833 0.8000000119
13539  28.019  -54.776  1.652 0.8000000119
14148  29.368  -54.651  2.262 0.6000000238
14146  31.120  -54.911  2.219 0.6000000238
14827  32.551  -53.806  1.592 0.8000000119
14163  33.323  -54.411  1.327 0.6999999881
14889  33.659  -53.817  -2.958 0.5000000000
14209  34.386  -54.390  -1.275 0.6000000238
14178  34.079  -54.146  0.787 0.6999999881
14888  34.084  -53.564  -2.375 0.6000000238
12422  23.192  -58.236  -6.166 0.5000000000
11887  22.691  -58.422  -6.339 0.4000000060
11876  21.487  -58.973  -5.692 0.4000000060
12409  23.413  -57.946  -5.854 0.5000000000
11863  23.504  -58.679  -5.380 0.5000000000
12397  23.796  -56.996  -4.654 0.6000000238
12994  24.140  -56.594  -3.796 0.6000000238
13617  24.936  -55.252  -3.453 0.6000000238
13584  25.529  -55.585  -1.861 0.6999999881
13569  27.021  -55.132  0.358 0.8000000119
14179  28.231  -53.973  1.192 0.6000000238
14830  29.835  -53.429  1.731 0.6000000238
116206  30.880  -54.199  2.116 0.6999999881
15550  32.108  -52.960  1.596 0.6999999881
15548  33.316  -52.152  1.364 0.6999999881
14855  34.629  -53.729  -0.624 0.6000000238
15563  34.382  -52.659  0.568 0.6000000238
16336  34.687  -51.776  0.201 0.6000000238
110520  34.610  -52.882  -1.173 0.6000000238
13021  22.170  -56.343  -5.778 0.5000000000
12424  22.349  -57.729  -6.096 0.5000000000
12410  21.453  -57.679  -5.616 0.5000000000
11877  21.056  -58.228  -5.091 0.5000000000
112707  23.627  -56.107  -6.227 0.5000000000
13038  23.392  -57.068  -6.007 0.5000000000
117771  24.267  -55.928  -5.542 0.6000000238
14841  27.807  -53.699  0.441 0.6999999881
15553  29.002  -52.867  0.991 0.6000000238
16315  30.064  -52.163  1.227 0.6000000238
15551  30.888  -52.127  1.458 0.6000000238
114452  31.786  -52.195  1.529 0.6999999881
16313  31.460  -51.358  1.441 0.6000000238
16312  32.561  -51.577  1.482 0.6000000238
16310  34.146  -51.837  1.022 0.6999999881
15600  34.345  -52.943  -2.112 0.5000000000
16358  34.775  -51.161  -0.581 0.4000000060
13641  20.952  -55.488  -5.037 0.5000000000
13629  20.508  -55.463  -4.488 0.5000000000
13008  20.424  -56.124  -4.309 0.5000000000
113789  20.593  -56.895  -4.168 0.5000000000
12389  20.751  -56.712  -3.172 0.5000000000
12378  21.144  -57.259  -2.551 0.5000000000
16337  29.758  -51.545  0.785 0.6000000238
123158  30.867  -50.829  1.268 0.6000000238
17077  31.505  -50.511  1.406 0.4000000060
17075  33.104  -50.707  1.466 0.5000000000
17074  33.871  -50.121  1.335 0.4000000060
113832  34.762  -50.796  0.168 0.4000000060
109571  34.031  -50.923  1.223 0.5000000000
14273  20.792  -54.923  -4.703 0.6000000238
111925  20.305  -55.420  -3.909 0.5000000000
13603  20.496  -55.562  -3.182 0.5000000000
12985  20.585  -56.150  -2.761 0.5000000000
12379  20.793  -56.680  -2.232 0.5000000000
12367  21.013  -57.182  -1.596 0.5000000000
11816  22.147  -58.470  -1.084 0.4000000060
11276  21.797  -58.760  -0.253 0.5000000000
10723  22.262  -59.570  0.034 0.4000000060
11263  21.304  -59.433  0.302 0.4000000060
126639  22.223  -60.792  0.538 0.4000000060
17078  30.781  -50.082  1.109 0.6000000238
17810  31.583  -49.765  1.368 0.4000000060
110758  33.089  -49.840  1.492 0.4000000060
17807  34.255  -49.611  1.111 0.4000000060
14233  20.672  -54.807  -3.512 0.5000000000
13602  20.854  -55.254  -2.639 0.4000000060
13587  20.923  -55.701  -1.850 0.4000000060
13573  20.921  -56.186  -1.303 0.5000000000
12952  21.000  -57.164  -0.324 0.4000000060
12347  20.926  -57.696  0.739 0.4000000060
12358  20.892  -57.971  0.157 0.5000000000
116898  20.459  -58.427  1.169 0.3000000119
11264  20.240  -59.574  0.594 0.3000000119
11807  19.576  -59.376  1.274 0.3000000119
129825  31.772  -48.357  1.248 0.4000000060
14231  22.112  -54.375  -2.288 0.5000000000
13586  21.534  -55.056  -1.867 0.5000000000
110869  21.466  -55.742  -1.001 0.4000000060
14893  22.513  -53.753  -2.653 0.4000000060
14215  22.420  -54.606  -1.450 0.4000000060
13585  22.089  -55.147  -1.057 0.4000000060
14182  22.951  -55.057  0.366 0.4000000060
14878  22.857  -54.000  -1.857 0.4000000060
14214  23.171  -54.232  -0.997 0.4000000060
14195  22.725  -54.818  -0.594 0.4000000060
14877  23.548  -53.576  -1.408 0.4000000060
14194  23.378  -54.405  -0.030 0.4000000060
14181  23.488  -54.545  1.015 0.4000000060
14169  23.024  -55.241  1.514 0.4000000060
14859  23.766  -53.746  -0.454 0.4000000060
15604  23.941  -52.920  -1.860 0.3000000119
14168  23.415  -54.576  1.880 0.4000000060
14151  22.982  -54.837  2.598 0.4000000060
13507  22.279  -55.320  3.099 0.4000000060
112286  22.246  -53.998  3.400 0.4000000060
15586  24.690  -52.589  -0.294 0.3000000119
15566  24.714  -52.665  0.671 0.4000000060
14842  24.316  -53.254  1.162 0.4000000060
14832  23.802  -53.893  1.690 0.4000000060
14816  23.596  -53.532  2.533 0.4000000060
14817  23.036  -53.965  3.076 0.4000000060
14801  23.252  -53.100  3.019 0.3000000119
15564  29.358  -52.284  0.842 0.6000000238
13020  23.743  -56.809  -5.624 0.5000000000
118836  30.212  -50.795  0.871 0.6000000238
17809  32.357  -49.441  1.459 0.4000000060
118289  30.469  -60.053  2.894 0.6000000238
12333  32.882  -57.564  1.300 0.6999999881
119318  32.845  -56.190  1.511 0.6999999881
13616  32.606  -55.469  -4.240 0.5000000000
107363  33.336  -54.496  -3.050 0.5000000000
12981  33.090  -56.106  -2.268 0.5000000000
13598  33.345  -55.213  -2.467 0.4000000060
13582  34.083  -55.680  -0.909 0.6000000238
11306  24.549  -59.481  -2.536 0.5000000000
129460  28.505  -55.834  2.432 0.6999999881
14177  34.524  -54.349  0.041 0.6000000238
12972  24.907  -56.885  -1.832 0.6000000238
13520  29.728  -55.419  2.495 0.6999999881
14165  31.707  -54.383  1.892 0.8000000119
11875  23.364  -58.889  -6.103 0.4000000060
14149  28.747  -54.275  1.802 0.6000000238
14166  30.066  -54.070  2.124 0.6000000238
15549  32.562  -52.359  1.494 0.6999999881
14826  33.534  -53.566  1.221 0.6999999881
119416  33.852  -53.075  -2.938 0.5000000000
15547  33.814  -52.750  1.106 0.6999999881
110968  34.715  -52.771  -0.194 0.6000000238
14831  29.012  -53.497  1.419 0.6999999881
14829  30.647  -53.487  1.856 0.6999999881
110354  31.206  -52.849  1.648 0.6999999881
16311  33.487  -51.439  1.358 0.6000000238
15583  34.699  -52.025  -0.804 0.6000000238
13022  21.287  -56.256  -5.380 0.5000000000
12399  20.642  -56.861  -4.764 0.5000000000
126294  20.767  -57.452  -4.775 0.4000000060
116941  32.178  -50.866  1.496 0.6000000238
117148  22.599  -60.288  0.239 0.3000000119
17076  32.287  -50.189  1.504 0.5000000000
17808  33.749  -49.388  1.369 0.4000000060
12962  20.837  -56.669  -1.125 0.5000000000
11806  20.314  -58.867  0.876 0.4000000060
10708  20.846  -60.266  0.425 0.4000000060
14858  24.341  -53.255  0.131 0.4000000060
14843  23.885  -53.864  0.593 0.4000000060
8712  37.384  -65.139  -3.267 0.3000000119
10230  29.675  -61.787  -6.204 0.4000000060
9741  31.040  -62.117  -8.219 0.4000000060
9737  30.540  -62.755  -7.974 0.4000000060
9246  30.497  -63.194  -7.920 0.4000000060
115653  30.373  -60.622  -5.186 0.4000000060
10203  30.581  -61.320  -4.477 0.4000000060
10202  31.208  -61.195  -3.735 0.4000000060
114636  31.847  -61.053  -3.017 0.5000000000
10193  31.612  -61.973  -3.083 0.5000000000
10192  32.321  -61.664  -2.249 0.5000000000
11386  31.114  -60.034  -7.152 0.4000000060
10244  30.068  -61.203  -6.581 0.5000000000
10214  30.083  -61.522  -5.294 0.5000000000
9670  32.402  -62.523  -1.755 0.5000000000
10846  31.038  -60.767  -7.781 0.5000000000
10257  30.528  -61.469  -7.589 0.5000000000
10856  31.664  -61.045  -8.417 0.5000000000
9735  31.623  -62.056  -8.254 0.4000000060
10243  31.692  -62.241  -7.890 0.4000000060
9245  30.976  -63.038  -7.763 0.4000000060
10229  31.807  -62.153  -6.603 0.4000000060
9707  32.266  -62.561  -4.967 0.3000000119
9220  32.826  -63.298  -4.429 0.4000000060
11873  31.199  -58.748  -5.633 0.4000000060
11347  31.091  -59.093  -4.415 0.4000000060
11847  31.445  -58.976  -3.801 0.4000000060
11884  31.637  -58.738  -6.576 0.4000000060
11874  30.806  -59.376  -5.528 0.4000000060
11862  30.945  -58.859  -4.952 0.4000000060
11325  31.166  -59.678  -4.056 0.4000000060
11304  31.735  -59.611  -3.346 0.5000000000
10762  32.059  -60.268  -2.864 0.5000000000
11385  31.598  -59.446  -7.397 0.4000000060
11377  30.726  -59.852  -6.244 0.4000000060
10821  30.273  -60.516  -6.020 0.4000000060
11303  32.299  -59.519  -2.543 0.5000000000
10761  32.483  -60.236  -2.121 0.5000000000
10179  32.620  -60.923  -1.637 0.5000000000
10719  32.859  -60.815  -0.644 0.6000000238
10704  32.870  -60.512  0.339 0.6000000238
10157  32.751  -61.449  0.236 0.6000000238
12355  33.341  -58.109  -0.058 0.6000000238
11804  33.122  -58.861  0.251 0.6000000238
10692  32.567  -60.898  1.101 0.5000000000
121647  32.210  -61.809  -7.351 0.4000000060
11250  31.770  -59.513  2.157 0.5000000000
117246  32.025  -62.014  -5.666 0.4000000060
10213  32.511  -61.716  -5.052 0.4000000060
9706  32.972  -62.410  -4.325 0.4000000060
113229  31.828  -57.492  -3.669 0.4000000060
12376  32.105  -58.115  -2.965 0.5000000000
11835  32.409  -58.726  -2.407 0.5000000000
12375  32.640  -57.962  -2.175 0.5000000000
10742  32.770  -60.186  -1.314 0.5000000000
12364  33.207  -57.870  -1.151 0.5000000000
114556  33.076  -59.358  -0.304 0.6000000238
12354  33.534  -57.301  -0.289 0.6000000238
11813  33.121  -58.739  -0.681 0.6000000238
7640  37.369  -66.637  -3.477 0.3000000119
9190  38.010  -63.954  -2.033 0.3000000119
10178  35.829  -61.134  -1.860 0.3000000119
12421  32.167  -57.933  -6.369 0.4000000060
13036  32.092  -57.420  -5.721 0.4000000060
13018  31.944  -57.080  -5.038 0.4000000060
11861  31.334  -58.342  -4.301 0.4000000060
12992  32.222  -56.496  -3.712 0.4000000060
12385  32.339  -57.349  -2.817 0.5000000000
12982  32.528  -56.599  -2.844 0.4000000060
12970  32.958  -57.036  -1.984 0.5000000000
11261  32.938  -59.653  0.530 0.6000000238
116355  32.666  -60.213  1.096 0.5000000000
12993  31.882  -56.982  -4.306 0.4000000060
10784  30.862  -60.455  -4.314 0.4000000060
108627  32.719  -61.801  -1.026 0.5000000000
10190  35.164  -61.303  -2.379 0.3000000119
115080  31.294  -58.195  -5.062 0.4000000060
11836  31.957  -58.879  -3.130 0.5000000000
11287  32.615  -59.210  -1.924 0.5000000000
11824  32.816  -58.667  -1.600 0.6000000238
8698  37.090  -64.438  -2.874 0.3000000119
9232  32.024  -63.497  -5.040 0.3000000119
9683  35.567  -62.088  -2.120 0.3000000119
9684  34.859  -62.150  -2.629 0.3000000119
9720  31.292  -62.871  -6.837 0.4000000060
9736  31.129  -62.540  -8.088 0.4000000060
10125  26.484  -61.281  2.490 0.5000000000
10143  22.210  -61.588  0.784 0.4000000060
10264  32.018  -61.629  -8.392 0.5000000000
10265  31.571  -61.745  -8.309 0.5000000000
10683  26.943  -60.698  2.865 0.6000000238
10705  25.816  -60.353  0.558 0.6000000238
10706  22.814  -61.037  0.397 0.3000000119
10707  21.836  -60.167  0.413 0.4000000060
10764  24.517  -60.105  -3.008 0.5000000000
10783  31.467  -60.371  -3.568 0.4000000060
10835  30.551  -60.604  -6.876 0.5000000000
10845  31.541  -60.164  -7.996 0.5000000000
10855  32.362  -60.977  -8.565 0.5000000000
10857  31.188  -61.470  -8.194 0.4000000060
11238  30.038  -59.312  3.011 0.6000000238
11242  26.545  -59.226  2.165 0.6000000238
11249  32.463  -59.587  1.474 0.5000000000
11273  32.991  -60.005  -0.433 0.6000000238
11274  25.538  -59.674  -0.494 0.5000000000
11277  20.945  -58.612  0.266 0.4000000060
11305  24.917  -60.068  -2.109 0.5000000000
11326  30.718  -59.687  -4.845 0.4000000060
11364  30.532  -59.995  -5.550 0.4000000060
11376  31.230  -59.449  -6.678 0.4000000060
11783  27.690  -58.491  2.880 0.6000000238
11793  32.157  -58.821  1.826 0.6999999881
11794  26.469  -58.552  1.768 0.6999999881
11817  21.273  -57.854  -0.618 0.5000000000
11825  25.041  -58.198  -1.314 0.6000000238
11839  21.586  -57.975  -2.888 0.5000000000
11848  23.659  -58.453  -4.191 0.5000000000
11850  20.922  -57.767  -4.472 0.4000000060
11885  31.084  -59.220  -6.108 0.4000000060
11886  23.057  -59.058  -6.413 0.4000000060
11888  21.816  -58.408  -6.021 0.4000000060
11898  32.078  -58.901  -7.502 0.4000000060
12321  29.990  -57.786  2.807 0.6000000238
12322  29.371  -56.924  2.753 0.5000000000
12323  28.359  -57.235  2.761 0.6999999881
12325  26.726  -57.764  2.046 0.6999999881
12334  31.815  -58.054  2.037 0.6000000238
12336  26.747  -57.121  1.510 0.6999999881
12363  33.448  -57.031  -1.098 0.6000000238
12365  24.835  -57.581  -1.688 0.6000000238
12368  20.940  -57.169  -0.874 0.5000000000
12377  24.114  -57.213  -3.078 0.6000000238
12386  31.677  -58.342  -3.571 0.4000000060
12388  21.057  -57.445  -3.567 0.5000000000
12396  31.588  -57.610  -4.594 0.4000000060
12408  31.668  -58.120  -5.746 0.4000000060
12411  20.900  -57.596  -5.145 0.5000000000
12423  23.024  -57.715  -6.258 0.5000000000
12928  27.716  -56.779  2.424 0.6999999881
12939  27.225  -56.366  1.804 0.6999999881
12959  26.361  -56.506  0.103 0.6999999881
12973  20.690  -56.253  -1.869 0.5000000000
12995  20.409  -56.099  -3.623 0.5000000000
13007  24.070  -56.383  -4.835 0.6000000238
13019  24.071  -56.005  -6.120 0.6999999881
13023  20.673  -56.186  -4.866 0.5000000000
13037  24.114  -55.384  -6.283 0.6999999881
13039  22.909  -56.882  -6.172 0.5000000000
13040  21.840  -56.989  -5.725 0.5000000000
13521  28.901  -55.342  2.407 0.6999999881
13537  32.294  -55.538  1.747 0.8000000119
13554  33.848  -55.427  0.862 0.6999999881
13567  34.383  -55.075  -0.279 0.6000000238
13581  34.339  -54.962  -0.933 0.6000000238
13583  26.150  -55.183  -1.252 0.6999999881
13600  24.995  -55.744  -2.635 0.6000000238
13601  24.581  -55.945  -3.340 0.6000000238
13615  32.932  -55.083  -3.336 0.5000000000
13618  24.470  -55.717  -4.369 0.6999999881
13638  24.408  -55.489  -5.963 0.6999999881
13639  22.882  -55.930  -6.121 0.5000000000
13640  21.845  -55.617  -5.544 0.5000000000
14132  22.498  -54.600  3.209 0.4000000060
14133  21.696  -54.747  3.465 0.4000000060
14147  30.291  -54.789  2.340 0.6000000238
14150  23.420  -54.183  2.414 0.4000000060
14167  29.396  -53.977  1.898 0.6000000238
14213  25.904  -54.752  -2.004 0.6999999881
14228  33.903  -54.315  -2.196 0.5000000000
14232  21.341  -54.611  -2.816 0.5000000000
14246  21.380  -54.136  -3.528 0.6000000238
14258  24.913  -54.543  -5.378 0.6000000238
14259  24.595  -54.938  -5.953 0.6999999881
14260  21.148  -54.347  -4.607 0.6000000238
14261  20.579  -54.822  -4.223 0.6000000238
14280  24.006  -54.685  -6.364 0.6000000238
14281  23.171  -54.486  -6.032 0.6999999881
14828  31.513  -53.610  1.797 0.6999999881
14839  34.507  -53.501  0.277 0.6000000238
14840  28.465  -53.255  0.768 0.6999999881
14857  27.492  -53.442  -0.396 0.8000000119
14873  34.414  -53.651  -1.640 0.6000000238
14874  27.201  -53.154  -1.256 0.8000000119
14876  24.196  -53.117  -0.887 0.4000000060
14890  26.925  -52.826  -2.189 0.6999999881
14891  26.471  -53.426  -2.447 0.6999999881
14902  33.534  -53.444  -3.727 0.5000000000
14906  21.559  -53.658  -4.027 0.5000000000
14931  25.108  -53.140  -6.393 0.4000000060
14932  24.626  -53.464  -6.383 0.4000000060
14934  22.696  -53.687  -5.659 0.5000000000
15552  29.586  -52.825  1.326 0.6999999881
15635  23.358  -52.078  -5.751 0.5000000000
15637  22.097  -53.037  -4.870 0.5000000000
15647  25.182  -52.325  -6.525 0.3000000119
15650  23.079  -52.955  -5.727 0.4000000060
16314  30.521  -51.457  1.222 0.6000000238
16373  28.173  -51.459  -1.021 0.6000000238
16385  27.026  -51.432  -3.253 0.5000000000
16399  26.236  -50.985  -5.500 0.4000000060
16410  25.898  -50.896  -6.339 0.3000000119
17097  34.470  -50.277  0.788 0.4000000060
17128  27.597  -50.222  -2.743 0.5000000000
17164  25.680  -50.628  -6.819 0.4000000060
17165  25.213  -50.305  -6.901 0.4000000060
17173  25.901  -50.007  -6.959 0.4000000060
17174  25.678  -49.818  -7.028 0.4000000060
17822  34.617  -49.392  0.605 0.4000000060
17858  25.167  -49.199  -3.335 0.3000000119
17859  24.656  -49.440  -3.989 0.4000000060
17883  25.214  -49.637  -6.889 0.3000000119
17894  26.022  -49.378  -7.120 0.4000000060
18490  32.564  -48.616  1.418 0.4000000060
18491  31.697  -49.026  1.301 0.4000000060
18559  24.539  -48.007  -5.689 0.3000000119
18570  26.236  -48.893  -6.899 0.3000000119
18585  26.081  -48.556  -7.234 0.3000000119
19176  30.091  -47.507  0.111 0.5000000000
19210  27.504  -47.259  -4.124 0.4000000060
19235  26.950  -46.886  -6.499 0.3000000119
19236  26.576  -47.450  -6.854 0.3000000119
19248  26.033  -47.849  -7.343 0.3000000119
20697  25.615  -45.686  -7.188 0.4000000060
108523  37.419  -64.016  -2.378 0.3000000119
110529  30.361  -52.803  1.560 0.6999999881
110737  20.637  -55.764  -2.457 0.5000000000
111536  25.217  -53.847  -5.577 0.5000000000
111668  33.022  -52.944  1.433 0.6999999881
112201  32.521  -58.200  1.506 0.6999999881
113316  21.288  -58.225  -5.459 0.5000000000
113318  33.493  -63.131  -3.900 0.4000000060
116004  33.069  -49.194  1.467 0.4000000060
116117  32.628  -59.711  -1.829 0.5000000000
117679  30.006  -61.080  -5.840 0.4000000060
117858  32.887  -59.419  -1.169 0.5000000000
118245  31.801  -55.037  1.929 0.8000000119
119856  20.940  -56.953  -5.276 0.5000000000
120048  32.300  -60.828  -2.402 0.5000000000
120562  37.105  -65.742  -3.644 0.3000000119
120705  23.740  -52.883  2.599 0.3000000119
120773  24.449  -54.139  -6.295 0.4000000060
121311  20.830  -56.743  -1.532 0.5000000000
122748  31.663  -57.669  -5.222 0.4000000060
123670  30.503  -47.328  0.366 0.5000000000
123676  25.078  -53.698  -6.184 0.4000000060
123731  28.215  -55.375  2.178 0.8000000119
124025  34.112  -53.326  0.820 0.6999999881
124112  30.064  -60.650  3.170 0.6000000238
125738  34.445  -51.129  0.693 0.5000000000
126221  33.791  -54.855  1.015 0.6000000238
126490  25.775  -54.363  -2.665 0.8000000119
126849  30.013  -48.084  0.175 0.5000000000
126979  27.456  -55.125  1.169 0.8000000119
127197  28.611  -54.859  2.140 0.6000000238
128144  26.437  -52.447  -3.615 0.6999999881
128422  32.196  -56.963  -3.257 0.4000000060
128453  26.149  -47.987  -7.220 0.3000000119
128947  25.665  -60.230  -0.151 0.5000000000
130122  21.058  -58.197  -0.080 0.5000000000
