#!ascii label  , from subject sub-v1s11x0050156_ses-1 vox2ras=TkReg
1042
50480  -5.071  -20.890  46.977 0.0000000000
154395  -30.222  -8.812  44.114 0.0000000000
147964  -27.241  -4.315  40.574 0.0000000000
130433  -22.125  -13.372  46.626 0.0000000000
75806  -34.329  1.615  29.257 0.0000000000
73479  -28.504  -0.279  32.530 0.0000000000
65576  -29.363  -6.814  48.057 0.0000000000
62052  -25.651  -9.685  47.018 0.0000000000
151623  -39.669  5.545  33.234 0.0000000000
81412  -43.324  6.335  29.984 0.0000000000
84479  -45.307  10.161  28.464 0.0000000000
75625  -26.491  1.524  40.303 0.0000000000
71200  -25.889  -2.189  35.960 0.0000000000
76831  -30.231  2.637  37.778 0.0000000000
76860  -33.925  2.625  36.274 0.0000000000
55743  -15.703  -16.191  46.882 0.0000000000
47253  -1.840  -23.846  47.937 0.0000000000
142953  -30.382  -6.030  42.433 0.0000000000
73319  -27.242  -0.850  44.371 0.0000000000
58880  -17.484  -13.532  43.583 0.0000000000
58895  -22.270  -13.188  41.982 0.0000000000
83498  -45.115  8.326  22.998 0.0000000000
87334  -47.757  11.690  25.926 0.0000000000
72379  -33.061  -1.402  31.308 0.0000000000
75719  -37.336  1.299  35.461 0.0000000000
53645  -8.383  -16.818  45.829 0.0000000000
42478  -1.506  -28.968  43.707 0.0000000000
80276  -41.379  5.413  31.486 0.0000000000
76808  -27.952  2.415  38.736 0.0000000000
53682  -15.862  -19.086  45.071 0.0000000000
48265  -3.094  -22.410  47.764 0.0000000000
64530  -30.864  -8.758  41.012 0.0000000000
65651  -31.502  -7.472  43.113 0.0000000000
146913  -19.946  -12.502  45.789 0.0000000000
58882  -19.661  -12.886  42.877 0.0000000000
58867  -22.043  -13.032  44.646 0.0000000000
63282  -27.832  -8.598  45.379 0.0000000000
63297  -24.773  -9.458  43.828 0.0000000000
139521  -26.571  -9.128  42.940 0.0000000000
58823  -20.929  -12.871  48.939 0.0000000000
151642  -18.130  -12.403  47.213 0.0000000000
79180  -39.909  4.877  26.230 0.0000000000
148477  -42.786  7.939  24.387 0.0000000000
85423  -47.061  10.853  27.017 0.0000000000
72341  -26.555  -1.356  33.963 0.0000000000
73498  -30.543  -0.761  31.427 0.0000000000
150532  -36.155  0.573  35.683 0.0000000000
52537  -13.363  -19.558  47.586 0.0000000000
54677  -12.046  -15.715  47.430 0.0000000000
55727  -9.621  -15.339  47.951 0.0000000000
53666  -11.153  -17.394  43.686 0.0000000000
44448  -3.472  -27.640  43.872 0.0000000000
64463  -29.712  -7.543  46.267 0.0000000000
150823  -30.915  -6.748  45.166 0.0000000000
67806  -30.559  -5.144  47.498 0.0000000000
58828  -24.488  -12.228  49.146 0.0000000000
139927  -24.321  -12.319  46.227 0.0000000000
137766  -25.745  -10.369  49.255 0.0000000000
63257  -27.739  -7.866  47.603 0.0000000000
78042  -36.549  3.945  31.501 0.0000000000
79126  -38.181  5.005  30.221 0.0000000000
79143  -40.604  5.058  29.172 0.0000000000
81430  -41.896  6.969  27.917 0.0000000000
83463  -42.615  8.316  26.932 0.0000000000
82448  -44.229  7.834  29.716 0.0000000000
72264  -26.597  -1.519  40.007 0.0000000000
70078  -26.279  -2.899  38.184 0.0000000000
137202  -26.411  -0.473  38.113 0.0000000000
74578  -27.270  0.642  36.358 0.0000000000
75713  -29.030  1.446  35.003 0.0000000000
75758  -31.139  1.573  33.672 0.0000000000
131110  -32.036  2.833  37.302 0.0000000000
53650  -15.561  -17.739  48.076 0.0000000000
51529  -14.650  -20.100  46.780 0.0000000000
88312  -45.637  13.152  22.123 0.0000000000
46316  -0.585  -24.177  47.237 0.0000000000
66793  -31.072  -7.126  40.551 0.0000000000
67883  -28.753  -5.264  41.285 0.0000000000
68963  -30.268  -4.604  44.743 0.0000000000
71120  -28.538  -3.190  43.212 0.0000000000
72251  -27.473  -2.326  42.011 0.0000000000
74490  -26.007  0.612  42.360 0.0000000000
59958  -23.958  -12.002  44.119 0.0000000000
58821  -16.570  -13.746  49.121 0.0000000000
143929  -16.051  -14.027  46.092 0.0000000000
84498  -44.389  9.795  26.221 0.0000000000
85440  -45.999  10.343  24.751 0.0000000000
86396  -46.099  11.548  23.807 0.0000000000
88261  -46.020  13.560  26.099 0.0000000000
50513  -6.495  -20.977  44.338 0.0000000000
48305  -5.153  -23.162  44.737 0.0000000000
73515  -33.731  -0.850  30.147 0.0000000000
74643  -33.595  0.149  33.537 0.0000000000
73485  -34.805  -0.774  32.707 0.0000000000
75790  -36.167  1.589  32.246 0.0000000000
78014  -37.990  3.789  34.623 0.0000000000
128635  -6.245  -18.989  46.821 0.0000000000
47273  -3.468  -24.813  45.300 0.0000000000
44411  -1.602  -26.468  45.660 0.0000000000
44409  -0.697  -26.580  45.209 0.0000000000
49376  -3.930  -21.863  47.575 0.0000000000
63340  -29.660  -9.499  42.802 0.0000000000
63341  -30.390  -9.200  42.765 0.0000000000
64506  -30.778  -8.725  43.315 0.0000000000
59910  -21.294  -13.014  46.027 0.0000000000
59924  -21.282  -12.879  45.088 0.0000000000
58858  -22.165  -13.216  45.584 0.0000000000
63301  -28.513  -9.110  44.523 0.0000000000
63300  -27.512  -9.001  44.508 0.0000000000
63323  -28.063  -9.369  43.700 0.0000000000
149967  -27.872  -9.670  42.206 0.0000000000
58825  -22.690  -13.397  48.145 0.0000000000
58813  -21.760  -13.066  49.503 0.0000000000
58835  -21.070  -13.078  47.917 0.0000000000
59897  -20.337  -12.723  47.236 0.0000000000
82504  -42.262  7.455  24.663 0.0000000000
67896  -27.520  -5.230  40.338 0.0000000000
67910  -26.964  -5.636  39.615 0.0000000000
72353  -26.938  -0.981  33.374 0.0000000000
71257  -27.062  -2.312  31.885 0.0000000000
147309  -28.970  -0.531  31.837 0.0000000000
52536  -12.871  -19.779  47.006 0.0000000000
132288  -12.717  -17.957  46.955 0.0000000000
53648  -12.490  -17.351  45.549 0.0000000000
53624  -12.335  -16.095  45.891 0.0000000000
53667  -11.927  -17.712  44.555 0.0000000000
65589  -29.653  -7.103  47.301 0.0000000000
65590  -30.049  -7.050  47.016 0.0000000000
66681  -30.063  -5.922  48.403 0.0000000000
59873  -25.224  -11.541  50.238 0.0000000000
59888  -25.083  -11.575  49.327 0.0000000000
62021  -25.840  -10.368  49.931 0.0000000000
151117  -28.487  -7.045  49.181 0.0000000000
63229  -27.219  -8.046  49.199 0.0000000000
64434  -28.637  -7.329  47.819 0.0000000000
63271  -28.792  -7.600  46.830 0.0000000000
79102  -37.661  4.597  32.681 0.0000000000
79125  -37.425  4.771  30.642 0.0000000000
80274  -38.957  5.472  31.979 0.0000000000
80285  -42.286  5.489  30.539 0.0000000000
79129  -40.976  5.159  29.990 0.0000000000
138749  -42.094  5.542  29.768 0.0000000000
134989  -41.144  5.751  28.132 0.0000000000
81411  -42.855  6.434  29.384 0.0000000000
81422  -43.003  7.146  28.962 0.0000000000
81413  -43.889  6.977  30.054 0.0000000000
74511  -26.263  0.010  40.141 0.0000000000
136257  -26.463  -1.259  39.322 0.0000000000
132712  -26.375  0.866  39.815 0.0000000000
127939  -28.871  2.660  38.493 0.0000000000
128953  -27.489  1.531  37.520 0.0000000000
75669  -28.502  2.035  37.225 0.0000000000
152283  -28.415  1.363  35.900 0.0000000000
75688  -29.503  2.102  36.288 0.0000000000
75689  -30.585  2.380  36.177 0.0000000000
76832  -30.737  2.678  37.620 0.0000000000
134858  -15.847  -15.881  48.978 0.0000000000
54679  -15.603  -17.134  48.799 0.0000000000
54696  -15.683  -17.120  47.255 0.0000000000
131162  -15.151  -19.703  46.486 0.0000000000
89265  -45.453  14.772  23.932 0.0000000000
90227  -46.357  15.528  22.802 0.0000000000
46317  -0.901  -24.251  47.387 0.0000000000
65676  -31.517  -7.208  41.814 0.0000000000
65675  -31.360  -7.936  40.697 0.0000000000
66785  -31.158  -6.777  41.375 0.0000000000
67898  -29.343  -5.920  40.770 0.0000000000
67885  -29.924  -5.820  41.921 0.0000000000
69976  -30.585  -4.483  46.236 0.0000000000
68954  -30.769  -5.517  45.445 0.0000000000
69986  -30.305  -3.998  45.437 0.0000000000
73320  -28.055  -1.290  44.806 0.0000000000
72225  -28.644  -2.338  44.151 0.0000000000
72224  -28.130  -1.982  43.595 0.0000000000
71119  -27.956  -2.756  42.681 0.0000000000
72237  -27.577  -1.637  43.043 0.0000000000
73343  -26.982  -1.168  42.330 0.0000000000
73330  -26.419  -0.325  43.713 0.0000000000
58894  -21.669  -13.099  42.495 0.0000000000
60973  -25.061  -11.343  46.806 0.0000000000
60981  -24.504  -11.869  45.490 0.0000000000
62058  -24.788  -10.840  45.136 0.0000000000
62099  -24.031  -10.015  42.443 0.0000000000
58811  -17.871  -12.702  49.990 0.0000000000
59920  -17.694  -12.382  45.644 0.0000000000
58846  -16.854  -12.961  46.900 0.0000000000
58865  -16.584  -13.512  44.922 0.0000000000
134173  -16.437  -14.805  43.708 0.0000000000
84477  -43.827  9.337  27.775 0.0000000000
84487  -43.719  9.373  26.827 0.0000000000
84488  -44.442  9.849  27.176 0.0000000000
85433  -47.601  11.137  26.222 0.0000000000
85431  -46.375  10.537  25.671 0.0000000000
86388  -47.254  11.258  25.250 0.0000000000
86397  -46.668  10.944  24.224 0.0000000000
87341  -46.714  11.632  24.649 0.0000000000
87340  -45.829  12.416  24.250 0.0000000000
88267  -46.658  12.690  25.697 0.0000000000
71188  -26.013  -2.989  37.346 0.0000000000
69037  -25.670  -4.648  37.473 0.0000000000
72404  -33.059  -1.704  29.068 0.0000000000
72392  -33.695  -1.380  30.928 0.0000000000
75716  -32.428  2.220  34.868 0.0000000000
75759  -32.128  1.393  33.656 0.0000000000
74596  -33.872  1.528  34.794 0.0000000000
152667  -36.664  0.464  35.137 0.0000000000
73456  -35.644  -0.322  34.245 0.0000000000
74644  -36.376  0.235  33.851 0.0000000000
74663  -35.850  0.103  32.736 0.0000000000
75760  -36.539  1.054  33.430 0.0000000000
76919  -37.157  2.524  33.665 0.0000000000
76904  -37.698  2.912  34.978 0.0000000000
54694  -8.385  -16.354  47.159 0.0000000000
54693  -7.389  -17.076  47.526 0.0000000000
53621  -6.184  -18.167  48.065 0.0000000000
53644  -7.394  -17.708  46.195 0.0000000000
140132  -6.881  -19.213  45.197 0.0000000000
53664  -8.030  -18.110  44.409 0.0000000000
47278  -4.901  -24.617  44.080 0.0000000000
47274  -4.196  -24.299  44.979 0.0000000000
46365  -4.565  -25.485  43.931 0.0000000000
43485  -3.015  -28.268  43.783 0.0000000000
45363  -2.244  -26.838  45.139 0.0000000000
43462  -1.510  -27.726  44.651 0.0000000000
44410  -1.101  -26.608  45.487 0.0000000000
43483  -1.141  -27.992  44.308 0.0000000000
63202  -26.775  -8.837  51.048 0.0000000000
80239  -40.833  5.700  33.623 0.0000000000
133148  -40.275  5.625  32.866 0.0000000000
80261  -41.879  5.514  32.756 0.0000000000
75626  -26.923  2.182  39.942 0.0000000000
55752  -15.749  -16.653  45.099 0.0000000000
54708  -15.858  -17.817  46.290 0.0000000000
48249  -2.382  -22.839  48.897 0.0000000000
47254  -2.119  -23.443  48.071 0.0000000000
137436  -30.205  -9.369  41.886 0.0000000000
64521  -30.915  -8.716  42.254 0.0000000000
66773  -31.393  -6.968  42.584 0.0000000000
75598  -25.754  1.203  44.778 0.0000000000
59933  -18.385  -12.444  44.218 0.0000000000
132130  -18.921  -12.996  43.029 0.0000000000
152597  -19.751  -12.409  44.230 0.0000000000
59956  -21.098  -12.839  43.198 0.0000000000
58884  -22.682  -12.964  43.186 0.0000000000
63281  -26.077  -8.707  45.832 0.0000000000
63280  -25.462  -9.191  45.395 0.0000000000
64476  -25.967  -8.691  44.984 0.0000000000
63321  -26.168  -8.794  43.691 0.0000000000
63354  -26.578  -9.457  41.264 0.0000000000
59855  -20.344  -12.630  49.730 0.0000000000
59870  -18.900  -12.393  49.022 0.0000000000
59885  -19.246  -12.459  48.286 0.0000000000
59908  -18.558  -12.219  46.074 0.0000000000
79167  -39.517  4.693  27.055 0.0000000000
83484  -43.840  8.812  24.184 0.0000000000
85402  -46.879  10.610  28.984 0.0000000000
85412  -46.069  10.545  27.776 0.0000000000
72328  -26.218  -1.452  35.446 0.0000000000
72390  -30.641  -1.956  30.363 0.0000000000
73499  -31.562  -0.780  31.582 0.0000000000
76837  -35.565  2.680  37.264 0.0000000000
75718  -35.135  1.261  35.519 0.0000000000
75673  -36.764  1.441  36.999 0.0000000000
52521  -13.503  -19.180  48.313 0.0000000000
52507  -13.155  -18.773  48.749 0.0000000000
55729  -11.750  -15.586  48.582 0.0000000000
54676  -11.393  -15.396  46.769 0.0000000000
53623  -11.206  -15.789  45.278 0.0000000000
139910  -9.515  -16.739  44.215 0.0000000000
53665  -10.000  -17.527  43.327 0.0000000000
52551  -10.698  -18.414  43.607 0.0000000000
63303  -30.039  -8.492  44.854 0.0000000000
64493  -30.910  -7.721  44.507 0.0000000000
65608  -30.284  -7.134  46.159 0.0000000000
140904  -30.653  -6.145  46.412 0.0000000000
149383  -23.194  -13.347  47.548 0.0000000000
134071  -23.331  -13.220  46.185 0.0000000000
59898  -24.355  -12.375  47.680 0.0000000000
60964  -25.026  -11.548  47.628 0.0000000000
62044  -25.427  -10.608  47.498 0.0000000000
63228  -26.541  -8.889  49.794 0.0000000000
63240  -26.199  -9.100  48.274 0.0000000000
63256  -26.842  -8.353  47.474 0.0000000000
63270  -28.014  -7.894  46.679 0.0000000000
128946  -28.871  -8.089  45.933 0.0000000000
145246  -23.739  -12.789  49.336 0.0000000000
76947  -35.341  2.664  30.220 0.0000000000
76965  -35.035  2.818  28.450 0.0000000000
78058  -36.169  4.061  29.477 0.0000000000
79152  -37.025  4.521  29.038 0.0000000000
79154  -38.649  4.637  28.408 0.0000000000
79114  -40.117  5.289  30.932 0.0000000000
79142  -39.725  5.001  29.745 0.0000000000
79155  -39.471  4.758  28.472 0.0000000000
79168  -40.137  5.103  27.551 0.0000000000
80311  -40.856  5.932  27.372 0.0000000000
82470  -41.444  7.146  26.872 0.0000000000
82482  -42.042  7.803  26.465 0.0000000000
82471  -42.190  7.688  27.416 0.0000000000
83458  -43.439  8.653  28.241 0.0000000000
83452  -44.490  8.669  29.410 0.0000000000
82439  -44.641  7.371  30.478 0.0000000000
83454  -46.099  9.478  30.125 0.0000000000
151589  -26.797  -2.819  40.231 0.0000000000
70061  -26.374  -3.641  39.000 0.0000000000
71158  -26.529  -2.125  39.083 0.0000000000
71174  -26.345  -2.064  38.213 0.0000000000
72293  -26.221  -1.695  37.228 0.0000000000
75634  -26.586  1.103  38.926 0.0000000000
73400  -26.510  -0.197  37.329 0.0000000000
73438  -26.505  -0.749  35.772 0.0000000000
73439  -26.999  -0.089  35.269 0.0000000000
134308  -27.681  0.423  34.911 0.0000000000
74638  -28.705  0.603  33.737 0.0000000000
74639  -29.592  0.941  33.319 0.0000000000
75738  -29.887  1.726  34.664 0.0000000000
76881  -31.518  2.418  35.499 0.0000000000
127880  -32.926  2.835  36.993 0.0000000000
152021  -32.974  3.176  38.248 0.0000000000
76836  -34.610  2.940  37.148 0.0000000000
53626  -15.195  -18.487  48.400 0.0000000000
54695  -15.736  -18.206  47.091 0.0000000000
52538  -15.074  -19.194  47.492 0.0000000000
148209  -14.721  -19.034  48.258 0.0000000000
51512  -13.826  -19.587  47.734 0.0000000000
67897  -28.395  -5.597  40.563 0.0000000000
68994  -27.940  -4.802  41.002 0.0000000000
65637  -31.264  -7.333  44.019 0.0000000000
66763  -31.126  -6.686  43.658 0.0000000000
67870  -30.083  -5.575  43.263 0.0000000000
69999  -29.697  -4.124  44.201 0.0000000000
68972  -29.430  -4.645  43.392 0.0000000000
68984  -28.503  -4.245  42.386 0.0000000000
70030  -27.857  -3.700  41.933 0.0000000000
70046  -27.353  -3.160  41.322 0.0000000000
71134  -27.054  -2.230  41.150 0.0000000000
73353  -26.649  -1.033  41.345 0.0000000000
75615  -26.079  1.489  41.955 0.0000000000
75605  -25.812  1.432  43.738 0.0000000000
76722  -26.095  2.331  43.304 0.0000000000
58860  -23.549  -12.989  45.508 0.0000000000
58869  -23.200  -12.807  44.139 0.0000000000
58885  -23.134  -12.700  43.219 0.0000000000
62069  -24.496  -10.453  44.269 0.0000000000
61006  -23.679  -12.073  43.293 0.0000000000
56775  -16.134  -15.298  49.535 0.0000000000
57776  -16.029  -14.653  48.020 0.0000000000
58834  -16.952  -13.031  47.867 0.0000000000
58845  -16.363  -13.710  47.475 0.0000000000
56799  -15.711  -15.400  46.574 0.0000000000
56806  -15.747  -15.799  44.970 0.0000000000
83482  -42.559  8.206  25.087 0.0000000000
84505  -43.617  9.197  24.979 0.0000000000
146511  -44.272  9.367  24.561 0.0000000000
85421  -45.248  10.255  26.490 0.0000000000
84507  -45.198  10.132  25.520 0.0000000000
84515  -45.805  9.848  23.940 0.0000000000
84516  -46.179  9.967  23.366 0.0000000000
85463  -46.239  10.225  22.735 0.0000000000
86423  -45.916  11.080  22.261 0.0000000000
87349  -45.551  12.457  23.391 0.0000000000
136389  -45.390  14.022  24.338 0.0000000000
50496  -5.370  -21.143  46.068 0.0000000000
49392  -5.079  -21.878  45.916 0.0000000000
49423  -5.772  -22.375  44.450 0.0000000000
69024  -26.074  -4.755  38.436 0.0000000000
138512  -34.158  0.823  29.589 0.0000000000
74660  -31.236  0.451  32.542 0.0000000000
73482  -32.014  -0.256  32.219 0.0000000000
73483  -32.957  -0.642  32.412 0.0000000000
74620  -34.809  0.138  34.479 0.0000000000
73468  -34.042  -0.533  33.190 0.0000000000
72380  -33.848  -1.314  31.784 0.0000000000
149055  -34.573  -0.856  31.478 0.0000000000
74702  -34.493  0.338  30.492 0.0000000000
75799  -35.217  1.891  30.625 0.0000000000
137180  -36.221  2.224  31.918 0.0000000000
78025  -37.334  3.437  33.381 0.0000000000
131857  -38.354  4.652  34.161 0.0000000000
51508  -4.819  -20.038  48.493 0.0000000000
52535  -5.840  -18.967  47.751 0.0000000000
52534  -5.813  -19.597  47.045 0.0000000000
51537  -6.525  -19.839  45.224 0.0000000000
51564  -7.838  -20.293  43.277 0.0000000000
138797  -4.080  -23.178  46.162 0.0000000000
47265  -2.646  -23.898  46.748 0.0000000000
46332  -2.106  -24.525  46.897 0.0000000000
130714  -3.022  -26.304  44.821 0.0000000000
130469  -2.198  -26.090  45.714 0.0000000000
45337  -1.508  -25.222  46.497 0.0000000000
45336  -1.065  -25.418  46.311 0.0000000000
46341  -0.655  -25.204  46.201 0.0000000000
42477  -1.101  -28.835  43.676 0.0000000000
43482  -0.838  -27.851  44.156 0.0000000000
51507  -4.777  -20.602  47.870 0.0000000000
50479  -4.492  -21.284  47.471 0.0000000000
63325  -30.009  -9.227  43.528 0.0000000000
63302  -29.510  -9.012  44.522 0.0000000000
63324  -29.077  -9.404  43.657 0.0000000000
58836  -21.916  -13.386  47.595 0.0000000000
58847  -21.212  -13.047  46.972 0.0000000000
82489  -41.577  7.173  25.169 0.0000000000
69011  -26.910  -4.762  40.057 0.0000000000
73478  -27.651  -0.627  32.884 0.0000000000
72363  -27.149  -1.481  32.433 0.0000000000
72364  -28.076  -0.918  32.012 0.0000000000
72375  -28.752  -1.233  31.370 0.0000000000
52554  -12.258  -19.632  46.299 0.0000000000
53649  -12.542  -18.844  46.596 0.0000000000
150407  -12.243  -18.405  45.541 0.0000000000
65577  -29.831  -6.642  47.812 0.0000000000
65564  -29.471  -6.522  48.629 0.0000000000
143724  -25.505  -11.325  50.870 0.0000000000
60929  -25.615  -10.900  50.435 0.0000000000
64419  -28.913  -6.999  48.417 0.0000000000
136524  -28.727  -7.091  48.482 0.0000000000
64435  -29.208  -7.096  47.670 0.0000000000
59857  -25.303  -11.768  51.016 0.0000000000
80258  -38.730  5.340  32.738 0.0000000000
79103  -38.183  5.086  32.328 0.0000000000
80259  -39.442  5.536  32.679 0.0000000000
80286  -43.212  5.806  30.667 0.0000000000
80294  -42.720  5.814  29.901 0.0000000000
80293  -42.235  5.948  29.232 0.0000000000
137908  -26.268  0.741  40.643 0.0000000000
76809  -29.833  2.743  38.307 0.0000000000
75650  -28.969  2.478  37.874 0.0000000000
75670  -29.506  2.458  37.509 0.0000000000
148376  -29.237  2.197  36.875 0.0000000000
75671  -30.120  2.484  37.054 0.0000000000
55734  -15.668  -16.248  47.670 0.0000000000
55730  -15.654  -16.645  48.329 0.0000000000
90203  -45.498  15.402  24.421 0.0000000000
89281  -45.699  14.822  23.116 0.0000000000
91271  -45.726  16.068  24.162 0.0000000000
47252  -1.220  -23.705  48.092 0.0000000000
46318  -1.459  -24.241  47.444 0.0000000000
66772  -31.065  -6.591  42.105 0.0000000000
147984  -30.630  -6.280  41.759 0.0000000000
69975  -30.451  -3.830  46.130 0.0000000000
71074  -30.290  -3.031  46.269 0.0000000000
133359  -28.399  -1.771  44.427 0.0000000000
73332  -27.813  -1.423  43.907 0.0000000000
73331  -27.104  -0.984  43.346 0.0000000000
57801  -16.924  -14.315  43.540 0.0000000000
62051  -25.312  -10.398  46.564 0.0000000000
60982  -24.992  -11.129  45.957 0.0000000000
62059  -25.138  -10.077  45.724 0.0000000000
59932  -17.684  -12.523  44.738 0.0000000000
58857  -16.992  -12.773  45.279 0.0000000000
58866  -17.122  -13.079  44.378 0.0000000000
58879  -16.767  -13.820  44.087 0.0000000000
84478  -44.540  9.778  28.143 0.0000000000
86389  -47.667  11.316  25.885 0.0000000000
87333  -47.248  11.926  25.348 0.0000000000
87325  -47.599  12.256  26.006 0.0000000000
132583  -26.044  -2.272  36.842 0.0000000000
69053  -25.649  -3.816  36.977 0.0000000000
70112  -25.728  -3.005  36.461 0.0000000000
137392  -32.447  -1.657  30.569 0.0000000000
71274  -32.015  -2.169  29.913 0.0000000000
147316  -33.043  -1.597  30.556 0.0000000000
75717  -33.257  2.199  35.176 0.0000000000
75741  -33.213  1.623  34.457 0.0000000000
75690  -34.157  1.980  35.451 0.0000000000
74622  -36.927  0.797  34.966 0.0000000000
73442  -36.500  0.311  34.566 0.0000000000
74645  -36.741  0.879  34.235 0.0000000000
75742  -37.174  1.444  34.708 0.0000000000
75761  -36.978  1.666  33.935 0.0000000000
75743  -37.567  2.018  35.215 0.0000000000
127609  -8.687  -17.369  44.286 0.0000000000
43484  -2.078  -28.486  43.894 0.0000000000
44427  -1.037  -27.242  44.990 0.0000000000
76748  -28.392  3.161  40.613 0.0000000000
54723  -15.875  -17.569  45.328 0.0000000000
49358  -2.767  -22.225  48.736 0.0000000000
48264  -2.412  -22.871  48.349 0.0000000000
48279  -2.614  -23.204  47.465 0.0000000000
63357  -29.522  -9.738  41.449 0.0000000000
64522  -31.427  -8.146  42.710 0.0000000000
65667  -31.593  -7.556  42.339 0.0000000000
59934  -19.124  -12.240  44.577 0.0000000000
135671  -19.856  -12.332  45.026 0.0000000000
59936  -21.187  -12.750  44.079 0.0000000000
129668  -22.015  -12.953  43.637 0.0000000000
58868  -22.740  -13.007  44.286 0.0000000000
144232  -26.871  -8.421  45.973 0.0000000000
130392  -26.813  -8.580  45.216 0.0000000000
141772  -27.076  -9.146  43.716 0.0000000000
138566  -25.639  -8.865  42.940 0.0000000000
63338  -26.061  -9.098  42.100 0.0000000000
63339  -27.034  -9.418  42.150 0.0000000000
63356  -28.611  -9.844  41.667 0.0000000000
58812  -21.129  -12.873  49.828 0.0000000000
150069  -20.716  -12.679  50.504 0.0000000000
59871  -19.871  -12.491  48.969 0.0000000000
59886  -20.170  -12.690  48.137 0.0000000000
59909  -19.544  -12.418  46.502 0.0000000000
59922  -19.249  -12.234  45.513 0.0000000000
59921  -18.423  -12.186  45.096 0.0000000000
133251  -26.334  -1.498  34.629 0.0000000000
71211  -25.923  -2.204  35.021 0.0000000000
71224  -26.121  -2.224  34.013 0.0000000000
135901  -30.159  -1.343  30.913 0.0000000000
72377  -31.125  -1.301  30.981 0.0000000000
76814  -36.037  3.019  37.877 0.0000000000
75672  -36.019  1.985  36.810 0.0000000000
74562  -37.615  1.366  36.964 0.0000000000
52520  -12.877  -19.118  47.765 0.0000000000
53625  -12.587  -16.873  47.332 0.0000000000
55728  -11.223  -15.043  48.193 0.0000000000
53647  -11.803  -16.612  44.479 0.0000000000
53622  -9.601  -16.042  45.623 0.0000000000
53646  -10.625  -16.532  44.021 0.0000000000
64477  -29.832  -7.979  45.545 0.0000000000
64478  -30.068  -7.558  45.816 0.0000000000
66697  -30.518  -6.037  47.066 0.0000000000
151175  -30.516  -6.426  46.589 0.0000000000
58838  -23.700  -13.007  47.878 0.0000000000
58827  -24.137  -12.568  48.370 0.0000000000
60954  -25.389  -11.061  48.890 0.0000000000
60953  -24.970  -11.688  48.443 0.0000000000
60965  -25.319  -11.111  48.176 0.0000000000
62033  -25.699  -10.211  48.431 0.0000000000
63216  -26.867  -8.459  50.167 0.0000000000
63215  -26.418  -9.359  50.519 0.0000000000
63242  -27.452  -7.952  48.383 0.0000000000
63241  -26.773  -8.472  48.364 0.0000000000
143651  -29.378  -7.471  46.678 0.0000000000
64462  -29.388  -7.806  46.042 0.0000000000
63284  -29.449  -8.400  45.332 0.0000000000
58816  -24.577  -12.217  50.045 0.0000000000
133424  -24.169  -12.503  49.447 0.0000000000
58826  -23.761  -12.860  48.638 0.0000000000
76948  -35.798  3.091  30.722 0.0000000000
78049  -35.664  3.390  29.871 0.0000000000
78050  -36.242  3.870  30.558 0.0000000000
79140  -37.503  4.777  29.849 0.0000000000
79153  -38.185  4.791  29.254 0.0000000000
80260  -40.850  5.557  32.074 0.0000000000
80275  -39.927  5.574  31.835 0.0000000000
135051  -40.665  5.401  31.394 0.0000000000
146618  -40.306  5.060  29.689 0.0000000000
135981  -39.939  4.866  29.134 0.0000000000
79156  -40.134  4.920  28.473 0.0000000000
134127  -39.704  4.791  27.872 0.0000000000
80301  -40.705  5.262  28.407 0.0000000000
80302  -41.767  6.159  28.444 0.0000000000
81429  -41.309  6.398  27.588 0.0000000000
81438  -40.883  6.361  26.698 0.0000000000
82447  -43.581  7.514  29.310 0.0000000000
82460  -43.192  7.894  28.614 0.0000000000
82461  -43.810  8.298  29.009 0.0000000000
83459  -44.081  9.095  28.652 0.0000000000
83453  -45.230  9.050  29.791 0.0000000000
72275  -26.791  -2.148  40.333 0.0000000000
71159  -26.674  -2.469  39.837 0.0000000000
72274  -26.596  -1.900  39.542 0.0000000000
73383  -26.381  -0.573  38.894 0.0000000000
72283  -26.413  -1.397  38.673 0.0000000000
73399  -26.342  -1.113  37.695 0.0000000000
76782  -27.917  2.725  39.626 0.0000000000
75635  -27.101  2.001  39.151 0.0000000000
75648  -27.245  1.738  38.333 0.0000000000
74560  -26.950  0.689  37.157 0.0000000000
136138  -26.746  0.098  36.678 0.0000000000
73422  -26.817  -0.000  36.022 0.0000000000
74595  -28.246  1.069  35.399 0.0000000000
74615  -28.449  0.832  34.564 0.0000000000
73453  -27.916  0.217  34.139 0.0000000000
74616  -29.269  1.205  34.183 0.0000000000
76858  -31.636  2.656  36.568 0.0000000000
75715  -30.633  2.140  35.108 0.0000000000
76882  -32.402  2.586  35.791 0.0000000000
76859  -32.416  2.749  36.604 0.0000000000
76789  -33.501  3.358  38.758 0.0000000000
76813  -33.690  3.191  37.766 0.0000000000
129731  -34.746  3.316  37.985 0.0000000000
53627  -15.431  -17.709  48.988 0.0000000000
53602  -15.129  -18.209  49.376 0.0000000000
150214  -15.948  -18.313  45.490 0.0000000000
53668  -15.803  -18.674  46.100 0.0000000000
130191  -15.541  -18.994  46.805 0.0000000000
52522  -14.427  -19.555  47.714 0.0000000000
46328  -0.499  -24.600  46.656 0.0000000000
66792  -30.046  -6.607  40.219 0.0000000000
142656  -29.496  -5.655  41.446 0.0000000000
68983  -28.265  -4.517  41.702 0.0000000000
146129  -30.959  -7.167  44.829 0.0000000000
68953  -30.645  -5.290  44.902 0.0000000000
152750  -30.854  -6.079  44.654 0.0000000000
138934  -30.540  -5.693  44.023 0.0000000000
68962  -29.986  -4.942  43.939 0.0000000000
71104  -28.858  -2.950  43.935 0.0000000000
71105  -29.435  -3.333  44.437 0.0000000000
69998  -29.118  -3.673  43.704 0.0000000000
70014  -28.798  -3.961  43.012 0.0000000000
153000  -29.021  -4.721  42.752 0.0000000000
70013  -28.193  -3.442  42.560 0.0000000000
71135  -27.633  -2.968  42.012 0.0000000000
153597  -27.257  -2.633  41.437 0.0000000000
73342  -26.374  -0.316  42.807 0.0000000000
73352  -26.328  -0.262  41.882 0.0000000000
74500  -26.129  0.660  41.496 0.0000000000
74470  -25.925  0.433  44.112 0.0000000000
76715  -25.971  2.388  44.278 0.0000000000
76733  -26.269  2.288  42.410 0.0000000000
58850  -23.881  -12.846  46.203 0.0000000000
59938  -24.009  -12.271  44.788 0.0000000000
59937  -23.597  -12.725  44.844 0.0000000000
59957  -23.582  -12.478  44.128 0.0000000000
63298  -25.357  -9.022  44.543 0.0000000000
62070  -24.958  -9.763  44.844 0.0000000000
62087  -24.251  -10.218  43.353 0.0000000000
57763  -16.298  -14.559  49.385 0.0000000000
56785  -16.026  -15.108  48.824 0.0000000000
57770  -16.241  -14.362  48.743 0.0000000000
59884  -18.448  -12.507  48.457 0.0000000000
59869  -17.916  -12.612  49.085 0.0000000000
59883  -17.716  -12.675  48.218 0.0000000000
150029  -16.298  -13.674  46.675 0.0000000000
57782  -15.936  -14.533  46.874 0.0000000000
56807  -15.787  -14.876  45.579 0.0000000000
83474  -42.505  8.352  25.983 0.0000000000
84497  -43.647  9.327  25.877 0.0000000000
84506  -44.323  9.631  25.312 0.0000000000
85422  -46.159  10.543  26.772 0.0000000000
132197  -45.049  9.810  24.628 0.0000000000
150068  -46.332  10.498  24.079 0.0000000000
85450  -46.290  10.510  23.569 0.0000000000
86405  -46.209  10.893  23.276 0.0000000000
86404  -45.693  11.699  22.918 0.0000000000
88266  -45.891  13.202  25.391 0.0000000000
88273  -45.622  13.247  24.703 0.0000000000
89255  -45.509  14.070  25.272 0.0000000000
89259  -45.386  14.703  24.675 0.0000000000
89249  -45.619  14.609  26.101 0.0000000000
51551  -6.114  -20.647  45.262 0.0000000000
50512  -5.723  -21.563  45.079 0.0000000000
50530  -6.386  -21.701  44.072 0.0000000000
137093  -33.246  -1.330  29.841 0.0000000000
73527  -33.534  -0.451  29.279 0.0000000000
131593  -33.736  0.411  28.984 0.0000000000
74715  -33.934  -0.054  29.867 0.0000000000
74617  -30.185  1.492  33.829 0.0000000000
74659  -30.045  0.419  32.497 0.0000000000
74640  -30.638  1.081  33.076 0.0000000000
74642  -32.656  0.506  33.186 0.0000000000
74661  -32.061  0.363  32.694 0.0000000000
74662  -32.621  -0.073  32.683 0.0000000000
73467  -33.285  -0.292  32.961 0.0000000000
74580  -35.891  0.946  35.977 0.0000000000
132095  -35.172  0.515  34.985 0.0000000000
73469  -35.451  -0.491  33.605 0.0000000000
73455  -35.118  -0.414  34.079 0.0000000000
135263  -34.797  -0.623  33.311 0.0000000000
152719  -33.962  -1.155  32.299 0.0000000000
72366  -34.370  -1.093  32.207 0.0000000000
72381  -34.316  -1.180  31.586 0.0000000000
73501  -34.810  -0.803  32.058 0.0000000000
74686  -35.736  0.854  32.087 0.0000000000
74685  -35.341  -0.073  32.046 0.0000000000
74703  -35.156  0.837  31.179 0.0000000000
75789  -35.770  1.781  31.467 0.0000000000
78013  -37.534  3.150  34.158 0.0000000000
76931  -36.886  2.835  32.905 0.0000000000
78026  -37.765  4.023  33.822 0.0000000000
151297  -37.563  4.184  33.146 0.0000000000
53643  -6.505  -18.382  47.103 0.0000000000
51536  -5.778  -20.229  46.307 0.0000000000
52548  -6.316  -19.399  46.130 0.0000000000
53681  -7.552  -18.787  44.427 0.0000000000
52565  -7.536  -19.510  43.927 0.0000000000
49410  -5.165  -22.409  45.346 0.0000000000
49391  -4.563  -22.476  46.144 0.0000000000
49409  -4.672  -22.977  45.583 0.0000000000
47266  -3.538  -23.960  45.958 0.0000000000
46342  -2.745  -24.682  46.164 0.0000000000
45393  -4.152  -27.381  43.724 0.0000000000
45377  -3.703  -26.801  43.999 0.0000000000
45351  -2.047  -25.272  46.338 0.0000000000
45350  -1.578  -25.787  46.110 0.0000000000
46330  -1.209  -24.754  46.833 0.0000000000
45349  -1.234  -26.040  45.868 0.0000000000
45348  -0.865  -25.944  45.772 0.0000000000
45347  -0.598  -25.750  45.635 0.0000000000
46340  -0.468  -25.053  46.114 0.0000000000
131303  -29.361  -9.689  42.146 0.0000000000
64507  -31.269  -8.029  43.648 0.0000000000
59923  -20.556  -12.669  45.496 0.0000000000
149748  -22.667  -13.194  44.992 0.0000000000
63283  -28.822  -8.681  45.269 0.0000000000
63322  -27.539  -9.450  42.920 0.0000000000
137291  -28.607  -9.627  42.746 0.0000000000
129255  -23.216  -12.900  49.829 0.0000000000
58814  -22.514  -13.193  49.145 0.0000000000
58824  -21.816  -13.286  48.529 0.0000000000
130431  -20.482  -12.741  46.347 0.0000000000
80332  -40.429  5.370  25.609 0.0000000000
67911  -27.889  -6.035  39.891 0.0000000000
72352  -26.552  -1.793  33.231 0.0000000000
71245  -26.597  -2.399  32.531 0.0000000000
73497  -29.607  -0.895  31.366 0.0000000000
73480  -29.876  -0.290  31.870 0.0000000000
153596  -12.635  -16.926  46.257 0.0000000000
52552  -11.431  -18.241  44.272 0.0000000000
52553  -11.820  -18.818  45.372 0.0000000000
64464  -29.891  -7.315  46.594 0.0000000000
66696  -30.171  -6.484  47.493 0.0000000000
66682  -30.348  -5.680  47.882 0.0000000000
59872  -24.812  -11.942  49.712 0.0000000000
150501  -24.778  -11.969  48.983 0.0000000000
60940  -25.450  -10.994  49.691 0.0000000000
64418  -28.023  -7.355  49.108 0.0000000000
64433  -28.139  -7.478  48.381 0.0000000000
63258  -28.422  -7.489  47.688 0.0000000000
64448  -28.986  -7.403  47.139 0.0000000000
64449  -29.538  -7.328  46.943 0.0000000000
59856  -24.955  -12.028  50.515 0.0000000000
78035  -37.028  4.000  32.489 0.0000000000
79124  -36.786  4.387  30.883 0.0000000000
154241  -37.601  4.742  32.076 0.0000000000
79112  -38.192  5.104  31.287 0.0000000000
133590  -38.850  5.182  30.538 0.0000000000
141241  -42.007  5.418  31.252 0.0000000000
79115  -40.842  5.261  30.792 0.0000000000
80284  -41.507  5.328  30.703 0.0000000000
147597  -41.660  5.338  30.048 0.0000000000
128383  -41.445  5.431  29.147 0.0000000000
81421  -42.396  6.679  28.705 0.0000000000
82459  -42.541  7.475  28.278 0.0000000000
73364  -26.484  -0.900  40.484 0.0000000000
73372  -26.384  -0.687  39.667 0.0000000000
74520  -26.334  0.176  39.295 0.0000000000
74537  -26.448  0.254  38.478 0.0000000000
76783  -28.720  2.828  39.110 0.0000000000
75649  -28.119  2.207  37.982 0.0000000000
75668  -27.756  1.319  36.738 0.0000000000
74579  -27.961  1.110  36.054 0.0000000000
75687  -28.593  1.688  36.387 0.0000000000
75712  -28.884  1.629  35.743 0.0000000000
75714  -29.724  1.946  35.503 0.0000000000
76857  -31.023  2.629  37.088 0.0000000000
152321  -31.544  2.732  37.210 0.0000000000
55719  -15.757  -16.507  49.220 0.0000000000
52555  -15.478  -19.542  45.712 0.0000000000
133784  -45.433  14.087  23.469 0.0000000000
88297  -45.802  13.860  22.147 0.0000000000
154271  -45.621  14.191  22.752 0.0000000000
89282  -46.070  14.650  22.361 0.0000000000
89283  -46.774  15.083  21.991 0.0000000000
65666  -31.458  -7.962  41.703 0.0000000000
152260  -31.487  -7.402  41.187 0.0000000000
66784  -30.317  -6.246  41.120 0.0000000000
67884  -29.053  -5.130  42.058 0.0000000000
67840  -30.770  -5.696  46.056 0.0000000000
67850  -30.885  -6.264  45.273 0.0000000000
68944  -30.557  -4.654  45.586 0.0000000000
72210  -28.974  -2.074  44.916 0.0000000000
71103  -28.311  -2.554  43.397 0.0000000000
72238  -27.813  -2.183  42.838 0.0000000000
142206  -27.459  -1.833  42.346 0.0000000000
151716  -26.278  3.030  44.372 0.0000000000
58883  -20.550  -12.972  42.660 0.0000000000
60972  -24.728  -11.806  46.282 0.0000000000
60991  -24.339  -11.497  44.592 0.0000000000
149634  -24.473  -9.534  42.958 0.0000000000
58810  -17.118  -13.112  49.559 0.0000000000
59907  -17.755  -12.428  46.627 0.0000000000
59894  -17.616  -12.619  47.450 0.0000000000
134335  -17.057  -12.647  46.077 0.0000000000
58856  -16.509  -13.293  45.904 0.0000000000
57788  -16.198  -14.002  45.408 0.0000000000
57792  -16.272  -14.360  44.548 0.0000000000
83464  -43.217  8.816  27.365 0.0000000000
83470  -43.103  8.848  26.428 0.0000000000
85432  -47.034  10.754  26.170 0.0000000000
85442  -47.310  10.939  25.587 0.0000000000
85441  -46.843  10.791  24.851 0.0000000000
87332  -46.303  12.475  24.998 0.0000000000
50531  -6.968  -21.234  43.626 0.0000000000
128610  -25.996  -3.766  37.918 0.0000000000
72403  -32.698  -1.965  29.781 0.0000000000
75739  -31.572  2.021  34.424 0.0000000000
75740  -32.502  1.723  34.191 0.0000000000
74618  -33.042  1.042  33.831 0.0000000000
74619  -33.956  0.715  34.241 0.0000000000
74599  -36.534  0.581  35.563 0.0000000000
73440  -36.040  0.187  35.163 0.0000000000
73441  -36.304  0.111  34.899 0.0000000000
73457  -36.086  -0.242  34.208 0.0000000000
73470  -35.927  -0.215  33.428 0.0000000000
73486  -35.353  -0.522  32.830 0.0000000000
134218  -36.206  0.335  33.241 0.0000000000
153144  -36.451  1.547  32.838 0.0000000000
76918  -36.756  1.965  33.224 0.0000000000
135250  -9.204  -15.811  47.175 0.0000000000
55725  -7.744  -16.536  48.239 0.0000000000
54692  -6.769  -17.778  47.532 0.0000000000
53663  -6.887  -18.624  45.840 0.0000000000
52549  -8.766  -18.832  43.366 0.0000000000
48312  -4.823  -23.907  44.626 0.0000000000
48304  -4.409  -23.589  45.358 0.0000000000
46354  -4.145  -24.952  44.553 0.0000000000
46353  -3.658  -25.608  44.570 0.0000000000
45376  -2.952  -27.037  44.402 0.0000000000
44447  -2.364  -27.625  44.404 0.0000000000
44428  -1.557  -27.156  45.174 0.0000000000
63201  -26.380  -9.680  51.312 0.0000000000
65551  -28.496  -6.710  50.447 0.0000000000
129091  -39.885  5.575  33.892 0.0000000000
129140  -41.186  5.593  32.829 0.0000000000
152564  -41.518  5.506  32.219 0.0000000000
130925  -42.756  5.510  31.389 0.0000000000
81402  -43.735  6.322  30.506 0.0000000000
76762  -26.721  2.210  40.727 0.0000000000
76763  -27.362  2.677  40.403 0.0000000000
76764  -29.161  3.098  39.759 0.0000000000
147080  -29.610  2.982  39.069 0.0000000000
76810  -30.801  2.858  38.307 0.0000000000
55742  -15.718  -16.882  46.147 0.0000000000
48263  -1.997  -23.202  48.681 0.0000000000
73318  -26.443  -0.288  44.450 0.0000000000
59952  -17.743  -12.799  44.019 0.0000000000
59953  -18.301  -12.924  43.496 0.0000000000
59954  -19.167  -12.572  43.629 0.0000000000
59955  -20.220  -12.627  43.507 0.0000000000
59935  -20.478  -12.553  44.568 0.0000000000
63267  -25.583  -9.402  46.272 0.0000000000
63299  -26.571  -8.778  44.419 0.0000000000
64491  -25.879  -8.707  44.286 0.0000000000
63320  -25.417  -8.869  43.726 0.0000000000
63319  -24.892  -9.009  42.985 0.0000000000
147146  -18.559  -12.523  49.618 0.0000000000
140439  -19.393  -12.461  49.688 0.0000000000
59895  -18.476  -12.466  47.743 0.0000000000
59896  -19.435  -12.459  47.491 0.0000000000
134780  -18.663  -12.298  46.965 0.0000000000
79178  -38.768  4.269  26.708 0.0000000000
83497  -44.207  8.224  23.555 0.0000000000
84480  -46.104  10.409  28.717 0.0000000000
85413  -46.867  10.735  28.057 0.0000000000
88262  -47.732  12.674  26.721 0.0000000000
70128  -25.580  -3.035  35.509 0.0000000000
72378  -32.085  -1.368  31.169 0.0000000000
76861  -34.646  2.534  36.516 0.0000000000
75691  -34.710  2.101  35.942 0.0000000000
75692  -35.457  1.814  36.243 0.0000000000
75693  -36.194  1.359  36.463 0.0000000000
74581  -36.569  0.959  36.270 0.0000000000
74582  -37.073  0.957  36.294 0.0000000000
74601  -37.436  1.272  36.224 0.0000000000
75720  -37.767  1.907  35.908 0.0000000000
133818  -12.772  -18.217  48.193 0.0000000000
132127  -12.563  -17.482  48.682 0.0000000000
54675  -10.256  -15.439  46.690 0.0000000000
42499  -2.421  -29.627  43.554 0.0000000000
137874  -30.346  -7.957  45.041 0.0000000000
143620  -30.529  -7.413  45.291 0.0000000000
65609  -30.690  -6.955  45.533 0.0000000000
66715  -30.547  -6.672  46.183 0.0000000000
66732  -30.772  -6.455  45.748 0.0000000000
68934  -30.652  -4.878  46.539 0.0000000000
67784  -30.283  -5.245  48.696 0.0000000000
58837  -22.606  -13.489  47.333 0.0000000000
58848  -22.975  -13.458  46.804 0.0000000000
58849  -23.636  -13.077  47.023 0.0000000000
133463  -24.136  -12.588  46.944 0.0000000000
59887  -24.560  -12.165  48.380 0.0000000000
59899  -24.684  -12.008  47.827 0.0000000000
59911  -24.610  -12.034  47.043 0.0000000000
62011  -26.010  -10.198  50.691 0.0000000000
62022  -26.209  -9.650  49.946 0.0000000000
150337  -26.052  -9.786  49.476 0.0000000000
139373  -26.538  -8.858  49.165 0.0000000000
62034  -26.134  -9.463  48.897 0.0000000000
63255  -25.915  -9.376  47.674 0.0000000000
63268  -26.239  -8.735  46.761 0.0000000000
63269  -27.365  -8.209  46.390 0.0000000000
129202  -28.271  -8.249  45.862 0.0000000000
129205  -23.975  -12.635  50.140 0.0000000000
58815  -23.245  -13.106  48.839 0.0000000000
128447  -23.382  -13.190  48.186 0.0000000000
75807  -34.799  2.167  29.750 0.0000000000
76956  -34.549  2.305  28.860 0.0000000000
76957  -35.085  2.865  29.341 0.0000000000
78057  -35.545  3.498  28.871 0.0000000000
79139  -36.792  4.486  30.094 0.0000000000
78068  -36.202  3.936  28.360 0.0000000000
79113  -39.284  5.330  31.146 0.0000000000
79127  -39.563  5.171  30.369 0.0000000000
79141  -38.980  4.988  29.865 0.0000000000
137145  -39.184  4.809  29.164 0.0000000000
130691  -39.072  4.585  27.679 0.0000000000
80310  -40.633  5.537  27.683 0.0000000000
80321  -40.426  5.620  26.712 0.0000000000
81437  -40.652  6.054  25.898 0.0000000000
81449  -41.076  6.729  25.778 0.0000000000
82481  -41.570  7.385  25.959 0.0000000000
82472  -42.810  8.195  27.849 0.0000000000
84468  -44.811  9.476  29.020 0.0000000000
84469  -45.587  9.824  29.313 0.0000000000
147063  -46.289  10.131  29.460 0.0000000000
150493  -27.005  -3.359  40.566 0.0000000000
142955  -26.702  -3.941  39.964 0.0000000000
70062  -26.685  -3.071  39.782 0.0000000000
70079  -26.492  -2.681  39.037 0.0000000000
141872  -26.190  -2.394  37.569 0.0000000000
154178  -26.642  1.538  39.626 0.0000000000
74538  -26.768  0.961  37.986 0.0000000000
74559  -26.565  0.261  37.779 0.0000000000
73421  -26.408  -0.724  36.705 0.0000000000
72309  -26.180  -1.490  36.340 0.0000000000
73451  -26.654  -0.808  34.885 0.0000000000
74594  -27.482  0.546  35.650 0.0000000000
73452  -27.210  -0.195  34.510 0.0000000000
73464  -27.415  -0.370  33.734 0.0000000000
73465  -28.179  -0.021  33.335 0.0000000000
73466  -28.985  0.369  32.895 0.0000000000
148318  -30.670  1.855  34.324 0.0000000000
76883  -33.202  2.643  36.027 0.0000000000
76811  -31.487  3.019  38.465 0.0000000000
76833  -31.396  2.804  37.736 0.0000000000
128180  -31.943  2.956  38.022 0.0000000000
76788  -32.655  3.245  38.828 0.0000000000
76812  -32.369  3.111  38.308 0.0000000000
76834  -32.421  2.956  37.676 0.0000000000
134815  -33.755  2.969  37.021 0.0000000000
131612  -15.482  -18.543  47.601 0.0000000000
130171  -14.119  -19.156  48.548 0.0000000000
51528  -14.004  -20.205  46.966 0.0000000000
51527  -13.382  -20.249  46.947 0.0000000000
137345  -46.322  16.380  23.563 0.0000000000
66791  -28.927  -6.307  40.026 0.0000000000
64492  -30.632  -8.340  44.233 0.0000000000
66731  -31.058  -6.749  44.580 0.0000000000
67871  -30.824  -6.308  42.956 0.0000000000
69985  -29.946  -3.713  44.956 0.0000000000
67869  -29.606  -5.390  42.667 0.0000000000
68995  -27.562  -3.952  41.231 0.0000000000
71149  -26.945  -2.654  40.698 0.0000000000
72265  -26.810  -1.690  40.811 0.0000000000
72250  -27.141  -1.754  41.639 0.0000000000
128493  -26.276  -0.142  40.995 0.0000000000
75620  -26.319  1.498  41.115 0.0000000000
74480  -25.943  0.539  43.250 0.0000000000
75611  -25.933  1.476  42.827 0.0000000000
76746  -26.493  2.260  41.549 0.0000000000
149864  -22.731  -13.371  46.140 0.0000000000
58859  -22.995  -13.274  45.524 0.0000000000
59925  -24.001  -12.562  45.500 0.0000000000
130655  -23.198  -13.074  44.879 0.0000000000
151438  -22.692  -12.918  42.660 0.0000000000
61007  -24.126  -11.235  43.739 0.0000000000
143321  -15.774  -15.693  48.239 0.0000000000
56792  -15.769  -15.475  47.430 0.0000000000
58822  -17.046  -13.040  48.706 0.0000000000
58833  -16.482  -13.707  48.332 0.0000000000
56798  -15.661  -15.953  45.886 0.0000000000
56816  -15.950  -15.278  44.307 0.0000000000
82490  -42.035  7.783  25.537 0.0000000000
83475  -43.065  8.776  25.502 0.0000000000
83483  -43.159  8.535  24.643 0.0000000000
84527  -44.770  9.190  23.758 0.0000000000
84489  -45.225  10.276  27.496 0.0000000000
84528  -45.655  9.281  23.164 0.0000000000
84529  -46.170  9.458  22.687 0.0000000000
86422  -45.643  11.913  22.202 0.0000000000
87370  -45.537  12.533  22.540 0.0000000000
88279  -45.448  13.268  23.858 0.0000000000
88296  -45.453  13.391  22.868 0.0000000000
152532  -45.537  15.845  25.387 0.0000000000
50495  -4.617  -21.752  46.752 0.0000000000
49424  -6.527  -22.447  43.727 0.0000000000
48314  -5.917  -23.124  43.902 0.0000000000
48313  -5.458  -23.863  44.052 0.0000000000
69010  -26.527  -4.703  39.374 0.0000000000
67909  -26.418  -5.450  38.956 0.0000000000
70111  -25.362  -3.876  36.023 0.0000000000
74714  -34.047  1.081  28.858 0.0000000000
153221  -29.260  -0.031  32.303 0.0000000000
73481  -30.893  -0.172  31.988 0.0000000000
74641  -31.668  0.981  33.061 0.0000000000
73500  -32.552  -0.972  31.803 0.0000000000
74597  -34.576  1.013  34.863 0.0000000000
74621  -35.515  -0.007  34.711 0.0000000000
73454  -34.414  -0.224  33.834 0.0000000000
139862  -33.689  -0.825  32.631 0.0000000000
72365  -33.387  -1.167  32.082 0.0000000000
73516  -34.279  -0.734  30.843 0.0000000000
74684  -34.790  -0.261  31.359 0.0000000000
75798  -34.666  1.312  30.158 0.0000000000
138691  -35.632  2.420  30.894 0.0000000000
78034  -36.437  3.037  32.028 0.0000000000
76930  -36.512  2.187  32.537 0.0000000000
134388  -38.110  4.825  33.236 0.0000000000
79090  -38.983  5.340  33.522 0.0000000000
76884  -37.949  2.608  35.769 0.0000000000
128636  -5.288  -19.783  47.859 0.0000000000
51521  -5.339  -20.213  47.222 0.0000000000
51552  -6.877  -20.264  44.263 0.0000000000
131163  -9.256  -18.043  43.409 0.0000000000
130038  -3.816  -22.556  46.915 0.0000000000
153411  -3.117  -22.769  47.159 0.0000000000
48292  -3.245  -23.219  46.697 0.0000000000
47260  -2.118  -23.912  47.502 0.0000000000
46319  -1.787  -24.277  47.404 0.0000000000
45378  -4.196  -26.199  43.900 0.0000000000
136868  -3.631  -26.211  44.280 0.0000000000
45364  -2.829  -25.479  45.543 0.0000000000
46331  -1.672  -24.744  46.912 0.0000000000
46329  -0.729  -24.739  46.765 0.0000000000
41453  -2.459  -30.650  43.626 0.0000000000
42498  -1.491  -29.896  43.469 0.0000000000
44426  -0.745  -27.259  44.701 0.0000000000
44468  -4.186  -27.906  43.686 0.0000000000
58839  -24.003  -12.742  47.569 0.0000000000
59853  -18.754  -12.517  50.295 0.0000000000
60915  -25.551  -11.340  51.484 0.0000000000
65562  -28.821  -6.791  49.310 0.0000000000
66714  -30.356  -6.707  46.739 0.0000000000
68945  -30.697  -5.030  46.009 0.0000000000
72342  -26.849  -0.752  34.143 0.0000000000
73484  -34.321  -0.840  32.705 0.0000000000
74598  -35.689  0.496  35.353 0.0000000000
74600  -37.038  0.797  35.637 0.0000000000
75777  -36.168  0.902  32.762 0.0000000000
76835  -32.970  3.027  37.675 0.0000000000
76862  -35.287  2.423  36.748 0.0000000000
76903  -37.362  2.263  34.435 0.0000000000
76939  -36.006  2.643  31.386 0.0000000000
79111  -37.201  4.569  31.506 0.0000000000
79128  -40.266  5.160  30.250 0.0000000000
90208  -45.763  15.527  23.632 0.0000000000
129952  -7.165  -20.719  43.645 0.0000000000
137600  -35.939  -0.112  34.643 0.0000000000
143761  -43.336  6.890  29.535 0.0000000000
147451  -36.169  3.360  31.247 0.0000000000
149812  -26.597  -1.082  34.406 0.0000000000
151825  -35.104  -0.660  33.123 0.0000000000
154499  -16.572  -14.314  43.927 0.0000000000
