#!ascii label  , from subject sub-v1s11x0050156_ses-1 vox2ras=TkReg
904
143106  -13.062  -25.620  55.606 0.0000000000
65553  -35.575  -7.127  50.986 0.0000000000
73310  -40.507  -1.369  46.238 0.0000000000
74513  -44.543  1.339  41.485 0.0000000000
60917  -33.126  -12.058  51.695 0.0000000000
71111  -43.632  -2.781  43.924 0.0000000000
75727  -49.970  1.260  35.766 0.0000000000
130836  -54.948  5.241  34.510 0.0000000000
66643  -38.682  -7.132  51.411 0.0000000000
68893  -40.688  -3.425  49.008 0.0000000000
69948  -36.618  -3.024  49.130 0.0000000000
48103  -14.629  -23.598  60.665 0.0000000000
48113  -19.453  -23.453  59.619 0.0000000000
50351  -24.526  -21.874  58.223 0.0000000000
51440  -28.337  -20.844  56.398 0.0000000000
137830  -32.586  -19.434  54.407 0.0000000000
140664  -35.791  -16.746  54.012 0.0000000000
60905  -37.257  -11.694  52.165 0.0000000000
66703  -45.595  -6.401  47.066 0.0000000000
81382  -56.481  6.430  32.529 0.0000000000
66612  -36.527  -6.487  52.996 0.0000000000
69895  -37.678  -3.578  52.001 0.0000000000
130032  -36.313  -4.816  50.192 0.0000000000
49194  -15.579  -22.951  58.819 0.0000000000
48106  -17.401  -23.325  60.262 0.0000000000
54641  -33.439  -17.942  52.325 0.0000000000
53520  -34.483  -18.463  54.293 0.0000000000
55696  -34.693  -16.348  52.852 0.0000000000
63203  -34.083  -9.911  51.798 0.0000000000
138458  -34.008  -11.656  53.851 0.0000000000
64349  -35.465  -8.456  53.696 0.0000000000
63173  -38.321  -9.006  52.293 0.0000000000
129945  -40.966  -1.651  49.405 0.0000000000
67788  -43.198  -4.827  48.255 0.0000000000
72155  -43.811  -2.131  48.264 0.0000000000
73344  -43.440  -0.120  42.095 0.0000000000
71112  -46.650  -1.406  43.828 0.0000000000
72257  -45.258  -0.353  41.949 0.0000000000
73386  -44.496  -0.270  39.679 0.0000000000
153832  -53.275  1.523  37.925 0.0000000000
76822  -49.642  2.451  39.262 0.0000000000
143562  -32.784  -14.246  51.191 0.0000000000
73373  -42.026  -1.018  39.182 0.0000000000
76906  -52.765  2.521  34.732 0.0000000000
140281  -55.435  2.475  35.572 0.0000000000
79147  -55.931  4.942  29.941 0.0000000000
65580  -39.415  -7.970  48.654 0.0000000000
67767  -38.774  -4.895  50.327 0.0000000000
72115  -38.767  -2.055  50.917 0.0000000000
153668  -13.913  -25.140  58.798 0.0000000000
46219  -21.483  -25.249  57.802 0.0000000000
146763  -22.392  -22.573  58.620 0.0000000000
47212  -23.751  -24.039  57.473 0.0000000000
150052  -26.081  -23.595  57.160 0.0000000000
49228  -28.166  -23.387  56.468 0.0000000000
48145  -29.988  -23.180  55.652 0.0000000000
52437  -30.143  -20.216  54.926 0.0000000000
50403  -34.696  -20.744  53.343 0.0000000000
57738  -34.134  -13.728  53.212 0.0000000000
58733  -35.802  -14.238  53.496 0.0000000000
57755  -38.585  -14.942  51.479 0.0000000000
143001  -39.967  -11.847  51.070 0.0000000000
63232  -40.246  -10.055  50.215 0.0000000000
72186  -46.094  -2.394  45.861 0.0000000000
76842  -45.943  2.792  38.951 0.0000000000
74524  -45.581  1.759  40.739 0.0000000000
46210  -12.566  -25.414  57.603 0.0000000000
66624  -35.563  -6.392  52.729 0.0000000000
68865  -36.019  -4.842  51.869 0.0000000000
66654  -35.757  -6.187  51.168 0.0000000000
54648  -33.171  -17.991  51.328 0.0000000000
54642  -34.239  -17.266  52.709 0.0000000000
55713  -33.782  -16.240  50.878 0.0000000000
64392  -34.779  -8.296  51.738 0.0000000000
64363  -34.140  -8.985  53.079 0.0000000000
65524  -34.809  -7.697  53.009 0.0000000000
65509  -36.428  -7.190  53.281 0.0000000000
72140  -42.797  -1.835  48.794 0.0000000000
73295  -42.003  -1.301  47.416 0.0000000000
73355  -44.150  0.734  42.041 0.0000000000
73357  -45.165  0.381  42.589 0.0000000000
141763  -45.065  0.610  42.101 0.0000000000
71154  -44.604  -0.954  40.688 0.0000000000
73376  -45.138  1.366  41.742 0.0000000000
73432  -53.306  0.240  36.551 0.0000000000
73392  -52.216  0.361  38.629 0.0000000000
73445  -51.979  -0.629  36.108 0.0000000000
78027  -52.083  3.021  33.048 0.0000000000
78029  -53.669  4.090  34.265 0.0000000000
77996  -54.638  3.345  36.096 0.0000000000
128163  -55.574  3.957  35.380 0.0000000000
76924  -55.998  3.078  34.500 0.0000000000
78018  -56.349  4.361  34.262 0.0000000000
79121  -57.285  5.435  31.090 0.0000000000
136505  -39.383  -7.463  50.325 0.0000000000
152286  -39.116  -6.148  49.230 0.0000000000
67752  -38.820  -5.720  50.555 0.0000000000
71003  -36.864  -2.767  51.475 0.0000000000
71005  -38.117  -2.437  51.379 0.0000000000
72123  -37.427  -1.808  50.181 0.0000000000
72136  -38.734  -1.344  49.765 0.0000000000
72150  -37.516  -1.810  48.533 0.0000000000
46196  -14.808  -24.960  58.724 0.0000000000
147627  -15.842  -24.390  60.107 0.0000000000
48108  -18.716  -23.442  59.899 0.0000000000
51426  -23.430  -20.905  57.957 0.0000000000
49197  -23.929  -22.621  58.404 0.0000000000
47194  -23.148  -24.170  58.153 0.0000000000
48122  -24.433  -23.369  58.129 0.0000000000
47213  -24.745  -23.816  57.115 0.0000000000
49199  -25.595  -22.802  58.037 0.0000000000
50372  -28.342  -22.234  56.898 0.0000000000
48143  -28.930  -23.282  56.214 0.0000000000
50374  -29.472  -21.814  56.159 0.0000000000
53497  -32.344  -19.088  54.309 0.0000000000
139454  -30.616  -19.784  54.528 0.0000000000
52438  -31.656  -19.618  54.380 0.0000000000
51446  -31.298  -21.054  54.622 0.0000000000
51447  -32.232  -20.992  54.343 0.0000000000
50390  -33.289  -21.626  53.802 0.0000000000
51457  -33.700  -20.666  54.097 0.0000000000
54619  -34.954  -17.620  54.180 0.0000000000
52456  -35.747  -18.794  53.786 0.0000000000
53522  -36.058  -18.021  53.862 0.0000000000
141437  -36.811  -16.913  53.325 0.0000000000
57747  -33.746  -13.978  52.746 0.0000000000
58747  -33.402  -12.837  52.935 0.0000000000
60894  -35.489  -11.515  53.403 0.0000000000
145247  -35.437  -13.414  53.443 0.0000000000
58750  -36.184  -13.568  53.002 0.0000000000
58751  -36.990  -14.235  52.592 0.0000000000
58771  -38.002  -13.510  51.685 0.0000000000
134456  -38.040  -11.873  51.735 0.0000000000
65526  -38.688  -7.827  51.650 0.0000000000
63189  -39.427  -9.074  51.360 0.0000000000
63218  -39.790  -8.902  50.575 0.0000000000
63231  -39.849  -9.328  49.452 0.0000000000
154384  -14.050  -22.996  59.864 0.0000000000
132392  -13.632  -23.411  60.860 0.0000000000
135575  -12.786  -24.369  60.310 0.0000000000
68925  -39.919  -4.731  47.548 0.0000000000
68926  -40.946  -4.381  47.770 0.0000000000
67812  -44.351  -5.510  47.702 0.0000000000
69991  -43.705  -3.187  44.795 0.0000000000
71064  -44.589  -2.787  46.066 0.0000000000
71095  -45.272  -1.980  44.665 0.0000000000
70022  -45.801  -3.666  42.718 0.0000000000
68966  -47.270  -4.132  43.918 0.0000000000
75639  -48.782  2.046  39.607 0.0000000000
76820  -47.425  2.833  39.435 0.0000000000
76797  -47.029  2.459  39.788 0.0000000000
76794  -45.455  2.440  40.357 0.0000000000
74543  -46.544  1.583  39.689 0.0000000000
74565  -45.628  1.034  39.429 0.0000000000
80266  -53.886  6.155  32.862 0.0000000000
81364  -55.544  6.254  33.428 0.0000000000
131946  -54.631  7.521  31.922 0.0000000000
82442  -55.960  8.197  30.854 0.0000000000
66626  -37.735  -6.473  52.401 0.0000000000
67733  -38.321  -5.335  51.643 0.0000000000
68841  -36.987  -4.971  52.528 0.0000000000
69918  -36.506  -3.490  51.457 0.0000000000
130684  -36.490  -3.925  49.671 0.0000000000
49177  -14.748  -23.174  60.247 0.0000000000
47170  -16.183  -23.877  60.492 0.0000000000
49181  -18.935  -22.593  59.598 0.0000000000
53518  -33.006  -18.708  54.114 0.0000000000
53499  -33.856  -18.968  54.467 0.0000000000
54617  -33.648  -18.222  53.992 0.0000000000
55686  -34.693  -16.927  53.532 0.0000000000
55687  -34.974  -16.137  53.653 0.0000000000
60904  -33.319  -11.362  52.070 0.0000000000
60903  -33.193  -11.632  52.990 0.0000000000
129439  -33.572  -10.431  53.202 0.0000000000
129856  -34.736  -10.586  54.002 0.0000000000
61982  -36.044  -9.851  53.645 0.0000000000
61993  -38.188  -10.295  52.071 0.0000000000
134490  -37.001  -8.440  53.181 0.0000000000
65511  -37.679  -7.322  52.621 0.0000000000
49208  -14.371  -23.298  58.178 0.0000000000
69935  -41.206  -2.933  49.346 0.0000000000
68911  -42.628  -4.125  48.691 0.0000000000
69936  -42.343  -3.132  49.216 0.0000000000
69949  -43.534  -3.857  48.742 0.0000000000
68914  -44.937  -4.332  47.957 0.0000000000
72242  -43.714  -0.557  42.941 0.0000000000
73321  -45.481  -0.619  44.028 0.0000000000
73346  -45.107  0.016  43.228 0.0000000000
71127  -45.941  -1.240  42.721 0.0000000000
150643  -51.498  2.065  37.478 0.0000000000
76871  -50.324  2.396  37.869 0.0000000000
130113  -51.180  2.129  38.934 0.0000000000
74528  -50.208  1.307  39.620 0.0000000000
127785  -35.638  -8.365  50.159 0.0000000000
145369  -34.934  -9.484  50.508 0.0000000000
72200  -41.523  -1.612  46.240 0.0000000000
71126  -42.555  -2.639  42.618 0.0000000000
72256  -42.615  -1.023  41.541 0.0000000000
73354  -42.990  -0.184  41.429 0.0000000000
74512  -43.626  0.831  40.876 0.0000000000
75729  -51.575  1.472  35.492 0.0000000000
127762  -53.775  2.195  37.191 0.0000000000
75703  -54.648  1.752  36.582 0.0000000000
74632  -53.884  0.802  34.656 0.0000000000
79107  -56.882  5.160  32.595 0.0000000000
79135  -56.220  4.674  31.211 0.0000000000
130537  -39.211  -7.289  47.832 0.0000000000
67787  -39.160  -5.576  48.530 0.0000000000
133068  -39.502  -4.044  49.183 0.0000000000
68867  -38.264  -4.411  51.640 0.0000000000
69920  -38.844  -3.126  50.972 0.0000000000
69921  -39.586  -2.792  50.240 0.0000000000
72126  -39.647  -1.818  50.306 0.0000000000
73254  -39.911  -1.134  48.301 0.0000000000
66683  -36.477  -6.410  48.805 0.0000000000
135734  -36.645  -4.863  48.052 0.0000000000
71061  -36.846  -2.892  46.782 0.0000000000
46230  -13.609  -25.500  56.910 0.0000000000
46212  -14.377  -25.357  57.355 0.0000000000
46252  -21.584  -25.133  55.811 0.0000000000
150357  -19.681  -21.802  58.270 0.0000000000
148841  -20.255  -22.046  58.888 0.0000000000
48115  -21.296  -23.328  58.924 0.0000000000
46220  -22.263  -24.930  57.504 0.0000000000
49242  -26.333  -23.251  55.616 0.0000000000
48173  -27.171  -23.368  55.424 0.0000000000
52435  -28.414  -19.869  55.564 0.0000000000
53496  -29.630  -19.808  54.953 0.0000000000
51445  -29.474  -20.440  55.467 0.0000000000
50380  -30.142  -21.938  55.624 0.0000000000
49244  -31.229  -22.631  54.620 0.0000000000
52454  -34.689  -19.564  54.250 0.0000000000
56758  -34.033  -15.394  51.612 0.0000000000
56737  -34.481  -14.461  53.164 0.0000000000
56728  -35.367  -15.060  53.638 0.0000000000
58730  -34.218  -12.885  53.442 0.0000000000
58731  -34.896  -13.556  53.514 0.0000000000
56730  -36.172  -15.546  53.759 0.0000000000
56739  -36.656  -15.515  53.397 0.0000000000
56749  -38.002  -16.236  52.147 0.0000000000
59877  -39.689  -12.110  50.139 0.0000000000
61994  -39.043  -10.607  51.648 0.0000000000
60921  -40.231  -11.187  50.801 0.0000000000
60943  -39.809  -11.298  49.743 0.0000000000
62025  -39.650  -10.493  49.192 0.0000000000
127953  -13.041  -24.891  59.161 0.0000000000
128363  -43.135  -1.722  47.425 0.0000000000
72171  -44.908  -2.598  47.081 0.0000000000
68929  -46.379  -4.410  46.886 0.0000000000
71096  -46.799  -1.670  44.455 0.0000000000
69979  -47.528  -3.588  45.246 0.0000000000
65616  -46.798  -6.949  45.826 0.0000000000
136743  -42.559  -0.281  38.928 0.0000000000
74522  -44.120  1.507  40.827 0.0000000000
76869  -48.325  2.621  37.490 0.0000000000
128345  -46.055  2.444  37.495 0.0000000000
75677  -44.423  2.091  38.661 0.0000000000
144410  -44.516  1.979  40.608 0.0000000000
75627  -44.934  1.751  41.435 0.0000000000
74541  -45.373  1.010  40.397 0.0000000000
135936  -35.434  -6.708  51.697 0.0000000000
66641  -35.536  -6.122  52.142 0.0000000000
54656  -32.777  -17.828  50.368 0.0000000000
54649  -33.909  -17.280  51.546 0.0000000000
64393  -35.333  -7.938  50.940 0.0000000000
65539  -35.165  -7.387  51.711 0.0000000000
66623  -35.148  -7.092  52.853 0.0000000000
73293  -40.818  -1.220  47.029 0.0000000000
73276  -41.476  -1.239  47.579 0.0000000000
73294  -41.475  -1.298  47.096 0.0000000000
74501  -43.968  0.983  41.657 0.0000000000
74502  -44.725  1.024  41.817 0.0000000000
73366  -45.134  0.624  41.702 0.0000000000
73446  -52.688  -0.274  35.806 0.0000000000
73431  -52.615  -0.197  36.781 0.0000000000
79092  -54.032  4.945  34.029 0.0000000000
131199  -54.609  4.549  34.905 0.0000000000
79070  -55.037  4.050  35.616 0.0000000000
79079  -55.346  4.607  35.043 0.0000000000
79080  -55.858  4.498  34.795 0.0000000000
80229  -55.603  5.152  34.475 0.0000000000
148263  -39.113  -7.579  50.917 0.0000000000
66656  -38.931  -6.781  50.809 0.0000000000
71028  -36.891  -2.268  49.846 0.0000000000
71015  -36.995  -2.160  50.856 0.0000000000
72134  -37.294  -1.883  49.387 0.0000000000
71038  -36.947  -2.260  48.880 0.0000000000
47168  -14.493  -23.977  60.852 0.0000000000
47169  -15.344  -23.911  60.693 0.0000000000
47180  -19.116  -24.234  59.565 0.0000000000
51427  -24.182  -21.169  57.926 0.0000000000
50350  -23.627  -21.566  58.253 0.0000000000
49198  -24.894  -22.700  58.258 0.0000000000
48123  -25.152  -23.258  58.018 0.0000000000
143253  -28.194  -21.542  56.813 0.0000000000
50373  -28.781  -21.622  56.549 0.0000000000
49230  -29.079  -22.545  56.460 0.0000000000
51441  -29.082  -20.984  56.085 0.0000000000
131951  -31.960  -20.154  54.452 0.0000000000
51448  -32.986  -20.105  54.364 0.0000000000
146733  -33.326  -19.348  54.451 0.0000000000
134850  -35.352  -16.807  54.003 0.0000000000
54620  -35.562  -17.398  54.095 0.0000000000
54621  -36.199  -17.172  53.833 0.0000000000
55678  -36.275  -16.275  53.769 0.0000000000
143119  -33.141  -12.779  52.413 0.0000000000
60895  -36.337  -11.579  52.746 0.0000000000
59822  -35.719  -12.525  53.098 0.0000000000
59828  -36.599  -12.525  52.492 0.0000000000
58770  -37.008  -13.297  52.314 0.0000000000
59829  -37.544  -12.551  51.901 0.0000000000
59830  -38.603  -12.488  51.527 0.0000000000
65540  -39.088  -8.007  51.175 0.0000000000
64394  -39.523  -8.666  51.024 0.0000000000
65554  -39.459  -8.209  50.720 0.0000000000
129023  -39.691  -8.379  50.178 0.0000000000
49164  -13.867  -23.267  60.617 0.0000000000
49176  -13.614  -22.948  60.198 0.0000000000
48096  -14.015  -23.889  61.004 0.0000000000
68909  -40.164  -4.125  48.348 0.0000000000
67813  -45.018  -5.636  47.551 0.0000000000
66702  -44.868  -6.376  47.280 0.0000000000
65594  -45.323  -7.279  46.868 0.0000000000
141738  -46.160  -7.831  46.445 0.0000000000
71094  -44.499  -2.816  45.111 0.0000000000
72216  -44.423  -2.235  44.394 0.0000000000
131711  -49.265  1.476  35.920 0.0000000000
74544  -48.130  1.252  39.402 0.0000000000
74525  -47.802  2.070  39.721 0.0000000000
75638  -46.729  2.151  40.043 0.0000000000
139097  -37.748  -5.693  52.240 0.0000000000
66625  -37.123  -5.825  52.624 0.0000000000
67750  -36.010  -5.222  51.149 0.0000000000
68866  -36.385  -4.076  52.033 0.0000000000
68879  -36.200  -4.307  51.340 0.0000000000
147355  -36.363  -3.857  50.662 0.0000000000
133592  -15.476  -22.945  59.739 0.0000000000
50334  -18.018  -22.102  59.158 0.0000000000
53540  -32.740  -18.291  53.153 0.0000000000
154170  -32.410  -18.500  53.638 0.0000000000
137717  -32.901  -18.429  53.784 0.0000000000
54629  -33.565  -17.909  53.360 0.0000000000
54630  -34.295  -17.593  53.761 0.0000000000
54631  -34.927  -17.048  53.984 0.0000000000
62004  -33.875  -10.781  51.435 0.0000000000
137550  -33.585  -10.541  52.391 0.0000000000
63185  -33.865  -9.737  52.724 0.0000000000
64348  -34.942  -8.810  53.707 0.0000000000
63154  -34.582  -9.682  53.877 0.0000000000
63155  -35.258  -9.192  53.901 0.0000000000
61981  -35.322  -9.870  53.965 0.0000000000
63156  -35.905  -9.171  53.831 0.0000000000
63171  -36.602  -9.134  53.439 0.0000000000
151461  -36.366  -8.625  53.596 0.0000000000
154389  -36.733  -6.904  53.101 0.0000000000
65510  -36.938  -7.273  53.085 0.0000000000
66613  -37.118  -6.706  52.865 0.0000000000
49209  -15.068  -23.211  58.014 0.0000000000
49193  -14.732  -23.098  59.154 0.0000000000
72139  -41.400  -1.942  49.527 0.0000000000
71029  -41.846  -2.476  49.430 0.0000000000
72154  -43.258  -1.816  48.449 0.0000000000
71031  -43.383  -2.417  48.833 0.0000000000
71040  -44.008  -2.706  48.521 0.0000000000
68913  -44.249  -4.211  48.385 0.0000000000
71041  -44.501  -3.000  48.268 0.0000000000
73333  -44.605  -0.184  43.399 0.0000000000
73345  -44.459  0.282  42.606 0.0000000000
72258  -45.545  -0.542  42.426 0.0000000000
71144  -45.343  -1.776  41.985 0.0000000000
71143  -44.697  -1.661  41.219 0.0000000000
76849  -52.994  1.713  38.048 0.0000000000
76848  -51.958  2.019  38.364 0.0000000000
76823  -52.081  1.738  38.815 0.0000000000
74546  -49.872  0.450  39.279 0.0000000000
63217  -35.359  -9.144  49.955 0.0000000000
72241  -42.880  -1.310  42.379 0.0000000000
72276  -41.992  -1.257  40.007 0.0000000000
72268  -42.553  -0.720  40.795 0.0000000000
73365  -43.224  0.237  41.076 0.0000000000
73374  -42.713  -0.234  40.055 0.0000000000
76922  -52.485  2.667  33.829 0.0000000000
76905  -52.035  1.940  34.139 0.0000000000
75749  -51.499  1.371  34.500 0.0000000000
75750  -52.244  1.860  35.028 0.0000000000
75730  -52.409  1.980  35.891 0.0000000000
76888  -53.035  2.469  35.746 0.0000000000
76890  -55.294  2.798  36.058 0.0000000000
76874  -54.685  2.350  36.542 0.0000000000
75731  -55.046  1.957  35.991 0.0000000000
74607  -54.561  1.306  36.177 0.0000000000
74633  -54.650  1.291  35.357 0.0000000000
75765  -54.432  1.337  34.412 0.0000000000
75766  -54.905  1.925  34.165 0.0000000000
76937  -55.706  3.129  33.437 0.0000000000
81381  -55.762  6.701  32.833 0.0000000000
81365  -56.133  6.049  33.316 0.0000000000
80268  -57.016  5.775  32.260 0.0000000000
79136  -56.856  5.137  30.767 0.0000000000
79120  -56.819  4.927  31.798 0.0000000000
148100  -39.320  -8.188  47.936 0.0000000000
67768  -38.990  -5.360  49.578 0.0000000000
131317  -39.146  -4.802  49.015 0.0000000000
68892  -38.966  -4.451  49.781 0.0000000000
68854  -37.839  -4.275  52.096 0.0000000000
149442  -38.082  -3.780  51.826 0.0000000000
71006  -38.598  -2.586  51.127 0.0000000000
71017  -39.218  -2.413  50.609 0.0000000000
71018  -40.101  -2.311  50.123 0.0000000000
72151  -38.258  -1.373  48.495 0.0000000000
73232  -39.314  -1.191  49.095 0.0000000000
46211  -13.753  -25.408  57.786 0.0000000000
128178  -14.406  -25.261  58.140 0.0000000000
46197  -15.584  -24.806  58.653 0.0000000000
47171  -17.027  -23.836  60.276 0.0000000000
151892  -20.346  -25.549  56.941 0.0000000000
46236  -21.276  -25.375  56.391 0.0000000000
46251  -21.004  -25.374  55.551 0.0000000000
151479  -21.597  -25.264  57.098 0.0000000000
50346  -19.697  -22.037  58.936 0.0000000000
49184  -21.617  -22.540  58.750 0.0000000000
47183  -21.842  -24.108  58.696 0.0000000000
145941  -22.345  -24.028  58.555 0.0000000000
47206  -23.267  -24.263  57.873 0.0000000000
47205  -22.703  -24.575  57.988 0.0000000000
47211  -22.967  -24.503  57.629 0.0000000000
128757  -22.882  -24.536  56.817 0.0000000000
47217  -23.109  -24.053  55.794 0.0000000000
132096  -25.418  -23.655  57.318 0.0000000000
132705  -24.726  -23.611  56.296 0.0000000000
48141  -25.507  -23.687  56.803 0.0000000000
48155  -25.528  -23.362  55.923 0.0000000000
130124  -26.250  -23.588  56.562 0.0000000000
151643  -27.819  -23.230  56.991 0.0000000000
48132  -27.242  -23.241  57.212 0.0000000000
130947  -27.503  -23.503  56.785 0.0000000000
48156  -27.023  -23.567  56.347 0.0000000000
48157  -27.830  -23.612  56.117 0.0000000000
48144  -29.540  -23.127  56.050 0.0000000000
48159  -29.575  -23.485  55.556 0.0000000000
147529  -29.960  -23.605  54.934 0.0000000000
48160  -30.258  -23.369  55.107 0.0000000000
53516  -30.257  -19.455  54.385 0.0000000000
139105  -30.333  -20.997  55.153 0.0000000000
51442  -29.672  -21.224  55.719 0.0000000000
50382  -31.694  -21.887  54.492 0.0000000000
49245  -31.982  -22.466  54.136 0.0000000000
49260  -31.554  -22.995  54.159 0.0000000000
50391  -34.076  -21.139  53.588 0.0000000000
50401  -33.666  -21.748  53.392 0.0000000000
50402  -34.212  -21.480  53.097 0.0000000000
52440  -34.431  -19.120  54.400 0.0000000000
56757  -33.190  -15.023  51.043 0.0000000000
56738  -34.911  -15.088  53.389 0.0000000000
57739  -34.845  -14.239  53.466 0.0000000000
147522  -33.585  -11.545  53.618 0.0000000000
59821  -33.671  -12.466  53.346 0.0000000000
59815  -33.950  -12.246  53.622 0.0000000000
146081  -35.071  -13.260  53.529 0.0000000000
58732  -35.412  -14.001  53.546 0.0000000000
57732  -35.735  -14.758  53.673 0.0000000000
57740  -36.145  -14.875  53.589 0.0000000000
57741  -36.654  -14.852  53.189 0.0000000000
57748  -37.905  -14.602  51.851 0.0000000000
136880  -37.964  -15.456  52.017 0.0000000000
59843  -39.550  -12.193  51.276 0.0000000000
59860  -39.830  -12.322  50.600 0.0000000000
63187  -37.810  -9.700  52.451 0.0000000000
63188  -38.673  -9.691  51.955 0.0000000000
63219  -40.200  -10.003  50.725 0.0000000000
63205  -39.937  -9.876  51.114 0.0000000000
62014  -40.279  -10.676  50.537 0.0000000000
62026  -40.160  -10.665  49.943 0.0000000000
63246  -40.022  -9.952  49.621 0.0000000000
64421  -39.707  -8.617  49.435 0.0000000000
64437  -39.560  -8.880  48.554 0.0000000000
46187  -13.710  -24.665  59.830 0.0000000000
128189  -13.137  -25.323  58.196 0.0000000000
68927  -42.174  -4.491  48.131 0.0000000000
66700  -43.474  -5.542  47.616 0.0000000000
71077  -42.002  -2.421  45.839 0.0000000000
72201  -42.310  -1.919  46.570 0.0000000000
72185  -45.505  -2.557  46.145 0.0000000000
72184  -44.704  -2.619  46.694 0.0000000000
71065  -45.586  -2.700  46.654 0.0000000000
71055  -45.613  -3.017  47.201 0.0000000000
71066  -46.303  -2.886  46.450 0.0000000000
73336  -45.939  -0.400  43.784 0.0000000000
72218  -46.296  -1.193  44.317 0.0000000000
69992  -47.572  -3.737  44.576 0.0000000000
67853  -47.462  -5.282  44.726 0.0000000000
67843  -47.343  -5.403  45.384 0.0000000000
66755  -47.213  -6.670  44.948 0.0000000000
74521  -43.260  0.587  39.781 0.0000000000
74540  -43.665  1.280  39.543 0.0000000000
76846  -49.527  2.708  38.740 0.0000000000
76870  -49.238  2.582  37.674 0.0000000000
76845  -48.668  2.873  38.616 0.0000000000
76843  -46.850  2.865  38.488 0.0000000000
75697  -45.408  2.061  36.608 0.0000000000
76866  -45.275  2.366  37.818 0.0000000000
144424  -44.254  1.874  37.612 0.0000000000
76841  -45.163  2.561  39.237 0.0000000000
76795  -45.751  2.289  40.560 0.0000000000
75656  -44.810  2.345  40.063 0.0000000000
75636  -45.384  2.076  40.946 0.0000000000
74523  -45.195  1.566  41.364 0.0000000000
66611  -36.054  -6.144  52.895 0.0000000000
67705  -36.413  -5.297  52.528 0.0000000000
67716  -35.954  -5.529  52.449 0.0000000000
67732  -35.791  -5.514  51.850 0.0000000000
55704  -34.359  -16.412  51.867 0.0000000000
64407  -34.609  -9.285  51.291 0.0000000000
63186  -34.294  -9.055  52.268 0.0000000000
64364  -34.745  -8.347  53.314 0.0000000000
65495  -35.296  -8.044  53.513 0.0000000000
64350  -35.902  -8.508  53.739 0.0000000000
65508  -35.601  -7.444  53.347 0.0000000000
66595  -36.006  -6.949  53.297 0.0000000000
73255  -40.648  -1.229  48.454 0.0000000000
72152  -41.542  -1.519  49.014 0.0000000000
73256  -41.416  -1.254  48.304 0.0000000000
73257  -42.118  -1.245  47.943 0.0000000000
131393  -42.623  -1.420  47.711 0.0000000000
73356  -44.770  0.635  42.138 0.0000000000
72269  -45.104  -0.195  41.537 0.0000000000
73375  -45.018  0.207  40.932 0.0000000000
74568  -53.426  0.878  37.807 0.0000000000
73412  -52.914  0.645  38.209 0.0000000000
73413  -53.155  0.382  37.449 0.0000000000
73430  -51.855  -0.504  37.035 0.0000000000
78028  -52.841  3.518  33.584 0.0000000000
78015  -53.234  3.282  34.497 0.0000000000
76907  -53.639  3.137  35.529 0.0000000000
78016  -54.188  3.853  35.292 0.0000000000
77997  -55.253  3.418  35.885 0.0000000000
76891  -55.766  3.187  35.476 0.0000000000
76908  -55.585  2.441  34.828 0.0000000000
78017  -56.138  3.851  34.925 0.0000000000
78030  -56.296  3.703  34.015 0.0000000000
78031  -56.480  4.226  33.567 0.0000000000
82436  -56.954  7.153  31.302 0.0000000000
81399  -57.029  6.422  31.743 0.0000000000
81408  -57.468  6.476  30.966 0.0000000000
79137  -57.403  5.483  30.231 0.0000000000
79162  -55.884  5.115  29.120 0.0000000000
65567  -39.500  -7.738  49.535 0.0000000000
66684  -39.218  -6.825  48.692 0.0000000000
149428  -39.303  -6.902  49.585 0.0000000000
66670  -39.108  -6.385  50.035 0.0000000000
70989  -37.158  -2.920  51.821 0.0000000000
70990  -37.598  -2.923  51.774 0.0000000000
71004  -37.443  -2.324  51.443 0.0000000000
71016  -37.588  -1.903  50.867 0.0000000000
72114  -38.136  -1.911  51.018 0.0000000000
72125  -38.823  -1.630  50.454 0.0000000000
72124  -38.108  -1.591  50.381 0.0000000000
72135  -37.972  -1.514  49.432 0.0000000000
142030  -37.927  -1.602  47.759 0.0000000000
46188  -14.510  -24.744  59.501 0.0000000000
128102  -15.339  -24.688  59.375 0.0000000000
46189  -16.345  -24.652  59.172 0.0000000000
46202  -21.198  -25.097  58.399 0.0000000000
48120  -22.833  -23.868  58.430 0.0000000000
48121  -23.597  -23.579  58.260 0.0000000000
47195  -23.852  -23.887  57.926 0.0000000000
48129  -24.788  -23.663  57.666 0.0000000000
48130  -25.705  -23.337  57.645 0.0000000000
49229  -28.350  -22.948  56.781 0.0000000000
49231  -29.822  -22.635  55.933 0.0000000000
128104  -30.971  -19.096  53.837 0.0000000000
147083  -31.366  -19.398  54.197 0.0000000000
127969  -30.949  -20.270  54.587 0.0000000000
50389  -32.505  -21.782  54.127 0.0000000000
51458  -34.563  -20.271  53.944 0.0000000000
53521  -35.306  -18.222  54.169 0.0000000000
54632  -36.637  -17.729  53.285 0.0000000000
54633  -37.202  -17.382  52.735 0.0000000000
57752  -32.516  -13.929  50.863 0.0000000000
57753  -32.857  -13.771  51.569 0.0000000000
57746  -33.207  -13.429  52.327 0.0000000000
58769  -33.626  -13.367  52.937 0.0000000000
60888  -34.779  -11.371  53.808 0.0000000000
59816  -34.322  -11.928  53.729 0.0000000000
145280  -34.988  -12.417  53.552 0.0000000000
136069  -36.299  -14.405  53.253 0.0000000000
64378  -38.699  -8.476  51.874 0.0000000000
148018  -38.953  -9.157  51.782 0.0000000000
63204  -39.909  -9.339  50.885 0.0000000000
147927  -40.069  -9.503  50.438 0.0000000000
154048  -40.084  -9.586  49.971 0.0000000000
64422  -39.897  -9.091  50.055 0.0000000000
131016  -13.381  -22.898  59.805 0.0000000000
49163  -13.131  -23.142  60.726 0.0000000000
48102  -12.917  -23.311  60.891 0.0000000000
47167  -13.672  -24.135  60.849 0.0000000000
67811  -43.838  -5.339  47.886 0.0000000000
66701  -44.234  -6.121  47.325 0.0000000000
69978  -43.212  -3.273  45.347 0.0000000000
71079  -43.814  -3.067  45.739 0.0000000000
72202  -45.495  -2.399  45.488 0.0000000000
72203  -45.931  -2.134  45.363 0.0000000000
71128  -46.427  -1.893  43.166 0.0000000000
138058  -46.964  -2.457  43.639 0.0000000000
76798  -49.139  2.307  39.459 0.0000000000
149804  -48.178  2.785  39.246 0.0000000000
76821  -48.166  2.477  39.476 0.0000000000
76819  -46.535  2.821  39.706 0.0000000000
76818  -45.835  2.632  40.020 0.0000000000
76796  -46.182  2.339  40.203 0.0000000000
75637  -45.972  2.120  40.455 0.0000000000
80244  -54.418  5.692  33.676 0.0000000000
80245  -55.269  5.778  33.966 0.0000000000
149970  -54.794  6.336  33.273 0.0000000000
149845  -55.162  6.759  32.919 0.0000000000
81396  -55.218  7.263  32.380 0.0000000000
82434  -55.367  7.854  31.600 0.0000000000
82435  -56.259  7.649  31.469 0.0000000000
82443  -56.737  7.788  30.796 0.0000000000
67734  -38.585  -6.066  51.320 0.0000000000
66642  -38.223  -6.155  51.847 0.0000000000
67717  -37.498  -4.943  52.350 0.0000000000
68853  -37.292  -4.162  52.304 0.0000000000
68840  -36.607  -4.772  52.427 0.0000000000
68852  -36.776  -4.176  52.314 0.0000000000
69906  -36.775  -3.386  52.007 0.0000000000
139548  -36.579  -2.977  50.501 0.0000000000
48104  -15.693  -23.637  60.563 0.0000000000
49165  -15.696  -23.322  60.349 0.0000000000
48105  -16.516  -23.369  60.384 0.0000000000
49167  -17.819  -22.910  60.117 0.0000000000
49168  -18.405  -22.882  59.951 0.0000000000
49169  -19.103  -23.105  59.759 0.0000000000
49182  -19.541  -22.706  59.481 0.0000000000
52426  -28.164  -20.230  55.969 0.0000000000
53517  -32.136  -18.780  53.992 0.0000000000
53498  -33.141  -18.947  54.386 0.0000000000
53519  -33.722  -18.526  54.261 0.0000000000
54618  -34.350  -17.950  54.118 0.0000000000
55676  -35.373  -15.981  53.785 0.0000000000
137880  -33.162  -12.000  52.545 0.0000000000
61986  -33.499  -11.204  53.505 0.0000000000
60886  -33.790  -11.119  53.798 0.0000000000
63169  -33.913  -9.725  53.333 0.0000000000
61979  -33.930  -10.297  53.726 0.0000000000
60887  -34.207  -11.211  53.927 0.0000000000
61987  -35.389  -10.626  53.777 0.0000000000
61988  -36.195  -10.668  53.209 0.0000000000
60896  -37.220  -10.669  52.481 0.0000000000
128771  -36.880  -9.810  53.058 0.0000000000
63172  -37.445  -9.021  52.854 0.0000000000
132861  -36.518  -7.922  53.417 0.0000000000
64366  -37.844  -8.238  52.571 0.0000000000
65525  -38.292  -7.771  52.145 0.0000000000
66627  -38.285  -7.120  52.037 0.0000000000
68910  -41.452  -3.912  48.526 0.0000000000
68894  -41.992  -3.523  48.995 0.0000000000
68895  -42.860  -3.752  48.963 0.0000000000
71030  -42.665  -2.471  49.164 0.0000000000
69937  -43.118  -3.166  49.074 0.0000000000
67790  -44.542  -4.943  47.972 0.0000000000
148307  -45.172  -4.966  47.680 0.0000000000
72230  -44.103  -1.297  43.663 0.0000000000
72231  -44.870  -0.774  44.023 0.0000000000
73334  -45.132  -0.172  43.690 0.0000000000
73335  -45.565  -0.285  43.664 0.0000000000
72244  -46.143  -0.626  43.738 0.0000000000
72243  -45.673  -0.275  43.286 0.0000000000
138781  -46.243  -0.949  43.367 0.0000000000
136200  -45.853  -2.498  42.604 0.0000000000
75700  -50.608  1.742  36.567 0.0000000000
75699  -49.733  1.949  36.669 0.0000000000
76847  -50.364  2.474  38.881 0.0000000000
75657  -50.383  2.154  39.283 0.0000000000
131705  -52.090  1.374  39.126 0.0000000000
74529  -51.039  1.295  39.498 0.0000000000
76799  -49.777  2.138  39.468 0.0000000000
74527  -49.350  1.445  39.594 0.0000000000
74545  -48.917  0.782  39.312 0.0000000000
137523  -35.782  -7.660  50.345 0.0000000000
66668  -36.040  -6.898  50.126 0.0000000000
65565  -36.038  -7.809  49.545 0.0000000000
60931  -33.061  -12.384  50.894 0.0000000000
146928  -34.125  -11.010  50.621 0.0000000000
62005  -34.506  -10.202  50.763 0.0000000000
64408  -35.108  -8.760  50.750 0.0000000000
72199  -40.168  -1.494  45.544 0.0000000000
129694  -40.853  -1.498  45.863 0.0000000000
150614  -41.257  -1.955  45.613 0.0000000000
71092  -41.518  -2.956  45.149 0.0000000000
70005  -42.907  -3.392  44.231 0.0000000000
72229  -43.264  -1.962  43.148 0.0000000000
150457  -43.573  0.364  41.623 0.0000000000
75748  -50.808  1.010  34.765 0.0000000000
75728  -50.710  1.234  35.594 0.0000000000
75702  -52.117  1.918  36.596 0.0000000000
128042  -52.672  2.040  37.540 0.0000000000
75678  -53.793  1.842  37.482 0.0000000000
76889  -53.899  2.796  36.428 0.0000000000
76850  -54.243  2.182  36.995 0.0000000000
74569  -53.733  1.419  37.548 0.0000000000
74606  -53.983  0.772  36.381 0.0000000000
73447  -53.363  0.243  35.632 0.0000000000
153842  -53.419  0.349  34.903 0.0000000000
76923  -55.324  2.491  33.832 0.0000000000
80246  -55.857  5.643  33.907 0.0000000000
79093  -56.625  4.895  33.530 0.0000000000
79106  -56.612  4.521  32.806 0.0000000000
79108  -57.090  5.399  31.835 0.0000000000
66699  -39.197  -6.247  47.732 0.0000000000
67808  -39.431  -5.423  47.616 0.0000000000
68908  -39.440  -4.754  48.322 0.0000000000
67751  -38.541  -5.042  51.111 0.0000000000
68880  -38.623  -4.093  50.793 0.0000000000
69919  -38.370  -3.656  51.450 0.0000000000
69933  -39.149  -3.570  50.134 0.0000000000
69934  -39.990  -3.141  49.630 0.0000000000
69922  -40.391  -2.649  49.829 0.0000000000
72127  -40.602  -1.920  49.867 0.0000000000
72138  -40.284  -1.540  49.562 0.0000000000
72137  -39.488  -1.417  49.751 0.0000000000
73233  -40.106  -1.272  49.023 0.0000000000
73292  -39.975  -1.270  46.601 0.0000000000
67766  -36.423  -5.684  49.352 0.0000000000
67786  -36.565  -5.663  48.446 0.0000000000
68891  -36.494  -4.843  49.032 0.0000000000
136446  -36.598  -4.019  48.596 0.0000000000
69958  -36.683  -3.309  48.109 0.0000000000
136559  -36.801  -2.693  48.356 0.0000000000
71039  -37.085  -2.268  48.072 0.0000000000
72198  -39.480  -1.475  45.423 0.0000000000
46246  -13.551  -25.539  56.169 0.0000000000
152929  -14.057  -25.483  56.011 0.0000000000
129564  -14.210  -25.437  56.523 0.0000000000
50335  -18.951  -22.292  59.334 0.0000000000
50336  -19.713  -22.312  59.201 0.0000000000
140967  -20.112  -22.445  59.195 0.0000000000
48114  -20.333  -23.228  59.304 0.0000000000
47204  -21.970  -24.886  58.188 0.0000000000
47193  -22.360  -24.380  58.361 0.0000000000
46237  -21.973  -25.029  56.556 0.0000000000
48154  -23.857  -23.953  56.607 0.0000000000
49214  -26.142  -22.871  57.745 0.0000000000
48131  -26.490  -23.256  57.381 0.0000000000
48142  -26.826  -23.620  57.012 0.0000000000
48158  -28.734  -23.621  55.716 0.0000000000
48175  -28.899  -23.745  54.802 0.0000000000
52427  -28.738  -20.334  55.827 0.0000000000
53515  -29.362  -19.385  54.625 0.0000000000
52436  -29.006  -19.952  55.433 0.0000000000
49243  -30.478  -22.787  55.280 0.0000000000
50381  -30.863  -21.939  54.997 0.0000000000
48161  -30.879  -23.176  54.624 0.0000000000
52439  -33.972  -19.676  54.379 0.0000000000
138357  -35.075  -19.052  54.184 0.0000000000
51459  -35.113  -19.723  53.898 0.0000000000
134863  -35.061  -20.181  53.570 0.0000000000
55705  -34.516  -15.655  52.286 0.0000000000
57754  -33.350  -14.315  51.854 0.0000000000
56747  -34.197  -14.810  52.437 0.0000000000
56748  -34.719  -15.388  53.059 0.0000000000
55677  -35.688  -16.083  53.904 0.0000000000
59820  -33.326  -12.159  53.147 0.0000000000
58749  -34.399  -13.468  53.357 0.0000000000
129915  -34.566  -12.709  53.536 0.0000000000
57731  -35.421  -14.500  53.572 0.0000000000
56729  -35.632  -15.317  53.759 0.0000000000
129426  -36.942  -16.238  53.266 0.0000000000
55688  -37.407  -16.616  52.769 0.0000000000
142718  -37.280  -15.128  52.709 0.0000000000
56740  -37.417  -15.890  52.780 0.0000000000
60906  -38.088  -11.102  51.895 0.0000000000
60907  -38.886  -11.609  51.558 0.0000000000
60919  -39.724  -11.372  51.303 0.0000000000
61995  -39.402  -9.778  51.520 0.0000000000
62006  -39.867  -10.592  51.268 0.0000000000
60920  -40.134  -11.264  51.044 0.0000000000
62047  -39.207  -10.053  48.314 0.0000000000
63245  -39.634  -9.678  48.867 0.0000000000
128816  -13.122  -25.498  57.261 0.0000000000
72181  -41.800  -1.408  46.885 0.0000000000
72182  -42.503  -1.575  47.203 0.0000000000
72169  -43.372  -1.715  47.892 0.0000000000
71063  -43.311  -2.329  46.744 0.0000000000
72183  -43.794  -2.250  47.209 0.0000000000
71053  -44.494  -2.570  47.879 0.0000000000
71054  -44.991  -3.025  47.790 0.0000000000
68928  -45.654  -4.382  47.471 0.0000000000
67814  -45.815  -5.312  47.192 0.0000000000
72217  -45.923  -1.463  44.591 0.0000000000
72204  -46.422  -1.916  44.978 0.0000000000
71081  -47.260  -2.842  45.486 0.0000000000
71067  -46.931  -3.015  46.018 0.0000000000
68936  -47.026  -4.379  46.272 0.0000000000
142083  -46.617  -5.218  46.563 0.0000000000
66723  -46.215  -6.610  46.654 0.0000000000
75698  -48.829  2.089  36.558 0.0000000000
76887  -47.961  2.114  36.446 0.0000000000
76886  -47.284  2.154  36.447 0.0000000000
76844  -47.821  2.895  38.553 0.0000000000
134585  -46.772  2.398  36.979 0.0000000000
76867  -46.199  2.064  36.325 0.0000000000
75676  -43.869  1.590  37.910 0.0000000000
75655  -44.065  1.793  39.202 0.0000000000
144446  -45.221  0.818  40.875 0.0000000000
73387  -44.800  0.243  39.541 0.0000000000
48116  -22.222  -23.415  58.659 0.0000000000
49276  -33.575  -22.038  53.144 0.0000000000
58748  -33.869  -13.100  53.249 0.0000000000
59814  -33.566  -11.894  53.516 0.0000000000
59845  -40.063  -11.772  50.859 0.0000000000
60893  -33.466  -11.698  53.466 0.0000000000
61980  -34.288  -10.503  53.938 0.0000000000
61992  -33.245  -11.174  52.934 0.0000000000
62007  -40.206  -10.632  50.947 0.0000000000
63170  -34.332  -9.285  53.589 0.0000000000
64365  -37.211  -7.810  52.993 0.0000000000
64377  -34.543  -8.277  52.723 0.0000000000
64379  -39.090  -8.417  51.388 0.0000000000
65496  -35.929  -7.792  53.554 0.0000000000
65538  -34.901  -7.564  52.446 0.0000000000
65595  -45.896  -7.294  46.713 0.0000000000
65614  -45.715  -8.045  46.569 0.0000000000
66609  -35.181  -7.564  53.223 0.0000000000
66610  -35.591  -6.915  53.098 0.0000000000
66640  -35.261  -6.837  52.342 0.0000000000
66722  -44.847  -7.146  46.911 0.0000000000
66724  -46.778  -6.108  46.108 0.0000000000
66740  -47.141  -6.407  45.393 0.0000000000
67706  -36.558  -5.714  52.696 0.0000000000
67718  -38.045  -5.091  51.986 0.0000000000
67789  -43.822  -4.746  48.302 0.0000000000
67830  -46.240  -5.955  46.767 0.0000000000
68851  -36.354  -4.740  52.345 0.0000000000
68912  -43.238  -4.280  48.659 0.0000000000
68937  -47.400  -4.412  45.623 0.0000000000
68947  -47.606  -4.502  45.018 0.0000000000
69894  -37.186  -3.459  52.099 0.0000000000
69907  -38.186  -3.118  51.586 0.0000000000
69938  -43.628  -3.111  48.838 0.0000000000
69950  -44.101  -3.417  48.572 0.0000000000
69951  -44.704  -3.597  48.176 0.0000000000
69959  -45.360  -3.633  47.666 0.0000000000
69960  -46.072  -3.597  47.080 0.0000000000
69967  -46.728  -3.606  46.459 0.0000000000
69968  -47.257  -3.597  45.878 0.0000000000
70007  -47.401  -3.047  44.077 0.0000000000
70021  -42.788  -3.181  43.435 0.0000000000
70023  -46.450  -3.027  43.136 0.0000000000
71019  -40.953  -2.371  49.722 0.0000000000
71051  -36.840  -2.756  47.653 0.0000000000
71080  -46.702  -2.503  45.641 0.0000000000
72153  -42.181  -1.462  48.568 0.0000000000
72168  -42.747  -1.476  48.215 0.0000000000
72170  -44.118  -2.299  47.591 0.0000000000
72215  -40.584  -1.982  45.127 0.0000000000
72232  -46.308  -0.829  44.040 0.0000000000
72337  -51.339  -1.004  35.640 0.0000000000
73234  -40.853  -1.345  48.940 0.0000000000
73309  -39.899  -1.376  45.938 0.0000000000
73311  -41.166  -1.357  46.566 0.0000000000
73322  -45.974  -0.579  44.023 0.0000000000
74526  -48.602  1.649  39.590 0.0000000000
74547  -50.852  0.655  39.372 0.0000000000
74549  -52.587  0.997  38.819 0.0000000000
74550  -53.142  1.186  38.191 0.0000000000
74585  -53.766  0.815  37.198 0.0000000000
74586  -54.284  1.343  36.892 0.0000000000
75640  -49.599  1.901  39.580 0.0000000000
75641  -50.354  1.771  39.506 0.0000000000
75658  -51.260  1.706  39.267 0.0000000000
75659  -52.726  1.406  38.539 0.0000000000
75679  -54.284  1.890  37.080 0.0000000000
75701  -51.297  1.627  36.305 0.0000000000
75751  -55.160  1.838  35.105 0.0000000000
75781  -54.607  2.077  33.377 0.0000000000
76865  -44.699  2.184  37.995 0.0000000000
76868  -47.488  2.579  37.349 0.0000000000
76872  -53.072  2.307  36.694 0.0000000000
76873  -54.454  2.638  36.580 0.0000000000
76885  -46.829  2.022  36.104 0.0000000000
80230  -56.126  5.031  34.192 0.0000000000
80247  -56.292  5.453  33.645 0.0000000000
80267  -56.655  5.632  33.059 0.0000000000
80282  -57.361  5.835  31.407 0.0000000000
81397  -55.966  7.244  32.165 0.0000000000
81398  -56.529  7.013  31.844 0.0000000000
128858  -42.148  -1.887  49.167 0.0000000000
129199  -54.939  2.958  36.285 0.0000000000
130656  -52.474  -0.015  37.769 0.0000000000
131117  -34.792  -9.954  54.031 0.0000000000
131738  -54.025  0.775  35.519 0.0000000000
135471  -20.460  -25.535  56.239 0.0000000000
135501  -38.638  -1.238  49.066 0.0000000000
135927  -48.877  2.651  39.264 0.0000000000
139754  -46.414  -7.128  46.313 0.0000000000
140619  -47.027  -2.197  45.115 0.0000000000
141682  -47.141  -5.105  46.014 0.0000000000
142740  -47.408  -5.984  44.958 0.0000000000
148310  -45.098  -2.757  47.321 0.0000000000
148459  -16.437  -23.000  60.158 0.0000000000
148676  -51.377  -0.840  36.422 0.0000000000
149506  -51.580  1.320  39.342 0.0000000000
149732  -51.077  2.284  38.443 0.0000000000
