#!ascii label  , from subject sub-v1s11x0050156_ses-1 vox2ras=TkReg
986
129990  -28.231  -14.705  -20.024 0.4285714328
148771  -28.244  -13.368  -21.518 0.2857142985
58593  -28.064  -13.913  -21.142 0.4285714328
147515  -29.046  -12.859  -20.914 0.4285714328
60745  -29.549  -12.518  -20.553 0.4285714328
60781  -28.603  -12.309  -22.049 0.2857142985
60767  -29.196  -12.231  -21.351 0.4285714328
61871  -29.573  -11.484  -21.588 0.4285714328
61897  -28.463  -11.412  -23.515 0.4285714328
61898  -28.958  -10.985  -23.064 0.4285714328
63052  -28.926  -10.077  -24.231 0.4285714328
64217  -29.517  -9.556  -23.727 0.4285714328
64282  -28.615  -9.789  -26.384 0.5714285970
64238  -29.211  -9.390  -24.608 0.5714285970
65346  -29.696  -8.802  -24.082 0.4285714328
150672  -30.191  -8.341  -23.719 0.2857142985
65399  -29.298  -8.536  -26.011 0.7142857313
65370  -29.970  -8.087  -24.409 0.7142857313
135998  -30.231  -7.038  -25.269 0.7142857313
67580  -30.739  -6.559  -24.719 0.4285714328
65400  -29.795  -7.783  -25.397 0.7142857313
66473  -30.341  -7.348  -24.572 0.5714285970
68723  -30.751  -5.801  -26.059 0.5714285970
66499  -30.036  -7.162  -26.106 0.5714285970
67620  -30.467  -6.585  -26.820 0.5714285970
67621  -30.869  -5.809  -26.899 0.5714285970
68747  -31.157  -5.180  -26.390 0.5714285970
69740  -31.714  -4.748  -25.131 0.4285714328
68765  -31.244  -5.316  -27.485 0.5714285970
132597  -31.669  -3.701  -27.028 0.5714285970
132272  -31.459  -6.064  -28.334 0.7142857313
69814  -31.472  -4.409  -27.651 0.7142857313
70890  -31.588  -3.705  -27.765 0.7142857313
71940  -32.014  -3.055  -26.625 0.5714285970
66549  -31.760  -7.689  -29.302 0.5714285970
145183  -31.822  -4.747  -29.002 0.8571428657
71970  -31.748  -3.057  -27.439 0.7142857313
71971  -32.037  -2.253  -27.075 0.5714285970
68777  -31.961  -5.329  -29.630 0.7142857313
68778  -32.123  -6.312  -30.235 0.5714285970
146249  -31.748  -1.770  -28.575 0.7142857313
73050  -32.212  -1.315  -27.142 0.5714285970
69822  -31.793  -4.317  -29.386 0.7142857313
136169  -31.675  -2.654  -28.771 0.7142857313
73081  -31.841  -0.877  -28.884 0.5714285970
70907  -31.715  -3.475  -29.065 0.7142857313
73070  -31.998  -1.065  -28.028 0.5714285970
70916  -31.684  -3.674  -29.928 0.5714285970
72006  -31.636  -2.854  -29.560 0.7142857313
73080  -31.649  -1.503  -29.439 0.7142857313
74197  -31.976  -0.045  -29.179 0.7142857313
74172  -32.075  -0.247  -28.360 0.7142857313
72022  -31.429  -2.184  -30.781 0.7142857313
73095  -31.510  -1.400  -30.268 0.7142857313
74196  -31.689  -0.683  -29.705 0.7142857313
75373  -31.831  0.932  -30.078 0.7142857313
75355  -32.071  0.779  -29.440 0.5714285970
137811  -31.364  -2.993  -31.277 0.5714285970
76434  -32.253  1.515  -29.739 0.5714285970
131527  -32.416  2.111  -30.033 0.5714285970
73110  -31.322  -1.379  -31.117 0.8571428657
77624  -31.947  2.258  -30.595 0.7142857313
76450  -31.532  1.757  -31.063 0.7142857313
137932  -31.354  0.097  -30.927 0.8571428657
75372  -31.447  0.921  -30.808 0.7142857313
77640  -31.267  2.907  -31.819 0.8571428657
78694  -31.811  2.932  -30.913 0.5714285970
75391  -31.014  1.154  -31.584 0.8571428657
75392  -31.066  0.278  -31.474 0.8571428657
153032  -30.769  3.828  -32.786 0.8571428657
79808  -30.968  4.382  -32.561 0.8571428657
80941  -30.511  5.815  -33.730 0.8571428657
140516  -31.035  2.029  -31.864 0.8571428657
79825  -30.645  4.272  -33.299 0.8571428657
78749  -30.329  3.974  -34.103 1.0000000000
78720  -30.741  3.211  -32.692 0.8571428657
136335  -30.449  4.870  -33.917 1.0000000000
78736  -30.575  3.600  -33.339 1.0000000000
154286  -30.263  6.144  -34.519 1.0000000000
82074  -29.644  6.374  -35.821 0.7142857313
80962  -30.187  5.467  -34.516 1.0000000000
79844  -30.011  4.722  -34.664 1.0000000000
133578  -29.915  5.950  -35.121 1.0000000000
85066  -29.614  9.496  -37.680 1.0000000000
84071  -29.438  8.511  -37.324 0.8571428657
85083  -29.069  10.198  -39.078 0.8571428657
85075  -29.344  9.801  -38.427 1.0000000000
87953  -28.581  12.547  -41.431 0.8571428657
87005  -29.052  11.566  -39.873 0.8571428657
135779  -28.450  12.776  -43.037 0.8571428657
87976  -27.993  12.368  -44.034 0.7142857313
87031  -27.641  11.275  -43.345 0.5714285970
127123  -27.046  11.815  -45.069 0.7142857313
144599  -27.236  12.594  -45.405 0.5714285970
127350  -26.467  12.251  -43.212 0.5714285970
127409  -26.948  11.024  -44.136 0.5714285970
127361  -26.311  13.044  -42.593 0.4285714328
89861  -26.314  14.423  -43.276 0.4285714328
141080  -26.243  14.869  -43.967 0.4285714328
140429  -26.363  14.394  -40.878 0.2857142985
89823  -26.354  13.889  -40.007 0.2857142985
144634  -26.263  14.006  -41.551 0.2857142985
89824  -26.688  14.775  -40.210 0.2857142985
59708  -28.101  -12.995  -22.153 0.2857142985
71989  -31.913  -1.758  -27.745 0.5714285970
77625  -32.255  2.726  -30.218 0.5714285970
146110  -31.558  0.343  -30.425 0.7142857313
76451  -31.933  1.630  -30.344 0.7142857313
145573  -31.566  2.377  -31.241 0.8571428657
79792  -31.381  4.351  -31.837 0.8571428657
80942  -30.752  5.051  -33.077 0.8571428657
83097  -29.705  7.166  -35.868 0.8571428657
90868  -26.992  15.286  -38.051 0.1428571492
59707  -27.559  -13.431  -22.471 0.2857142985
139103  -28.176  -12.406  -22.699 0.2857142985
61882  -28.618  -11.731  -22.734 0.2857142985
61883  -29.280  -11.216  -22.306 0.4285714328
62998  -30.220  -10.156  -22.198 0.4285714328
64202  -29.860  -9.810  -22.909 0.4285714328
63051  -28.351  -10.647  -24.853 0.5714285970
64272  -28.917  -9.349  -25.616 0.5714285970
64283  -28.990  -9.213  -26.644 0.2857142985
65423  -29.684  -7.907  -26.474 0.7142857313
67605  -30.463  -6.464  -25.647 0.4285714328
65430  -30.311  -8.054  -27.973 0.5714285970
70832  -31.961  -4.059  -25.620 0.4285714328
66535  -30.825  -7.356  -28.067 0.7142857313
145138  -31.531  -6.955  -28.524 0.7142857313
151207  -31.484  -4.698  -25.825 0.7142857313
69792  -31.515  -4.393  -26.579 0.5714285970
70856  -31.903  -3.668  -26.296 0.4285714328
69818  -31.643  -4.154  -28.520 0.7142857313
134391  -31.638  -3.235  -28.245 0.7142857313
66557  -31.977  -7.250  -29.791 0.5714285970
67642  -31.987  -6.518  -29.191 0.5714285970
68781  -32.045  -5.514  -30.711 0.5714285970
136723  -31.554  -2.177  -29.955 0.7142857313
149536  -31.630  -2.185  -29.253 0.7142857313
75337  -32.239  0.551  -28.710 0.5714285970
70924  -31.538  -3.931  -30.951 0.8571428657
74214  -31.478  -0.486  -30.536 0.7142857313
78709  -31.551  3.602  -31.430 0.5714285970
78735  -30.373  3.219  -33.771 1.0000000000
80980  -29.536  5.548  -35.769 0.8571428657
147614  -29.434  7.113  -36.580 0.7142857313
152178  -29.607  7.493  -36.288 1.0000000000
84058  -29.795  7.896  -36.004 1.0000000000
84065  -29.728  8.577  -36.405 1.0000000000
83111  -29.191  7.530  -37.289 0.7142857313
148036  -28.505  11.321  -40.340 0.8571428657
86055  -29.382  11.001  -39.198 1.0000000000
86049  -29.546  10.510  -38.642 1.0000000000
130756  -28.131  11.880  -43.269 0.7142857313
127739  -26.332  13.758  -43.016 0.7142857313
87030  -27.227  11.013  -43.999 0.5714285970
144668  -26.881  11.472  -44.654 0.7142857313
127124  -26.802  12.297  -45.125 0.7142857313
127449  -26.349  12.338  -42.093 0.4285714328
89848  -26.313  14.455  -42.410 0.4285714328
88923  -26.659  13.261  -45.635 0.4285714328
133975  -26.297  15.145  -43.048 0.4285714328
89834  -26.336  14.897  -41.665 0.4285714328
65429  -29.756  -8.573  -27.829 0.4285714328
65435  -30.322  -8.476  -28.469 0.4285714328
144157  -26.298  13.684  -42.191 0.4285714328
144591  -26.386  12.995  -43.679 0.7142857313
58580  -27.774  -14.657  -20.682 0.4285714328
59678  -29.210  -13.314  -20.276 0.4285714328
59692  -27.761  -13.669  -21.848 0.2857142985
58592  -27.465  -14.345  -21.545 0.2857142985
60719  -29.834  -12.808  -19.810 0.4285714328
60804  -27.636  -12.877  -22.938 0.2857142985
60782  -29.003  -11.744  -21.961 0.4285714328
61919  -28.137  -11.395  -24.267 0.2857142985
63018  -28.641  -10.775  -23.870 0.4285714328
63019  -29.250  -10.290  -23.394 0.4285714328
64271  -28.457  -10.177  -25.729 0.4285714328
65369  -29.462  -8.648  -25.011 0.4285714328
147498  -29.804  -8.096  -27.303 0.5714285970
67635  -31.003  -6.322  -27.712 0.5714285970
68772  -31.644  -5.227  -28.566 0.7142857313
150246  -32.330  -3.187  -25.767 0.5714285970
66540  -31.980  -7.313  -29.274 0.7142857313
65437  -31.508  -8.171  -28.874 0.7142857313
143501  -31.822  -4.594  -30.284 0.7142857313
138634  -31.531  -2.962  -30.406 0.8571428657
74215  -31.752  0.160  -29.882 0.7142857313
77652  -30.770  2.572  -32.440 0.8571428657
78721  -31.141  3.703  -32.187 0.8571428657
75406  -30.711  0.489  -32.184 0.8571428657
153290  -30.543  3.174  -33.276 1.0000000000
80981  -29.801  5.298  -35.076 1.0000000000
153321  -29.527  6.751  -36.208 0.8571428657
87013  -28.341  11.732  -41.652 0.8571428657
87963  -28.420  12.230  -42.332 0.8571428657
87040  -27.494  11.517  -44.225 0.7142857313
87984  -27.388  11.961  -44.927 0.7142857313
153960  -27.157  11.440  -44.879 0.5714285970
144613  -26.594  12.145  -44.317 0.5714285970
127410  -26.709  11.483  -43.837 0.5714285970
133558  -26.318  13.862  -44.135 0.4285714328
90877  -26.973  15.132  -39.632 0.2857142985
60822  -27.897  -12.133  -23.596 0.2857142985
65422  -29.415  -8.586  -26.991 0.2857142985
83104  -29.542  7.836  -36.661 1.0000000000
88913  -26.542  12.975  -44.771 0.5714285970
93012  -25.573  17.749  -43.206 0.2857142985
93002  -25.595  17.828  -42.345 0.1428571492
138424  -26.217  16.001  -42.809 0.2857142985
93024  -25.776  17.598  -43.950 0.2857142985
93987  -25.818  18.074  -41.484 0.1428571492
90903  -26.289  15.961  -41.867 0.1428571492
91963  -26.471  16.345  -41.037 0.1428571492
92002  -26.089  16.828  -45.606 0.2857142985
92001  -25.915  16.610  -44.521 0.2857142985
127118  -28.762  16.733  -45.359 0.2857142985
92013  -26.916  16.502  -47.330 0.2857142985
130523  -26.290  18.111  -40.501 0.1428571492
127120  -27.813  14.615  -45.553 0.2857142985
92007  -25.972  15.952  -45.469 0.2857142985
90927  -26.153  15.833  -43.730 0.2857142985
90918  -29.145  15.825  -42.819 0.1428571492
144695  -27.895  15.356  -45.960 0.2857142985
90949  -26.730  15.467  -46.674 0.2857142985
91962  -26.154  16.980  -41.738 0.1428571492
89883  -26.395  14.391  -46.283 0.2857142985
90933  -26.045  15.463  -44.784 0.2857142985
91965  -31.119  16.776  -41.602 0.1428571492
91964  -29.729  16.435  -42.396 0.1428571492
146125  -28.636  15.457  -44.211 0.4285714328
127121  -27.183  14.070  -46.139 0.2857142985
88850  -29.610  13.529  -39.658 0.2857142985
89850  -28.790  14.864  -42.466 0.4285714328
127502  -28.251  13.670  -44.429 0.2857142985
137604  -26.425  13.685  -45.177 0.2857142985
88836  -30.627  13.786  -38.162 0.1428571492
143753  -29.471  14.844  -40.618 0.2857142985
89862  -28.548  14.231  -43.557 0.4285714328
88868  -28.772  13.384  -41.179 0.5714285970
89849  -28.585  13.750  -42.751 0.7142857313
88823  -30.600  12.509  -37.480 0.1428571492
88851  -30.178  13.812  -38.887 0.1428571492
127119  -27.845  12.827  -44.778 0.4285714328
86983  -30.878  12.002  -36.664 0.2857142985
86989  -30.421  11.589  -37.506 0.7142857313
86042  -29.822  10.326  -38.012 0.8571428657
86999  -30.009  12.179  -38.631 0.8571428657
87932  -29.275  12.554  -39.961 0.5714285970
86029  -31.139  11.025  -35.102 0.2857142985
86973  -31.016  11.356  -35.937 0.2857142985
86998  -29.630  11.871  -39.223 0.7142857313
86060  -28.138  10.940  -40.462 0.5714285970
86036  -30.518  10.891  -36.753 0.7142857313
86019  -31.576  10.568  -34.489 0.1428571492
76511  -29.470  1.302  -34.547 0.5714285970
146606  -29.720  3.983  -34.979 0.8571428657
79861  -29.557  4.732  -35.422 0.5714285970
85062  -29.849  9.309  -36.873 0.8571428657
83098  -30.165  7.712  -35.268 0.8571428657
85067  -30.110  10.109  -37.251 0.8571428657
84046  -31.239  8.850  -34.210 0.2857142985
84066  -29.920  9.267  -36.093 0.8571428657
85037  -31.665  9.418  -33.656 0.4285714328
85055  -30.378  9.645  -35.569 0.7142857313
85063  -30.155  9.978  -36.350 0.7142857313
74278  -28.695  0.320  -34.949 0.2857142985
77677  -30.085  2.640  -34.040 0.5714285970
77676  -29.530  2.586  -34.834 0.5714285970
82075  -30.142  6.785  -35.050 0.8571428657
137843  -30.180  8.656  -35.548 0.8571428657
84038  -31.003  8.082  -33.973 0.4285714328
84045  -30.670  8.316  -34.714 0.8571428657
146228  -31.352  8.665  -33.451 0.4285714328
147478  -30.121  -3.337  -33.142 0.7142857313
72052  -29.872  -2.605  -33.578 0.4285714328
70929  -30.810  -3.361  -32.546 0.7142857313
74238  -30.646  -0.958  -32.827 0.8571428657
74247  -30.209  -0.565  -33.370 0.5714285970
74263  -29.622  -0.127  -34.001 0.5714285970
73155  -28.702  -0.828  -34.588 0.4285714328
149758  -30.509  0.649  -32.829 0.8571428657
75418  -30.206  0.327  -33.359 0.5714285970
129207  -30.225  2.016  -33.599 0.7142857313
145205  -29.902  1.493  -33.900 0.5714285970
82045  -30.950  5.877  -32.797 0.7142857313
82044  -30.749  6.598  -33.282 0.7142857313
82060  -30.488  6.693  -34.120 0.7142857313
83085  -30.534  7.487  -34.463 0.8571428657
83052  -31.780  7.436  -31.950 0.2857142985
83062  -31.388  7.366  -32.496 0.4285714328
83072  -31.146  7.924  -33.082 0.5714285970
131257  -31.723  -5.415  -31.339 0.4285714328
69831  -30.587  -4.473  -32.438 0.4285714328
70932  -29.613  -3.622  -33.368 0.4285714328
74228  -31.180  -0.562  -31.376 0.7142857313
73123  -30.945  -1.407  -32.060 0.7142857313
74239  -30.816  -0.387  -32.120 0.7142857313
131604  -30.638  1.270  -32.389 0.8571428657
82019  -31.466  6.045  -31.927 0.2857142985
80926  -31.204  5.124  -32.287 0.5714285970
68782  -32.061  -6.160  -30.996 0.4285714328
67660  -30.307  -5.686  -31.764 0.5714285970
70926  -31.221  -3.725  -31.839 0.5714285970
70928  -30.512  -3.909  -32.664 0.5714285970
78695  -32.121  3.283  -30.408 0.4285714328
79775  -31.709  4.301  -30.982 0.4285714328
80912  -31.745  5.825  -30.973 0.4285714328
80911  -31.534  5.101  -31.463 0.4285714328
66547  -30.340  -7.868  -29.567 0.5714285970
153637  -32.442  -1.243  -26.566 0.4285714328
74148  -32.276  -0.462  -27.493 0.4285714328
77611  -32.509  2.660  -29.585 0.4285714328
141245  -32.598  3.241  -29.124 0.4285714328
65322  -30.784  -8.630  -22.566 0.1428571492
140128  -32.379  1.322  -29.032 0.4285714328
76413  -32.592  1.868  -28.489 0.4285714328
66451  -30.527  -7.714  -23.809 0.1428571492
66452  -31.178  -7.423  -23.175 0.1428571492
68697  -31.968  -4.911  -24.367 0.2857142985
72990  -33.359  -1.459  -24.586 0.2857142985
75302  -33.185  0.598  -25.404 0.2857142985
74118  -32.814  -0.233  -25.905 0.2857142985
71914  -32.668  -2.411  -25.496 0.4285714328
153261  -32.922  1.160  -25.946 0.2857142985
132193  -32.674  -1.207  -26.001 0.2857142985
76401  -32.716  1.206  -26.753 0.2857142985
75323  -32.549  0.895  -27.488 0.4285714328
65348  -31.111  -8.021  -22.673 0.1428571492
67558  -31.984  -6.037  -23.049 0.2857142985
68677  -31.737  -5.719  -23.910 0.2857142985
70795  -33.328  -3.140  -22.984 0.2857142985
71893  -33.402  -2.194  -24.024 0.2857142985
71892  -33.021  -2.784  -24.390 0.2857142985
70813  -32.688  -3.517  -24.338 0.2857142985
72989  -33.059  -2.263  -24.814 0.2857142985
66430  -32.024  -7.038  -21.893 0.1428571492
150970  -33.208  -4.359  -21.794 0.2857142985
67539  -32.246  -6.237  -22.250 0.2857142985
69707  -32.576  -4.677  -23.107 0.2857142985
68678  -32.202  -5.398  -23.297 0.2857142985
67557  -31.482  -6.560  -23.479 0.2857142985
70794  -32.881  -3.763  -23.438 0.2857142985
61852  -29.833  -11.793  -20.857 0.2857142985
64173  -30.736  -9.715  -21.711 0.1428571492
62969  -30.461  -10.428  -21.458 0.2857142985
64204  -31.045  -9.011  -21.930 0.1428571492
58555  -28.720  -14.475  -19.607 0.2857142985
57577  -28.273  -15.204  -19.448 0.2857142985
57599  -27.823  -15.134  -20.071 0.2857142985
62930  -30.707  -10.688  -20.715 0.2857142985
58556  -29.321  -14.200  -19.211 0.1428571492
57576  -27.595  -15.690  -19.755 0.2857142985
56598  -27.310  -16.356  -19.372 0.1428571492
67538  -31.748  -6.813  -22.702 0.1428571492
68640  -32.635  -5.570  -21.808 0.2857142985
69708  -33.151  -3.955  -22.500 0.2857142985
72981  -33.634  -1.385  -23.857 0.2857142985
71876  -33.149  -2.986  -23.758 0.2857142985
74119  -33.126  -0.912  -25.253 0.2857142985
73023  -32.393  -1.729  -26.478 0.4285714328
74134  -32.495  -0.711  -26.663 0.4285714328
75301  -32.794  0.581  -26.169 0.2857142985
77561  -32.740  2.024  -26.990 0.2857142985
151814  -30.255  -2.123  -33.431 0.7142857313
76496  -30.309  1.228  -33.266 0.5714285970
146144  -31.851  3.582  -30.799 0.4285714328
80896  -31.810  5.054  -30.790 0.2857142985
82020  -31.931  6.920  -31.223 0.2857142985
146486  -31.590  6.868  -32.056 0.5714285970
83071  -30.790  7.332  -33.658 0.7142857313
87023  -28.113  11.456  -42.524 0.4285714328
87004  -28.643  11.987  -40.699 0.7142857313
151041  -31.419  8.512  -32.868 0.2857142985
86043  -30.235  10.808  -37.616 0.8571428657
86028  -30.609  10.536  -35.739 0.5714285970
127122  -26.523  13.821  -46.107 0.2857142985
89814  -29.903  14.319  -39.541 0.4285714328
89825  -29.487  14.256  -40.144 0.4285714328
92993  -26.622  17.268  -40.224 0.1428571492
90928  -28.940  16.004  -43.690 0.2857142985
90904  -29.378  15.742  -41.866 0.1428571492
141249  -26.384  16.667  -46.674 0.2857142985
59651  -29.081  -13.910  -19.782 0.1428571492
57616  -27.084  -15.071  -21.254 0.2857142985
60746  -30.173  -12.118  -20.152 0.1428571492
62970  -30.977  -9.990  -20.998 0.1428571492
62968  -29.891  -10.827  -21.890 0.2857142985
65323  -31.322  -8.298  -22.108 0.1428571492
66398  -32.251  -7.336  -21.061 0.1428571492
67522  -32.520  -6.413  -21.314 0.1428571492
140306  -31.272  -6.010  -24.538 0.2857142985
153720  -32.206  -5.027  -23.735 0.2857142985
72967  -33.697  -1.823  -23.249 0.2857142985
154514  -33.578  -1.047  -24.202 0.2857142985
68787  -31.024  -5.567  -31.756 0.5714285970
129922  -32.704  -2.960  -24.982 0.2857142985
69837  -29.348  -4.226  -33.209 0.2857142985
76387  -32.967  1.985  -26.099 0.2857142985
77562  -33.042  2.760  -26.694 0.2857142985
72046  -30.473  -2.647  -33.070 0.7142857313
72041  -30.925  -2.425  -32.425 0.5714285970
72050  -28.174  -2.313  -34.144 0.4285714328
134449  -29.767  -1.898  -33.849 0.5714285970
77575  -32.861  2.477  -27.766 0.4285714328
75447  -28.936  1.092  -35.310 0.2857142985
75426  -29.254  0.544  -34.581 0.5714285970
77592  -32.668  2.673  -28.711 0.2857142985
76510  -29.287  1.842  -35.182 0.2857142985
79762  -32.451  4.590  -29.736 0.4285714328
79776  -32.157  3.946  -30.365 0.4285714328
80881  -32.605  5.589  -29.455 0.1428571492
80897  -32.256  5.485  -30.247 0.1428571492
82033  -31.200  6.650  -32.591 0.5714285970
85045  -30.817  9.187  -34.883 0.7142857313
86006  -32.047  10.159  -33.909 0.2857142985
86020  -32.326  10.938  -34.133 0.1428571492
85056  -30.924  10.133  -34.978 0.4285714328
86974  -31.531  11.774  -35.308 0.1428571492
142382  -30.238  12.098  -38.052 0.5714285970
86984  -31.414  11.987  -36.022 0.1428571492
87933  -29.815  12.802  -39.100 0.5714285970
145883  -30.851  13.388  -37.592 0.1428571492
89815  -30.474  14.818  -39.171 0.1428571492
90917  -28.732  15.183  -43.501 0.2857142985
89826  -29.966  15.136  -39.959 0.1428571492
91954  -30.628  16.261  -40.877 0.1428571492
90905  -30.124  16.369  -41.594 0.1428571492
127511  -28.722  16.058  -44.577 0.2857142985
127471  -29.275  16.670  -44.161 0.1428571492
93026  -30.015  17.206  -43.658 0.1428571492
60721  -31.048  -11.961  -19.008 0.1428571492
65300  -31.992  -8.258  -20.736 0.1428571492
74100  -33.545  -0.586  -24.523 0.2857142985
137693  -32.130  7.955  -31.517 0.2857142985
127557  -30.594  17.262  -42.949 0.1428571492
142103  -29.115  17.607  -45.962 0.2857142985
59677  -28.545  -14.059  -20.350 0.2857142985
60720  -30.474  -12.406  -19.431 0.1428571492
61853  -30.462  -11.412  -20.450 0.1428571492
61872  -30.182  -11.125  -21.179 0.1428571492
64218  -30.182  -8.967  -23.224 0.1428571492
65347  -30.650  -8.171  -23.168 0.1428571492
66474  -30.875  -6.961  -23.937 0.2857142985
67606  -30.969  -5.901  -25.185 0.4285714328
129173  -31.247  -6.368  -24.113 0.2857142985
68696  -31.491  -5.430  -24.767 0.2857142985
71941  -32.355  -2.431  -26.218 0.4285714328
136077  -31.168  -2.954  -31.987 0.5714285970
69828  -31.441  -4.636  -31.651 0.4285714328
132732  -31.211  -2.226  -31.615 0.7142857313
77666  -30.493  2.688  -33.239 0.8571428657
132313  -28.204  11.370  -41.011 0.5714285970
88882  -28.601  13.142  -42.064 0.7142857313
88898  -28.377  13.267  -43.784 0.5714285970
127400  -26.757  13.465  -45.935 0.2857142985
127339  -27.637  13.598  -45.326 0.2857142985
89872  -26.221  14.472  -45.012 0.2857142985
64203  -30.482  -9.390  -22.423 0.1428571492
65436  -31.129  -8.233  -28.678 0.5714285970
69741  -32.234  -4.209  -24.759 0.2857142985
134615  -32.327  0.353  -27.864 0.4285714328
86994  -29.970  11.271  -38.400 0.8571428657
129762  -26.294  15.280  -42.331 0.2857142985
89882  -26.304  14.084  -45.829 0.2857142985
91993  -25.932  16.833  -43.462 0.2857142985
91978  -26.004  16.917  -42.574 0.2857142985
153397  -25.987  17.538  -41.625 0.1428571492
93032  -25.894  17.434  -44.702 0.2857142985
131643  -27.946  16.176  -46.325 0.2857142985
92012  -26.653  16.290  -47.054 0.2857142985
90950  -27.215  15.592  -46.716 0.2857142985
93003  -26.345  17.286  -40.994 0.1428571492
90941  -27.360  14.821  -46.262 0.2857142985
127512  -28.331  15.346  -45.000 0.2857142985
127427  -28.358  14.582  -44.501 0.2857142985
90939  -26.056  15.026  -45.832 0.2857142985
90940  -26.411  15.203  -46.511 0.2857142985
148640  -29.515  16.541  -43.229 0.1428571492
89891  -27.016  14.718  -46.513 0.2857142985
91979  -30.434  16.865  -42.275 0.1428571492
146749  -30.031  16.903  -42.867 0.1428571492
89836  -28.756  14.066  -41.750 0.5714285970
87921  -30.315  12.939  -38.270 0.1428571492
89837  -29.146  14.919  -41.370 0.2857142985
90888  -29.829  15.638  -40.894 0.2857142985
88869  -29.098  14.158  -40.890 0.4285714328
88860  -29.151  13.448  -40.406 0.5714285970
87943  -28.820  12.804  -40.710 0.7142857313
85046  -31.422  9.684  -34.362 0.4285714328
136491  -29.722  1.998  -34.331 0.5714285970
78748  -29.870  3.280  -34.484 0.5714285970
140654  -29.269  3.986  -35.837 0.4285714328
69838  -30.088  -4.016  -32.942 0.5714285970
73122  -30.656  -1.845  -32.933 0.7142857313
73136  -30.254  -1.430  -33.405 0.7142857313
136644  -30.586  -0.081  -32.829 0.7142857313
73149  -29.205  -1.477  -34.253 0.4285714328
130711  -29.711  -1.064  -33.875 0.5714285970
75427  -29.785  0.810  -33.924 0.5714285970
74262  -29.266  -0.768  -34.337 0.4285714328
73147  -27.733  -1.720  -34.337 0.2857142985
140839  -30.550  1.980  -32.780 0.8571428657
82032  -30.973  7.189  -32.984 0.7142857313
68795  -31.215  -5.077  -31.927 0.5714285970
68794  -30.609  -5.104  -32.248 0.5714285970
128840  -32.194  6.337  -30.513 0.2857142985
129838  -32.574  0.223  -26.908 0.4285714328
131167  -32.509  2.020  -29.338 0.4285714328
78680  -32.434  3.451  -29.807 0.4285714328
129809  -32.477  1.101  -28.228 0.4285714328
69722  -32.440  -4.357  -23.961 0.2857142985
73003  -32.933  -1.700  -25.338 0.2857142985
153560  -32.603  -1.899  -25.897 0.2857142985
146513  -32.646  1.600  -27.638 0.4285714328
66412  -31.741  -7.838  -21.586 0.1428571492
69691  -32.803  -4.808  -22.205 0.2857142985
58540  -28.904  -14.829  -18.919 0.1428571492
57554  -28.556  -15.554  -18.659 0.1428571492
58542  -30.187  -14.153  -18.156 0.1428571492
128545  -32.103  4.644  -30.424 0.2857142985
91953  -26.645  16.670  -40.440 0.1428571492
59641  -30.479  -13.422  -18.438 0.1428571492
61836  -30.748  -11.685  -19.722 0.1428571492
85082  -28.487  9.863  -39.421 0.5714285970
84078  -28.515  8.479  -38.791 0.4285714328
83122  -28.972  7.963  -38.097 0.4285714328
85074  -28.799  9.391  -38.860 0.5714285970
86054  -28.670  10.732  -39.757 0.4285714328
82100  -28.993  6.717  -37.157 0.4285714328
83110  -28.637  7.087  -37.890 0.4285714328
84079  -29.130  8.924  -38.215 0.5714285970
76372  -34.220  1.857  -24.152 0.1428571492
136393  -33.260  1.530  -25.355 0.1428571492
152419  -33.387  2.276  -25.333 0.1428571492
63089  -28.198  -10.452  -26.729 0.2857142985
132616  -33.267  -0.186  -25.140 0.1428571492
76359  -35.423  2.175  -22.953 0.1428571492
75283  -34.063  0.934  -24.039 0.1428571492
77533  -35.664  2.795  -23.533 0.1428571492
78610  -35.794  3.248  -24.000 0.1428571492
72982  -33.960  -1.017  -23.204 0.1428571492
75255  -34.532  0.554  -22.487 0.1428571492
147113  -33.811  -0.713  -23.840 0.1428571492
75268  -34.870  1.441  -22.701 0.1428571492
77515  -36.730  2.496  -22.798 0.1428571492
76380  -38.515  1.551  -24.923 0.1428571492
77535  -37.202  2.640  -23.358 0.1428571492
77547  -38.139  2.305  -24.345 0.1428571492
61930  -27.995  -10.949  -25.849 0.2857142985
61939  -27.638  -11.233  -26.636 0.2857142985
71850  -33.762  -2.733  -21.623 0.1428571492
72959  -34.123  -1.830  -21.672 0.1428571492
72968  -34.058  -1.419  -22.485 0.1428571492
131443  -35.453  1.188  -21.038 0.1428571492
74074  -34.330  -0.468  -22.449 0.1428571492
75257  -35.667  1.910  -21.443 0.1428571492
77496  -36.901  2.221  -22.172 0.1428571492
76361  -38.525  1.584  -23.498 0.1428571492
75284  -38.804  0.962  -24.204 0.1428571492
77536  -38.019  2.249  -23.442 0.1428571492
61929  -27.825  -11.423  -25.132 0.2857142985
133317  -27.118  -12.274  -25.797 0.2857142985
60832  -27.180  -12.460  -25.029 0.2857142985
136152  -33.414  -4.393  -21.154 0.1428571492
70768  -33.812  -3.120  -20.813 0.1428571492
71839  -34.176  -2.224  -20.800 0.1428571492
72948  -34.507  -1.235  -20.759 0.1428571492
75242  -35.442  0.509  -20.772 0.1428571492
74065  -34.435  -0.833  -21.605 0.1428571492
76308  -36.731  1.349  -20.607 0.1428571492
76341  -38.261  1.756  -22.681 0.1428571492
76324  -37.483  1.548  -21.271 0.1428571492
130403  -38.546  0.933  -25.766 0.1428571492
145717  -38.734  0.666  -25.101 0.1428571492
69692  -33.049  -4.953  -21.452 0.1428571492
70757  -33.633  -3.848  -20.832 0.1428571492
69678  -33.618  -4.389  -20.374 0.1428571492
71819  -34.971  -1.889  -19.033 0.1428571492
71818  -34.309  -2.679  -19.871 0.1428571492
74040  -36.069  0.033  -19.033 0.1428571492
75220  -36.759  0.426  -19.604 0.1428571492
72949  -35.105  -0.666  -19.886 0.1428571492
75269  -38.882  0.999  -23.199 0.1428571492
75245  -38.275  0.975  -21.292 0.1428571492
74101  -38.979  -0.007  -24.751 0.1428571492
145537  -33.949  -4.981  -19.070 0.1428571492
68625  -32.908  -5.614  -21.025 0.1428571492
70723  -35.284  -1.970  -16.911 0.1428571492
70722  -35.003  -2.907  -17.951 0.1428571492
70758  -33.873  -3.605  -20.134 0.1428571492
72926  -35.218  -1.033  -18.041 0.1428571492
70743  -34.505  -2.718  -18.800 0.1428571492
74042  -38.037  -0.476  -19.600 0.1428571492
72928  -37.683  -0.977  -18.939 0.1428571492
74057  -38.324  -0.108  -20.259 0.1428571492
74066  -38.625  0.159  -20.959 0.1428571492
74056  -37.650  0.219  -19.863 0.1428571492
75244  -37.591  1.103  -20.727 0.1428571492
70710  -35.909  -2.639  -16.346 0.1428571492
70709  -35.361  -3.055  -16.991 0.1428571492
69649  -34.576  -3.714  -17.696 0.1428571492
71800  -37.608  -2.017  -17.878 0.1428571492
71790  -37.134  -2.410  -17.149 0.1428571492
72911  -37.116  -1.325  -18.193 0.1428571492
74076  -38.933  0.260  -21.818 0.1428571492
72950  -38.641  -0.882  -20.128 0.1428571492
148545  -35.329  -1.318  -17.405 0.1428571492
134943  -35.576  -0.347  -18.334 0.1428571492
74055  -35.719  0.123  -20.004 0.1428571492
71877  -33.465  -2.511  -23.324 0.1428571492
74120  -38.721  -0.078  -25.783 0.1428571492
75311  -38.462  0.416  -26.592 0.1428571492
76339  -36.195  2.153  -22.288 0.1428571492
77516  -37.486  2.274  -22.598 0.1428571492
75282  -33.628  0.301  -24.631 0.1428571492
76378  -33.712  2.097  -24.740 0.1428571492
61918  -27.633  -11.975  -24.612 0.2857142985
75259  -39.128  0.212  -22.805 0.1428571492
74087  -39.149  0.124  -23.794 0.1428571492
75325  -38.293  -0.012  -27.455 0.1428571492
82087  -29.336  6.357  -36.509 0.4285714328
76388  -38.389  1.348  -26.442 0.1428571492
76373  -38.461  1.776  -24.076 0.1428571492
136349  -38.398  1.740  -25.724 0.1428571492
78619  -37.047  3.076  -24.065 0.1428571492
77556  -38.194  2.359  -25.221 0.1428571492
77554  -33.848  2.882  -24.949 0.1428571492
85090  -28.098  10.334  -39.957 0.4285714328
153873  -27.888  11.122  -41.108 0.4285714328
93039  -29.997  18.020  -45.348 0.1428571492
147218  -27.467  -11.987  -25.321 0.2857142985
149327  -28.098  17.193  -46.742 0.1428571492
76377  -33.641  1.203  -24.700 0.1428571492
149783  -33.491  -3.185  -22.263 0.1428571492
70767  -33.512  -3.673  -21.593 0.1428571492
150861  -32.954  3.009  -28.109 0.1428571492
77593  -32.899  3.571  -28.388 0.1428571492
74085  -33.996  0.039  -23.969 0.1428571492
76358  -34.607  1.673  -23.454 0.1428571492
77532  -34.922  2.499  -23.692 0.1428571492
76360  -36.115  2.543  -23.013 0.1428571492
76338  -35.518  1.754  -22.269 0.1428571492
75267  -34.352  0.751  -23.326 0.1428571492
76379  -34.444  2.715  -24.385 0.1428571492
78617  -35.452  3.631  -24.543 0.1428571492
77534  -36.410  2.898  -23.583 0.1428571492
74086  -34.193  -0.180  -23.249 0.1428571492
75256  -34.956  1.370  -21.795 0.1428571492
137349  -37.606  2.660  -23.930 0.1428571492
71861  -33.699  -2.383  -22.531 0.1428571492
74075  -34.740  0.370  -21.441 0.1428571492
127714  -34.923  -0.198  -20.660 0.1428571492
76323  -36.619  1.855  -21.480 0.1428571492
75243  -35.915  1.716  -20.767 0.1428571492
146996  -38.055  1.614  -21.898 0.1428571492
71840  -34.564  -1.596  -19.878 0.1428571492
75231  -35.806  1.203  -20.091 0.1428571492
74039  -35.787  0.712  -19.370 0.1428571492
75258  -38.702  1.062  -22.234 0.1428571492
68615  -33.587  -5.162  -19.861 0.1428571492
69667  -33.995  -4.237  -19.457 0.1428571492
71799  -35.186  -2.072  -18.106 0.1428571492
69668  -34.433  -3.594  -18.668 0.1428571492
72927  -35.396  0.136  -18.993 0.1428571492
74041  -37.194  -0.205  -19.253 0.1428571492
74029  -36.588  -0.688  -18.647 0.1428571492
135114  -35.340  -1.029  -19.098 0.1428571492
71789  -36.263  -2.213  -16.936 0.1428571492
75233  -38.006  0.581  -20.500 0.1428571492
74067  -39.098  -0.553  -21.442 0.1428571492
72910  -35.891  -1.103  -17.857 0.1428571492
72903  -36.652  -1.758  -17.536 0.1428571492
55577  -25.964  -17.194  -20.169 0.1428571492
56620  -26.969  -16.115  -20.143 0.1428571492
56618  -25.702  -16.908  -20.893 0.1428571492
128784  -26.069  -16.406  -21.147 0.1428571492
57598  -27.318  -15.433  -20.488 0.1428571492
57597  -26.606  -15.854  -20.996 0.1428571492
57637  -26.277  -15.065  -22.520 0.1428571492
58613  -26.642  -14.364  -22.807 0.1428571492
58638  -25.958  -14.710  -23.346 0.1428571492
59743  -26.676  -13.499  -23.969 0.1428571492
59730  -27.067  -13.594  -23.105 0.1428571492
128354  -27.256  -12.918  -23.741 0.1428571492
58637  -25.380  -14.650  -24.021 0.1428571492
58650  -26.048  -14.058  -24.220 0.1428571492
154214  -26.429  -13.455  -24.687 0.1428571492
59744  -26.903  -12.962  -24.539 0.1428571492
59757  -25.441  -13.145  -25.874 0.1428571492
60838  -26.099  -12.778  -26.170 0.1428571492
60842  -26.631  -11.925  -26.854 0.1428571492
60843  -27.207  -11.393  -27.115 0.2857142985
61943  -27.732  -10.792  -27.387 0.1428571492
64288  -28.647  -9.796  -27.201 0.1428571492
61944  -27.180  -10.901  -27.710 0.2857142985
64294  -28.997  -9.405  -28.382 0.2857142985
66554  -29.785  -7.135  -30.330 0.4285714328
67656  -31.740  -6.415  -31.007 0.4285714328
67655  -30.976  -6.268  -31.300 0.4285714328
80999  -29.206  5.623  -36.471 0.2857142985
152896  -29.454  5.985  -36.173 0.2857142985
83120  -27.741  7.343  -38.900 0.2857142985
83129  -28.062  7.959  -39.029 0.2857142985
135640  -28.348  9.143  -39.237 0.2857142985
84093  -28.030  9.519  -39.619 0.4285714328
61938  -27.536  -11.659  -25.908 0.1428571492
63093  -26.475  -10.857  -27.716 0.1428571492
63095  -26.934  -10.374  -28.216 0.2857142985
133999  -28.757  -9.792  -27.915 0.1428571492
57636  -25.625  -15.409  -22.783 0.1428571492
60841  -26.015  -12.233  -26.698 0.1428571492
61941  -26.025  -11.530  -27.234 0.1428571492
61942  -26.740  -11.365  -27.365 0.1428571492
64292  -26.629  -9.681  -28.567 0.2857142985
63097  -28.429  -9.861  -28.341 0.2857142985
147003  -27.335  -9.903  -28.569 0.2857142985
64293  -27.953  -9.728  -28.776 0.2857142985
148537  -29.596  -8.890  -28.360 0.2857142985
65443  -29.843  -8.493  -29.162 0.4285714328
66546  -29.270  -7.773  -29.647 0.4285714328
133241  -28.109  -6.442  -30.696 0.2857142985
78763  -29.403  3.234  -35.362 0.2857142985
79876  -29.187  4.827  -36.221 0.2857142985
80998  -28.670  5.073  -36.951 0.2857142985
81020  -28.843  5.940  -37.043 0.2857142985
82110  -28.031  6.539  -38.551 0.2857142985
64297  -28.620  -9.389  -28.884 0.2857142985
78782  -28.956  3.181  -36.154 0.2857142985
79875  -28.691  4.060  -36.603 0.2857142985
81033  -27.995  5.661  -38.106 0.2857142985
82099  -28.486  6.246  -37.728 0.2857142985
79893  -28.269  4.475  -37.153 0.2857142985
79892  -27.704  4.418  -37.452 0.2857142985
149447  -28.423  5.577  -37.517 0.2857142985
66555  -30.889  -7.354  -30.154 0.4285714328
60821  -27.360  -12.477  -24.304 0.1428571492
149567  -30.038  -8.682  -28.762 0.4285714328
58612  -26.847  -14.701  -22.029 0.1428571492
57615  -26.476  -15.398  -21.788 0.1428571492
83121  -28.326  7.534  -38.577 0.2857142985
136081  -28.296  -10.238  -27.675 0.1428571492
147240  -26.669  -12.374  -26.240 0.1428571492
60831  -26.549  -12.956  -25.449 0.1428571492
56664  -25.980  -15.613  -22.222 0.1428571492
59729  -26.481  -14.061  -23.505 0.1428571492
135472  -25.980  -13.643  -25.072 0.1428571492
59752  -25.426  -13.671  -25.343 0.1428571492
59758  -25.949  -13.314  -25.640 0.1428571492
63094  -26.143  -10.181  -28.113 0.2857142985
66553  -28.687  -7.118  -30.201 0.4285714328
81019  -28.101  5.040  -37.564 0.2857142985
67658  -28.465  -5.626  -31.818 0.2857142985
67654  -29.833  -6.325  -31.119 0.2857142985
68801  -30.035  -4.619  -32.679 0.2857142985
94032  -27.774  19.168  -46.337 0.1428571492
95004  -27.367  19.092  -48.129 0.1428571492
94043  -26.781  18.306  -48.219 0.1428571492
93048  -27.412  17.658  -48.308 0.1428571492
94996  -28.414  19.539  -45.413 0.1428571492
94042  -26.772  17.823  -48.399 0.1428571492
93033  -26.164  17.633  -45.224 0.1428571492
93998  -25.497  18.901  -43.452 0.1428571492
68793  -28.969  -5.242  -32.361 0.2857142985
68799  -28.641  -4.775  -33.033 0.2857142985
93049  -28.452  18.044  -47.409 0.1428571492
95024  -28.134  19.791  -48.406 0.1428571492
93054  -27.228  18.377  -48.958 0.1428571492
94044  -27.843  18.553  -48.656 0.1428571492
93038  -26.391  17.349  -46.386 0.1428571492
92014  -27.271  16.680  -47.389 0.1428571492
93034  -26.586  17.846  -45.892 0.1428571492
94009  -25.871  18.480  -43.854 0.1428571492
94008  -25.601  18.345  -43.616 0.1428571492
93047  -27.030  17.218  -48.112 0.1428571492
93046  -26.607  17.165  -47.518 0.1428571492
67648  -30.614  -6.822  -30.738 0.2857142985
94021  -27.839  18.808  -45.165 0.1428571492
95023  -27.634  19.216  -48.980 0.1428571492
94030  -26.541  17.807  -47.353 0.1428571492
94052  -27.517  19.002  -49.065 0.1428571492
77701  -27.760  2.443  -36.710 0.1428571492
78781  -28.349  3.157  -36.701 0.1428571492
81018  -27.439  5.105  -37.886 0.1428571492
81016  -25.787  5.147  -37.595 0.1428571492
82098  -26.274  5.844  -38.171 0.1428571492
77702  -28.634  2.410  -36.335 0.1428571492
81032  -27.216  5.870  -38.421 0.1428571492
82107  -25.958  6.587  -38.298 0.1428571492
136635  -26.513  7.045  -38.688 0.1428571492
72051  -29.103  -2.334  -34.053 0.2857142985
70935  -27.657  -2.698  -33.899 0.1428571492
150204  -27.786  0.425  -35.399 0.1428571492
76527  -28.478  1.250  -35.874 0.1428571492
76545  -28.203  1.720  -36.288 0.1428571492
84031  -31.745  9.133  -32.708 0.1428571492
142682  -27.743  3.190  -36.995 0.1428571492
82109  -27.221  6.737  -38.758 0.1428571492
83128  -27.541  8.030  -39.162 0.1428571492
83119  -27.054  7.506  -39.000 0.1428571492
83127  -26.914  8.265  -39.241 0.2857142985
84091  -26.918  9.046  -39.551 0.2857142985
87003  -25.936  11.431  -40.596 0.2857142985
144604  -25.991  12.257  -41.059 0.2857142985
89835  -26.481  15.359  -40.988 0.1428571492
127521  -26.277  13.926  -38.417 0.1428571492
85097  -27.388  10.711  -40.612 0.2857142985
86072  -27.697  11.145  -42.566 0.2857142985
85096  -27.010  10.699  -40.749 0.2857142985
86059  -26.230  10.697  -40.473 0.2857142985
134145  -27.064  10.994  -43.485 0.2857142985
86063  -26.506  11.167  -41.145 0.2857142985
87022  -26.647  11.594  -42.720 0.2857142985
144635  -26.137  13.543  -40.695 0.1428571492
147435  -25.131  12.260  -39.450 0.2857142985
140016  -27.201  15.812  -38.675 0.1428571492
86053  -25.643  10.714  -39.966 0.1428571492
85079  -25.464  9.946  -39.367 0.1428571492
83118  -25.858  7.414  -38.418 0.2857142985
127129  -25.297  11.565  -39.750 0.2857142985
127368  -25.837  12.850  -40.441 0.1428571492
144661  -25.569  12.204  -40.137 0.2857142985
144583  -25.884  13.221  -39.807 0.1428571492
146744  -25.590  13.101  -39.293 0.1428571492
82096  -24.687  6.370  -37.030 0.2857142985
87920  -24.851  12.463  -38.441 0.1428571492
127135  -25.918  13.842  -37.570 0.1428571492
132039  -25.370  13.067  -38.927 0.1428571492
80976  -23.969  5.342  -36.110 0.1428571492
85038  -32.167  10.010  -33.011 0.1428571492
74277  -28.165  -0.204  -34.958 0.1428571492
75463  -27.780  1.040  -35.928 0.1428571492
76544  -27.359  1.718  -36.340 0.1428571492
78780  -27.111  2.966  -37.041 0.1428571492
78779  -26.354  2.859  -36.912 0.1428571492
151666  -26.296  4.723  -37.687 0.1428571492
82097  -25.432  6.058  -37.705 0.1428571492
85081  -26.425  9.586  -39.748 0.1428571492
128352  -25.985  10.011  -40.031 0.1428571492
85087  -26.582  10.316  -40.252 0.1428571492
86997  -24.676  11.892  -39.027 0.2857142985
87931  -24.981  12.633  -38.951 0.1428571492
127132  -25.634  13.361  -38.358 0.1428571492
127480  -25.946  13.443  -39.126 0.1428571492
132807  -31.677  8.173  -32.354 0.1428571492
84021  -32.269  8.827  -31.869 0.1428571492
86071  -27.290  11.078  -42.450 0.2857142985
148279  -26.852  11.170  -43.468 0.2857142985
89813  -26.661  14.345  -39.276 0.1428571492
87012  -26.403  11.707  -41.565 0.2857142985
127345  -26.154  13.108  -41.513 0.2857142985
154117  -28.613  -0.204  -34.765 0.1428571492
73154  -28.162  -1.099  -34.614 0.1428571492
129849  -28.040  11.215  -41.805 0.2857142985
77690  -29.175  2.444  -35.752 0.1428571492
82006  -32.423  6.999  -30.388 0.1428571492
85098  -27.765  10.838  -40.661 0.2857142985
84086  -27.966  8.653  -39.362 0.1428571492
148551  -27.386  8.619  -39.404 0.1428571492
78796  -27.354  3.716  -37.266 0.1428571492
79891  -26.849  4.402  -37.607 0.1428571492
77700  -26.869  2.269  -36.721 0.1428571492
81017  -26.655  5.163  -37.969 0.1428571492
76528  -28.892  1.735  -35.942 0.1428571492
82108  -26.637  6.369  -38.563 0.1428571492
84077  -26.389  7.858  -38.882 0.2857142985
85088  -27.068  10.037  -39.958 0.2857142985
85089  -27.642  10.192  -39.955 0.2857142985
84092  -27.520  9.295  -39.623 0.2857142985
86069  -26.752  11.372  -41.946 0.2857142985
86052  -25.070  10.931  -39.245 0.1428571492
128116  -26.515  14.493  -37.755 0.1428571492
139909  -27.561  11.041  -41.045 0.2857142985
86065  -27.330  11.048  -41.346 0.2857142985
85095  -26.684  10.796  -40.810 0.2857142985
86070  -26.950  11.186  -42.687 0.2857142985
138072  -27.067  15.852  -39.364 0.1428571492
127397  -25.442  12.796  -39.504 0.2857142985
84085  -26.259  8.767  -39.269 0.1428571492
85080  -25.916  9.421  -39.572 0.2857142985
64287  -25.314  -9.864  -27.884 0.1428571492
64295  -27.252  -9.261  -29.050 0.1428571492
65432  -24.601  -8.361  -28.428 0.1428571492
65438  -25.054  -7.883  -28.967 0.1428571492
66542  -24.714  -7.129  -29.236 0.1428571492
65439  -25.897  -8.112  -29.292 0.1428571492
67641  -25.319  -6.747  -29.764 0.1428571492
65441  -27.730  -8.547  -29.437 0.1428571492
67644  -25.699  -6.292  -30.267 0.1428571492
66551  -26.722  -7.137  -30.092 0.1428571492
66545  -28.252  -7.807  -29.746 0.1428571492
67646  -27.221  -6.576  -30.505 0.1428571492
66552  -27.731  -7.137  -30.172 0.1428571492
67640  -24.436  -6.217  -29.560 0.1428571492
67657  -27.556  -5.514  -31.836 0.1428571492
68798  -27.582  -4.439  -33.156 0.1428571492
69836  -28.364  -4.052  -33.512 0.1428571492
65440  -26.788  -8.458  -29.391 0.1428571492
65442  -28.762  -8.616  -29.279 0.1428571492
64290  -24.961  -9.103  -28.177 0.1428571492
69843  -28.921  -3.539  -33.670 0.1428571492
67647  -29.032  -6.568  -30.673 0.1428571492
64291  -25.797  -9.402  -28.422 0.1428571492
64296  -28.081  -9.184  -29.181 0.1428571492
138914  -28.021  -5.971  -31.354 0.1428571492
65434  -26.302  -8.920  -28.902 0.1428571492
65433  -25.447  -8.623  -28.697 0.1428571492
66538  -24.226  -7.586  -28.630 0.1428571492
145925  -25.388  -7.466  -29.409 0.1428571492
66550  -25.988  -6.794  -30.097 0.1428571492
145289  -26.502  -7.797  -29.637 0.1428571492
136995  -24.623  -5.492  -29.980 0.1428571492
66544  -27.278  -7.823  -29.751 0.1428571492
67645  -26.391  -6.285  -30.562 0.1428571492
67639  -23.448  -5.971  -29.174 0.1428571492
64286  -24.457  -9.571  -27.644 0.1428571492
56619  -26.331  -16.552  -20.516 0.1428571492
56641  -26.026  -16.000  -21.673 0.1428571492
59640  -29.894  -13.822  -18.826 0.1428571492
59652  -29.593  -13.528  -19.501 0.1428571492
60744  -28.624  -13.388  -20.937 0.4285714328
60766  -28.632  -12.853  -21.484 0.2857142985
60839  -27.171  -11.877  -26.485 0.1428571492
62997  -29.575  -10.544  -22.616 0.4285714328
63080  -28.717  -9.891  -24.990 0.4285714328
63096  -27.745  -10.328  -28.153 0.2857142985
64289  -29.171  -9.218  -27.658 0.2857142985
64298  -29.317  -8.980  -28.845 0.2857142985
65299  -31.514  -8.624  -21.425 0.1428571492
65444  -30.879  -8.426  -28.858 0.5714285970
66429  -31.536  -7.577  -22.365 0.1428571492
66520  -30.116  -7.492  -27.153 0.5714285970
66539  -31.665  -7.779  -28.778 0.7142857313
66543  -25.951  -7.367  -29.721 0.1428571492
66548  -31.280  -7.902  -29.420 0.5714285970
66556  -31.624  -7.360  -30.006 0.5714285970
67508  -32.909  -6.210  -20.500 0.1428571492
67509  -33.244  -5.619  -20.413 0.1428571492
67643  -32.172  -6.939  -29.842 0.5714285970
67649  -31.389  -6.890  -30.682 0.4285714328
67650  -32.007  -6.810  -30.431 0.5714285970
67653  -28.802  -6.121  -31.239 0.1428571492
67659  -29.363  -5.698  -31.755 0.2857142985
68626  -33.333  -5.035  -20.734 0.1428571492
68656  -32.419  -5.463  -22.631 0.2857142985
68724  -31.250  -5.280  -25.543 0.2857142985
68786  -26.730  -5.296  -31.763 0.1428571492
68788  -31.544  -5.809  -31.371 0.4285714328
68800  -29.400  -4.892  -32.810 0.2857142985
69826  -31.761  -4.877  -31.075 0.7142857313
69832  -30.951  -4.241  -32.206 0.5714285970
70742  -34.271  -3.402  -19.432 0.1428571492
70833  -32.409  -3.595  -25.096 0.2857142985
70937  -29.395  -3.083  -33.669 0.1428571492
71788  -35.845  -1.632  -17.353 0.1428571492
71988  -31.735  -2.438  -27.960 0.5714285970
73148  -28.521  -1.680  -34.375 0.2857142985
75232  -37.255  0.807  -20.172 0.1428571492
75446  -28.317  0.685  -35.465 0.1428571492
76340  -37.395  1.940  -21.917 0.1428571492
78797  -28.059  3.818  -37.063 0.2857142985
79890  -25.929  4.191  -37.409 0.1428571492
86064  -26.962  11.075  -41.595 0.2857142985
86066  -27.696  11.096  -41.602 0.2857142985
86076  -27.056  10.922  -44.026 0.5714285970
86077  -27.280  11.016  -43.388 0.5714285970
89890  -26.703  14.004  -46.264 0.2857142985
90889  -30.437  15.822  -40.304 0.1428571492
92008  -26.191  15.905  -46.339 0.2857142985
92020  -26.869  17.207  -47.997 0.1428571492
93053  -27.007  17.876  -48.644 0.1428571492
94051  -27.143  18.491  -48.991 0.1428571492
127382  -28.380  15.932  -45.415 0.2857142985
127443  -27.049  13.284  -45.911 0.2857142985
127532  -27.034  11.166  -44.559 0.5714285970
128577  -27.239  -14.030  -22.311 0.2857142985
130229  -34.338  -4.441  -18.541 0.1428571492
132944  -29.818  -5.222  -32.307 0.2857142985
144642  -26.925  12.785  -45.534 0.2857142985
145897  -26.579  14.684  -46.447 0.2857142985
146579  -25.161  -5.915  -30.109 0.1428571492
149949  -29.013  -0.175  -34.579 0.5714285970
151093  -31.893  -7.284  -28.915 0.7142857313
152441  -37.799  1.941  -22.239 0.1428571492
152853  -38.163  -1.416  -19.011 0.1428571492
152958  -26.368  -12.344  -26.510 0.1428571492
154406  -36.434  0.897  -19.956 0.1428571492
