#!ascii label  , from subject sub-v1s11x0050156_ses-1 vox2ras=TkReg
761
54999  32.303  -17.896  51.888 0.0000000000
144412  44.566  -1.864  34.144 0.0000000000
72859  51.739  -1.833  34.321 0.0000000000
136740  46.519  -9.583  42.424 0.0000000000
141077  37.185  -20.124  45.654 0.0000000000
50568  35.572  -21.043  49.878 0.0000000000
76362  48.671  0.443  35.156 0.0000000000
69340  49.431  -5.263  38.099 0.0000000000
60909  42.680  -12.160  44.695 0.0000000000
51805  41.567  -20.542  45.534 0.0000000000
76439  55.284  0.685  27.466 0.0000000000
76414  52.310  1.003  29.877 0.0000000000
137840  42.482  -8.510  39.004 0.0000000000
70422  45.820  -4.601  41.415 0.0000000000
55036  35.047  -18.371  48.606 0.0000000000
51701  34.467  -19.726  50.819 0.0000000000
75236  46.150  -1.107  34.548 0.0000000000
157023  49.628  -1.824  37.367 0.0000000000
75176  47.277  -1.129  37.848 0.0000000000
56344  44.558  -16.960  42.222 0.0000000000
51753  38.656  -21.310  47.720 0.0000000000
146189  39.777  -21.014  46.200 0.0000000000
48354  40.642  -22.655  46.206 0.0000000000
144502  53.543  2.733  27.006 0.0000000000
75342  52.888  -0.899  26.622 0.0000000000
76441  52.994  0.897  27.672 0.0000000000
76392  50.935  1.291  32.015 0.0000000000
76415  50.104  0.534  29.445 0.0000000000
74109  52.605  -0.560  31.452 0.0000000000
72894  50.927  -1.982  30.630 0.0000000000
72870  49.483  -2.533  33.041 0.0000000000
63244  44.905  -10.416  44.088 0.0000000000
63259  42.547  -10.361  42.406 0.0000000000
66910  44.040  -7.768  42.887 0.0000000000
139428  44.051  -6.525  40.021 0.0000000000
68139  46.270  -6.642  42.480 0.0000000000
66920  47.492  -6.547  40.991 0.0000000000
65774  46.763  -8.487  41.176 0.0000000000
53962  36.898  -19.827  48.431 0.0000000000
75275  48.266  -0.596  31.403 0.0000000000
76347  51.873  0.119  34.808 0.0000000000
71647  51.828  -3.207  36.399 0.0000000000
68217  51.334  -6.583  36.965 0.0000000000
154994  42.079  -16.291  44.801 0.0000000000
57431  43.281  -14.895  44.845 0.0000000000
58633  45.640  -13.892  42.921 0.0000000000
60946  46.059  -12.406  41.315 0.0000000000
132701  45.408  -11.294  39.779 0.0000000000
55112  40.852  -17.926  43.631 0.0000000000
135398  43.231  -19.915  44.940 0.0000000000
136828  54.355  -0.522  25.306 0.0000000000
76442  51.917  1.266  28.241 0.0000000000
74140  51.730  -1.013  29.101 0.0000000000
152110  48.854  -3.279  29.612 0.0000000000
72804  45.608  -2.816  38.139 0.0000000000
149616  47.576  -4.204  40.240 0.0000000000
66944  49.335  -7.191  38.843 0.0000000000
52872  32.254  -19.052  52.058 0.0000000000
53933  33.178  -18.725  51.503 0.0000000000
137544  32.927  -19.757  51.256 0.0000000000
74066  45.258  -1.510  34.557 0.0000000000
75206  46.832  -0.955  36.751 0.0000000000
136655  45.759  -1.630  36.103 0.0000000000
49479  39.618  -22.092  47.311 0.0000000000
78738  52.701  2.485  26.816 0.0000000000
147568  52.990  1.692  27.725 0.0000000000
77536  52.563  2.035  27.545 0.0000000000
76369  52.385  0.483  33.229 0.0000000000
76390  52.746  0.764  31.628 0.0000000000
74095  51.840  -1.177  32.751 0.0000000000
74111  51.184  -1.643  32.212 0.0000000000
64501  45.673  -9.957  43.436 0.0000000000
150248  44.489  -9.067  43.792 0.0000000000
65745  45.654  -8.467  43.321 0.0000000000
68120  45.146  -7.066  43.088 0.0000000000
64522  46.423  -8.345  42.523 0.0000000000
65754  46.666  -7.655  42.184 0.0000000000
64536  46.639  -9.414  41.581 0.0000000000
53954  35.992  -19.181  48.681 0.0000000000
51715  36.539  -20.263  49.585 0.0000000000
49459  37.435  -21.524  48.752 0.0000000000
75260  47.386  -0.802  32.985 0.0000000000
75276  47.514  -0.919  31.990 0.0000000000
76373  48.778  0.308  33.588 0.0000000000
77468  50.147  1.106  33.920 0.0000000000
77449  50.382  0.930  35.244 0.0000000000
74038  51.895  -1.577  35.685 0.0000000000
75204  50.637  -0.288  36.265 0.0000000000
71634  49.485  -3.211  37.439 0.0000000000
70482  50.743  -4.314  36.873 0.0000000000
151658  50.081  -5.092  37.274 0.0000000000
66957  50.937  -7.634  37.810 0.0000000000
68201  50.283  -6.713  38.037 0.0000000000
55077  44.034  -17.603  44.563 0.0000000000
57433  42.429  -15.422  44.908 0.0000000000
56287  44.320  -16.780  44.365 0.0000000000
57468  45.235  -15.408  42.790 0.0000000000
59816  45.872  -13.458  42.548 0.0000000000
146202  40.735  -20.786  45.707 0.0000000000
51806  40.592  -20.428  44.482 0.0000000000
52962  41.782  -19.158  44.626 0.0000000000
53984  42.289  -18.744  44.885 0.0000000000
140844  42.776  -19.884  45.119 0.0000000000
78737  55.245  2.960  27.220 0.0000000000
75339  55.297  -0.209  26.491 0.0000000000
72929  51.310  -2.014  27.152 0.0000000000
141658  51.552  1.202  29.932 0.0000000000
76444  50.295  0.448  28.146 0.0000000000
76426  51.011  1.139  28.814 0.0000000000
76461  50.474  0.659  27.287 0.0000000000
140352  51.718  1.242  28.754 0.0000000000
75317  52.077  0.057  28.716 0.0000000000
75304  52.352  0.060  29.726 0.0000000000
71713  49.129  -2.913  30.967 0.0000000000
71721  49.364  -3.017  29.995 0.0000000000
59803  41.342  -13.035  43.989 0.0000000000
60934  41.877  -11.880  43.192 0.0000000000
64546  42.560  -9.171  40.544 0.0000000000
63280  41.735  -10.373  40.259 0.0000000000
69309  44.745  -5.281  40.399 0.0000000000
68202  44.260  -5.966  38.861 0.0000000000
70451  44.976  -4.615  39.083 0.0000000000
70483  44.865  -4.530  37.290 0.0000000000
71618  45.709  -3.747  40.156 0.0000000000
72771  46.225  -3.114  39.796 0.0000000000
71582  46.558  -4.178  40.984 0.0000000000
66946  47.670  -7.085  39.915 0.0000000000
68173  48.137  -6.328  40.170 0.0000000000
65800  48.831  -7.558  38.575 0.0000000000
65816  49.207  -8.238  37.878 0.0000000000
53941  34.741  -18.664  50.218 0.0000000000
51718  35.044  -20.155  50.551 0.0000000000
50583  34.532  -21.329  49.096 0.0000000000
50556  34.251  -20.637  50.260 0.0000000000
75234  47.789  -0.102  34.924 0.0000000000
147922  49.503  0.064  36.669 0.0000000000
76322  48.231  -0.292  37.140 0.0000000000
139073  48.592  -1.651  37.903 0.0000000000
72786  48.347  -2.536  38.217 0.0000000000
52937  37.838  -20.392  47.714 0.0000000000
52957  37.906  -20.543  45.843 0.0000000000
51770  39.276  -21.094  47.002 0.0000000000
51769  40.107  -21.582  46.814 0.0000000000
51768  40.921  -21.445  46.399 0.0000000000
50605  41.966  -21.851  45.708 0.0000000000
47312  41.688  -23.065  45.233 0.0000000000
77534  54.618  1.470  27.601 0.0000000000
76460  54.212  -0.269  26.816 0.0000000000
157644  53.567  0.692  27.420 0.0000000000
75330  52.593  -0.185  27.340 0.0000000000
74162  51.618  -1.597  27.378 0.0000000000
75289  49.466  0.220  30.491 0.0000000000
131325  50.155  0.761  30.695 0.0000000000
76402  52.178  1.223  30.593 0.0000000000
75303  52.625  0.558  30.467 0.0000000000
74126  51.732  -1.559  30.472 0.0000000000
74127  51.493  -1.668  31.267 0.0000000000
72883  49.687  -2.462  31.821 0.0000000000
61986  43.695  -11.152  44.548 0.0000000000
63252  42.285  -11.170  43.021 0.0000000000
63246  43.700  -10.311  44.189 0.0000000000
64524  43.415  -9.129  42.844 0.0000000000
134202  43.364  -7.961  41.011 0.0000000000
66947  43.348  -7.447  39.252 0.0000000000
68160  43.981  -7.142  41.481 0.0000000000
69282  44.982  -5.814  42.141 0.0000000000
69280  46.147  -5.814  42.353 0.0000000000
69293  46.521  -5.377  41.946 0.0000000000
68138  46.868  -6.803  42.077 0.0000000000
65763  46.928  -7.688  41.608 0.0000000000
65784  47.190  -7.678  39.476 0.0000000000
53973  34.884  -18.553  46.824 0.0000000000
156393  35.891  -19.068  46.694 0.0000000000
52938  37.079  -19.841  47.799 0.0000000000
51754  37.976  -20.805  48.248 0.0000000000
147253  38.357  -21.995  48.161 0.0000000000
76382  49.941  0.783  31.976 0.0000000000
77466  51.879  1.239  33.359 0.0000000000
132893  52.144  -0.692  34.121 0.0000000000
154574  52.233  -2.145  35.094 0.0000000000
70499  52.539  -4.385  35.411 0.0000000000
138629  52.266  -5.547  36.002 0.0000000000
72814  50.616  -2.383  36.864 0.0000000000
69357  51.789  -5.157  36.426 0.0000000000
56307  40.177  -15.991  43.944 0.0000000000
58611  41.397  -15.076  44.814 0.0000000000
59771  41.986  -13.925  45.086 0.0000000000
59769  43.301  -13.458  44.956 0.0000000000
56318  44.948  -16.526  43.285 0.0000000000
151445  45.025  -14.382  43.869 0.0000000000
59767  44.685  -13.070  44.248 0.0000000000
60908  45.265  -12.618  43.782 0.0000000000
61998  45.960  -11.829  43.199 0.0000000000
62024  46.562  -11.281  42.003 0.0000000000
62044  46.444  -11.052  41.170 0.0000000000
62045  45.920  -11.763  40.621 0.0000000000
55081  41.951  -17.265  44.730 0.0000000000
53982  42.985  -18.291  44.926 0.0000000000
51803  44.433  -19.875  44.192 0.0000000000
50617  43.184  -22.058  44.703 0.0000000000
50626  44.127  -21.717  43.792 0.0000000000
76492  56.194  0.275  25.001 0.0000000000
77554  51.446  1.874  26.491 0.0000000000
140135  52.457  1.531  27.978 0.0000000000
74154  51.541  -1.240  28.236 0.0000000000
72919  50.414  -2.364  28.509 0.0000000000
72893  51.243  -1.779  29.664 0.0000000000
72908  50.501  -2.278  29.257 0.0000000000
71740  49.718  -2.716  28.404 0.0000000000
63260  41.938  -11.106  41.928 0.0000000000
71669  44.463  -3.255  35.358 0.0000000000
72835  44.582  -2.426  35.142 0.0000000000
132618  46.220  -1.871  37.983 0.0000000000
72787  46.975  -2.494  39.234 0.0000000000
70449  48.664  -4.854  38.856 0.0000000000
69291  47.607  -5.349  41.094 0.0000000000
69307  48.657  -6.096  39.789 0.0000000000
69324  49.074  -5.799  39.181 0.0000000000
66959  49.933  -7.788  38.333 0.0000000000
63290  46.154  -9.955  40.163 0.0000000000
146986  46.112  -9.203  39.527 0.0000000000
54984  32.462  -18.368  52.006 0.0000000000
53923  32.014  -18.559  52.278 0.0000000000
156389  32.828  -18.243  51.645 0.0000000000
52871  32.668  -18.854  51.881 0.0000000000
74050  45.444  -1.617  35.443 0.0000000000
74067  44.805  -1.893  34.930 0.0000000000
151307  52.085  2.165  26.977 0.0000000000
74081  52.234  -0.633  33.349 0.0000000000
75258  52.576  0.042  32.801 0.0000000000
74082  51.700  -1.330  33.573 0.0000000000
74096  50.962  -1.650  33.099 0.0000000000
151588  51.007  -1.901  33.837 0.0000000000
64510  46.137  -9.631  43.016 0.0000000000
65731  45.725  -9.240  43.366 0.0000000000
65744  46.153  -8.630  42.948 0.0000000000
64523  46.387  -8.922  42.640 0.0000000000
51716  36.176  -20.372  49.957 0.0000000000
52914  36.288  -19.796  49.560 0.0000000000
50567  36.158  -21.081  49.788 0.0000000000
49461  36.096  -21.314  49.430 0.0000000000
75246  48.360  0.131  34.199 0.0000000000
75259  48.191  -0.240  33.323 0.0000000000
76361  49.262  0.740  34.321 0.0000000000
131506  49.582  0.824  35.315 0.0000000000
76333  50.986  0.162  35.697 0.0000000000
76334  50.155  0.258  36.210 0.0000000000
71635  48.950  -4.130  37.929 0.0000000000
70465  49.782  -4.241  37.317 0.0000000000
69339  50.152  -5.904  37.761 0.0000000000
53980  44.591  -18.201  44.127 0.0000000000
55096  44.790  -17.855  43.692 0.0000000000
150182  41.400  -20.093  44.925 0.0000000000
149486  41.166  -19.562  44.184 0.0000000000
52956  42.004  -19.685  45.108 0.0000000000
51788  42.161  -20.249  45.319 0.0000000000
77533  55.510  1.674  27.633 0.0000000000
78720  55.645  2.462  27.523 0.0000000000
76438  56.163  1.030  27.517 0.0000000000
76458  55.795  0.199  27.104 0.0000000000
76459  54.966  -0.095  27.008 0.0000000000
133226  51.833  1.212  29.295 0.0000000000
140050  52.201  0.797  29.335 0.0000000000
71714  48.247  -3.354  31.388 0.0000000000
60910  42.058  -12.701  44.588 0.0000000000
60921  41.837  -12.309  43.794 0.0000000000
133193  42.293  -12.091  44.281 0.0000000000
65786  42.458  -8.902  39.787 0.0000000000
65787  41.965  -9.273  39.177 0.0000000000
70423  45.353  -4.664  41.039 0.0000000000
69325  44.665  -5.275  39.440 0.0000000000
70437  45.159  -4.496  40.092 0.0000000000
154010  45.371  -3.989  39.487 0.0000000000
70436  45.819  -4.132  40.825 0.0000000000
71601  46.031  -3.601  40.393 0.0000000000
71583  46.063  -4.120  40.946 0.0000000000
66960  47.989  -7.368  38.906 0.0000000000
139826  48.185  -7.835  37.955 0.0000000000
54997  34.068  -18.442  50.590 0.0000000000
55011  34.447  -18.235  49.940 0.0000000000
53932  34.509  -18.880  50.628 0.0000000000
53931  35.023  -19.119  50.330 0.0000000000
51719  34.393  -20.161  50.720 0.0000000000
75249  45.817  -1.272  33.624 0.0000000000
74083  45.983  -1.348  32.695 0.0000000000
75248  46.748  -0.918  33.802 0.0000000000
75235  46.987  -0.663  34.685 0.0000000000
76351  48.069  0.114  35.991 0.0000000000
131513  47.237  -0.452  35.579 0.0000000000
75191  47.152  -0.993  37.450 0.0000000000
75190  47.795  -0.692  37.484 0.0000000000
74017  47.964  -1.360  38.121 0.0000000000
72802  47.944  -1.996  38.359 0.0000000000
51771  38.562  -20.919  47.564 0.0000000000
48340  40.045  -22.318  46.797 0.0000000000
49466  39.705  -21.860  47.267 0.0000000000
49478  40.091  -22.020  46.978 0.0000000000
50592  40.583  -21.810  46.683 0.0000000000
48339  40.634  -22.199  46.557 0.0000000000
49493  41.218  -22.447  46.053 0.0000000000
79980  54.363  2.904  27.127 0.0000000000
78722  54.036  2.269  27.509 0.0000000000
76440  54.257  0.487  27.325 0.0000000000
77535  53.673  1.421  27.588 0.0000000000
75331  52.022  -0.600  27.774 0.0000000000
75274  49.625  0.472  31.236 0.0000000000
138022  50.522  1.033  31.280 0.0000000000
75273  52.781  0.125  31.933 0.0000000000
76391  52.351  1.171  31.400 0.0000000000
76401  52.719  0.891  31.001 0.0000000000
75288  52.834  0.261  31.137 0.0000000000
146302  52.189  -1.208  31.102 0.0000000000
72869  50.297  -2.070  32.568 0.0000000000
71701  48.821  -2.916  32.255 0.0000000000
131912  48.755  -3.304  33.493 0.0000000000
63238  44.504  -11.061  44.377 0.0000000000
63245  44.368  -10.393  44.300 0.0000000000
66900  44.300  -8.295  43.424 0.0000000000
149448  43.900  -8.866  43.433 0.0000000000
65755  43.806  -8.465  43.047 0.0000000000
65764  43.322  -8.405  41.648 0.0000000000
140324  43.557  -8.444  42.381 0.0000000000
68119  45.645  -6.886  42.847 0.0000000000
137010  45.214  -6.441  42.697 0.0000000000
69281  45.601  -5.727  42.318 0.0000000000
68140  45.773  -6.261  42.594 0.0000000000
65773  47.086  -7.661  40.597 0.0000000000
65785  46.687  -8.405  40.061 0.0000000000
55054  34.465  -18.080  48.020 0.0000000000
136702  34.363  -18.237  47.231 0.0000000000
55053  35.042  -18.427  47.699 0.0000000000
53947  36.533  -19.654  48.911 0.0000000000
53963  36.406  -19.286  48.076 0.0000000000
52939  36.452  -19.376  46.983 0.0000000000
52925  37.381  -20.249  48.369 0.0000000000
130768  48.197  -0.436  32.408 0.0000000000
76393  49.010  0.090  31.933 0.0000000000
146013  51.554  1.027  34.292 0.0000000000
77467  51.058  1.302  33.650 0.0000000000
76360  51.846  0.580  34.396 0.0000000000
76359  52.105  0.281  34.051 0.0000000000
74065  52.114  -0.541  34.546 0.0000000000
130592  52.169  -1.311  34.706 0.0000000000
74049  52.174  -1.438  35.121 0.0000000000
72812  51.912  -2.402  36.084 0.0000000000
71668  52.307  -3.214  35.936 0.0000000000
71657  52.469  -4.055  35.952 0.0000000000
70490  52.450  -4.729  35.874 0.0000000000
70491  52.197  -4.564  36.220 0.0000000000
74027  49.533  -0.849  37.170 0.0000000000
75187  50.308  -0.882  36.714 0.0000000000
74015  50.013  -1.572  37.092 0.0000000000
69358  51.289  -5.750  36.748 0.0000000000
70481  51.282  -4.937  36.681 0.0000000000
137202  51.784  -6.088  36.430 0.0000000000
68216  51.820  -6.952  36.572 0.0000000000
57435  41.309  -15.778  44.698 0.0000000000
57445  40.753  -15.492  44.427 0.0000000000
57434  41.886  -15.739  44.852 0.0000000000
143708  43.524  -15.630  44.733 0.0000000000
141141  42.779  -14.911  44.953 0.0000000000
59770  42.666  -13.573  45.103 0.0000000000
133000  43.659  -14.152  44.751 0.0000000000
136484  44.995  -16.889  43.050 0.0000000000
56331  45.005  -16.768  42.834 0.0000000000
134468  45.381  -14.769  43.005 0.0000000000
134682  45.132  -14.959  43.521 0.0000000000
138523  45.311  -14.179  43.385 0.0000000000
58607  44.494  -14.077  44.326 0.0000000000
59785  45.093  -13.633  43.846 0.0000000000
60893  44.853  -12.288  44.201 0.0000000000
59802  45.500  -13.345  43.336 0.0000000000
59829  46.073  -12.916  42.009 0.0000000000
60933  46.079  -12.534  42.717 0.0000000000
60945  46.344  -12.108  42.040 0.0000000000
62011  46.275  -11.597  42.663 0.0000000000
62025  46.331  -11.748  41.414 0.0000000000
51808  38.914  -20.922  45.900 0.0000000000
51809  38.343  -20.805  44.960 0.0000000000
141810  39.108  -20.924  44.913 0.0000000000
53993  40.915  -18.948  43.523 0.0000000000
55113  40.232  -17.640  43.041 0.0000000000
56319  40.530  -16.923  43.771 0.0000000000
55098  41.334  -17.283  44.329 0.0000000000
53971  42.842  -18.986  44.935 0.0000000000
53983  42.694  -18.439  44.932 0.0000000000
52954  43.150  -19.133  44.871 0.0000000000
53981  43.464  -18.385  44.734 0.0000000000
52947  43.815  -19.467  44.614 0.0000000000
49491  42.527  -22.213  45.268 0.0000000000
50639  44.196  -21.427  43.549 0.0000000000
75353  55.620  -0.083  25.729 0.0000000000
145295  54.903  -0.263  25.254 0.0000000000
75305  49.352  -0.107  29.520 0.0000000000
75318  49.470  -0.275  28.401 0.0000000000
157843  51.269  1.327  27.684 0.0000000000
77555  50.960  1.339  26.866 0.0000000000
77537  51.857  1.728  27.501 0.0000000000
72907  51.058  -1.883  28.745 0.0000000000
157192  51.112  -1.904  30.195 0.0000000000
72909  49.942  -2.628  29.660 0.0000000000
71731  49.331  -3.001  29.184 0.0000000000
72920  49.920  -2.580  28.989 0.0000000000
63269  42.233  -10.375  41.586 0.0000000000
150189  43.700  -7.118  39.948 0.0000000000
69342  44.229  -5.980  37.983 0.0000000000
153719  45.209  -3.689  37.978 0.0000000000
71650  45.014  -3.740  36.959 0.0000000000
131573  45.129  -3.091  36.604 0.0000000000
146440  44.933  -2.760  35.935 0.0000000000
72826  45.439  -2.449  36.652 0.0000000000
72815  45.813  -2.207  37.575 0.0000000000
72803  45.998  -2.314  38.488 0.0000000000
71599  46.991  -3.605  40.360 0.0000000000
72788  46.521  -2.568  39.239 0.0000000000
71616  47.098  -3.012  39.676 0.0000000000
71598  47.546  -3.588  39.633 0.0000000000
70450  48.061  -4.485  39.614 0.0000000000
69292  47.200  -5.831  41.716 0.0000000000
70420  46.935  -4.912  41.480 0.0000000000
68157  47.650  -6.086  41.068 0.0000000000
66932  48.671  -6.735  39.444 0.0000000000
68172  48.763  -6.495  39.532 0.0000000000
154552  49.107  -6.377  39.299 0.0000000000
68188  49.273  -6.777  39.094 0.0000000000
68187  49.923  -7.171  38.530 0.0000000000
64583  49.902  -9.212  37.604 0.0000000000
63279  46.066  -10.784  40.328 0.0000000000
63278  46.480  -10.159  40.934 0.0000000000
54998  33.377  -18.365  51.182 0.0000000000
52886  33.863  -19.224  51.147 0.0000000000
51702  33.634  -19.617  51.132 0.0000000000
156203  33.223  -19.140  51.482 0.0000000000
139100  32.850  -19.278  51.602 0.0000000000
74084  44.943  -1.607  33.655 0.0000000000
149994  45.816  -1.312  35.209 0.0000000000
75223  46.796  -0.811  36.039 0.0000000000
75224  46.122  -1.251  35.969 0.0000000000
75192  46.625  -1.302  37.290 0.0000000000
49480  38.951  -22.151  47.683 0.0000000000
49467  39.121  -22.175  47.749 0.0000000000
48341  39.456  -22.460  47.009 0.0000000000
78723  53.241  2.185  27.486 0.0000000000
77478  52.071  1.303  32.664 0.0000000000
77488  51.847  1.370  32.032 0.0000000000
76380  52.628  0.631  32.425 0.0000000000
74094  52.461  -0.568  32.327 0.0000000000
74110  52.041  -1.185  31.846 0.0000000000
63243  45.377  -10.510  43.766 0.0000000000
64503  44.771  -9.764  43.973 0.0000000000
64502  45.276  -9.821  43.709 0.0000000000
65732  45.213  -9.099  43.637 0.0000000000
65746  45.049  -8.315  43.580 0.0000000000
66899  44.762  -7.610  43.312 0.0000000000
154312  45.979  -7.993  43.050 0.0000000000
66897  46.043  -7.401  42.778 0.0000000000
66896  46.456  -7.291  42.402 0.0000000000
64535  46.637  -8.565  42.161 0.0000000000
53955  35.518  -18.835  48.847 0.0000000000
53948  35.788  -19.221  49.364 0.0000000000
52926  36.981  -19.969  48.988 0.0000000000
51755  37.346  -20.504  48.766 0.0000000000
50566  37.054  -21.059  49.251 0.0000000000
75261  46.761  -1.189  32.357 0.0000000000
76383  48.815  0.142  32.850 0.0000000000
76372  49.425  0.705  33.345 0.0000000000
77456  50.748  1.146  34.516 0.0000000000
76348  51.434  0.548  35.015 0.0000000000
75220  51.885  -0.653  35.346 0.0000000000
75221  51.562  0.015  35.336 0.0000000000
157032  51.581  -1.008  35.911 0.0000000000
74039  51.497  -1.644  36.235 0.0000000000
152669  49.914  -2.353  37.229 0.0000000000
71649  50.316  -3.247  37.000 0.0000000000
69359  50.698  -5.410  37.027 0.0000000000
66973  51.416  -7.353  37.217 0.0000000000
68200  50.877  -6.990  37.626 0.0000000000
147014  50.466  -7.282  38.079 0.0000000000
66958  50.424  -7.780  38.138 0.0000000000
56290  42.711  -16.784  44.837 0.0000000000
145478  42.361  -16.196  44.822 0.0000000000
56289  43.029  -16.571  44.860 0.0000000000
56288  43.626  -16.548  44.705 0.0000000000
57430  44.313  -15.879  44.329 0.0000000000
155680  45.137  -15.974  42.774 0.0000000000
58648  45.510  -14.425  42.521 0.0000000000
133812  45.756  -13.710  41.958 0.0000000000
51807  39.857  -20.893  45.294 0.0000000000
52968  40.589  -19.880  43.572 0.0000000000
53988  41.397  -18.468  44.135 0.0000000000
55097  41.913  -18.080  44.639 0.0000000000
52955  42.515  -19.329  45.035 0.0000000000
131626  56.609  0.562  26.990 0.0000000000
76478  56.023  0.096  26.544 0.0000000000
75354  54.771  -0.498  25.875 0.0000000000
74171  51.722  -1.697  26.767 0.0000000000
150725  50.824  1.031  29.402 0.0000000000
76427  50.136  0.468  28.937 0.0000000000
76443  51.138  1.162  28.212 0.0000000000
76425  52.061  1.069  28.846 0.0000000000
72895  50.055  -2.525  30.595 0.0000000000
71722  48.659  -3.302  30.285 0.0000000000
64537  42.584  -9.769  41.720 0.0000000000
154894  42.238  -9.903  40.905 0.0000000000
64556  42.106  -9.636  39.992 0.0000000000
63293  41.517  -10.101  39.370 0.0000000000
68174  44.374  -6.029  40.607 0.0000000000
68189  44.314  -5.966  39.745 0.0000000000
69341  44.624  -5.313  38.505 0.0000000000
69360  44.603  -5.304  37.604 0.0000000000
70466  44.918  -4.598  38.191 0.0000000000
138341  45.234  -4.016  38.764 0.0000000000
71617  45.695  -3.209  39.078 0.0000000000
72789  46.201  -2.602  39.121 0.0000000000
131640  46.025  -3.180  39.815 0.0000000000
71600  46.332  -3.583  40.411 0.0000000000
70435  47.309  -4.466  40.880 0.0000000000
66933  47.870  -6.663  40.064 0.0000000000
66945  48.630  -7.116  39.230 0.0000000000
65783  49.423  -7.640  38.491 0.0000000000
55037  34.441  -18.019  48.724 0.0000000000
55023  34.732  -18.230  49.319 0.0000000000
53949  35.201  -18.639  49.341 0.0000000000
53940  35.245  -18.865  49.895 0.0000000000
51717  35.567  -20.066  50.329 0.0000000000
50554  35.627  -20.522  50.164 0.0000000000
50555  34.995  -20.629  50.326 0.0000000000
50570  34.019  -21.043  49.502 0.0000000000
137459  33.593  -20.228  50.764 0.0000000000
157231  46.542  -1.102  33.079 0.0000000000
75247  47.579  -0.451  33.964 0.0000000000
76350  49.055  0.517  36.034 0.0000000000
76336  48.613  0.094  36.655 0.0000000000
76321  48.874  -0.074  36.999 0.0000000000
75188  49.119  -0.368  37.125 0.0000000000
75205  47.607  -0.558  37.075 0.0000000000
75189  48.413  -0.474  37.376 0.0000000000
74016  49.304  -1.421  37.491 0.0000000000
72801  49.183  -2.228  37.626 0.0000000000
136726  48.794  -3.154  37.907 0.0000000000
53992  44.824  -18.193  43.425 0.0000000000
139767  37.342  -20.084  46.734 0.0000000000
52948  38.331  -20.621  46.901 0.0000000000
51791  39.163  -21.040  46.880 0.0000000000
50593  39.359  -21.630  47.382 0.0000000000
51790  40.024  -21.251  46.591 0.0000000000
51789  40.914  -21.103  46.284 0.0000000000
151502  41.563  -21.023  45.875 0.0000000000
50606  41.497  -21.534  46.053 0.0000000000
49492  41.832  -22.289  45.680 0.0000000000
47322  42.052  -23.263  44.495 0.0000000000
78721  54.894  2.357  27.530 0.0000000000
75329  53.421  -0.037  27.059 0.0000000000
74161  52.189  -1.196  26.978 0.0000000000
72918  51.024  -2.071  27.830 0.0000000000
76404  50.329  0.720  29.991 0.0000000000
131989  51.539  1.354  31.279 0.0000000000
76403  51.062  1.236  30.588 0.0000000000
74125  52.518  -0.541  30.573 0.0000000000
72882  50.592  -2.052  31.500 0.0000000000
61987  43.038  -11.598  44.615 0.0000000000
135067  42.656  -11.697  44.332 0.0000000000
61999  42.917  -10.989  44.049 0.0000000000
63251  42.800  -10.524  43.261 0.0000000000
64512  43.069  -9.888  43.069 0.0000000000
64504  44.251  -9.783  44.137 0.0000000000
64511  43.706  -9.575  43.685 0.0000000000
64525  42.893  -9.626  42.384 0.0000000000
154165  42.678  -9.330  41.215 0.0000000000
65775  42.962  -8.733  41.092 0.0000000000
66935  42.886  -8.490  40.344 0.0000000000
66948  42.953  -8.003  39.309 0.0000000000
135574  43.224  -7.822  40.012 0.0000000000
157004  43.637  -7.363  40.612 0.0000000000
68175  44.017  -6.746  40.678 0.0000000000
66909  44.640  -7.055  42.897 0.0000000000
135588  44.575  -6.616  42.261 0.0000000000
68159  44.445  -6.269  41.455 0.0000000000
69295  44.841  -5.449  41.328 0.0000000000
69294  45.462  -5.157  41.795 0.0000000000
70407  45.927  -5.144  41.970 0.0000000000
70421  46.208  -4.672  41.512 0.0000000000
155026  47.059  -6.333  41.915 0.0000000000
68158  47.237  -6.471  41.638 0.0000000000
66921  47.124  -7.024  41.682 0.0000000000
66934  47.353  -7.043  40.923 0.0000000000
156442  36.061  -19.430  45.415 0.0000000000
141929  35.618  -18.817  48.207 0.0000000000
53972  35.958  -19.226  46.140 0.0000000000
52949  36.588  -19.689  45.970 0.0000000000
50581  38.190  -21.385  48.234 0.0000000000
51734  37.671  -20.901  48.682 0.0000000000
49458  38.010  -21.687  48.393 0.0000000000
49468  38.607  -21.829  47.986 0.0000000000
152605  49.456  0.581  32.584 0.0000000000
76371  50.324  1.122  32.888 0.0000000000
76381  51.409  1.371  32.771 0.0000000000
77465  52.365  1.003  32.940 0.0000000000
75245  52.300  -0.122  33.667 0.0000000000
72858  52.077  -1.203  34.193 0.0000000000
72844  52.127  -1.976  34.780 0.0000000000
136716  52.259  -2.864  35.033 0.0000000000
71679  52.390  -3.673  35.152 0.0000000000
72834  52.194  -2.313  35.517 0.0000000000
72833  52.345  -3.003  35.373 0.0000000000
76320  49.848  -0.298  36.705 0.0000000000
74026  50.822  -1.626  36.637 0.0000000000
72813  51.351  -2.416  36.528 0.0000000000
71648  51.137  -3.260  36.712 0.0000000000
70480  51.656  -4.160  36.535 0.0000000000
58622  40.164  -15.182  43.955 0.0000000000
58621  40.783  -14.706  44.408 0.0000000000
142627  41.966  -15.042  44.970 0.0000000000
58610  41.813  -14.559  44.984 0.0000000000
59787  40.968  -13.878  44.244 0.0000000000
59786  41.634  -13.506  44.694 0.0000000000
60896  42.189  -13.272  45.017 0.0000000000
151235  43.106  -12.913  45.040 0.0000000000
55111  44.874  -17.387  43.306 0.0000000000
56305  44.732  -16.571  43.919 0.0000000000
57444  44.896  -15.752  43.710 0.0000000000
57456  45.150  -15.624  43.130 0.0000000000
138526  44.719  -14.990  44.093 0.0000000000
133783  44.008  -14.931  44.551 0.0000000000
59768  44.008  -13.315  44.666 0.0000000000
60895  43.608  -12.671  44.795 0.0000000000
61973  43.999  -11.850  44.593 0.0000000000
61972  44.684  -11.696  44.323 0.0000000000
61985  45.215  -11.720  43.987 0.0000000000
60920  45.747  -12.534  43.282 0.0000000000
60907  45.603  -11.825  43.588 0.0000000000
61984  45.500  -11.165  43.733 0.0000000000
146393  46.064  -11.199  43.117 0.0000000000
63258  46.349  -10.618  42.689 0.0000000000
63268  46.638  -10.375  41.851 0.0000000000
60957  45.516  -12.619  40.679 0.0000000000
60958  45.170  -12.179  39.997 0.0000000000
52958  37.502  -20.459  44.887 0.0000000000
51820  38.840  -20.904  44.181 0.0000000000
56306  40.926  -16.282  44.386 0.0000000000
56292  41.684  -16.465  44.707 0.0000000000
56291  42.308  -16.890  44.804 0.0000000000
55078  43.176  -17.386  44.850 0.0000000000
150776  44.113  -18.542  44.481 0.0000000000
52961  44.619  -19.717  43.757 0.0000000000
137593  42.250  -21.337  45.549 0.0000000000
51786  42.888  -20.718  45.175 0.0000000000
50603  43.308  -21.013  44.898 0.0000000000
49504  43.804  -21.932  44.188 0.0000000000
51818  44.185  -21.240  44.158 0.0000000000
51817  44.337  -20.657  44.144 0.0000000000
55000  31.676  -17.547  51.974 0.0000000000
75316  52.298  0.721  28.142 0.0000000000
136267  52.066  -1.072  29.847 0.0000000000
153063  50.637  -2.247  29.999 0.0000000000
138413  49.016  -3.175  28.524 0.0000000000
151929  44.237  -2.264  34.391 0.0000000000
62012  41.746  -11.727  42.560 0.0000000000
70492  44.732  -4.444  36.391 0.0000000000
72848  44.018  -2.884  34.637 0.0000000000
133991  45.239  -2.012  35.808 0.0000000000
74030  46.226  -1.647  37.401 0.0000000000
74029  46.656  -1.490  37.817 0.0000000000
74008  46.510  -2.181  38.738 0.0000000000
74006  47.396  -1.966  38.610 0.0000000000
137016  47.582  -2.727  38.935 0.0000000000
71615  48.217  -3.676  38.688 0.0000000000
69308  48.148  -5.758  40.461 0.0000000000
70419  47.952  -4.953  40.448 0.0000000000
70434  48.484  -5.391  39.795 0.0000000000
69323  49.634  -6.349  38.640 0.0000000000
65798  50.503  -8.513  37.906 0.0000000000
65799  49.982  -8.431  38.036 0.0000000000
64545  46.500  -9.274  40.566 0.0000000000
63291  45.574  -10.237  39.499 0.0000000000
65801  46.537  -8.269  38.991 0.0000000000
48353  41.754  -22.745  45.477 0.0000000000
49477  41.292  -22.042  46.267 0.0000000000
49505  43.336  -22.381  44.272 0.0000000000
49519  43.775  -22.241  43.887 0.0000000000
49537  43.953  -22.032  43.616 0.0000000000
50565  37.619  -21.205  48.764 0.0000000000
50569  34.824  -21.067  49.784 0.0000000000
50580  38.953  -21.736  47.707 0.0000000000
50604  42.827  -21.559  45.178 0.0000000000
50616  43.552  -21.489  44.613 0.0000000000
50625  44.329  -21.124  43.675 0.0000000000
51700  35.028  -19.807  50.586 0.0000000000
51735  37.126  -20.670  49.112 0.0000000000
51736  36.658  -20.628  49.541 0.0000000000
51785  43.492  -20.402  44.784 0.0000000000
51787  42.196  -20.839  45.498 0.0000000000
51804  44.109  -20.427  44.416 0.0000000000
52885  34.602  -19.331  50.706 0.0000000000
52901  35.311  -19.642  50.343 0.0000000000
52953  44.522  -19.089  44.168 0.0000000000
53998  44.807  -18.476  43.204 0.0000000000
55010  34.916  -18.481  49.779 0.0000000000
55076  44.649  -17.379  44.075 0.0000000000
55079  42.727  -17.590  44.874 0.0000000000
55080  42.381  -17.804  44.848 0.0000000000
56330  45.096  -16.208  42.949 0.0000000000
57432  42.937  -15.504  44.888 0.0000000000
58608  42.996  -14.242  45.033 0.0000000000
58609  42.380  -14.516  45.046 0.0000000000
58620  41.417  -14.279  44.792 0.0000000000
59801  45.822  -13.163  42.972 0.0000000000
60894  44.296  -12.461  44.515 0.0000000000
61974  43.264  -12.158  44.828 0.0000000000
62000  42.306  -11.683  43.791 0.0000000000
63249  45.853  -10.635  43.348 0.0000000000
63250  43.246  -10.240  43.706 0.0000000000
65743  46.306  -7.909  42.632 0.0000000000
66898  45.501  -7.639  43.216 0.0000000000
66922  43.732  -7.827  41.957 0.0000000000
68141  44.190  -7.256  42.353 0.0000000000
69279  46.733  -6.128  42.135 0.0000000000
69338  50.757  -6.261  37.339 0.0000000000
69371  52.507  -5.107  35.536 0.0000000000
70507  52.333  -4.371  34.948 0.0000000000
71658  52.176  -3.830  36.267 0.0000000000
71659  44.822  -3.601  36.123 0.0000000000
72770  46.641  -3.037  39.805 0.0000000000
72816  45.380  -2.969  37.339 0.0000000000
72825  45.795  -1.862  36.709 0.0000000000
74007  46.886  -2.037  38.727 0.0000000000
74018  47.348  -1.456  38.222 0.0000000000
74019  46.816  -1.687  38.283 0.0000000000
74020  46.388  -2.020  38.390 0.0000000000
74028  48.692  -0.896  37.598 0.0000000000
75175  47.902  -0.880  37.808 0.0000000000
75186  51.073  -0.925  36.295 0.0000000000
75203  51.333  -0.404  35.826 0.0000000000
75207  46.214  -1.436  36.722 0.0000000000
75222  47.419  -0.439  36.408 0.0000000000
76335  49.324  0.271  36.491 0.0000000000
76337  47.980  -0.151  36.744 0.0000000000
76349  50.658  0.622  35.547 0.0000000000
76370  52.105  0.807  33.723 0.0000000000
77448  51.038  0.952  35.001 0.0000000000
77457  50.043  1.051  34.701 0.0000000000
77477  52.412  1.074  32.168 0.0000000000
132179  42.663  -12.777  44.989 0.0000000000
135277  46.478  -0.925  35.347 0.0000000000
136997  49.881  0.644  36.003 0.0000000000
141211  42.734  -16.092  44.847 0.0000000000
142230  33.981  -18.829  51.041 0.0000000000
142606  45.078  -11.060  44.108 0.0000000000
145519  44.821  -17.164  43.622 0.0000000000
148988  52.513  -3.664  35.578 0.0000000000
152246  43.761  -20.923  44.592 0.0000000000
152304  41.265  -22.768  45.737 0.0000000000
152713  49.725  0.333  36.365 0.0000000000
152898  43.018  -9.045  41.894 0.0000000000
153721  42.796  -8.349  39.683 0.0000000000
154049  44.332  -21.007  43.562 0.0000000000
154179  39.542  -22.667  46.548 0.0000000000
154572  37.017  -20.101  48.755 0.0000000000
157196  45.549  -4.223  40.601 0.0000000000
157276  45.795  -11.319  43.434 0.0000000000
157711  43.123  -16.067  44.842 0.0000000000
