#!ascii label  , from subject sub-v1s11x0050156_ses-1 vox2ras=TkReg
942
58841  33.157  -14.850  29.491 0.0000000000
139746  46.108  3.866  13.952 0.0000000000
69525  36.640  -5.146  21.801 0.0000000000
56328  17.455  -16.848  43.681 0.0000000000
62143  28.275  -11.620  34.650 0.0000000000
76558  37.305  0.296  20.320 0.0000000000
59861  22.029  -13.755  38.904 0.0000000000
56338  21.190  -16.869  42.182 0.0000000000
59894  26.217  -13.538  37.172 0.0000000000
81304  50.148  4.028  14.671 0.0000000000
63386  32.611  -10.109  30.864 0.0000000000
65919  34.232  -8.794  28.245 0.0000000000
61082  36.876  -12.667  31.131 0.0000000000
84569  48.849  8.084  11.940 0.0000000000
83528  52.500  6.600  11.200 0.0000000000
81278  42.586  4.896  15.743 0.0000000000
77677  44.744  1.315  18.285 0.0000000000
148976  40.351  -0.097  17.723 0.0000000000
71823  40.535  -3.411  21.635 0.0000000000
55235  32.963  -17.199  34.628 0.0000000000
53967  16.610  -19.002  47.192 0.0000000000
52934  11.969  -19.480  47.889 0.0000000000
141034  9.988  -18.773  52.046 0.0000000000
58821  29.468  -14.596  31.761 0.0000000000
57570  28.955  -15.942  36.016 0.0000000000
70607  33.142  -4.782  25.237 0.0000000000
69443  37.911  -5.912  28.083 0.0000000000
132425  56.354  9.841  8.968 0.0000000000
80167  47.950  3.911  13.768 0.0000000000
80124  47.275  3.042  16.199 0.0000000000
132606  33.076  -12.352  29.384 0.0000000000
62184  34.225  -11.318  28.817 0.0000000000
59995  35.627  -13.824  29.629 0.0000000000
83499  45.422  6.114  14.090 0.0000000000
84552  47.860  7.874  13.773 0.0000000000
82448  46.968  5.715  12.522 0.0000000000
81336  49.441  4.955  12.470 0.0000000000
50533  10.050  -22.071  53.310 0.0000000000
140391  40.806  2.503  16.200 0.0000000000
78879  39.806  2.764  17.400 0.0000000000
73032  36.327  -2.526  20.326 0.0000000000
147251  38.192  -2.558  19.444 0.0000000000
70655  38.396  -4.592  21.570 0.0000000000
138496  39.310  -4.861  24.943 0.0000000000
56326  19.027  -17.091  42.705 0.0000000000
55104  21.152  -17.369  44.104 0.0000000000
55107  18.628  -17.702  44.284 0.0000000000
53965  18.114  -18.327  47.226 0.0000000000
55093  16.541  -17.780  45.192 0.0000000000
55065  13.082  -17.390  46.751 0.0000000000
138800  10.735  -18.963  49.418 0.0000000000
59958  28.742  -13.341  32.993 0.0000000000
57615  28.614  -15.449  33.325 0.0000000000
58777  27.523  -14.054  34.400 0.0000000000
58699  25.394  -14.818  39.001 0.0000000000
57526  27.303  -14.954  39.400 0.0000000000
65892  36.424  -8.866  30.320 0.0000000000
67068  36.383  -7.681  28.456 0.0000000000
78845  39.551  2.438  20.377 0.0000000000
141847  37.069  -0.480  21.751 0.0000000000
72997  35.062  -2.796  22.014 0.0000000000
57529  23.776  -15.345  39.478 0.0000000000
57476  23.668  -16.032  42.080 0.0000000000
57514  21.214  -15.394  40.123 0.0000000000
58671  19.562  -15.193  41.198 0.0000000000
58642  18.196  -14.809  42.875 0.0000000000
61046  26.679  -11.957  35.680 0.0000000000
62106  25.437  -11.437  36.910 0.0000000000
58740  23.839  -13.905  37.471 0.0000000000
67046  31.740  -7.246  30.744 0.0000000000
67070  31.797  -7.582  27.961 0.0000000000
64683  32.809  -9.207  28.728 0.0000000000
63399  36.074  -10.502  29.836 0.0000000000
146790  52.831  8.960  10.005 0.0000000000
83536  51.094  7.045  10.782 0.0000000000
82432  51.250  5.006  12.981 0.0000000000
80158  43.883  4.226  14.514 0.0000000000
78888  45.302  2.399  16.332 0.0000000000
78890  42.917  2.254  15.760 0.0000000000
76578  42.396  0.627  17.472 0.0000000000
75424  42.826  -1.184  20.091 0.0000000000
75442  38.348  -0.178  18.264 0.0000000000
74264  40.959  -2.018  19.869 0.0000000000
56498  32.766  -16.227  31.808 0.0000000000
57630  35.218  -15.459  32.561 0.0000000000
82413  44.656  6.225  15.547 0.0000000000
57441  15.805  -16.138  44.987 0.0000000000
150310  15.139  -17.522  45.464 0.0000000000
52944  14.403  -20.064  47.448 0.0000000000
51749  13.511  -21.251  49.408 0.0000000000
50578  11.924  -21.328  49.680 0.0000000000
51714  10.416  -20.656  51.086 0.0000000000
52867  9.253  -19.804  52.941 0.0000000000
53910  7.787  -18.811  53.147 0.0000000000
57675  30.878  -15.077  30.414 0.0000000000
56479  30.474  -16.311  32.427 0.0000000000
55218  30.924  -17.152  35.564 0.0000000000
58735  27.680  -14.535  37.059 0.0000000000
69499  34.455  -5.452  23.314 0.0000000000
67093  33.829  -7.738  26.189 0.0000000000
68343  35.811  -6.511  25.625 0.0000000000
69485  37.321  -5.655  24.707 0.0000000000
59953  36.973  -13.916  32.953 0.0000000000
86692  58.118  9.157  8.877 0.0000000000
85659  54.779  8.335  10.142 0.0000000000
84587  56.053  7.915  10.857 0.0000000000
80168  47.019  3.910  13.772 0.0000000000
139854  47.867  3.265  15.764 0.0000000000
80142  46.143  3.004  15.225 0.0000000000
60011  33.210  -13.393  28.841 0.0000000000
60010  34.186  -13.562  28.690 0.0000000000
58840  34.259  -14.853  29.629 0.0000000000
80170  45.584  4.615  13.686 0.0000000000
82433  46.346  5.661  12.963 0.0000000000
81322  46.244  4.951  13.197 0.0000000000
143143  47.530  4.305  13.255 0.0000000000
50534  9.289  -21.977  53.742 0.0000000000
80103  40.278  3.521  17.974 0.0000000000
80090  40.415  3.517  19.037 0.0000000000
70675  36.307  -4.129  20.917 0.0000000000
70673  37.872  -4.166  20.894 0.0000000000
70656  37.408  -4.826  21.495 0.0000000000
157035  38.589  -5.114  22.746 0.0000000000
69509  37.947  -5.465  22.902 0.0000000000
152390  18.428  -17.064  43.132 0.0000000000
55121  18.869  -17.443  43.477 0.0000000000
55122  18.103  -17.274  43.639 0.0000000000
55092  17.323  -17.876  45.104 0.0000000000
55109  16.751  -17.300  44.608 0.0000000000
151566  28.825  -11.986  34.431 0.0000000000
59960  27.661  -13.114  33.613 0.0000000000
61060  27.626  -12.453  33.996 0.0000000000
57510  25.285  -15.413  40.504 0.0000000000
69444  33.035  -5.542  28.404 0.0000000000
67045  37.672  -7.776  30.307 0.0000000000
150923  36.226  -1.420  22.284 0.0000000000
138657  35.988  -1.548  22.885 0.0000000000
58702  22.250  -14.675  38.970 0.0000000000
57513  22.521  -15.671  40.021 0.0000000000
58703  21.555  -14.284  39.394 0.0000000000
59852  20.490  -14.028  40.623 0.0000000000
58655  19.616  -14.253  41.576 0.0000000000
58656  19.088  -14.888  41.785 0.0000000000
62105  26.197  -11.126  36.739 0.0000000000
60998  23.077  -12.417  38.276 0.0000000000
61013  23.531  -12.430  37.614 0.0000000000
59878  23.053  -13.687  37.720 0.0000000000
58719  23.442  -14.463  37.989 0.0000000000
65907  31.533  -8.570  29.704 0.0000000000
64671  31.955  -9.372  29.829 0.0000000000
62182  35.789  -11.977  29.159 0.0000000000
63413  35.615  -11.198  29.174 0.0000000000
62173  36.326  -11.605  29.836 0.0000000000
63384  36.868  -10.632  31.288 0.0000000000
62160  37.198  -11.293  31.839 0.0000000000
134944  48.071  7.553  12.300 0.0000000000
85651  50.436  8.503  10.909 0.0000000000
84582  49.424  7.311  11.219 0.0000000000
81319  49.726  4.443  13.305 0.0000000000
82446  50.464  5.291  12.253 0.0000000000
136020  50.290  4.352  13.905 0.0000000000
134356  42.979  4.392  14.987 0.0000000000
80145  43.288  3.512  14.910 0.0000000000
136327  42.614  3.646  15.171 0.0000000000
76588  40.817  1.185  16.644 0.0000000000
77690  41.837  1.160  16.683 0.0000000000
144840  41.436  0.538  17.264 0.0000000000
75438  42.308  -0.414  18.754 0.0000000000
75439  41.495  -0.518  18.429 0.0000000000
77657  38.382  1.498  20.346 0.0000000000
77680  38.333  1.324  18.610 0.0000000000
75443  37.757  0.074  18.704 0.0000000000
71845  40.148  -3.202  20.818 0.0000000000
73040  39.472  -2.345  19.459 0.0000000000
73028  40.600  -2.636  20.377 0.0000000000
73027  41.487  -2.330  20.665 0.0000000000
56456  32.482  -16.659  33.292 0.0000000000
157552  33.834  -16.471  33.583 0.0000000000
82392  43.403  5.788  17.488 0.0000000000
156999  43.495  5.758  16.160 0.0000000000
82414  44.004  5.661  15.052 0.0000000000
56337  22.087  -16.661  42.467 0.0000000000
56323  22.414  -16.733  43.377 0.0000000000
53966  17.258  -18.693  47.137 0.0000000000
147679  17.621  -18.569  47.793 0.0000000000
140757  17.015  -18.878  47.871 0.0000000000
52931  16.272  -19.474  47.867 0.0000000000
155957  15.355  -15.969  45.443 0.0000000000
56303  15.428  -16.868  45.168 0.0000000000
56285  14.760  -16.514  45.747 0.0000000000
53970  12.463  -18.965  47.220 0.0000000000
53978  13.712  -18.981  46.574 0.0000000000
51783  12.864  -19.907  47.496 0.0000000000
51764  14.305  -20.574  48.083 0.0000000000
51765  13.359  -20.772  48.333 0.0000000000
50577  12.817  -21.536  49.918 0.0000000000
51751  11.654  -20.675  48.966 0.0000000000
53938  10.338  -18.769  51.055 0.0000000000
51732  10.668  -20.471  50.401 0.0000000000
52898  10.080  -19.793  51.528 0.0000000000
147374  9.604  -20.564  52.704 0.0000000000
52883  9.683  -19.767  52.348 0.0000000000
59968  30.280  -13.895  31.720 0.0000000000
59978  31.193  -13.655  30.745 0.0000000000
58820  29.919  -14.645  31.117 0.0000000000
56500  30.749  -16.087  31.561 0.0000000000
57654  29.591  -15.105  31.528 0.0000000000
154805  28.835  -15.895  34.797 0.0000000000
56440  29.130  -16.140  34.295 0.0000000000
56422  29.243  -16.245  35.333 0.0000000000
61029  26.254  -12.439  36.221 0.0000000000
59926  26.803  -12.813  35.659 0.0000000000
58752  27.050  -13.884  37.148 0.0000000000
57545  28.399  -15.554  38.392 0.0000000000
78878  44.835  1.943  16.932 0.0000000000
78877  45.515  2.140  17.176 0.0000000000
77676  45.531  1.638  18.591 0.0000000000
153595  33.467  -3.651  24.480 0.0000000000
71800  33.896  -3.706  23.247 0.0000000000
70614  33.653  -4.980  23.828 0.0000000000
65935  32.674  -8.331  27.515 0.0000000000
67083  32.309  -7.548  27.124 0.0000000000
67082  33.241  -8.080  26.802 0.0000000000
68311  36.809  -7.026  28.006 0.0000000000
67091  35.736  -7.292  26.798 0.0000000000
68332  36.909  -6.206  26.718 0.0000000000
69475  36.269  -6.170  25.241 0.0000000000
69462  37.414  -5.640  26.199 0.0000000000
70595  38.014  -5.159  26.106 0.0000000000
58790  35.910  -14.954  32.971 0.0000000000
86693  57.146  9.139  9.198 0.0000000000
84591  52.569  7.696  10.432 0.0000000000
85661  53.518  8.923  9.868 0.0000000000
84590  53.449  7.718  10.512 0.0000000000
84577  55.550  7.519  11.453 0.0000000000
84576  56.375  7.673  11.640 0.0000000000
153544  22.491  -12.372  39.629 0.0000000000
59850  21.604  -13.294  39.652 0.0000000000
80154  48.622  3.796  14.411 0.0000000000
80139  49.427  3.536  15.886 0.0000000000
80140  48.610  3.519  15.361 0.0000000000
63385  33.175  -10.889  30.478 0.0000000000
63400  33.321  -10.841  29.706 0.0000000000
62185  33.595  -11.704  29.203 0.0000000000
61110  35.459  -12.638  28.958 0.0000000000
59994  36.333  -13.196  30.198 0.0000000000
84541  48.089  7.871  14.678 0.0000000000
83497  46.683  7.106  13.892 0.0000000000
84570  47.420  7.163  12.636 0.0000000000
83521  47.821  6.730  11.993 0.0000000000
83531  49.312  6.419  11.404 0.0000000000
146802  48.446  5.401  12.132 0.0000000000
81320  48.205  4.326  13.127 0.0000000000
138162  11.147  -22.481  53.292 0.0000000000
81265  41.969  5.002  16.998 0.0000000000
78907  41.473  3.819  15.982 0.0000000000
80112  41.017  3.957  16.811 0.0000000000
78893  40.262  2.675  16.623 0.0000000000
76579  39.856  1.259  16.939 0.0000000000
146936  36.734  -1.134  19.854 0.0000000000
74276  37.343  -1.211  19.211 0.0000000000
73031  37.678  -2.866  19.720 0.0000000000
71847  38.288  -3.529  20.338 0.0000000000
71809  39.938  -3.984  22.063 0.0000000000
70637  40.065  -4.259  22.819 0.0000000000
70612  40.039  -4.567  24.568 0.0000000000
55202  32.712  -17.759  36.192 0.0000000000
55132  19.948  -17.230  42.584 0.0000000000
55119  20.554  -17.425  43.250 0.0000000000
55120  19.677  -17.510  43.291 0.0000000000
55106  19.541  -17.698  44.119 0.0000000000
55072  19.217  -17.971  46.024 0.0000000000
152585  17.688  -18.141  45.721 0.0000000000
153775  16.588  -18.690  46.368 0.0000000000
56286  13.895  -16.759  46.386 0.0000000000
55049  12.582  -16.903  47.447 0.0000000000
53959  11.859  -18.482  47.803 0.0000000000
53960  11.224  -19.033  48.478 0.0000000000
53952  11.045  -18.264  48.980 0.0000000000
53944  10.654  -18.347  50.221 0.0000000000
53937  10.614  -17.839  50.870 0.0000000000
59969  29.333  -14.070  32.236 0.0000000000
57635  28.815  -15.086  32.477 0.0000000000
58808  28.330  -14.522  32.815 0.0000000000
58791  27.890  -14.581  33.680 0.0000000000
58776  27.934  -14.894  34.728 0.0000000000
58716  26.032  -14.401  38.457 0.0000000000
58737  26.622  -14.040  37.885 0.0000000000
58698  26.392  -14.761  39.230 0.0000000000
76564  44.362  0.410  19.403 0.0000000000
70596  33.035  -4.835  26.286 0.0000000000
65893  35.826  -8.834  29.572 0.0000000000
67069  35.620  -8.062  28.117 0.0000000000
67056  36.673  -7.879  29.236 0.0000000000
67055  37.383  -7.515  29.549 0.0000000000
87679  55.132  10.530  9.241 0.0000000000
50525  8.236  -21.556  53.409 0.0000000000
78831  39.724  2.199  21.237 0.0000000000
76549  38.011  0.877  20.972 0.0000000000
76550  37.435  0.154  21.300 0.0000000000
75413  36.566  -0.984  21.319 0.0000000000
71850  35.860  -2.894  20.743 0.0000000000
70658  35.287  -4.199  21.557 0.0000000000
57493  24.782  -15.658  41.180 0.0000000000
132944  24.401  -15.821  41.783 0.0000000000
57494  23.804  -15.810  41.144 0.0000000000
150403  22.036  -16.233  40.966 0.0000000000
57496  21.173  -16.068  40.731 0.0000000000
58684  20.684  -14.684  40.233 0.0000000000
57515  20.601  -15.382  40.456 0.0000000000
56352  19.960  -16.308  41.473 0.0000000000
56353  19.385  -15.795  41.554 0.0000000000
57479  18.383  -15.643  42.516 0.0000000000
57463  17.782  -15.538  43.080 0.0000000000
62134  27.215  -11.526  35.277 0.0000000000
62119  27.474  -10.984  35.937 0.0000000000
138086  25.995  -11.750  36.448 0.0000000000
59912  24.932  -12.660  36.677 0.0000000000
62090  24.473  -11.462  37.987 0.0000000000
61012  24.140  -12.460  36.997 0.0000000000
58739  24.684  -13.992  37.446 0.0000000000
58718  24.219  -14.426  37.875 0.0000000000
57528  24.819  -15.199  39.656 0.0000000000
68292  32.913  -6.219  30.673 0.0000000000
69436  32.440  -6.192  28.808 0.0000000000
67058  31.468  -7.707  29.370 0.0000000000
65922  31.707  -8.187  28.618 0.0000000000
64682  33.772  -9.240  28.620 0.0000000000
63415  34.271  -10.465  28.983 0.0000000000
64668  34.375  -9.601  28.985 0.0000000000
64667  35.216  -9.246  29.275 0.0000000000
64657  35.865  -9.501  29.848 0.0000000000
64641  36.950  -9.811  31.479 0.0000000000
86680  51.558  9.201  10.552 0.0000000000
84592  51.699  7.689  10.498 0.0000000000
83529  51.692  6.512  11.121 0.0000000000
82453  50.068  5.905  11.513 0.0000000000
138117  50.867  5.775  11.744 0.0000000000
81306  44.714  4.503  14.117 0.0000000000
80143  45.159  3.177  14.783 0.0000000000
80144  44.164  3.304  14.784 0.0000000000
78889  44.375  2.224  16.123 0.0000000000
77698  44.050  1.776  16.715 0.0000000000
78891  42.076  2.497  15.697 0.0000000000
77689  42.807  1.206  16.945 0.0000000000
77678  44.030  1.016  17.934 0.0000000000
76565  43.682  0.242  18.933 0.0000000000
75423  43.512  -0.838  20.279 0.0000000000
78855  39.780  2.966  18.996 0.0000000000
77691  38.792  1.681  18.053 0.0000000000
75454  39.588  0.306  17.531 0.0000000000
74275  38.187  -1.513  18.822 0.0000000000
157330  39.397  -0.945  18.322 0.0000000000
152014  41.051  -1.002  18.687 0.0000000000
74272  41.506  -1.555  19.637 0.0000000000
57650  33.207  -15.820  30.981 0.0000000000
136860  34.165  -15.729  31.191 0.0000000000
57632  33.630  -16.037  31.731 0.0000000000
150329  34.955  -15.887  33.880 0.0000000000
83489  45.392  6.474  15.040 0.0000000000
139435  44.962  5.340  13.936 0.0000000000
57451  17.368  -14.900  43.885 0.0000000000
57440  16.589  -14.582  45.199 0.0000000000
56316  16.300  -16.367  44.518 0.0000000000
56302  16.099  -17.089  44.916 0.0000000000
55094  15.810  -17.708  45.330 0.0000000000
53976  15.476  -18.445  45.965 0.0000000000
55075  13.739  -18.038  46.300 0.0000000000
53977  14.493  -18.686  46.277 0.0000000000
52943  15.266  -19.775  47.355 0.0000000000
52933  14.920  -20.301  47.921 0.0000000000
51747  15.192  -20.509  49.102 0.0000000000
50551  11.535  -21.754  51.098 0.0000000000
51731  11.144  -20.759  49.802 0.0000000000
51713  10.945  -21.154  50.655 0.0000000000
139522  11.251  -21.965  51.807 0.0000000000
50544  10.644  -21.959  52.400 0.0000000000
51686  9.263  -20.946  53.220 0.0000000000
51673  8.830  -20.794  53.357 0.0000000000
52868  9.087  -18.959  53.056 0.0000000000
52854  8.638  -19.637  53.236 0.0000000000
51674  8.328  -20.620  53.276 0.0000000000
60012  32.270  -13.419  29.403 0.0000000000
59996  31.483  -13.763  29.965 0.0000000000
57674  31.628  -15.253  30.172 0.0000000000
57652  31.163  -15.710  30.822 0.0000000000
56478  31.320  -16.450  32.335 0.0000000000
55251  31.772  -16.813  33.695 0.0000000000
156559  29.137  -15.659  32.770 0.0000000000
56438  30.936  -16.837  34.092 0.0000000000
55217  31.639  -17.340  35.424 0.0000000000
61045  27.128  -12.354  34.796 0.0000000000
58766  27.619  -14.359  35.357 0.0000000000
57571  28.481  -15.421  36.178 0.0000000000
58736  27.385  -14.450  37.874 0.0000000000
147665  28.553  -15.592  37.635 0.0000000000
57557  28.939  -15.922  36.944 0.0000000000
78902  46.065  2.714  16.104 0.0000000000
156138  34.848  -2.528  23.170 0.0000000000
71811  34.673  -3.691  22.082 0.0000000000
69512  35.243  -5.395  22.633 0.0000000000
69445  32.310  -6.170  27.830 0.0000000000
69454  32.453  -5.933  27.004 0.0000000000
68346  33.338  -6.253  25.441 0.0000000000
67080  35.277  -7.892  27.235 0.0000000000
68335  34.393  -7.247  25.703 0.0000000000
69478  33.569  -5.901  24.832 0.0000000000
69487  35.120  -5.968  23.956 0.0000000000
69498  36.001  -5.785  23.356 0.0000000000
134536  37.058  -5.690  23.092 0.0000000000
156277  37.979  -5.336  24.840 0.0000000000
58819  35.553  -14.796  31.012 0.0000000000
58818  36.232  -14.266  31.529 0.0000000000
151455  37.021  -13.158  31.774 0.0000000000
59952  37.504  -13.406  33.454 0.0000000000
59975  37.293  -12.588  32.079 0.0000000000
144068  58.626  9.553  8.387 0.0000000000
86695  54.631  9.750  9.507 0.0000000000
85669  55.207  8.953  9.683 0.0000000000
84578  54.707  7.353  11.254 0.0000000000
137962  55.673  8.339  10.141 0.0000000000
85668  56.223  8.930  9.560 0.0000000000
137861  57.046  8.615  9.753 0.0000000000
85656  58.542  8.302  10.333 0.0000000000
80156  46.655  3.419  14.556 0.0000000000
136551  45.869  3.408  14.496 0.0000000000
58861  32.660  -14.093  29.216 0.0000000000
58860  33.689  -14.231  28.968 0.0000000000
80169  46.356  4.358  13.510 0.0000000000
50524  8.767  -21.806  53.649 0.0000000000
70657  36.505  -4.651  21.315 0.0000000000
70640  38.111  -5.130  22.160 0.0000000000
69510  37.262  -5.388  22.265 0.0000000000
56327  17.855  -16.576  43.261 0.0000000000
55108  17.579  -17.526  44.289 0.0000000000
61059  28.166  -12.082  34.045 0.0000000000
57492  25.690  -15.612  41.285 0.0000000000
69435  33.265  -5.669  29.286 0.0000000000
59879  22.527  -13.171  38.350 0.0000000000
58720  22.587  -14.197  38.280 0.0000000000
64659  31.631  -9.088  30.515 0.0000000000
64658  32.099  -9.627  30.486 0.0000000000
61097  36.582  -12.356  30.283 0.0000000000
141795  36.855  -11.676  30.901 0.0000000000
61081  37.208  -12.051  31.641 0.0000000000
85632  49.138  8.829  12.894 0.0000000000
144770  49.428  8.742  12.077 0.0000000000
85652  49.665  8.221  11.345 0.0000000000
81305  49.410  4.108  14.014 0.0000000000
142391  50.914  4.266  14.542 0.0000000000
50542  12.495  -22.178  52.229 0.0000000000
80146  42.209  4.122  15.474 0.0000000000
75453  40.485  0.488  17.232 0.0000000000
75452  41.089  -0.058  17.779 0.0000000000
76557  37.754  0.957  19.890 0.0000000000
76566  37.808  0.860  19.005 0.0000000000
76567  37.435  0.279  19.430 0.0000000000
73009  40.949  -2.943  21.082 0.0000000000
55236  32.426  -16.924  34.030 0.0000000000
56437  32.973  -16.811  33.881 0.0000000000
82402  43.059  5.543  16.484 0.0000000000
140157  43.774  6.007  16.771 0.0000000000
82415  43.310  5.361  15.506 0.0000000000
56324  21.461  -17.082  43.135 0.0000000000
51766  12.269  -20.380  48.296 0.0000000000
52935  11.541  -19.934  48.470 0.0000000000
59980  29.842  -14.297  31.517 0.0000000000
59979  30.377  -14.182  30.953 0.0000000000
57584  28.558  -15.591  35.270 0.0000000000
56404  29.496  -16.433  36.365 0.0000000000
143625  25.822  -12.927  36.667 0.0000000000
59911  26.586  -13.234  36.475 0.0000000000
77687  44.431  1.526  17.483 0.0000000000
77686  45.192  1.800  17.749 0.0000000000
71767  33.395  -3.964  26.033 0.0000000000
71778  33.394  -3.778  25.171 0.0000000000
70615  33.331  -4.389  24.487 0.0000000000
69489  33.464  -5.213  24.451 0.0000000000
65934  33.725  -8.503  27.516 0.0000000000
68310  37.490  -6.587  28.415 0.0000000000
68321  36.497  -6.825  27.193 0.0000000000
68320  37.274  -6.284  27.550 0.0000000000
135193  37.489  -5.774  26.954 0.0000000000
69452  37.819  -5.689  27.422 0.0000000000
86709  57.289  9.881  8.622 0.0000000000
84580  52.957  7.124  10.819 0.0000000000
60963  23.002  -11.899  39.964 0.0000000000
60964  22.154  -12.366  40.177 0.0000000000
60952  22.817  -11.717  40.968 0.0000000000
62174  33.303  -11.693  29.859 0.0000000000
61111  33.500  -12.597  28.827 0.0000000000
58859  34.753  -14.179  29.137 0.0000000000
137226  34.464  -12.761  28.637 0.0000000000
60009  35.123  -13.420  28.914 0.0000000000
60008  35.800  -13.147  29.405 0.0000000000
83498  46.087  6.744  14.484 0.0000000000
149605  46.166  6.362  13.466 0.0000000000
83523  46.626  6.256  12.827 0.0000000000
83522  47.160  6.470  12.451 0.0000000000
82447  47.688  5.891  12.118 0.0000000000
151239  48.642  4.062  13.673 0.0000000000
81253  42.276  5.124  18.078 0.0000000000
81280  41.520  4.435  16.644 0.0000000000
81266  41.488  4.561  17.481 0.0000000000
80113  40.403  3.418  17.077 0.0000000000
77702  39.843  2.086  16.812 0.0000000000
150979  39.319  1.907  17.360 0.0000000000
74265  36.906  -2.090  19.694 0.0000000000
133943  36.878  -2.946  19.997 0.0000000000
71825  38.780  -3.964  21.066 0.0000000000
71824  39.647  -3.722  21.313 0.0000000000
70654  39.201  -4.289  21.760 0.0000000000
70638  39.482  -4.440  22.382 0.0000000000
70613  39.360  -4.867  24.017 0.0000000000
82381  43.025  5.542  18.033 0.0000000000
55090  19.399  -17.863  45.051 0.0000000000
55091  18.335  -17.966  45.254 0.0000000000
53985  16.973  -18.234  45.701 0.0000000000
55050  11.977  -17.453  47.887 0.0000000000
55051  11.451  -17.940  48.444 0.0000000000
59942  29.494  -13.140  33.574 0.0000000000
59957  29.795  -13.721  32.774 0.0000000000
59970  28.593  -13.956  32.671 0.0000000000
58792  27.610  -13.715  33.733 0.0000000000
71756  33.522  -4.179  26.795 0.0000000000
70586  33.276  -4.743  27.200 0.0000000000
65917  35.897  -8.305  28.993 0.0000000000
65904  36.346  -8.411  29.630 0.0000000000
67054  38.086  -7.140  29.898 0.0000000000
144761  7.501  -21.071  53.058 0.0000000000
77646  38.671  1.433  21.138 0.0000000000
75412  36.818  -0.529  20.660 0.0000000000
74234  35.683  -2.035  21.960 0.0000000000
74247  36.172  -1.505  21.500 0.0000000000
73011  35.454  -2.797  21.305 0.0000000000
71826  35.711  -3.635  21.032 0.0000000000
71810  35.177  -3.419  21.550 0.0000000000
57511  24.313  -15.532  40.373 0.0000000000
57512  23.338  -15.652  40.201 0.0000000000
147478  21.907  -15.836  40.307 0.0000000000
57495  22.793  -15.955  40.822 0.0000000000
60965  21.406  -12.829  40.599 0.0000000000
59851  20.987  -13.846  40.084 0.0000000000
58670  20.058  -14.691  40.783 0.0000000000
57497  20.190  -15.788  40.914 0.0000000000
153040  19.745  -15.808  41.239 0.0000000000
58657  18.650  -14.772  42.420 0.0000000000
57478  18.871  -15.704  42.018 0.0000000000
63346  27.814  -10.643  36.733 0.0000000000
61030  25.602  -12.297  36.477 0.0000000000
62120  25.116  -11.936  36.623 0.0000000000
59897  23.577  -13.146  37.326 0.0000000000
59896  24.354  -13.320  37.049 0.0000000000
58700  24.252  -14.913  38.646 0.0000000000
68293  32.103  -6.690  30.289 0.0000000000
67057  31.591  -7.202  29.990 0.0000000000
65906  31.970  -8.993  29.038 0.0000000000
65921  32.280  -8.631  28.263 0.0000000000
63416  33.616  -10.757  29.185 0.0000000000
63414  35.181  -10.139  29.238 0.0000000000
151768  48.439  8.248  14.142 0.0000000000
87669  51.738  10.053  10.806 0.0000000000
86664  51.118  9.734  11.198 0.0000000000
84593  50.952  7.774  10.605 0.0000000000
85663  51.280  8.418  10.522 0.0000000000
82454  49.212  5.679  11.737 0.0000000000
148608  49.780  5.441  11.942 0.0000000000
82445  51.408  5.507  12.271 0.0000000000
82452  51.530  5.991  11.640 0.0000000000
133807  44.608  3.790  14.395 0.0000000000
78905  42.722  2.964  15.314 0.0000000000
137491  43.649  2.684  15.383 0.0000000000
153844  43.652  2.084  16.048 0.0000000000
77699  43.244  1.696  16.455 0.0000000000
78892  41.370  2.864  15.859 0.0000000000
76577  43.270  0.801  17.698 0.0000000000
149831  43.647  0.591  18.316 0.0000000000
152606  42.928  0.199  18.320 0.0000000000
75430  42.547  -0.832  19.458 0.0000000000
75437  43.081  -0.298  19.146 0.0000000000
150775  43.168  -0.696  19.726 0.0000000000
78844  40.160  3.044  19.960 0.0000000000
78856  39.344  2.541  19.392 0.0000000000
76572  38.218  0.584  18.355 0.0000000000
77692  38.578  1.017  18.009 0.0000000000
76580  39.067  1.072  17.497 0.0000000000
75441  39.056  -0.343  17.976 0.0000000000
73042  37.770  -2.120  19.256 0.0000000000
73041  38.595  -2.229  19.190 0.0000000000
73039  40.215  -2.371  19.803 0.0000000000
74274  39.238  -1.648  18.772 0.0000000000
74273  40.193  -1.877  19.266 0.0000000000
74286  40.214  -1.183  18.608 0.0000000000
74285  40.965  -1.481  19.189 0.0000000000
56476  33.516  -16.279  32.463 0.0000000000
56435  34.258  -16.691  34.515 0.0000000000
56454  34.326  -16.322  33.846 0.0000000000
152398  43.604  4.983  14.767 0.0000000000
82424  44.221  5.143  14.376 0.0000000000
57475  24.560  -15.892  42.516 0.0000000000
57462  23.905  -16.083  43.088 0.0000000000
135703  15.867  -15.146  45.549 0.0000000000
57453  16.183  -15.500  44.858 0.0000000000
57452  16.705  -15.453  44.314 0.0000000000
52951  14.445  -19.454  46.813 0.0000000000
52950  15.128  -19.171  46.593 0.0000000000
51748  14.438  -20.909  49.050 0.0000000000
50563  12.217  -21.731  50.508 0.0000000000
50550  12.415  -21.981  51.361 0.0000000000
52923  11.030  -19.921  49.072 0.0000000000
52911  10.680  -19.860  49.905 0.0000000000
50552  10.770  -21.481  51.477 0.0000000000
51698  10.098  -20.892  52.020 0.0000000000
149620  8.961  -19.965  53.252 0.0000000000
53919  9.421  -18.009  52.831 0.0000000000
53920  9.129  -18.122  53.049 0.0000000000
53908  8.762  -18.607  53.219 0.0000000000
141693  8.301  -18.994  53.262 0.0000000000
52855  7.998  -19.688  53.226 0.0000000000
52856  7.416  -19.696  53.049 0.0000000000
61099  32.542  -12.872  29.693 0.0000000000
59997  30.887  -14.096  30.409 0.0000000000
58843  31.226  -14.464  29.974 0.0000000000
132327  31.771  -16.603  32.988 0.0000000000
56457  31.078  -16.615  33.139 0.0000000000
137659  29.760  -16.567  34.875 0.0000000000
143749  29.944  -16.610  34.124 0.0000000000
56439  30.469  -16.863  34.892 0.0000000000
144284  31.186  -17.087  34.917 0.0000000000
58751  27.257  -13.868  36.163 0.0000000000
58750  27.935  -14.738  36.249 0.0000000000
58697  26.959  -14.510  38.613 0.0000000000
57546  27.736  -14.925  38.576 0.0000000000
57524  28.888  -16.114  39.055 0.0000000000
78903  45.469  2.762  15.564 0.0000000000
72982  34.993  -2.213  23.666 0.0000000000
70624  33.916  -4.638  23.175 0.0000000000
135356  34.313  -3.468  22.773 0.0000000000
69513  34.476  -4.969  22.699 0.0000000000
70642  34.853  -4.687  22.114 0.0000000000
68312  31.853  -6.866  28.318 0.0000000000
138875  31.937  -6.936  27.629 0.0000000000
67094  33.036  -7.491  26.406 0.0000000000
67095  32.591  -6.756  26.520 0.0000000000
69464  32.798  -5.898  26.149 0.0000000000
68336  33.366  -6.970  25.801 0.0000000000
68334  35.346  -7.052  26.013 0.0000000000
68344  34.914  -6.726  25.296 0.0000000000
68345  34.002  -6.674  25.189 0.0000000000
69477  34.516  -6.283  24.651 0.0000000000
69476  35.492  -6.302  24.842 0.0000000000
69474  36.982  -5.841  25.343 0.0000000000
69486  36.325  -5.995  24.469 0.0000000000
137248  36.918  -5.787  23.919 0.0000000000
69497  37.801  -5.503  23.926 0.0000000000
70594  38.744  -4.982  26.396 0.0000000000
57649  35.019  -15.420  31.566 0.0000000000
57671  34.724  -15.226  30.564 0.0000000000
58789  36.544  -14.511  33.361 0.0000000000
58805  36.390  -14.388  32.477 0.0000000000
150917  36.773  -13.739  32.067 0.0000000000
61066  37.706  -12.504  33.093 0.0000000000
61075  37.508  -11.844  32.408 0.0000000000
85666  58.693  8.631  9.481 0.0000000000
86679  52.298  9.458  10.238 0.0000000000
85660  53.921  8.319  10.173 0.0000000000
85670  54.331  8.915  9.788 0.0000000000
84588  55.195  7.836  10.724 0.0000000000
85658  56.565  8.294  10.232 0.0000000000
80155  47.695  3.510  14.699 0.0000000000
80141  47.061  3.167  15.389 0.0000000000
80125  46.656  2.930  15.907 0.0000000000
61112  32.782  -12.857  29.082 0.0000000000
82434  45.714  5.521  13.466 0.0000000000
81339  46.772  5.150  12.819 0.0000000000
81338  47.585  4.965  12.606 0.0000000000
81321  46.894  4.560  13.128 0.0000000000
81254  41.543  4.487  18.564 0.0000000000
137555  40.845  3.954  18.536 0.0000000000
78868  39.853  3.085  18.305 0.0000000000
71849  36.460  -3.455  20.515 0.0000000000
71848  37.353  -3.571  20.330 0.0000000000
70674  36.980  -4.208  20.828 0.0000000000
70639  38.866  -4.774  22.257 0.0000000000
70623  38.623  -5.186  23.492 0.0000000000
55034  11.229  -17.316  49.177 0.0000000000
61069  28.687  -12.594  33.745 0.0000000000
61070  28.083  -12.745  33.456 0.0000000000
59943  27.380  -13.175  34.189 0.0000000000
57527  25.825  -15.039  39.863 0.0000000000
57509  26.239  -15.374  40.609 0.0000000000
70576  33.594  -4.892  28.019 0.0000000000
65876  37.552  -8.758  31.504 0.0000000000
65891  37.200  -8.479  30.752 0.0000000000
75396  36.671  -1.016  22.105 0.0000000000
74233  36.606  -1.071  22.876 0.0000000000
57530  22.778  -15.354  39.419 0.0000000000
57531  21.849  -15.232  39.595 0.0000000000
59838  20.787  -13.269  40.978 0.0000000000
59839  20.194  -13.708  41.292 0.0000000000
63337  25.814  -11.034  37.283 0.0000000000
62091  23.735  -11.850  38.194 0.0000000000
153693  23.039  -12.954  37.753 0.0000000000
58701  23.117  -14.976  38.677 0.0000000000
67047  31.392  -7.795  30.245 0.0000000000
65894  31.429  -8.388  30.684 0.0000000000
64670  32.585  -9.631  29.376 0.0000000000
62183  34.999  -11.851  28.729 0.0000000000
139894  34.898  -11.008  28.855 0.0000000000
149150  36.538  -10.879  30.505 0.0000000000
85633  48.364  8.265  13.115 0.0000000000
85650  50.923  9.077  10.840 0.0000000000
84581  50.259  7.536  10.846 0.0000000000
81318  50.402  4.702  13.084 0.0000000000
131890  51.088  4.623  13.783 0.0000000000
81317  51.914  4.906  13.680 0.0000000000
77701  40.435  1.924  16.478 0.0000000000
149968  41.319  1.946  16.105 0.0000000000
76571  41.969  0.023  17.982 0.0000000000
75431  41.734  -1.034  19.145 0.0000000000
77668  38.824  2.041  19.865 0.0000000000
77669  38.235  1.490  19.405 0.0000000000
73030  38.755  -2.884  19.771 0.0000000000
73029  39.761  -2.844  20.105 0.0000000000
134314  32.865  -16.460  32.658 0.0000000000
56455  33.344  -16.531  33.299 0.0000000000
56436  33.647  -16.742  34.104 0.0000000000
82391  44.166  6.165  17.743 0.0000000000
82401  43.926  6.003  15.927 0.0000000000
57477  22.659  -16.282  41.728 0.0000000000
56336  23.015  -16.382  42.745 0.0000000000
53975  17.500  -18.429  46.381 0.0000000000
53958  16.903  -19.053  48.709 0.0000000000
52932  15.572  -20.134  48.440 0.0000000000
55074  14.511  -17.718  45.841 0.0000000000
55066  12.417  -17.931  47.204 0.0000000000
53969  13.051  -18.459  46.761 0.0000000000
145921  13.114  -19.228  46.961 0.0000000000
52945  13.686  -19.684  47.098 0.0000000000
51782  13.711  -20.264  47.630 0.0000000000
51750  12.542  -21.098  49.033 0.0000000000
53945  10.509  -19.145  50.241 0.0000000000
52912  10.381  -19.796  50.680 0.0000000000
58844  30.509  -14.588  30.565 0.0000000000
57653  30.254  -15.332  30.953 0.0000000000
57633  29.951  -15.777  31.799 0.0000000000
57598  28.432  -15.481  34.324 0.0000000000
56421  30.109  -16.808  35.745 0.0000000000
55204  30.838  -17.208  36.346 0.0000000000
57525  28.110  -15.444  39.235 0.0000000000
78867  46.065  2.174  17.909 0.0000000000
71788  33.830  -3.074  24.901 0.0000000000
137880  33.716  -3.168  24.011 0.0000000000
70625  33.497  -4.062  23.826 0.0000000000
65936  31.989  -8.094  27.817 0.0000000000
67079  36.090  -7.495  27.616 0.0000000000
68333  36.167  -6.668  26.392 0.0000000000
69463  36.609  -6.160  25.932 0.0000000000
70606  37.700  -5.405  25.479 0.0000000000
57613  35.410  -15.472  33.466 0.0000000000
57612  36.127  -15.013  33.922 0.0000000000
155904  36.639  -14.594  33.940 0.0000000000
85662  52.179  8.492  10.254 0.0000000000
132635  53.074  8.335  10.175 0.0000000000
85649  56.922  7.979  10.999 0.0000000000
60980  22.161  -12.873  39.244 0.0000000000
62070  23.445  -11.905  39.079 0.0000000000
60979  22.723  -12.401  39.074 0.0000000000
80153  49.395  3.784  14.969 0.0000000000
80152  50.132  3.760  15.460 0.0000000000
80123  48.641  3.295  16.417 0.0000000000
63401  32.643  -10.067  30.011 0.0000000000
152171  34.121  -12.047  28.725 0.0000000000
61109  36.139  -12.510  29.578 0.0000000000
84542  47.393  7.560  14.315 0.0000000000
84553  47.268  7.408  13.387 0.0000000000
83508  46.814  6.839  13.040 0.0000000000
153095  47.742  7.700  12.985 0.0000000000
84583  48.600  7.035  11.611 0.0000000000
83532  48.472  6.173  11.728 0.0000000000
81337  48.523  4.758  12.634 0.0000000000
141515  49.001  4.367  13.151 0.0000000000
50543  11.553  -22.266  52.390 0.0000000000
82403  42.412  5.153  16.502 0.0000000000
81279  41.964  4.607  16.141 0.0000000000
80126  40.814  3.230  16.339 0.0000000000
80102  40.880  4.024  17.726 0.0000000000
75425  37.016  -0.390  19.701 0.0000000000
71846  39.246  -3.395  20.548 0.0000000000
70621  40.090  -4.452  23.670 0.0000000000
70622  39.323  -4.784  23.035 0.0000000000
71776  40.537  -4.303  25.214 0.0000000000
55216  32.446  -17.484  35.404 0.0000000000
55215  33.398  -17.611  35.591 0.0000000000
55201  33.467  -17.903  36.440 0.0000000000
82393  42.663  5.419  17.271 0.0000000000
56325  20.720  -17.172  42.611 0.0000000000
55105  20.279  -17.601  43.908 0.0000000000
55089  20.433  -17.669  44.809 0.0000000000
55073  18.319  -18.160  46.256 0.0000000000
56274  13.318  -16.381  47.209 0.0000000000
135323  10.892  -18.042  49.585 0.0000000000
55009  10.348  -17.729  51.733 0.0000000000
157392  29.184  -14.928  32.001 0.0000000000
58807  28.923  -14.506  32.317 0.0000000000
59959  27.964  -13.641  33.106 0.0000000000
58738  25.672  -13.960  37.700 0.0000000000
133079  26.728  -15.030  39.976 0.0000000000
149126  27.247  -15.176  39.985 0.0000000000
76570  44.257  0.763  18.677 0.0000000000
77667  45.010  1.035  19.175 0.0000000000
65918  35.143  -8.587  28.540 0.0000000000
65903  36.921  -8.123  29.988 0.0000000000
67067  37.095  -7.265  28.795 0.0000000000
155786  55.725  10.165  9.066 0.0000000000
83520  52.815  6.202  11.883 0.0000000000
83527  53.339  6.690  11.455 0.0000000000
150041  40.271  2.699  20.934 0.0000000000
77656  39.045  1.922  20.776 0.0000000000
74266  36.357  -1.535  20.539 0.0000000000
73010  35.868  -2.181  20.979 0.0000000000
132800  35.899  -4.384  21.254 0.0000000000
154696  23.243  -16.008  41.462 0.0000000000
56350  21.658  -16.521  41.547 0.0000000000
58683  21.184  -14.729  39.791 0.0000000000
56351  20.738  -16.501  41.410 0.0000000000
56339  20.347  -16.838  42.023 0.0000000000
56340  19.465  -16.572  42.033 0.0000000000
154395  18.790  -16.373  42.348 0.0000000000
56341  18.350  -16.460  42.784 0.0000000000
62133  27.955  -11.255  35.217 0.0000000000
138993  26.745  -11.338  36.084 0.0000000000
63347  26.964  -10.807  36.652 0.0000000000
62107  24.644  -11.720  37.089 0.0000000000
62108  24.025  -11.902  37.505 0.0000000000
157706  24.646  -12.170  36.758 0.0000000000
59895  25.234  -13.444  37.007 0.0000000000
58717  25.029  -14.486  38.146 0.0000000000
68302  32.641  -6.202  29.749 0.0000000000
68303  31.805  -6.844  29.297 0.0000000000
67071  31.619  -7.462  28.664 0.0000000000
65920  33.206  -8.847  28.097 0.0000000000
63417  33.079  -10.223  29.489 0.0000000000
64669  33.465  -9.842  29.110 0.0000000000
64681  34.704  -9.020  28.827 0.0000000000
65905  35.375  -8.799  29.093 0.0000000000
64656  36.483  -9.857  30.695 0.0000000000
65877  36.883  -9.149  31.199 0.0000000000
83535  52.073  7.072  10.717 0.0000000000
83530  50.158  6.701  11.061 0.0000000000
140383  50.885  6.308  11.249 0.0000000000
82451  52.147  6.189  11.558 0.0000000000
80157  45.305  3.848  14.153 0.0000000000
78904  44.676  2.703  15.440 0.0000000000
78906  42.033  3.304  15.485 0.0000000000
77700  42.340  1.753  16.183 0.0000000000
77688  43.657  1.331  17.221 0.0000000000
75429  43.789  -0.227  19.697 0.0000000000
141581  39.273  2.482  18.283 0.0000000000
77679  38.687  2.020  18.901 0.0000000000
75433  37.428  -0.400  19.077 0.0000000000
75432  37.901  -0.712  18.679 0.0000000000
74287  38.639  -0.923  18.394 0.0000000000
75440  39.877  -0.500  18.023 0.0000000000
133732  40.696  -0.578  18.197 0.0000000000
74271  42.117  -1.369  19.839 0.0000000000
74263  41.689  -1.818  20.111 0.0000000000
74262  42.323  -1.763  20.569 0.0000000000
57673  32.644  -15.387  30.123 0.0000000000
57672  33.723  -15.413  30.256 0.0000000000
57631  34.354  -15.908  32.241 0.0000000000
56475  34.027  -16.272  33.086 0.0000000000
57614  34.711  -15.889  33.174 0.0000000000
82423  44.698  5.886  14.594 0.0000000000
58627  17.989  -14.307  43.552 0.0000000000
57464  17.199  -16.003  43.571 0.0000000000
56315  16.866  -16.618  44.049 0.0000000000
53986  16.266  -18.221  45.665 0.0000000000
53968  15.899  -19.164  46.831 0.0000000000
51763  14.906  -20.532  48.500 0.0000000000
135963  13.575  -21.439  50.226 0.0000000000
49448  11.838  -22.137  51.751 0.0000000000
50564  11.519  -21.409  50.313 0.0000000000
51685  9.911  -21.365  52.762 0.0000000000
53929  9.858  -17.891  52.473 0.0000000000
142720  9.486  -18.818  52.656 0.0000000000
51675  7.704  -20.474  53.125 0.0000000000
68283  32.354  -6.765  31.190 0.0000000000
61085  31.897  -13.308  30.001 0.0000000000
58862  31.839  -14.030  29.507 0.0000000000
58842  32.123  -14.683  29.625 0.0000000000
57651  32.174  -15.833  30.869 0.0000000000
56499  31.708  -16.234  31.592 0.0000000000
56477  32.160  -16.487  32.434 0.0000000000
138987  31.920  -17.132  34.595 0.0000000000
57634  29.365  -15.429  32.172 0.0000000000
56480  29.712  -16.037  32.611 0.0000000000
56459  29.414  -16.141  33.386 0.0000000000
56458  30.234  -16.476  33.293 0.0000000000
62144  27.711  -11.786  34.569 0.0000000000
59925  27.199  -13.419  35.055 0.0000000000
58765  28.122  -15.009  35.557 0.0000000000
57559  28.059  -14.997  37.779 0.0000000000
57558  28.295  -15.207  36.988 0.0000000000
56387  29.621  -16.557  37.348 0.0000000000
78887  46.729  2.782  16.606 0.0000000000
134496  46.091  2.458  16.939 0.0000000000
77666  45.814  1.419  19.403 0.0000000000
74217  35.717  -1.676  23.642 0.0000000000
133542  35.291  -2.217  22.865 0.0000000000
72983  34.340  -2.835  23.408 0.0000000000
72998  34.701  -2.889  22.688 0.0000000000
70641  35.767  -4.981  21.774 0.0000000000
69511  36.316  -5.495  22.427 0.0000000000
69453  32.886  -5.405  27.551 0.0000000000
68322  32.186  -6.618  27.175 0.0000000000
134881  32.805  -5.290  26.854 0.0000000000
142273  33.098  -5.535  25.556 0.0000000000
65933  34.755  -8.378  27.760 0.0000000000
67081  34.302  -8.151  26.906 0.0000000000
67092  34.851  -7.647  26.411 0.0000000000
69488  34.054  -5.766  24.081 0.0000000000
156265  35.193  -5.693  23.294 0.0000000000
153905  38.599  -5.145  24.456 0.0000000000
70605  38.499  -5.071  25.460 0.0000000000
70604  39.379  -4.788  25.831 0.0000000000
58839  35.240  -14.581  30.012 0.0000000000
58806  35.751  -14.908  32.009 0.0000000000
58838  36.025  -14.087  30.545 0.0000000000
59976  36.602  -13.537  31.181 0.0000000000
58788  37.097  -14.154  33.887 0.0000000000
59964  37.276  -13.230  32.544 0.0000000000
87680  54.378  10.610  9.500 0.0000000000
86694  55.556  9.662  9.307 0.0000000000
84579  53.840  7.218  11.039 0.0000000000
84589  54.331  7.762  10.625 0.0000000000
85667  57.837  8.607  9.622 0.0000000000
85657  57.462  8.265  10.329 0.0000000000
61121  33.815  -13.093  28.632 0.0000000000
75455  38.780  0.385  17.871 0.0000000000
132830  34.283  -4.245  22.625 0.0000000000
157393  31.364  -17.402  36.008 0.0000000000
