#!ascii label  , from subject sub-v1s11x0050149_ses-1 vox2ras=TkReg
1579
97184  -45.566  26.294  14.565 0.0000000000
106431  -44.737  39.757  9.753 0.0000000000
105589  -45.576  39.989  28.098 0.0000000000
102914  -55.581  34.051  17.806 0.0000000000
104450  -51.235  36.541  4.618 0.0000000000
105023  -50.203  37.550  15.012 0.0000000000
102995  -53.106  34.684  9.573 0.0000000000
102935  -48.083  34.172  14.245 0.0000000000
96356  -53.042  26.001  21.575 0.0000000000
97150  -45.042  26.790  20.282 0.0000000000
109492  -47.360  44.505  10.011 0.0000000000
108919  -52.225  43.395  3.867 0.0000000000
106511  -52.598  39.387  -0.691 0.0000000000
101395  -44.231  32.417  18.652 0.0000000000
106349  -45.598  38.965  20.942 0.0000000000
104960  -49.521  37.129  21.379 0.0000000000
98753  -52.856  28.472  16.252 0.0000000000
98783  -51.337  28.945  13.024 0.0000000000
98782  -43.875  28.955  13.144 0.0000000000
125076  -48.214  26.670  12.730 0.0000000000
147960  -54.640  33.333  3.490 0.0000000000
103746  -54.733  34.452  7.554 0.0000000000
102271  -52.487  33.088  5.388 0.0000000000
103012  -50.493  34.902  7.619 0.0000000000
97154  -48.482  26.385  20.818 0.0000000000
98703  -46.927  28.838  22.805 0.0000000000
125447  -46.720  43.406  14.215 0.0000000000
107727  -54.665  41.265  1.973 0.0000000000
102149  -42.289  33.232  21.603 0.0000000000
104307  -43.819  36.310  21.781 0.0000000000
148288  -42.043  40.153  12.876 0.0000000000
144542  -44.642  37.608  15.712 0.0000000000
139438  -54.383  38.306  17.257 0.0000000000
125632  -51.771  38.988  20.179 0.0000000000
135157  -53.652  34.969  20.229 0.0000000000
102171  -50.522  33.345  18.759 0.0000000000
100060  -55.319  30.759  18.103 0.0000000000
98026  -55.597  27.799  13.109 0.0000000000
100080  -53.920  30.600  16.322 0.0000000000
100718  -46.882  31.694  14.384 0.0000000000
127428  -48.209  39.117  6.887 0.0000000000
105063  -46.930  37.771  12.608 0.0000000000
105780  -50.494  37.849  9.612 0.0000000000
126428  -53.434  37.877  12.206 0.0000000000
104359  -53.494  36.862  14.183 0.0000000000
102185  -50.692  34.046  16.290 0.0000000000
103688  -50.688  35.478  12.414 0.0000000000
103710  -47.779  35.256  9.757 0.0000000000
94706  -51.160  23.527  19.762 0.0000000000
94712  -46.854  23.532  18.238 0.0000000000
135027  -43.993  25.427  16.979 0.0000000000
108774  -44.324  43.943  18.256 0.0000000000
108837  -42.867  43.129  12.796 0.0000000000
108248  -43.802  42.657  8.340 0.0000000000
107697  -46.785  42.045  4.818 0.0000000000
106489  -49.393  39.774  3.089 0.0000000000
105169  -53.638  37.144  1.992 0.0000000000
103080  -53.007  33.621  -0.024 0.0000000000
105196  -53.066  36.415  -3.363 0.0000000000
99407  -43.620  29.768  23.369 0.0000000000
99431  -42.117  29.095  19.297 0.0000000000
98746  -45.359  28.693  16.300 0.0000000000
107545  -47.110  42.444  26.544 0.0000000000
104990  -47.973  37.965  18.249 0.0000000000
106315  -49.790  40.459  23.745 0.0000000000
105623  -46.986  38.522  23.807 0.0000000000
139861  -47.034  35.496  19.273 0.0000000000
139363  -48.215  30.614  17.256 0.0000000000
97994  -49.353  27.759  15.246 0.0000000000
131257  -51.670  26.728  12.564 0.0000000000
98054  -53.762  27.264  9.141 0.0000000000
98828  -49.880  28.508  10.091 0.0000000000
100087  -49.932  30.898  15.168 0.0000000000
99505  -47.744  29.241  12.716 0.0000000000
98041  -46.205  28.013  10.885 0.0000000000
95562  -44.532  24.532  15.232 0.0000000000
95570  -45.115  24.593  13.810 0.0000000000
123803  -46.811  26.577  13.772 0.0000000000
100785  -53.408  30.932  1.818 0.0000000000
101494  -54.189  31.627  3.821 0.0000000000
101492  -52.065  32.191  3.470 0.0000000000
102269  -50.628  33.581  4.498 0.0000000000
104913  -44.462  37.632  23.694 0.0000000000
106422  -43.600  39.751  11.010 0.0000000000
104343  -55.262  36.515  17.963 0.0000000000
104981  -54.432  36.833  19.180 0.0000000000
102900  -55.524  34.464  18.828 0.0000000000
101390  -54.752  32.916  19.284 0.0000000000
102181  -55.932  32.857  18.049 0.0000000000
100703  -55.424  30.850  16.967 0.0000000000
101413  -54.603  32.416  17.509 0.0000000000
130385  -49.844  38.023  6.212 0.0000000000
131572  -49.533  38.344  8.032 0.0000000000
133487  -51.336  37.271  7.389 0.0000000000
103007  -54.712  34.086  8.369 0.0000000000
104415  -53.456  36.756  9.912 0.0000000000
104409  -53.426  36.487  10.923 0.0000000000
104389  -53.795  37.630  12.910 0.0000000000
104401  -53.013  36.083  11.730 0.0000000000
103670  -51.665  35.685  13.511 0.0000000000
103714  -52.267  35.308  10.768 0.0000000000
103734  -48.792  35.394  8.755 0.0000000000
97152  -46.661  26.536  20.522 0.0000000000
149112  -47.528  24.489  19.709 0.0000000000
95536  -45.932  24.758  19.161 0.0000000000
95541  -45.499  24.407  18.359 0.0000000000
96366  -44.405  25.452  18.457 0.0000000000
108850  -47.113  43.606  12.377 0.0000000000
108831  -44.687  43.450  13.541 0.0000000000
109471  -44.480  43.785  11.097 0.0000000000
108856  -43.178  43.196  10.527 0.0000000000
109496  -44.530  44.101  8.970 0.0000000000
109547  -49.746  43.922  4.931 0.0000000000
127533  -47.102  43.620  5.322 0.0000000000
108917  -49.122  43.103  3.767 0.0000000000
107707  -48.303  41.161  3.556 0.0000000000
108290  -50.013  42.169  2.889 0.0000000000
106507  -53.338  39.908  0.534 0.0000000000
106502  -54.244  39.561  1.864 0.0000000000
142860  -54.078  38.205  1.274 0.0000000000
103806  -54.158  35.920  1.286 0.0000000000
104493  -53.120  36.154  -0.693 0.0000000000
127075  -53.075  35.398  -1.936 0.0000000000
125485  -52.826  37.623  -2.625 0.0000000000
102097  -45.811  33.653  26.769 0.0000000000
102099  -47.726  33.360  27.439 0.0000000000
129133  -46.109  32.570  25.682 0.0000000000
100028  -45.626  30.464  24.808 0.0000000000
100026  -43.957  31.022  24.211 0.0000000000
102155  -42.695  32.939  19.756 0.0000000000
100661  -41.652  30.931  20.358 0.0000000000
100055  -42.951  30.580  18.407 0.0000000000
98742  -43.834  28.974  16.975 0.0000000000
100066  -44.724  30.522  17.576 0.0000000000
106323  -44.745  40.067  22.570 0.0000000000
107554  -43.982  43.263  25.402 0.0000000000
147822  -46.077  40.652  23.685 0.0000000000
105034  -48.599  37.381  14.007 0.0000000000
124421  -47.343  37.427  14.895 0.0000000000
105012  -48.432  37.592  16.866 0.0000000000
104946  -52.141  38.183  22.184 0.0000000000
105647  -50.446  39.548  21.757 0.0000000000
105637  -50.989  38.776  23.838 0.0000000000
105615  -49.845  39.944  25.428 0.0000000000
145485  -49.033  37.859  22.721 0.0000000000
104322  -46.569  36.943  20.860 0.0000000000
104337  -48.318  36.220  19.814 0.0000000000
100693  -51.562  31.181  17.905 0.0000000000
139312  -49.367  32.220  18.162 0.0000000000
99443  -50.476  29.985  17.004 0.0000000000
99454  -48.988  29.533  16.557 0.0000000000
98767  -50.851  28.120  15.721 0.0000000000
98010  -50.692  27.447  14.704 0.0000000000
97997  -52.548  27.553  15.097 0.0000000000
143018  -53.300  28.540  12.515 0.0000000000
98818  -54.479  27.532  10.886 0.0000000000
143119  -52.359  28.400  11.218 0.0000000000
98829  -51.248  28.220  9.388 0.0000000000
98799  -50.692  28.647  11.751 0.0000000000
102926  -49.738  34.283  15.386 0.0000000000
101429  -50.094  32.385  16.019 0.0000000000
101427  -48.600  32.877  15.174 0.0000000000
100112  -45.874  30.416  13.774 0.0000000000
100114  -47.664  30.323  13.953 0.0000000000
99503  -45.923  29.156  12.877 0.0000000000
98796  -47.237  28.767  12.096 0.0000000000
98809  -44.920  28.269  12.001 0.0000000000
98049  -43.890  27.682  10.715 0.0000000000
93936  -47.787  22.230  16.462 0.0000000000
97220  -48.637  26.421  11.210 0.0000000000
103778  -52.865  35.151  3.865 0.0000000000
149751  -52.490  35.874  6.339 0.0000000000
103032  -55.045  33.168  5.443 0.0000000000
136300  -55.037  32.835  6.286 0.0000000000
102244  -53.808  33.415  7.577 0.0000000000
125079  -51.336  34.777  8.146 0.0000000000
103021  -51.600  34.046  6.496 0.0000000000
96345  -50.935  26.248  21.250 0.0000000000
97956  -48.935  27.587  21.590 0.0000000000
97954  -46.058  27.665  21.234 0.0000000000
109484  -50.055  44.316  12.065 0.0000000000
108303  -53.714  42.128  2.715 0.0000000000
107748  -52.201  40.820  -1.250 0.0000000000
107121  -52.369  39.940  -2.522 0.0000000000
101375  -42.797  32.850  23.198 0.0000000000
102881  -42.942  34.846  21.200 0.0000000000
102885  -43.904  34.787  19.952 0.0000000000
104987  -44.867  37.720  18.152 0.0000000000
105014  -52.086  38.128  16.184 0.0000000000
105715  -50.536  38.163  17.790 0.0000000000
105709  -53.116  38.624  18.966 0.0000000000
104963  -52.918  37.893  20.968 0.0000000000
104327  -52.010  36.677  21.227 0.0000000000
103627  -50.547  35.444  19.790 0.0000000000
102897  -51.838  34.502  19.674 0.0000000000
100679  -53.365  31.544  18.558 0.0000000000
99446  -54.314  29.593  17.294 0.0000000000
98770  -54.803  28.077  15.644 0.0000000000
99460  -55.372  29.648  16.627 0.0000000000
99480  -55.045  28.896  15.007 0.0000000000
99467  -52.681  29.642  15.026 0.0000000000
145874  -47.136  33.054  14.323 0.0000000000
106880  -45.030  40.774  28.861 0.0000000000
106443  -46.498  39.534  8.322 0.0000000000
105775  -45.813  38.752  10.822 0.0000000000
105788  -47.870  38.878  8.976 0.0000000000
105767  -49.192  37.956  10.663 0.0000000000
105066  -49.772  37.575  12.234 0.0000000000
105124  -52.627  36.936  8.471 0.0000000000
105099  -52.147  37.576  10.366 0.0000000000
141269  -51.753  37.983  13.660 0.0000000000
105735  -54.059  38.488  14.704 0.0000000000
105027  -54.673  37.949  15.592 0.0000000000
103642  -53.786  36.182  16.505 0.0000000000
102912  -53.171  34.739  17.214 0.0000000000
103648  -51.877  35.612  15.360 0.0000000000
103657  -50.918  35.511  14.134 0.0000000000
103667  -49.119  35.314  12.949 0.0000000000
124148  -50.360  35.366  10.077 0.0000000000
128863  -49.152  35.469  10.855 0.0000000000
95531  -49.794  24.349  20.183 0.0000000000
94714  -48.595  23.206  18.782 0.0000000000
93909  -48.276  22.816  18.076 0.0000000000
94723  -46.485  23.188  17.428 0.0000000000
95545  -44.843  24.000  16.516 0.0000000000
97174  -44.361  26.048  15.843 0.0000000000
108786  -42.420  43.273  17.618 0.0000000000
108808  -43.614  43.353  15.736 0.0000000000
108216  -41.760  42.229  15.029 0.0000000000
107634  -41.827  41.601  12.749 0.0000000000
145427  -42.866  41.238  10.371 0.0000000000
107031  -44.374  40.844  8.620 0.0000000000
109499  -48.013  44.532  8.471 0.0000000000
109517  -45.737  44.070  6.902 0.0000000000
108261  -45.065  42.526  6.564 0.0000000000
107044  -45.406  40.600  7.503 0.0000000000
106462  -47.152  39.882  6.213 0.0000000000
106476  -48.671  39.397  4.321 0.0000000000
105160  -50.416  37.674  3.714 0.0000000000
131076  -52.723  40.512  2.081 0.0000000000
105846  -51.671  38.572  2.165 0.0000000000
104472  -52.152  36.670  2.684 0.0000000000
103790  -54.225  35.156  2.234 0.0000000000
125224  -53.986  33.803  1.549 0.0000000000
102316  -52.289  32.810  -0.952 0.0000000000
103094  -52.427  33.826  -2.834 0.0000000000
105888  -52.784  38.573  -3.817 0.0000000000
98701  -44.928  28.838  22.997 0.0000000000
98721  -44.236  28.250  21.572 0.0000000000
100037  -42.376  30.601  22.561 0.0000000000
98719  -42.438  28.917  20.907 0.0000000000
97972  -43.189  27.201  19.315 0.0000000000
97978  -43.122  27.281  17.548 0.0000000000
97981  -44.128  27.554  16.417 0.0000000000
97990  -45.553  27.442  15.491 0.0000000000
106279  -46.803  41.004  27.791 0.0000000000
105031  -45.612  37.680  13.937 0.0000000000
147528  -45.992  37.498  17.106 0.0000000000
105684  -46.304  38.367  19.591 0.0000000000
127342  -49.039  38.476  19.347 0.0000000000
106352  -48.181  39.145  20.943 0.0000000000
106325  -47.168  39.881  22.583 0.0000000000
106922  -48.548  41.385  25.191 0.0000000000
106294  -48.462  40.536  26.317 0.0000000000
106305  -46.491  39.571  25.914 0.0000000000
104924  -45.531  37.669  22.587 0.0000000000
103614  -44.961  35.963  20.293 0.0000000000
102166  -45.436  33.558  18.736 0.0000000000
102905  -48.487  34.461  18.779 0.0000000000
101398  -47.580  32.446  18.296 0.0000000000
100672  -46.009  31.940  18.182 0.0000000000
149035  -46.951  30.170  16.949 0.0000000000
98763  -46.964  28.345  15.688 0.0000000000
98006  -46.965  27.304  14.751 0.0000000000
97187  -48.263  27.132  14.027 0.0000000000
97195  -49.957  26.987  13.142 0.0000000000
142387  -50.516  26.546  11.422 0.0000000000
97199  -54.819  26.921  12.957 0.0000000000
97224  -53.972  26.602  10.510 0.0000000000
97234  -51.694  26.555  8.747 0.0000000000
98068  -51.679  27.398  7.381 0.0000000000
98849  -50.097  28.159  7.882 0.0000000000
101423  -52.633  32.259  17.081 0.0000000000
100710  -51.383  31.123  16.001 0.0000000000
129668  -50.947  29.682  14.310 0.0000000000
100720  -48.380  31.435  14.793 0.0000000000
100116  -48.844  30.184  14.078 0.0000000000
127124  -49.853  29.360  13.279 0.0000000000
98813  -48.955  28.607  11.173 0.0000000000
98826  -47.805  28.379  10.451 0.0000000000
95569  -44.618  24.891  14.662 0.0000000000
95563  -44.873  24.071  14.623 0.0000000000
96393  -45.193  25.471  14.212 0.0000000000
148373  -45.527  25.316  13.546 0.0000000000
96394  -45.985  26.088  13.766 0.0000000000
100784  -52.699  30.741  1.298 0.0000000000
101508  -52.740  31.288  2.806 0.0000000000
101507  -51.750  31.725  2.659 0.0000000000
104907  -44.298  37.772  24.664 0.0000000000
105611  -44.895  38.469  25.415 0.0000000000
106423  -44.464  39.473  10.648 0.0000000000
106400  -43.976  38.817  12.171 0.0000000000
106411  -44.987  38.859  11.073 0.0000000000
103637  -55.285  35.867  17.710 0.0000000000
103633  -55.398  35.494  18.382 0.0000000000
102908  -55.759  34.597  18.066 0.0000000000
102163  -55.756  33.620  18.682 0.0000000000
102180  -55.798  33.298  17.873 0.0000000000
101414  -55.656  32.413  17.756 0.0000000000
102179  -54.780  33.308  17.643 0.0000000000
105143  -50.603  37.255  5.767 0.0000000000
126972  -50.373  37.600  6.367 0.0000000000
104443  -51.103  36.748  5.571 0.0000000000
103005  -53.878  34.210  8.907 0.0000000000
103726  -54.022  35.264  9.755 0.0000000000
102987  -53.588  35.030  10.115 0.0000000000
103702  -53.269  35.943  11.144 0.0000000000
103715  -53.133  35.388  10.700 0.0000000000
103701  -52.701  35.627  11.321 0.0000000000
102985  -52.359  35.047  10.147 0.0000000000
96355  -51.734  25.717  21.132 0.0000000000
97151  -45.863  26.661  20.424 0.0000000000
96350  -46.156  26.001  20.111 0.0000000000
97158  -45.345  26.171  19.903 0.0000000000
96360  -44.817  25.719  19.240 0.0000000000
97157  -44.526  26.386  19.636 0.0000000000
109473  -46.412  43.931  11.467 0.0000000000
108849  -45.908  43.658  12.054 0.0000000000
109481  -45.647  44.272  10.500 0.0000000000
109489  -44.648  44.175  9.901 0.0000000000
133381  -46.281  44.478  9.932 0.0000000000
139633  -52.217  43.885  4.629 0.0000000000
109548  -51.737  44.122  5.168 0.0000000000
108908  -51.206  43.730  4.362 0.0000000000
108906  -49.037  43.617  4.443 0.0000000000
143325  -50.844  43.257  3.681 0.0000000000
131098  -49.167  42.377  3.310 0.0000000000
108291  -51.232  42.604  3.139 0.0000000000
126802  -53.614  38.849  0.714 0.0000000000
105866  -52.784  38.283  -0.617 0.0000000000
105183  -53.441  37.005  0.368 0.0000000000
105189  -52.973  37.173  -0.806 0.0000000000
146198  -53.017  36.359  -1.397 0.0000000000
105872  -52.600  38.644  -1.850 0.0000000000
102087  -45.059  34.126  27.508 0.0000000000
102096  -44.889  33.774  26.266 0.0000000000
102107  -46.406  33.122  26.300 0.0000000000
101353  -45.553  32.640  25.279 0.0000000000
100649  -44.579  31.577  24.540 0.0000000000
101387  -43.442  32.657  19.069 0.0000000000
101386  -42.720  32.089  19.240 0.0000000000
101394  -43.521  31.908  18.689 0.0000000000
100056  -43.702  30.376  17.809 0.0000000000
100671  -44.352  31.670  18.323 0.0000000000
106348  -44.649  38.992  20.964 0.0000000000
106334  -45.204  39.419  21.692 0.0000000000
138878  -45.538  40.390  23.154 0.0000000000
106324  -45.864  39.811  22.442 0.0000000000
105035  -49.280  37.414  14.533 0.0000000000
149420  -48.664  37.454  15.992 0.0000000000
105013  -49.740  37.549  15.965 0.0000000000
104945  -51.519  37.849  22.507 0.0000000000
104928  -51.262  38.335  23.167 0.0000000000
104944  -50.383  37.588  22.349 0.0000000000
105636  -49.727  38.437  23.708 0.0000000000
104943  -49.205  37.514  22.075 0.0000000000
104959  -48.445  37.157  21.163 0.0000000000
104324  -48.852  36.686  20.532 0.0000000000
99444  -51.515  29.846  17.103 0.0000000000
100071  -51.008  30.581  17.474 0.0000000000
99456  -50.951  29.285  16.580 0.0000000000
98751  -50.382  28.635  16.197 0.0000000000
98752  -51.478  28.547  16.215 0.0000000000
97996  -51.274  27.676  15.242 0.0000000000
98768  -52.043  28.051  15.712 0.0000000000
124076  -52.312  28.734  12.795 0.0000000000
124599  -52.739  28.480  11.903 0.0000000000
98800  -51.597  28.620  12.085 0.0000000000
98816  -51.586  28.457  11.018 0.0000000000
145063  -49.127  34.215  14.965 0.0000000000
102190  -49.190  33.520  15.361 0.0000000000
102200  -48.586  33.766  14.829 0.0000000000
99488  -44.367  29.618  13.421 0.0000000000
99489  -45.372  29.695  13.431 0.0000000000
98793  -44.912  28.937  12.907 0.0000000000
98794  -45.618  28.641  12.368 0.0000000000
98808  -43.938  28.191  11.914 0.0000000000
98792  -43.348  28.570  12.571 0.0000000000
93935  -46.842  22.444  16.112 0.0000000000
128196  -47.158  26.031  11.724 0.0000000000
125363  -47.967  26.404  11.898 0.0000000000
103050  -54.269  34.194  3.865 0.0000000000
103772  -53.692  34.596  4.413 0.0000000000
103041  -54.728  33.367  4.281 0.0000000000
101480  -53.590  32.415  5.143 0.0000000000
101481  -54.543  32.534  5.652 0.0000000000
102260  -53.542  32.808  5.952 0.0000000000
102250  -53.646  33.101  6.767 0.0000000000
102249  -52.505  33.442  6.217 0.0000000000
102243  -52.556  33.756  7.055 0.0000000000
102259  -51.551  33.724  5.737 0.0000000000
102257  -50.079  34.050  4.887 0.0000000000
98724  -49.782  27.955  21.963 0.0000000000
97955  -47.037  27.566  21.326 0.0000000000
98713  -46.308  28.447  22.179 0.0000000000
126372  -49.315  43.840  12.599 0.0000000000
141815  -51.815  41.668  -0.620 0.0000000000
124133  -50.851  41.524  -1.955 0.0000000000
108340  -50.166  42.081  -1.740 0.0000000000
126685  -43.450  36.381  22.702 0.0000000000
102875  -42.909  35.243  21.943 0.0000000000
103604  -43.478  35.598  21.256 0.0000000000
102884  -43.139  34.322  20.388 0.0000000000
103613  -44.117  35.481  20.421 0.0000000000
106997  -41.596  40.682  14.010 0.0000000000
104997  -44.591  37.569  17.263 0.0000000000
126250  -53.267  38.397  16.324 0.0000000000
105722  -52.418  38.309  17.107 0.0000000000
125078  -53.743  38.474  18.121 0.0000000000
104329  -53.607  36.412  20.315 0.0000000000
104964  -53.410  37.378  20.362 0.0000000000
104328  -52.916  36.780  20.977 0.0000000000
103616  -52.312  35.918  20.685 0.0000000000
103628  -51.556  35.284  20.017 0.0000000000
103629  -52.634  35.124  20.206 0.0000000000
101405  -55.357  32.157  18.714 0.0000000000
101404  -54.093  32.170  18.982 0.0000000000
100059  -54.065  30.803  18.231 0.0000000000
100073  -53.421  30.282  17.703 0.0000000000
100074  -54.811  30.212  17.753 0.0000000000
99459  -55.039  29.154  16.729 0.0000000000
99447  -55.399  29.861  17.267 0.0000000000
139995  -55.268  29.350  15.740 0.0000000000
99468  -54.224  29.541  15.348 0.0000000000
134245  -53.829  29.274  14.768 0.0000000000
100090  -53.346  30.164  15.685 0.0000000000
106455  -47.196  39.434  7.719 0.0000000000
106444  -47.273  39.242  8.468 0.0000000000
106445  -47.814  39.098  8.211 0.0000000000
105797  -50.246  37.990  8.692 0.0000000000
105778  -49.029  38.228  9.950 0.0000000000
105779  -49.845  37.927  10.121 0.0000000000
105082  -49.402  37.728  11.381 0.0000000000
105098  -50.632  37.735  10.348 0.0000000000
103754  -53.893  35.280  7.059 0.0000000000
104437  -52.460  36.268  6.948 0.0000000000
104430  -53.226  35.966  7.457 0.0000000000
105113  -53.188  37.151  10.330 0.0000000000
124110  -52.661  37.405  10.175 0.0000000000
126751  -52.328  37.612  10.931 0.0000000000
124416  -51.538  37.742  12.030 0.0000000000
105068  -52.616  37.931  12.091 0.0000000000
105038  -53.099  38.397  14.410 0.0000000000
105751  -53.838  38.311  13.191 0.0000000000
104371  -54.088  37.683  13.701 0.0000000000
104360  -54.276  37.611  14.548 0.0000000000
104353  -53.705  36.850  15.077 0.0000000000
104349  -54.096  36.875  15.964 0.0000000000
103649  -52.934  36.123  15.815 0.0000000000
103659  -52.633  36.225  14.804 0.0000000000
103689  -51.566  35.567  12.645 0.0000000000
103669  -50.848  35.491  13.233 0.0000000000
103656  -50.136  35.338  13.904 0.0000000000
126509  -51.134  35.068  8.954 0.0000000000
103003  -50.407  35.144  8.401 0.0000000000
103724  -48.604  35.387  9.574 0.0000000000
125391  -49.321  35.443  10.189 0.0000000000
97155  -49.585  26.303  21.073 0.0000000000
96354  -50.346  25.322  20.651 0.0000000000
136685  -49.219  25.048  20.410 0.0000000000
94713  -47.340  23.919  19.104 0.0000000000
94703  -48.149  24.122  19.677 0.0000000000
142046  -47.747  23.323  18.524 0.0000000000
94724  -47.381  22.963  17.761 0.0000000000
95540  -44.706  24.790  17.983 0.0000000000
130118  -45.125  24.168  17.469 0.0000000000
95544  -44.428  24.768  16.981 0.0000000000
95554  -44.418  24.591  15.979 0.0000000000
127921  -44.148  25.285  16.299 0.0000000000
109406  -44.300  45.514  20.210 0.0000000000
110060  -43.997  46.519  20.997 0.0000000000
109405  -43.316  45.064  19.975 0.0000000000
109416  -42.945  44.186  18.994 0.0000000000
108773  -43.235  43.729  18.086 0.0000000000
108810  -47.313  43.550  15.737 0.0000000000
124415  -45.634  43.426  15.357 0.0000000000
136145  -43.598  43.342  13.600 0.0000000000
108819  -43.784  43.361  14.501 0.0000000000
108830  -42.992  43.219  14.292 0.0000000000
108807  -42.809  43.147  15.988 0.0000000000
130341  -42.455  42.867  13.644 0.0000000000
108223  -41.831  42.274  14.134 0.0000000000
133071  -42.203  42.496  12.752 0.0000000000
108241  -43.400  42.875  9.101 0.0000000000
107642  -42.812  41.855  10.054 0.0000000000
107649  -43.156  41.983  9.343 0.0000000000
107021  -43.298  41.146  9.778 0.0000000000
107657  -44.071  41.759  8.199 0.0000000000
109509  -47.307  44.462  7.468 0.0000000000
109519  -47.755  44.363  6.775 0.0000000000
108271  -46.599  42.697  5.096 0.0000000000
108893  -45.848  43.178  5.833 0.0000000000
107688  -45.923  41.945  5.673 0.0000000000
107667  -45.081  41.329  7.116 0.0000000000
107680  -46.090  41.137  5.984 0.0000000000
107052  -46.419  40.395  6.433 0.0000000000
107060  -46.862  40.608  5.550 0.0000000000
107075  -48.929  40.524  3.239 0.0000000000
106475  -48.259  39.937  4.289 0.0000000000
106488  -48.762  39.802  3.695 0.0000000000
105837  -49.304  38.955  3.824 0.0000000000
105844  -49.821  39.140  3.010 0.0000000000
108304  -54.381  42.256  2.423 0.0000000000
107719  -53.142  41.344  2.409 0.0000000000
107083  -54.239  40.746  2.232 0.0000000000
105853  -54.054  38.631  1.722 0.0000000000
105852  -53.017  38.772  1.846 0.0000000000
105847  -53.016  38.037  1.884 0.0000000000
105168  -51.948  37.569  2.357 0.0000000000
104473  -53.071  36.153  2.467 0.0000000000
104474  -54.237  36.239  1.973 0.0000000000
103805  -53.350  34.892  0.211 0.0000000000
103081  -53.901  34.717  1.219 0.0000000000
148058  -53.489  33.853  0.936 0.0000000000
101533  -53.217  31.887  0.835 0.0000000000
102311  -52.662  32.329  -0.036 0.0000000000
103085  -52.611  33.504  -1.485 0.0000000000
104502  -53.108  35.582  -2.909 0.0000000000
103817  -52.914  34.114  -2.283 0.0000000000
103821  -52.963  34.570  -3.114 0.0000000000
103101  -52.475  34.360  -3.502 0.0000000000
104512  -52.989  35.598  -4.100 0.0000000000
106525  -52.586  39.287  -3.259 0.0000000000
100029  -46.598  30.387  25.142 0.0000000000
100034  -44.130  30.160  24.036 0.0000000000
99409  -45.421  29.285  23.587 0.0000000000
99416  -44.028  29.086  22.887 0.0000000000
98711  -44.539  28.600  22.294 0.0000000000
98710  -43.626  28.763  22.160 0.0000000000
101378  -42.373  32.540  22.461 0.0000000000
100652  -42.768  31.977  23.137 0.0000000000
126083  -42.191  31.487  22.387 0.0000000000
99430  -41.829  29.640  19.844 0.0000000000
100041  -41.642  30.283  20.973 0.0000000000
99424  -42.124  28.974  20.046 0.0000000000
98729  -42.596  28.352  20.172 0.0000000000
98736  -42.402  28.409  19.449 0.0000000000
97975  -42.986  27.146  18.411 0.0000000000
97977  -42.718  27.807  18.171 0.0000000000
99450  -44.752  29.241  16.734 0.0000000000
98744  -43.493  28.025  16.963 0.0000000000
98745  -44.392  28.417  16.524 0.0000000000
97989  -44.617  27.069  15.838 0.0000000000
97982  -44.987  27.917  16.029 0.0000000000
107544  -45.965  43.078  26.452 0.0000000000
107529  -46.222  42.573  27.268 0.0000000000
105750  -46.971  38.120  11.824 0.0000000000
105062  -45.987  37.941  12.801 0.0000000000
105045  -46.372  37.660  13.495 0.0000000000
105011  -47.601  37.559  17.023 0.0000000000
124425  -46.190  37.518  16.315 0.0000000000
105010  -46.733  37.517  17.073 0.0000000000
104989  -46.517  37.855  18.471 0.0000000000
140438  -46.644  38.132  19.063 0.0000000000
124625  -51.364  38.569  18.921 0.0000000000
105707  -50.195  38.400  18.734 0.0000000000
142042  -50.812  38.930  20.277 0.0000000000
106338  -50.666  39.955  22.681 0.0000000000
105646  -49.221  39.326  21.258 0.0000000000
106337  -48.786  39.580  21.844 0.0000000000
106336  -47.512  39.421  21.557 0.0000000000
124125  -48.554  39.988  22.627 0.0000000000
106935  -48.104  40.809  24.199 0.0000000000
144698  -49.142  40.730  24.206 0.0000000000
105624  -48.255  38.755  24.157 0.0000000000
106307  -48.792  39.846  25.628 0.0000000000
132398  -47.792  39.186  24.737 0.0000000000
106306  -47.599  39.703  25.705 0.0000000000
105613  -46.671  39.078  24.725 0.0000000000
105622  -45.930  38.470  23.976 0.0000000000
105633  -46.119  38.178  23.097 0.0000000000
134542  -46.929  36.577  20.312 0.0000000000
104335  -45.935  36.430  20.382 0.0000000000
103623  -46.302  35.406  19.365 0.0000000000
102891  -45.756  34.949  19.243 0.0000000000
102892  -46.592  34.835  18.964 0.0000000000
102907  -50.215  34.078  19.032 0.0000000000
102894  -49.066  34.973  19.163 0.0000000000
102170  -49.625  33.490  18.621 0.0000000000
100675  -48.827  31.850  17.918 0.0000000000
101399  -48.502  32.461  18.253 0.0000000000
100674  -48.029  31.829  17.947 0.0000000000
101397  -46.646  32.547  18.371 0.0000000000
100689  -47.675  31.194  17.593 0.0000000000
100068  -46.556  30.624  17.362 0.0000000000
147609  -47.376  30.567  17.258 0.0000000000
98765  -48.917  28.294  15.693 0.0000000000
98749  -48.436  28.918  16.195 0.0000000000
98764  -47.962  28.336  15.707 0.0000000000
97992  -47.474  27.786  15.247 0.0000000000
97993  -48.431  27.790  15.236 0.0000000000
98007  -47.913  27.393  14.692 0.0000000000
98008  -48.840  27.441  14.642 0.0000000000
97196  -50.896  27.014  13.307 0.0000000000
97210  -50.663  26.745  12.424 0.0000000000
125371  -51.568  26.534  11.508 0.0000000000
98014  -55.521  27.741  14.180 0.0000000000
98013  -54.779  27.430  14.372 0.0000000000
97200  -55.250  27.199  12.642 0.0000000000
98055  -54.397  27.099  9.803 0.0000000000
97237  -54.454  26.932  9.917 0.0000000000
97249  -53.922  26.923  9.054 0.0000000000
97235  -52.913  26.613  8.995 0.0000000000
97248  -53.562  26.884  8.515 0.0000000000
97247  -52.923  26.885  7.841 0.0000000000
98069  -52.664  27.093  7.691 0.0000000000
98839  -50.725  28.139  8.430 0.0000000000
98838  -49.308  28.425  8.959 0.0000000000
98067  -48.539  28.275  8.381 0.0000000000
98837  -48.184  28.333  9.490 0.0000000000
102911  -52.281  34.105  17.123 0.0000000000
101411  -52.348  33.170  17.262 0.0000000000
102186  -51.473  33.565  16.797 0.0000000000
100709  -50.432  31.467  15.754 0.0000000000
100699  -50.962  32.017  16.383 0.0000000000
100088  -50.864  30.640  15.347 0.0000000000
100104  -51.381  29.945  14.891 0.0000000000
100103  -50.363  30.145  14.626 0.0000000000
101436  -46.632  32.513  14.268 0.0000000000
100719  -47.653  31.585  14.568 0.0000000000
99491  -47.299  29.762  13.390 0.0000000000
100115  -48.311  30.346  14.112 0.0000000000
99492  -48.372  29.734  13.480 0.0000000000
99493  -49.395  29.765  13.792 0.0000000000
99506  -49.194  29.304  12.981 0.0000000000
98798  -49.102  28.851  12.141 0.0000000000
140186  -48.520  29.174  12.651 0.0000000000
98811  -46.702  28.429  11.486 0.0000000000
98812  -47.514  28.527  11.292 0.0000000000
98825  -47.018  28.229  10.685 0.0000000000
98051  -46.579  27.844  10.061 0.0000000000
94742  -45.356  23.393  15.230 0.0000000000
94749  -45.406  23.400  14.483 0.0000000000
95576  -45.503  24.095  13.142 0.0000000000
101519  -54.388  31.944  2.702 0.0000000000
101509  -54.508  32.002  3.475 0.0000000000
100771  -53.633  31.209  3.021 0.0000000000
101493  -53.228  31.696  3.686 0.0000000000
101484  -52.524  32.530  4.444 0.0000000000
102270  -51.509  33.369  4.879 0.0000000000
102281  -51.324  32.972  4.037 0.0000000000
104912  -43.774  37.195  24.029 0.0000000000
104295  -44.188  36.923  22.310 0.0000000000
106409  -43.002  39.822  11.695 0.0000000000
106399  -43.151  39.270  12.460 0.0000000000
105734  -44.169  38.034  14.130 0.0000000000
105004  -54.904  37.818  17.144 0.0000000000
104993  -54.483  37.897  18.075 0.0000000000
104994  -54.803  37.092  18.447 0.0000000000
103630  -54.949  35.431  19.349 0.0000000000
102899  -54.568  34.626  19.759 0.0000000000
147600  -53.857  34.426  19.966 0.0000000000
102162  -55.191  33.717  19.285 0.0000000000
101391  -55.650  32.958  18.770 0.0000000000
100062  -55.715  31.275  17.824 0.0000000000
100076  -55.551  30.706  17.627 0.0000000000
100696  -55.611  31.370  17.629 0.0000000000
100695  -55.150  31.621  17.348 0.0000000000
100694  -53.846  31.917  17.280 0.0000000000
105813  -49.303  38.465  6.548 0.0000000000
105804  -48.863  38.712  7.323 0.0000000000
105805  -49.618  38.286  7.338 0.0000000000
105806  -50.211  37.955  7.740 0.0000000000
105131  -51.082  37.598  8.121 0.0000000000
103015  -55.009  33.855  7.819 0.0000000000
103745  -54.121  35.447  7.953 0.0000000000
104417  -54.287  35.218  9.179 0.0000000000
128300  -53.522  36.590  10.353 0.0000000000
105086  -53.382  37.384  11.736 0.0000000000
105069  -53.836  38.085  12.688 0.0000000000
132819  -53.537  37.491  12.236 0.0000000000
104388  -53.251  36.620  12.365 0.0000000000
104370  -53.369  36.804  13.284 0.0000000000
103671  -52.525  36.168  13.861 0.0000000000
103690  -52.495  35.959  12.955 0.0000000000
135017  -51.960  35.415  11.421 0.0000000000
103713  -51.120  35.359  10.999 0.0000000000
103002  -49.610  35.313  8.591 0.0000000000
94698  -50.669  23.990  20.195 0.0000000000
97153  -47.508  26.450  20.653 0.0000000000
96352  -47.857  25.736  20.451 0.0000000000
96351  -46.974  25.849  20.289 0.0000000000
130953  -46.798  24.577  19.452 0.0000000000
95542  -46.373  24.145  18.703 0.0000000000
94711  -45.942  23.763  17.903 0.0000000000
96370  -44.142  25.370  17.640 0.0000000000
109418  -44.811  44.759  19.368 0.0000000000
136317  -47.185  43.420  13.666 0.0000000000
125448  -45.444  43.410  14.127 0.0000000000
140498  -45.513  43.532  12.593 0.0000000000
108839  -44.658  43.482  12.802 0.0000000000
136073  -43.977  43.492  12.158 0.0000000000
108846  -42.864  42.997  11.277 0.0000000000
108857  -43.962  43.725  10.385 0.0000000000
108859  -43.903  43.697  9.451 0.0000000000
108864  -43.937  43.443  8.606 0.0000000000
123602  -51.500  44.338  5.911 0.0000000000
109533  -48.346  44.233  6.142 0.0000000000
108896  -48.981  44.028  5.389 0.0000000000
108905  -47.594  43.303  4.710 0.0000000000
108279  -47.795  42.634  4.216 0.0000000000
139465  -47.708  41.403  4.092 0.0000000000
107706  -47.978  41.972  3.801 0.0000000000
107708  -49.197  41.474  2.996 0.0000000000
107716  -50.020  41.469  2.637 0.0000000000
129547  -54.381  41.091  1.531 0.0000000000
144915  -54.625  40.472  1.962 0.0000000000
106503  -54.256  39.688  1.581 0.0000000000
105854  -54.060  38.718  1.662 0.0000000000
136197  -54.318  37.950  1.798 0.0000000000
104480  -54.246  36.643  1.831 0.0000000000
104488  -54.135  36.846  1.371 0.0000000000
104487  -53.436  36.015  0.320 0.0000000000
103812  -53.075  34.849  -0.964 0.0000000000
138727  -52.909  34.031  -0.843 0.0000000000
105193  -52.922  36.620  -2.106 0.0000000000
102828  -44.457  34.664  28.504 0.0000000000
102829  -45.265  34.491  29.069 0.0000000000
136424  -46.766  34.167  28.938 0.0000000000
102098  -46.796  33.648  27.435 0.0000000000
100021  -46.710  31.181  25.581 0.0000000000
100650  -45.317  31.365  24.938 0.0000000000
100027  -44.722  30.667  24.521 0.0000000000
100033  -43.417  30.586  23.619 0.0000000000
101384  -42.124  32.710  20.690 0.0000000000
100662  -41.757  31.767  20.770 0.0000000000
144117  -42.063  32.146  19.951 0.0000000000
100049  -42.307  30.606  18.994 0.0000000000
142117  -42.458  30.054  18.626 0.0000000000
99438  -42.725  29.033  17.999 0.0000000000
99436  -42.894  29.826  18.130 0.0000000000
99440  -44.250  29.759  17.278 0.0000000000
99441  -45.207  29.942  17.130 0.0000000000
106943  -44.740  40.782  23.442 0.0000000000
136835  -45.322  41.190  23.988 0.0000000000
107556  -46.694  42.139  25.637 0.0000000000
105047  -47.915  37.557  12.767 0.0000000000
105046  -47.323  37.529  13.445 0.0000000000
105033  -47.764  37.410  14.163 0.0000000000
124423  -47.911  37.492  16.381 0.0000000000
105000  -48.155  37.759  17.599 0.0000000000
105649  -52.042  38.962  22.031 0.0000000000
135226  -50.752  39.265  21.034 0.0000000000
105639  -51.585  39.309  22.790 0.0000000000
106327  -51.268  39.728  23.268 0.0000000000
106326  -50.755  40.158  23.550 0.0000000000
106308  -50.228  40.285  25.094 0.0000000000
105626  -50.619  39.375  24.365 0.0000000000
135020  -48.712  38.466  23.729 0.0000000000
105635  -47.684  38.294  23.276 0.0000000000
131217  -47.312  37.879  22.473 0.0000000000
104942  -48.029  37.602  21.934 0.0000000000
104323  -47.867  36.675  20.387 0.0000000000
103624  -47.893  35.598  19.327 0.0000000000
100677  -51.159  31.863  18.270 0.0000000000
101400  -49.936  32.753  18.429 0.0000000000
100692  -50.568  31.332  17.774 0.0000000000
100070  -50.026  30.698  17.391 0.0000000000
99455  -49.559  30.100  16.935 0.0000000000
100078  -48.773  30.165  16.942 0.0000000000
132088  -49.937  29.377  16.568 0.0000000000
98750  -49.410  28.769  16.182 0.0000000000
98766  -49.859  28.186  15.728 0.0000000000
98009  -49.776  27.442  14.656 0.0000000000
97995  -50.276  27.704  15.277 0.0000000000
149678  -51.528  27.427  14.724 0.0000000000
140504  -51.886  27.015  13.459 0.0000000000
98801  -54.525  28.327  12.650 0.0000000000
98802  -55.340  27.823  12.491 0.0000000000
125831  -53.937  28.202  11.723 0.0000000000
98817  -53.403  28.102  10.924 0.0000000000
124736  -52.793  27.963  10.119 0.0000000000
98053  -52.562  27.625  8.897 0.0000000000
124626  -51.747  28.233  10.041 0.0000000000
98815  -50.765  28.487  10.674 0.0000000000
147507  -50.151  34.094  15.879 0.0000000000
101421  -50.701  33.000  16.488 0.0000000000
102191  -49.921  33.419  15.953 0.0000000000
101428  -49.337  32.660  15.583 0.0000000000
100708  -49.582  31.769  15.514 0.0000000000
100734  -46.380  31.046  14.175 0.0000000000
100099  -47.211  30.957  14.303 0.0000000000
100113  -46.801  30.375  13.846 0.0000000000
99490  -46.350  29.761  13.392 0.0000000000
99504  -46.832  29.246  12.777 0.0000000000
98795  -46.378  28.719  12.234 0.0000000000
98810  -45.867  28.309  11.680 0.0000000000
98040  -45.313  27.843  11.085 0.0000000000
98039  -44.414  27.845  11.233 0.0000000000
98038  -43.676  27.886  11.257 0.0000000000
93937  -48.790  22.086  16.806 0.0000000000
104451  -51.997  35.781  4.426 0.0000000000
104444  -52.265  35.746  5.559 0.0000000000
103771  -52.917  35.140  4.949 0.0000000000
103764  -54.032  34.531  5.469 0.0000000000
103022  -54.976  33.668  6.013 0.0000000000
102272  -54.874  32.743  4.951 0.0000000000
102262  -55.054  32.843  5.752 0.0000000000
103023  -55.157  33.647  7.008 0.0000000000
102246  -54.892  33.705  7.922 0.0000000000
102239  -53.944  33.766  8.324 0.0000000000
103014  -53.238  34.310  8.736 0.0000000000
103004  -52.195  34.685  8.828 0.0000000000
103013  -52.646  34.208  7.970 0.0000000000
124140  -51.413  34.431  7.233 0.0000000000
103020  -50.464  34.637  6.787 0.0000000000
102258  -50.725  33.942  5.321 0.0000000000
141948  -50.237  34.563  6.244 0.0000000000
97144  -50.613  26.916  21.502 0.0000000000
97143  -49.265  26.924  21.315 0.0000000000
98714  -49.241  28.461  22.400 0.0000000000
97142  -48.023  27.058  21.200 0.0000000000
97969  -47.111  26.972  20.873 0.0000000000
97968  -46.387  27.142  20.830 0.0000000000
97967  -45.570  27.285  20.713 0.0000000000
108833  -47.764  43.580  14.181 0.0000000000
108841  -47.748  43.456  13.224 0.0000000000
109474  -47.769  43.817  11.890 0.0000000000
109483  -48.306  44.218  11.278 0.0000000000
108292  -53.099  42.721  3.315 0.0000000000
107734  -53.814  41.701  1.017 0.0000000000
107093  -53.273  40.896  0.527 0.0000000000
107099  -52.513  40.390  -0.489 0.0000000000
107106  -52.359  40.187  -1.485 0.0000000000
106516  -52.481  39.530  -1.824 0.0000000000
107105  -52.066  40.675  -2.040 0.0000000000
107768  -51.471  41.007  -2.420 0.0000000000
102880  -42.642  34.530  21.928 0.0000000000
102883  -42.601  34.090  21.258 0.0000000000
102153  -42.578  33.548  20.550 0.0000000000
102156  -43.498  33.333  19.400 0.0000000000
101388  -44.085  33.126  18.957 0.0000000000
105701  -44.328  37.988  18.766 0.0000000000
105659  -45.068  38.579  20.267 0.0000000000
142252  -50.914  37.819  15.911 0.0000000000
105002  -50.211  37.829  16.776 0.0000000000
105003  -51.271  38.056  16.944 0.0000000000
105716  -51.736  38.337  17.916 0.0000000000
125759  -52.455  38.756  19.736 0.0000000000
105710  -53.764  38.207  18.989 0.0000000000
104979  -53.225  38.300  19.974 0.0000000000
126745  -52.635  38.596  20.686 0.0000000000
105650  -52.443  38.401  21.516 0.0000000000
104962  -51.751  37.337  21.835 0.0000000000
104326  -50.960  36.656  21.045 0.0000000000
104339  -50.230  36.118  20.211 0.0000000000
103615  -51.270  35.987  20.520 0.0000000000
102896  -50.837  34.669  19.494 0.0000000000
102158  -51.116  33.892  19.229 0.0000000000
102160  -52.942  33.513  19.487 0.0000000000
102173  -52.359  32.968  19.146 0.0000000000
101402  -51.760  32.434  18.650 0.0000000000
100678  -52.160  31.698  18.427 0.0000000000
99445  -52.803  29.663  17.253 0.0000000000
99458  -53.633  29.027  16.735 0.0000000000
98769  -53.520  28.003  15.718 0.0000000000
98754  -54.404  28.475  16.238 0.0000000000
98755  -55.361  28.710  16.065 0.0000000000
98777  -55.421  28.270  14.837 0.0000000000
100092  -55.335  29.681  16.356 0.0000000000
99469  -55.408  28.928  15.757 0.0000000000
125089  -55.358  28.344  14.208 0.0000000000
98776  -54.250  28.803  14.241 0.0000000000
99479  -52.919  29.186  14.249 0.0000000000
99495  -52.070  29.082  13.609 0.0000000000
102199  -47.342  33.757  14.048 0.0000000000
102214  -46.603  33.319  13.904 0.0000000000
101452  -46.072  31.835  14.217 0.0000000000
100733  -45.511  31.185  13.958 0.0000000000
100111  -44.794  30.494  13.696 0.0000000000
143816  -45.763  39.768  8.511 0.0000000000
144245  -45.266  39.220  10.374 0.0000000000
106433  -46.458  39.117  9.708 0.0000000000
105776  -46.712  38.681  10.452 0.0000000000
105766  -47.453  38.270  11.107 0.0000000000
105789  -48.833  38.463  9.200 0.0000000000
123882  -48.309  38.263  10.527 0.0000000000
105081  -48.448  37.945  11.282 0.0000000000
105065  -48.675  37.648  12.101 0.0000000000
146189  -49.327  37.424  13.789 0.0000000000
124418  -50.076  37.508  14.052 0.0000000000
123841  -51.798  36.388  6.223 0.0000000000
105132  -51.906  37.156  7.917 0.0000000000
105123  -51.927  37.408  8.730 0.0000000000
123922  -53.385  36.284  8.262 0.0000000000
105111  -52.122  37.501  9.623 0.0000000000
105110  -51.354  37.677  9.974 0.0000000000
105083  -51.094  37.660  11.372 0.0000000000
124417  -50.780  37.645  12.603 0.0000000000
105036  -51.006  37.786  14.240 0.0000000000
105025  -51.865  38.074  15.468 0.0000000000
105015  -52.999  38.349  15.359 0.0000000000
105729  -54.137  38.483  15.600 0.0000000000
105740  -53.948  38.417  13.847 0.0000000000
105026  -54.506  38.233  15.102 0.0000000000
105724  -54.701  38.149  16.593 0.0000000000
104347  -55.040  37.100  17.162 0.0000000000
104346  -54.694  36.603  16.858 0.0000000000
103636  -54.252  35.553  17.238 0.0000000000
102913  -54.426  34.393  17.546 0.0000000000
103641  -53.009  35.501  16.631 0.0000000000
102921  -52.358  34.848  16.762 0.0000000000
102919  -51.211  34.999  15.889 0.0000000000
103658  -51.735  35.726  14.441 0.0000000000
103647  -51.019  35.350  15.048 0.0000000000
102938  -50.252  35.099  14.798 0.0000000000
102937  -49.541  34.824  14.557 0.0000000000
102948  -48.521  34.840  13.636 0.0000000000
102994  -51.859  34.991  9.590 0.0000000000
145767  -51.482  35.233  10.228 0.0000000000
103725  -49.476  35.389  9.396 0.0000000000
103712  -49.983  35.453  10.873 0.0000000000
95532  -51.054  24.774  20.506 0.0000000000
94705  -50.012  23.610  19.653 0.0000000000
95537  -48.825  24.372  20.064 0.0000000000
94704  -48.956  23.717  19.561 0.0000000000
94715  -49.477  23.156  19.040 0.0000000000
93922  -48.922  22.435  17.634 0.0000000000
93921  -48.002  22.474  17.305 0.0000000000
93920  -47.071  22.616  16.978 0.0000000000
94736  -46.203  22.940  16.586 0.0000000000
94722  -45.625  23.532  17.019 0.0000000000
94735  -45.406  23.392  16.117 0.0000000000
94734  -44.762  23.941  15.591 0.0000000000
96384  -44.342  25.148  15.455 0.0000000000
96385  -44.826  25.700  15.023 0.0000000000
108788  -44.969  43.739  17.437 0.0000000000
108820  -44.844  43.436  14.788 0.0000000000
108809  -44.540  43.448  15.633 0.0000000000
132600  -43.934  43.600  17.308 0.0000000000
108787  -43.118  43.409  17.246 0.0000000000
108211  -42.089  42.768  16.340 0.0000000000
108210  -41.712  42.198  15.915 0.0000000000
107626  -41.550  41.470  14.537 0.0000000000
107630  -41.659  41.530  13.658 0.0000000000
107000  -42.010  40.699  12.438 0.0000000000
108233  -42.413  42.281  11.313 0.0000000000
107637  -42.294  41.470  11.419 0.0000000000
107003  -42.420  40.601  11.669 0.0000000000
107011  -43.260  40.559  10.472 0.0000000000
107012  -43.935  40.071  10.203 0.0000000000
107023  -44.708  40.198  9.026 0.0000000000
124671  -47.317  44.562  9.022 0.0000000000
109491  -46.307  44.525  8.966 0.0000000000
129867  -45.900  44.385  7.859 0.0000000000
108872  -44.554  43.321  7.412 0.0000000000
109531  -46.695  43.832  5.834 0.0000000000
108883  -45.408  43.342  6.413 0.0000000000
108254  -44.627  42.537  7.104 0.0000000000
107666  -44.532  41.842  7.431 0.0000000000
107043  -44.737  41.088  7.847 0.0000000000
107032  -45.155  40.298  8.337 0.0000000000
106442  -45.858  39.985  7.886 0.0000000000
106461  -46.769  39.811  6.984 0.0000000000
128044  -47.544  39.438  6.900 0.0000000000
141775  -47.429  40.457  4.938 0.0000000000
128778  -47.571  39.950  5.435 0.0000000000
105819  -48.725  38.901  5.786 0.0000000000
105827  -48.932  38.857  4.874 0.0000000000
141348  -50.036  37.806  4.539 0.0000000000
105151  -50.934  36.996  3.941 0.0000000000
108302  -52.193  42.005  2.652 0.0000000000
108301  -50.849  41.825  2.573 0.0000000000
107082  -51.047  40.297  2.183 0.0000000000
107089  -54.083  39.956  2.102 0.0000000000
144210  -52.376  39.516  1.897 0.0000000000
106495  -51.021  39.372  2.210 0.0000000000
105167  -50.858  38.044  2.756 0.0000000000
105161  -51.217  37.203  3.077 0.0000000000
104461  -51.549  36.466  3.612 0.0000000000
104462  -52.387  35.873  3.245 0.0000000000
103779  -54.071  34.575  2.970 0.0000000000
103059  -54.295  34.368  2.626 0.0000000000
103798  -54.317  35.691  1.822 0.0000000000
103070  -54.370  34.530  2.165 0.0000000000
102301  -54.393  33.441  2.314 0.0000000000
101518  -53.830  31.623  1.861 0.0000000000
100794  -53.048  30.981  1.024 0.0000000000
132755  -52.837  33.872  -1.732 0.0000000000
102318  -52.219  33.356  -1.846 0.0000000000
132686  -52.577  39.230  -2.533 0.0000000000
105876  -52.764  38.545  -2.994 0.0000000000
125842  -52.938  37.626  -3.604 0.0000000000
99410  -46.923  29.272  23.700 0.0000000000
99399  -46.074  29.606  24.322 0.0000000000
138876  -46.248  29.165  23.439 0.0000000000
98702  -45.874  28.838  22.873 0.0000000000
98712  -45.403  28.510  22.300 0.0000000000
97953  -45.024  27.783  21.211 0.0000000000
131058  -44.818  27.310  20.611 0.0000000000
101376  -43.386  32.394  23.696 0.0000000000
100032  -42.765  31.041  23.130 0.0000000000
100038  -42.872  30.165  23.012 0.0000000000
100658  -41.618  30.993  21.132 0.0000000000
99419  -42.059  29.697  21.443 0.0000000000
99420  -42.747  29.157  21.847 0.0000000000
98720  -43.247  28.524  21.406 0.0000000000
97965  -43.283  27.734  20.254 0.0000000000
97966  -44.082  27.033  20.074 0.0000000000
97156  -43.802  26.596  19.325 0.0000000000
97160  -43.478  26.549  18.646 0.0000000000
96369  -43.678  25.913  17.384 0.0000000000
136898  -42.970  28.010  17.593 0.0000000000
97980  -43.534  27.210  16.830 0.0000000000
96376  -43.843  25.955  16.640 0.0000000000
97175  -45.134  26.610  15.257 0.0000000000
106893  -45.607  41.724  27.496 0.0000000000
106881  -45.803  41.070  28.377 0.0000000000
106278  -46.027  40.856  28.325 0.0000000000
105764  -45.613  38.521  11.586 0.0000000000
105030  -44.927  37.721  14.413 0.0000000000
124422  -46.499  37.481  14.817 0.0000000000
105020  -45.944  37.507  15.412 0.0000000000
127073  -45.316  37.532  15.962 0.0000000000
104998  -45.453  37.581  17.575 0.0000000000
105683  -45.496  38.306  19.587 0.0000000000
105660  -45.944  38.633  20.234 0.0000000000
144227  -49.692  37.906  17.343 0.0000000000
104991  -48.713  38.035  18.150 0.0000000000
105705  -48.377  38.254  18.891 0.0000000000
105664  -49.730  39.079  20.778 0.0000000000
105663  -48.738  38.885  20.437 0.0000000000
139862  -47.817  38.395  19.377 0.0000000000
106351  -47.332  38.961  20.708 0.0000000000
106350  -46.554  38.985  20.862 0.0000000000
106335  -46.302  39.425  21.644 0.0000000000
106944  -46.462  40.266  23.118 0.0000000000
106921  -47.415  41.355  24.811 0.0000000000
107557  -47.878  41.887  25.839 0.0000000000
106296  -49.841  40.728  25.592 0.0000000000
106912  -49.226  41.161  26.020 0.0000000000
106896  -48.146  41.434  26.757 0.0000000000
106293  -47.403  40.529  26.847 0.0000000000
106292  -46.338  40.275  27.329 0.0000000000
105603  -45.608  39.320  26.369 0.0000000000
105612  -45.717  38.842  25.002 0.0000000000
104914  -45.274  37.971  23.365 0.0000000000
104939  -44.971  37.283  22.049 0.0000000000
104925  -46.378  37.769  22.410 0.0000000000
126810  -45.264  37.025  21.475 0.0000000000
103605  -44.282  36.177  20.978 0.0000000000
103621  -44.834  35.124  19.692 0.0000000000
102157  -45.173  34.337  19.149 0.0000000000
102165  -44.857  32.952  18.690 0.0000000000
104338  -49.258  36.240  19.937 0.0000000000
103625  -48.734  35.645  19.458 0.0000000000
102893  -47.602  34.810  18.841 0.0000000000
136186  -49.119  32.921  18.385 0.0000000000
145033  -48.581  33.008  18.420 0.0000000000
102904  -46.907  34.053  18.651 0.0000000000
102167  -46.315  33.372  18.579 0.0000000000
101396  -45.730  32.736  18.484 0.0000000000
124769  -45.093  32.143  18.426 0.0000000000
100687  -45.220  31.311  17.963 0.0000000000
99442  -46.138  30.096  16.991 0.0000000000
99451  -45.744  29.435  16.616 0.0000000000
99453  -47.864  29.819  16.732 0.0000000000
98748  -47.404  28.967  16.203 0.0000000000
98747  -46.383  28.871  16.196 0.0000000000
98762  -45.975  28.196  15.785 0.0000000000
97991  -46.516  27.688  15.306 0.0000000000
97176  -46.015  27.070  14.889 0.0000000000
97185  -46.458  26.731  14.316 0.0000000000
97194  -47.601  26.725  13.414 0.0000000000
148957  -48.490  26.950  13.398 0.0000000000
98019  -49.241  27.189  13.830 0.0000000000
123899  -49.074  26.870  12.931 0.0000000000
97209  -49.732  26.723  12.259 0.0000000000
97221  -49.544  26.521  11.312 0.0000000000
97998  -54.157  27.610  15.141 0.0000000000
98022  -53.011  27.002  13.594 0.0000000000
97197  -52.774  26.708  12.695 0.0000000000
97226  -55.187  27.099  11.729 0.0000000000
97212  -53.909  26.611  11.757 0.0000000000
97211  -52.735  26.519  11.590 0.0000000000
97223  -52.791  26.479  10.342 0.0000000000
97222  -51.587  26.476  10.266 0.0000000000
131555  -50.410  26.444  9.302 0.0000000000
127938  -51.957  26.786  7.474 0.0000000000
97260  -52.075  26.896  7.157 0.0000000000
98840  -51.839  27.682  8.241 0.0000000000
98850  -50.807  27.723  7.350 0.0000000000
102178  -53.345  33.729  17.418 0.0000000000
100701  -53.174  31.421  16.708 0.0000000000
101422  -51.620  32.600  16.792 0.0000000000
100700  -51.972  31.706  16.559 0.0000000000
100079  -52.516  30.815  16.225 0.0000000000
100089  -51.972  30.384  15.515 0.0000000000
99478  -51.791  29.482  14.316 0.0000000000
123848  -51.115  29.335  13.735 0.0000000000
128088  -47.860  33.196  14.615 0.0000000000
100100  -47.978  30.892  14.409 0.0000000000
100101  -48.675  30.743  14.503 0.0000000000
100102  -49.447  30.401  14.493 0.0000000000
146204  -49.850  29.934  14.236 0.0000000000
99477  -50.267  29.597  13.907 0.0000000000
99494  -50.522  29.183  13.176 0.0000000000
99507  -49.970  28.969  12.492 0.0000000000
98814  -49.852  28.663  11.426 0.0000000000
98797  -48.184  28.766  11.904 0.0000000000
144071  -48.206  28.543  11.033 0.0000000000
98827  -48.684  28.477  10.227 0.0000000000
95530  -48.206  24.891  20.199 0.0000000000
96353  -48.800  25.690  20.599 0.0000000000
96361  -45.636  25.487  19.531 0.0000000000
96362  -46.454  25.284  19.792 0.0000000000
96363  -47.293  25.098  20.054 0.0000000000
96365  -43.765  25.913  18.156 0.0000000000
96367  -45.130  25.056  18.815 0.0000000000
97161  -44.081  26.059  18.914 0.0000000000
97163  -43.334  26.507  17.874 0.0000000000
97165  -43.466  26.554  17.085 0.0000000000
97166  -43.926  26.710  16.415 0.0000000000
97186  -47.367  26.990  14.161 0.0000000000
97198  -53.941  26.741  12.829 0.0000000000
97207  -47.336  26.357  12.548 0.0000000000
97208  -48.842  26.628  12.080 0.0000000000
97213  -54.869  26.794  12.101 0.0000000000
97225  -54.790  26.833  11.003 0.0000000000
97236  -53.864  26.736  9.330 0.0000000000
97246  -50.993  26.567  7.961 0.0000000000
97951  -43.703  28.062  20.980 0.0000000000
97952  -44.214  27.622  20.729 0.0000000000
97964  -42.740  27.865  19.617 0.0000000000
97974  -42.618  27.764  18.929 0.0000000000
97999  -55.285  27.836  14.974 0.0000000000
98000  -55.553  28.017  14.667 0.0000000000
98011  -52.203  27.262  14.270 0.0000000000
98012  -53.458  27.308  14.395 0.0000000000
98020  -50.275  27.263  13.965 0.0000000000
98021  -51.200  27.274  14.086 0.0000000000
98023  -54.249  27.057  13.647 0.0000000000
98024  -55.137  27.292  13.530 0.0000000000
98025  -55.509  27.643  13.311 0.0000000000
98032  -55.419  27.474  12.486 0.0000000000
98042  -54.853  27.053  10.753 0.0000000000
98043  -55.146  27.409  11.685 0.0000000000
98052  -47.353  28.099  9.852 0.0000000000
98722  -45.745  28.173  21.672 0.0000000000
98730  -43.015  28.318  20.750 0.0000000000
98738  -42.441  28.509  18.635 0.0000000000
98740  -42.724  28.379  17.953 0.0000000000
98741  -43.164  28.648  17.486 0.0000000000
98771  -55.310  28.299  15.288 0.0000000000
98784  -53.364  28.708  13.420 0.0000000000
98785  -54.683  28.489  13.567 0.0000000000
98786  -55.462  28.113  13.316 0.0000000000
98830  -53.853  27.564  10.079 0.0000000000
99398  -45.018  29.852  24.246 0.0000000000
99408  -44.487  29.462  23.568 0.0000000000
99414  -42.406  29.883  22.289 0.0000000000
99415  -43.172  29.443  22.628 0.0000000000
99423  -41.868  29.584  20.589 0.0000000000
99435  -42.374  29.375  18.626 0.0000000000
99439  -43.399  29.451  17.573 0.0000000000
99448  -55.520  30.315  17.295 0.0000000000
99452  -46.759  29.565  16.604 0.0000000000
99457  -52.140  29.182  16.632 0.0000000000
100020  -46.061  31.181  25.310 0.0000000000
100022  -47.350  30.863  25.692 0.0000000000
100042  -41.870  30.585  21.831 0.0000000000
100045  -41.648  30.140  20.292 0.0000000000
100048  -41.809  30.401  19.680 0.0000000000
100057  -44.322  31.030  17.966 0.0000000000
100058  -52.710  30.961  18.130 0.0000000000
100061  -55.623  30.879  17.968 0.0000000000
100067  -45.683  30.629  17.471 0.0000000000
100069  -49.100  30.719  17.333 0.0000000000
100072  -52.113  30.440  17.580 0.0000000000
100075  -55.438  30.476  17.671 0.0000000000
100081  -55.234  30.318  16.561 0.0000000000
100082  -55.573  30.242  16.917 0.0000000000
100091  -54.838  29.910  15.973 0.0000000000
100638  -45.788  32.019  25.263 0.0000000000
100653  -43.361  31.511  23.690 0.0000000000
100659  -41.780  31.424  21.584 0.0000000000
100664  -42.102  31.327  19.548 0.0000000000
100665  -42.819  31.323  18.784 0.0000000000
100670  -43.621  31.158  18.323 0.0000000000
100673  -47.035  31.745  17.994 0.0000000000
100676  -50.217  32.009  18.177 0.0000000000
100680  -54.734  31.408  18.570 0.0000000000
100681  -55.700  31.387  18.176 0.0000000000
100688  -46.246  31.239  17.747 0.0000000000
100690  -48.549  31.275  17.614 0.0000000000
100691  -49.532  31.457  17.738 0.0000000000
100702  -54.635  31.120  16.785 0.0000000000
100704  -55.549  30.727  17.400 0.0000000000
100772  -53.969  31.285  2.732 0.0000000000
100777  -52.072  30.913  1.784 0.0000000000
100778  -53.208  30.909  2.195 0.0000000000
101352  -45.076  33.008  24.999 0.0000000000
101368  -45.103  32.288  24.858 0.0000000000
101381  -41.960  32.246  21.619 0.0000000000
101389  -53.471  32.904  19.328 0.0000000000
101401  -50.823  32.576  18.532 0.0000000000
101403  -52.805  32.280  18.857 0.0000000000
101406  -55.966  32.262  18.174 0.0000000000
101412  -53.483  32.774  17.474 0.0000000000
101415  -55.921  32.041  17.928 0.0000000000
101437  -47.370  32.362  14.543 0.0000000000
101485  -53.724  31.914  4.420 0.0000000000
101486  -54.437  32.100  4.817 0.0000000000
101487  -54.799  32.609  5.361 0.0000000000
101495  -54.565  32.296  4.461 0.0000000000
102079  -46.030  34.366  29.577 0.0000000000
102088  -45.972  34.075  28.115 0.0000000000
102106  -45.569  33.196  25.713 0.0000000000
102139  -43.329  33.159  23.740 0.0000000000
102159  -52.067  33.694  19.404 0.0000000000
102161  -54.015  33.760  19.658 0.0000000000
102168  -47.200  33.214  18.488 0.0000000000
102169  -48.702  33.588  18.564 0.0000000000
102172  -51.417  33.175  18.913 0.0000000000
102174  -55.968  33.196  18.263 0.0000000000
102240  -54.560  33.878  8.348 0.0000000000
102245  -54.679  33.479  7.783 0.0000000000
102251  -54.716  32.966  7.104 0.0000000000
102252  -55.052  33.344  7.206 0.0000000000
102261  -54.486  32.744  6.394 0.0000000000
102282  -54.732  32.697  3.980 0.0000000000
102292  -54.633  32.808  3.034 0.0000000000
102300  -53.902  32.743  1.604 0.0000000000
102312  -53.318  33.053  0.813 0.0000000000
102323  -52.342  33.589  -2.441 0.0000000000
102822  -44.697  35.077  30.234 0.0000000000
102889  -43.763  34.001  19.594 0.0000000000
102890  -44.440  34.409  19.479 0.0000000000
102895  -49.920  34.830  19.312 0.0000000000
102898  -52.993  34.307  19.791 0.0000000000
102903  -46.020  34.206  18.809 0.0000000000
102906  -49.338  34.257  18.860 0.0000000000
102909  -55.930  33.869  18.282 0.0000000000
102915  -55.957  33.642  18.024 0.0000000000
102920  -51.613  34.495  16.546 0.0000000000
102927  -50.453  34.677  15.608 0.0000000000
102936  -48.820  34.545  14.384 0.0000000000
102949  -49.341  35.130  13.752 0.0000000000
102986  -52.950  35.020  10.322 0.0000000000
102993  -50.288  35.285  9.179 0.0000000000
102996  -54.032  34.631  9.369 0.0000000000
102997  -54.372  34.631  8.954 0.0000000000
103006  -54.395  34.281  8.737 0.0000000000
103030  -50.011  34.446  5.654 0.0000000000
103031  -50.785  34.294  6.128 0.0000000000
103040  -54.645  33.900  4.899 0.0000000000
103060  -54.507  33.778  2.831 0.0000000000
103090  -52.537  33.649  -2.264 0.0000000000
103111  -52.506  34.676  -3.856 0.0000000000
103592  -42.734  34.846  22.631 0.0000000000
103612  -43.475  35.035  20.607 0.0000000000
103617  -53.222  35.787  20.502 0.0000000000
103618  -54.068  35.528  20.081 0.0000000000
103622  -45.692  35.683  19.728 0.0000000000
103626  -49.604  35.585  19.600 0.0000000000
103640  -52.081  35.311  16.180 0.0000000000
103700  -50.422  35.466  11.643 0.0000000000
103716  -53.588  35.645  10.459 0.0000000000
103735  -54.558  34.724  8.310 0.0000000000
103763  -53.293  35.312  6.076 0.0000000000
103789  -53.407  35.317  2.823 0.0000000000
103828  -52.782  34.842  -3.777 0.0000000000
104308  -44.587  36.733  21.560 0.0000000000
104309  -45.893  37.013  21.141 0.0000000000
104321  -45.134  36.586  20.930 0.0000000000
104325  -49.875  36.677  20.739 0.0000000000
104336  -47.402  36.153  19.727 0.0000000000
104340  -54.319  36.220  19.660 0.0000000000
104341  -54.986  36.276  18.827 0.0000000000
104350  -54.652  37.451  16.214 0.0000000000
104354  -54.458  37.541  15.345 0.0000000000
104402  -53.327  36.687  11.700 0.0000000000
104416  -53.892  36.006  9.716 0.0000000000
104423  -53.344  36.630  9.171 0.0000000000
104424  -54.049  35.717  8.829 0.0000000000
104429  -52.570  36.617  7.692 0.0000000000
104436  -51.841  36.805  7.139 0.0000000000
104922  -43.926  37.091  23.158 0.0000000000
104923  -44.695  37.456  22.835 0.0000000000
104926  -48.358  38.069  22.918 0.0000000000
104927  -50.136  37.995  23.056 0.0000000000
104929  -51.753  38.695  22.787 0.0000000000
104940  -45.782  37.386  21.856 0.0000000000
104941  -46.752  37.413  21.630 0.0000000000
104958  -47.408  37.130  20.989 0.0000000000
104961  -50.647  37.181  21.644 0.0000000000
104980  -54.185  37.519  19.033 0.0000000000
104988  -45.693  37.739  18.334 0.0000000000
104992  -49.546  38.110  18.019 0.0000000000
104999  -46.262  37.603  17.752 0.0000000000
105001  -48.969  37.820  17.448 0.0000000000
105008  -44.654  37.564  16.400 0.0000000000
105009  -45.359  37.493  16.776 0.0000000000
105016  -54.810  37.830  16.385 0.0000000000
105018  -44.188  37.744  15.058 0.0000000000
105019  -45.105  37.556  15.189 0.0000000000
105021  -46.809  37.465  15.572 0.0000000000
105022  -47.705  37.438  15.688 0.0000000000
105024  -51.334  37.880  14.975 0.0000000000
105032  -46.923  37.493  14.171 0.0000000000
105037  -52.035  38.119  14.280 0.0000000000
105039  -54.399  38.222  14.265 0.0000000000
105048  -49.930  37.519  13.199 0.0000000000
105049  -50.891  37.720  13.435 0.0000000000
105050  -52.955  38.315  13.515 0.0000000000
105051  -54.154  38.208  13.387 0.0000000000
105064  -47.730  37.838  11.935 0.0000000000
105067  -50.667  37.640  11.889 0.0000000000
105084  -52.033  37.714  11.413 0.0000000000
105085  -52.936  37.663  11.456 0.0000000000
105097  -50.001  37.744  10.790 0.0000000000
105100  -52.805  37.454  10.720 0.0000000000
105101  -53.275  37.167  10.960 0.0000000000
105112  -52.942  37.181  9.740 0.0000000000
105122  -51.209  37.695  9.132 0.0000000000
105137  -50.687  37.582  7.189 0.0000000000
105138  -51.102  37.093  6.541 0.0000000000
105150  -50.570  37.210  4.816 0.0000000000
105175  -54.210  37.747  1.601 0.0000000000
105176  -54.151  37.265  1.756 0.0000000000
105184  -54.126  37.679  1.352 0.0000000000
105614  -48.893  39.343  24.906 0.0000000000
105616  -50.365  39.833  24.908 0.0000000000
105621  -45.043  38.238  24.272 0.0000000000
105625  -49.651  39.140  24.573 0.0000000000
105627  -51.134  39.611  23.960 0.0000000000
105634  -46.842  38.186  22.936 0.0000000000
105638  -51.428  39.131  23.435 0.0000000000
105648  -51.453  39.435  21.963 0.0000000000
105658  -44.164  38.640  20.217 0.0000000000
105661  -46.813  38.626  20.179 0.0000000000
105662  -47.761  38.688  20.106 0.0000000000
105665  -51.689  39.246  21.144 0.0000000000
105666  -52.268  38.941  21.071 0.0000000000
105681  -43.785  38.380  19.390 0.0000000000
105682  -44.662  38.285  19.531 0.0000000000
105685  -47.111  38.395  19.501 0.0000000000
105686  -48.483  38.558  19.672 0.0000000000
105687  -49.885  38.581  19.545 0.0000000000
105688  -50.776  38.654  19.518 0.0000000000
105702  -45.158  37.957  18.916 0.0000000000
105703  -45.954  38.012  19.007 0.0000000000
105704  -47.380  38.100  18.767 0.0000000000
105706  -49.275  38.307  18.760 0.0000000000
105708  -52.288  38.606  18.718 0.0000000000
105723  -54.229  38.439  16.466 0.0000000000
105730  -54.614  38.207  15.897 0.0000000000
105748  -45.433  38.291  12.347 0.0000000000
105749  -46.243  38.186  12.089 0.0000000000
105765  -46.466  38.444  11.322 0.0000000000
105777  -48.160  38.537  9.791 0.0000000000
105787  -47.284  38.825  9.724 0.0000000000
105790  -49.668  38.132  9.393 0.0000000000
105795  -48.632  38.709  8.292 0.0000000000
105796  -49.407  38.328  8.728 0.0000000000
105812  -48.608  38.920  6.532 0.0000000000
105814  -50.015  37.972  6.922 0.0000000000
105820  -49.403  38.384  5.615 0.0000000000
105821  -50.030  37.785  5.448 0.0000000000
105828  -49.567  38.308  4.723 0.0000000000
105838  -50.077  38.493  3.262 0.0000000000
105845  -50.503  38.868  2.591 0.0000000000
105860  -53.441  37.922  0.445 0.0000000000
106295  -49.320  40.605  25.989 0.0000000000
106316  -50.608  40.154  24.466 0.0000000000
106390  -41.735  39.872  14.344 0.0000000000
106394  -41.881  40.007  13.523 0.0000000000
106398  -42.443  39.956  12.320 0.0000000000
106410  -44.244  39.150  11.429 0.0000000000
106424  -45.995  39.062  10.225 0.0000000000
106432  -45.330  39.777  9.047 0.0000000000
106434  -46.927  39.200  9.058 0.0000000000
106454  -46.453  39.770  7.603 0.0000000000
106456  -48.050  39.108  7.560 0.0000000000
106463  -47.992  39.380  6.108 0.0000000000
106468  -47.845  40.059  4.790 0.0000000000
106469  -48.257  39.477  5.071 0.0000000000
106494  -50.183  39.680  2.560 0.0000000000
106501  -53.971  39.251  2.026 0.0000000000
106540  -52.542  39.333  -3.960 0.0000000000
106894  -46.505  41.573  27.780 0.0000000000
106895  -47.442  41.538  27.311 0.0000000000
106910  -48.220  41.066  26.888 0.0000000000
106911  -48.795  41.109  26.485 0.0000000000
106920  -46.263  41.312  24.479 0.0000000000
106934  -46.902  40.701  23.886 0.0000000000
106945  -47.358  40.399  23.362 0.0000000000
106946  -48.362  40.405  23.416 0.0000000000
106999  -41.746  40.754  13.185 0.0000000000
107004  -42.968  40.307  11.137 0.0000000000
107010  -42.637  40.937  10.918 0.0000000000
107022  -44.023  40.521  9.451 0.0000000000
107045  -46.074  40.210  7.177 0.0000000000
107051  -45.690  40.848  6.731 0.0000000000
107067  -47.829  40.624  4.271 0.0000000000
107074  -48.380  40.386  3.769 0.0000000000
107081  -49.802  40.623  2.606 0.0000000000
107094  -54.237  40.399  1.381 0.0000000000
107143  -52.304  39.893  -3.390 0.0000000000
107530  -47.499  42.107  26.819 0.0000000000
107531  -48.452  41.492  26.373 0.0000000000
107546  -47.967  41.887  26.326 0.0000000000
107547  -48.709  41.534  25.919 0.0000000000
107555  -45.252  42.439  25.233 0.0000000000
107635  -42.067  42.038  12.004 0.0000000000
107641  -42.544  41.695  10.738 0.0000000000
107650  -43.698  41.377  8.989 0.0000000000
107656  -43.542  42.113  8.738 0.0000000000
107678  -44.877  41.959  6.878 0.0000000000
107679  -45.419  41.722  6.391 0.0000000000
107689  -46.495  41.507  5.304 0.0000000000
107690  -47.155  41.206  4.706 0.0000000000
107698  -47.385  41.988  4.342 0.0000000000
107717  -50.566  41.108  2.394 0.0000000000
107718  -51.632  41.229  2.287 0.0000000000
107720  -54.289  41.489  2.347 0.0000000000
107740  -52.295  41.153  -0.540 0.0000000000
107747  -51.698  41.291  -1.446 0.0000000000
108217  -42.260  42.771  15.494 0.0000000000
108224  -42.364  42.794  14.613 0.0000000000
108229  -42.553  42.756  12.020 0.0000000000
108235  -42.705  42.474  10.592 0.0000000000
108236  -42.992  42.651  9.864 0.0000000000
108249  -44.205  42.546  7.698 0.0000000000
108262  -45.568  42.567  6.014 0.0000000000
108270  -46.101  42.664  5.534 0.0000000000
108278  -47.144  42.667  4.657 0.0000000000
108280  -48.363  43.178  4.222 0.0000000000
108289  -48.464  42.553  3.739 0.0000000000
108321  -53.274  42.237  0.868 0.0000000000
108798  -42.597  43.139  16.792 0.0000000000
108799  -43.504  43.374  16.525 0.0000000000
108800  -44.558  43.530  16.510 0.0000000000
108802  -47.045  43.508  16.456 0.0000000000
108818  -43.052  43.230  15.103 0.0000000000
108821  -46.178  43.394  14.780 0.0000000000
108832  -45.806  43.441  13.408 0.0000000000
108838  -43.705  43.373  12.756 0.0000000000
108840  -46.517  43.484  12.873 0.0000000000
108847  -43.705  43.507  11.319 0.0000000000
108848  -44.773  43.670  11.898 0.0000000000
108851  -48.493  43.560  12.913 0.0000000000
108852  -49.482  43.851  13.405 0.0000000000
108873  -45.080  43.650  6.986 0.0000000000
108882  -44.863  43.107  6.835 0.0000000000
108884  -46.080  43.734  6.105 0.0000000000
108894  -46.447  43.294  5.496 0.0000000000
108895  -47.904  43.886  5.312 0.0000000000
108904  -46.913  43.184  4.965 0.0000000000
108907  -50.018  43.557  4.124 0.0000000000
108909  -53.279  43.988  4.505 0.0000000000
108918  -50.011  42.874  3.418 0.0000000000
109417  -43.788  44.445  19.071 0.0000000000
109472  -45.324  43.912  11.275 0.0000000000
109480  -44.788  44.047  10.645 0.0000000000
109482  -46.896  44.276  10.810 0.0000000000
109490  -45.407  44.413  9.444 0.0000000000
109497  -45.240  44.304  8.453 0.0000000000
109498  -46.859  44.525  8.168 0.0000000000
109506  -44.506  43.803  8.121 0.0000000000
109507  -45.087  44.036  7.559 0.0000000000
109508  -46.467  44.382  7.357 0.0000000000
109518  -46.719  44.200  6.570 0.0000000000
109532  -47.376  44.087  5.943 0.0000000000
109534  -50.305  44.239  5.909 0.0000000000
110047  -43.320  47.130  21.465 0.0000000000
124414  -46.653  43.461  15.298 0.0000000000
124419  -48.081  37.450  13.495 0.0000000000
124420  -48.360  37.393  14.948 0.0000000000
124424  -47.156  37.493  16.338 0.0000000000
124612  -46.322  43.434  15.872 0.0000000000
124713  -51.474  37.646  10.742 0.0000000000
124768  -53.273  38.176  12.711 0.0000000000
124795  -52.802  38.529  18.024 0.0000000000
124896  -46.097  39.450  9.056 0.0000000000
125698  -42.412  39.557  13.037 0.0000000000
126143  -55.189  33.133  6.344 0.0000000000
126258  -43.026  28.197  11.707 0.0000000000
126704  -45.716  37.564  14.658 0.0000000000
126708  -53.522  38.484  17.231 0.0000000000
126947  -43.227  43.251  12.043 0.0000000000
126999  -43.398  43.317  9.848 0.0000000000
127072  -43.933  43.378  15.141 0.0000000000
127074  -49.280  37.653  16.734 0.0000000000
127193  -52.741  37.696  -1.608 0.0000000000
127560  -52.472  37.561  21.604 0.0000000000
127778  -49.938  40.797  24.832 0.0000000000
127828  -41.569  42.200  16.779 0.0000000000
127846  -44.469  43.428  14.105 0.0000000000
127976  -48.329  43.641  4.752 0.0000000000
127981  -49.786  40.075  22.750 0.0000000000
128109  -55.248  34.955  17.764 0.0000000000
128185  -52.372  35.701  12.069 0.0000000000
128234  -53.415  26.910  8.336 0.0000000000
129018  -52.594  37.195  9.147 0.0000000000
129124  -49.754  39.689  22.051 0.0000000000
129187  -53.062  35.293  -3.554 0.0000000000
129367  -44.541  33.724  19.086 0.0000000000
129430  -44.099  43.181  7.975 0.0000000000
132089  -51.345  35.461  11.855 0.0000000000
132572  -55.676  27.964  13.946 0.0000000000
132599  -48.036  33.100  18.402 0.0000000000
133001  -53.771  35.991  10.245 0.0000000000
133173  -55.027  37.314  17.710 0.0000000000
134682  -43.278  35.836  22.065 0.0000000000
135030  -54.601  38.013  14.933 0.0000000000
136258  -49.288  38.694  19.996 0.0000000000
137013  -42.990  35.583  22.701 0.0000000000
137066  -45.653  39.409  9.701 0.0000000000
137277  -50.254  37.651  11.403 0.0000000000
138351  -53.945  37.019  19.781 0.0000000000
138564  -47.228  37.729  17.855 0.0000000000
138575  -47.815  33.873  18.577 0.0000000000
138850  -54.853  27.870  11.812 0.0000000000
138857  -44.200  28.544  12.571 0.0000000000
138904  -50.681  44.021  5.036 0.0000000000
138943  -49.817  38.205  3.974 0.0000000000
139400  -42.032  29.841  19.152 0.0000000000
139768  -48.564  41.929  3.408 0.0000000000
140053  -46.520  36.018  19.720 0.0000000000
140416  -46.503  28.063  21.632 0.0000000000
140441  -48.360  35.103  19.058 0.0000000000
140470  -54.500  33.939  3.308 0.0000000000
140562  -46.967  31.078  17.595 0.0000000000
141766  -50.772  28.852  12.537 0.0000000000
141774  -51.611  36.207  5.297 0.0000000000
141788  -54.560  41.561  2.124 0.0000000000
141809  -49.831  35.193  7.939 0.0000000000
142239  -52.228  38.206  14.897 0.0000000000
142262  -54.633  41.078  2.077 0.0000000000
142505  -47.590  38.523  10.325 0.0000000000
142800  -49.359  41.174  25.446 0.0000000000
142950  -41.881  42.226  13.373 0.0000000000
143186  -46.355  42.183  5.258 0.0000000000
143236  -51.199  39.681  22.569 0.0000000000
143312  -54.527  34.488  6.548 0.0000000000
143316  -53.002  35.733  6.790 0.0000000000
143756  -54.312  32.525  2.329 0.0000000000
143828  -48.659  44.422  10.674 0.0000000000
144206  -46.224  37.551  14.210 0.0000000000
144240  -48.135  43.573  13.756 0.0000000000
144396  -50.674  37.676  10.913 0.0000000000
144797  -51.992  37.941  12.849 0.0000000000
144819  -51.037  34.378  6.667 0.0000000000
145058  -45.620  37.827  13.342 0.0000000000
145181  -48.883  37.475  13.077 0.0000000000
145238  -53.694  37.748  19.648 0.0000000000
145418  -50.989  35.220  9.619 0.0000000000
146250  -46.184  41.704  27.771 0.0000000000
146415  -42.033  41.285  12.023 0.0000000000
146740  -54.174  36.996  1.771 0.0000000000
146752  -49.159  41.111  24.772 0.0000000000
146761  -45.020  28.251  21.788 0.0000000000
146924  -44.170  43.430  13.189 0.0000000000
146990  -43.985  33.559  19.249 0.0000000000
147252  -49.238  37.438  15.301 0.0000000000
147447  -50.055  38.841  20.312 0.0000000000
147662  -53.609  34.712  3.534 0.0000000000
148169  -44.040  43.438  16.101 0.0000000000
148254  -41.804  31.591  20.126 0.0000000000
148284  -48.124  23.599  19.163 0.0000000000
148728  -43.079  33.668  19.880 0.0000000000
148729  -54.419  41.664  1.642 0.0000000000
148787  -52.331  38.901  20.457 0.0000000000
149050  -53.597  37.819  12.265 0.0000000000
149163  -43.610  39.364  11.758 0.0000000000
149516  -44.322  27.921  21.132 0.0000000000
149550  -49.707  25.726  20.754 0.0000000000
149856  -43.613  40.549  9.962 0.0000000000
