#!ascii label  , from subject sub-v1s11x0050149_ses-1 vox2ras=TkReg
1187
105868  44.497  39.690  3.358 0.0000000000
107215  45.936  41.505  6.472 0.0000000000
148746  44.035  32.216  1.271 0.0000000000
105111  38.692  38.782  4.450 0.0000000000
102734  38.910  35.963  1.054 0.0000000000
109261  48.385  44.419  2.184 0.0000000000
109800  42.426  46.350  10.737 0.0000000000
124704  42.035  47.426  4.979 0.0000000000
100030  48.878  31.257  5.458 0.0000000000
98571  45.664  28.501  -0.005 0.0000000000
105856  50.930  39.064  4.624 0.0000000000
124180  46.585  35.690  -2.036 0.0000000000
104342  45.260  37.144  4.140 0.0000000000
101339  42.244  33.452  8.296 0.0000000000
112944  44.426  51.473  -1.480 0.0000000000
111125  48.604  47.276  3.351 0.0000000000
100728  41.694  32.212  -0.623 0.0000000000
105871  41.702  39.515  3.630 0.0000000000
104356  38.489  37.238  1.893 0.0000000000
105135  41.806  38.123  2.162 0.0000000000
136836  46.733  41.733  3.255 0.0000000000
129099  43.528  41.542  4.321 0.0000000000
110451  39.747  46.607  10.396 0.0000000000
100015  52.197  31.638  6.641 0.0000000000
98529  51.464  28.959  3.394 0.0000000000
97778  50.319  28.245  6.189 0.0000000000
111765  45.643  48.537  -6.360 0.0000000000
106539  50.210  39.905  6.359 0.0000000000
136592  49.638  37.347  3.497 0.0000000000
105073  46.090  38.842  7.173 0.0000000000
105040  42.185  38.070  13.356 0.0000000000
103458  40.397  36.150  9.953 0.0000000000
101933  42.216  34.585  12.916 0.0000000000
101308  45.395  33.510  10.535 0.0000000000
109821  44.601  46.025  6.597 0.0000000000
124868  45.146  47.374  4.097 0.0000000000
109208  48.125  45.109  5.458 0.0000000000
108535  51.444  43.247  5.036 0.0000000000
102010  45.316  34.555  -1.545 0.0000000000
102028  42.740  34.363  -1.864 0.0000000000
100094  44.355  31.186  -2.984 0.0000000000
102708  38.168  35.610  2.713 0.0000000000
101371  39.587  33.609  3.570 0.0000000000
110534  51.134  45.064  -1.697 0.0000000000
110522  47.091  45.978  -1.007 0.0000000000
108503  42.812  43.368  7.818 0.0000000000
148997  43.009  40.410  8.218 0.0000000000
113503  38.588  51.795  5.996 0.0000000000
113519  40.383  51.089  3.444 0.0000000000
111075  42.376  47.332  8.343 0.0000000000
100060  46.612  31.133  2.255 0.0000000000
99376  46.358  29.211  -2.224 0.0000000000
98569  49.515  28.865  -0.592 0.0000000000
97814  47.039  28.632  3.361 0.0000000000
105866  47.320  39.753  2.749 0.0000000000
105141  45.609  38.271  1.281 0.0000000000
105139  50.420  37.079  0.195 0.0000000000
124175  47.166  36.228  0.690 0.0000000000
102714  43.756  35.376  2.284 0.0000000000
104299  43.138  37.654  7.441 0.0000000000
102695  42.523  35.312  5.453 0.0000000000
100701  43.613  32.608  4.647 0.0000000000
100685  46.051  31.915  6.758 0.0000000000
100659  48.352  32.871  8.278 0.0000000000
112359  42.603  49.699  -4.334 0.0000000000
112346  47.070  51.179  -3.768 0.0000000000
111707  45.124  48.451  0.235 0.0000000000
111712  48.666  48.126  -1.010 0.0000000000
110498  50.814  45.263  1.192 0.0000000000
131769  50.351  42.757  4.019 0.0000000000
103540  42.162  36.599  0.155 0.0000000000
101394  41.050  34.360  -0.161 0.0000000000
100063  40.305  31.718  1.777 0.0000000000
98584  42.649  29.368  -1.376 0.0000000000
105870  42.686  39.490  3.442 0.0000000000
105121  42.078  38.821  2.897 0.0000000000
105881  43.128  38.997  2.824 0.0000000000
106575  45.646  40.509  3.458 0.0000000000
107248  44.785  41.901  3.741 0.0000000000
106564  43.816  40.655  4.062 0.0000000000
106577  42.396  40.115  4.021 0.0000000000
125291  52.704  31.939  8.484 0.0000000000
98500  52.423  29.908  6.131 0.0000000000
143820  51.443  30.549  7.512 0.0000000000
100046  38.159  31.635  4.546 0.0000000000
107213  47.698  41.236  6.317 0.0000000000
105834  48.015  39.429  6.851 0.0000000000
106542  46.845  39.919  7.045 0.0000000000
129198  43.715  37.766  13.735 0.0000000000
103439  41.666  36.110  13.276 0.0000000000
108514  45.390  43.615  6.182 0.0000000000
129446  46.103  45.255  5.847 0.0000000000
107881  46.825  42.630  5.825 0.0000000000
146328  48.343  42.437  5.703 0.0000000000
126351  43.716  33.395  0.350 0.0000000000
101401  44.612  33.576  -2.334 0.0000000000
100083  44.477  31.448  -1.655 0.0000000000
105125  37.117  38.006  3.978 0.0000000000
104344  37.325  37.451  2.983 0.0000000000
104367  39.032  37.102  1.442 0.0000000000
103526  37.845  36.849  1.750 0.0000000000
102724  38.409  35.920  1.520 0.0000000000
101993  38.862  35.087  3.277 0.0000000000
102723  39.201  35.408  1.460 0.0000000000
109901  50.253  45.045  0.122 0.0000000000
109929  49.371  45.327  -1.686 0.0000000000
109883  47.686  45.165  1.001 0.0000000000
105858  39.174  39.555  4.747 0.0000000000
105859  38.371  39.433  5.069 0.0000000000
150757  42.382  44.588  9.613 0.0000000000
107849  41.931  42.891  9.472 0.0000000000
108490  42.787  44.128  11.480 0.0000000000
110449  41.673  46.872  10.654 0.0000000000
111066  41.264  47.264  9.351 0.0000000000
110462  42.261  46.940  9.499 0.0000000000
109812  43.001  45.785  8.215 0.0000000000
100042  47.640  31.095  4.345 0.0000000000
99353  48.283  30.169  0.661 0.0000000000
99332  49.346  30.387  2.984 0.0000000000
96364  50.668  26.620  3.656 0.0000000000
97129  50.065  27.661  2.296 0.0000000000
97122  48.325  27.644  3.535 0.0000000000
106572  48.773  40.112  3.381 0.0000000000
105877  48.324  38.798  2.069 0.0000000000
105875  50.478  37.925  2.611 0.0000000000
104327  46.967  37.585  4.571 0.0000000000
126133  48.242  36.981  2.592 0.0000000000
147698  46.074  36.840  2.874 0.0000000000
102713  44.621  35.779  1.672 0.0000000000
144853  44.560  36.408  3.171 0.0000000000
105810  41.290  39.793  9.671 0.0000000000
105816  43.481  39.004  8.287 0.0000000000
104285  41.206  38.194  9.412 0.0000000000
131234  41.282  34.308  9.578 0.0000000000
137374  41.032  35.073  8.008 0.0000000000
101348  41.873  33.785  7.470 0.0000000000
101359  42.620  33.711  5.372 0.0000000000
100688  43.481  32.550  6.462 0.0000000000
100687  44.200  32.131  6.061 0.0000000000
100674  44.550  32.466  7.705 0.0000000000
147177  45.886  33.497  11.677 0.0000000000
131715  46.436  33.451  9.782 0.0000000000
112957  43.862  51.095  -2.431 0.0000000000
112990  45.149  50.653  -4.580 0.0000000000
112943  45.136  51.266  -2.152 0.0000000000
111678  39.967  48.799  4.120 0.0000000000
112897  41.361  50.215  2.345 0.0000000000
111121  41.518  48.212  3.573 0.0000000000
111117  46.925  47.398  4.121 0.0000000000
124795  45.049  47.644  2.177 0.0000000000
144532  47.106  47.708  1.353 0.0000000000
111705  47.037  48.063  -0.029 0.0000000000
111143  49.165  47.458  1.053 0.0000000000
140403  50.212  46.654  0.400 0.0000000000
110492  49.612  46.654  2.921 0.0000000000
107235  51.850  41.640  5.032 0.0000000000
108554  51.349  42.793  4.370 0.0000000000
107243  49.521  40.647  4.171 0.0000000000
107244  48.529  41.073  3.604 0.0000000000
124480  46.104  37.209  -0.693 0.0000000000
104372  43.587  37.205  0.298 0.0000000000
103538  44.388  36.682  -0.671 0.0000000000
101402  42.455  33.288  -2.167 0.0000000000
102029  41.907  34.368  -1.322 0.0000000000
101387  41.390  32.997  -0.089 0.0000000000
101382  40.716  33.424  1.321 0.0000000000
100723  41.400  32.103  0.218 0.0000000000
97854  46.353  27.901  -2.215 0.0000000000
97864  44.854  28.263  -2.981 0.0000000000
98582  44.452  28.456  -1.333 0.0000000000
105872  40.324  39.138  3.892 0.0000000000
127975  38.978  38.229  3.653 0.0000000000
105122  40.667  38.683  3.317 0.0000000000
124279  39.957  37.417  1.774 0.0000000000
104366  40.601  37.147  1.181 0.0000000000
145832  46.993  43.292  2.725 0.0000000000
105857  40.865  39.833  4.158 0.0000000000
100029  50.327  31.306  5.603 0.0000000000
99322  50.814  30.477  4.158 0.0000000000
99320  52.388  30.172  5.083 0.0000000000
97800  51.851  28.005  4.078 0.0000000000
106555  51.079  39.616  5.395 0.0000000000
105109  51.063  37.928  4.327 0.0000000000
132012  50.079  38.222  5.557 0.0000000000
104317  47.350  37.887  5.274 0.0000000000
104318  45.577  37.951  6.072 0.0000000000
128841  40.988  38.746  12.607 0.0000000000
129604  40.426  37.974  10.639 0.0000000000
103444  40.597  36.781  12.340 0.0000000000
150201  40.769  35.378  11.780 0.0000000000
101312  42.265  33.747  10.287 0.0000000000
101327  43.492  33.328  9.652 0.0000000000
101295  43.608  33.612  11.367 0.0000000000
126745  44.820  33.475  12.553 0.0000000000
101273  45.302  33.366  13.523 0.0000000000
145914  44.160  52.674  -0.316 0.0000000000
144032  43.591  47.426  6.182 0.0000000000
111108  43.768  47.408  4.407 0.0000000000
111089  45.348  47.186  6.058 0.0000000000
111096  47.033  47.084  5.462 0.0000000000
109824  48.510  46.526  5.262 0.0000000000
109832  50.108  45.517  4.377 0.0000000000
108537  49.285  44.241  5.431 0.0000000000
107900  50.764  42.417  5.581 0.0000000000
102730  46.480  35.414  -1.886 0.0000000000
103547  44.682  35.538  -1.900 0.0000000000
102026  44.890  34.311  -2.360 0.0000000000
101409  44.172  33.364  -2.923 0.0000000000
129492  42.995  31.565  -2.787 0.0000000000
134073  44.285  29.480  2.783 0.0000000000
98560  43.659  29.334  0.941 0.0000000000
102703  36.619  35.941  4.241 0.0000000000
104357  37.265  37.048  2.102 0.0000000000
103517  36.818  36.550  2.444 0.0000000000
144576  38.113  35.060  4.847 0.0000000000
149513  38.607  34.578  4.592 0.0000000000
141022  39.209  33.393  4.226 0.0000000000
100702  39.342  32.623  3.803 0.0000000000
109944  50.938  44.690  -3.849 0.0000000000
110547  48.087  46.127  -2.945 0.0000000000
107883  44.596  42.265  6.794 0.0000000000
136043  44.693  40.718  7.297 0.0000000000
107865  42.606  42.015  8.110 0.0000000000
107184  41.572  41.402  9.434 0.0000000000
124969  41.045  40.798  11.055 0.0000000000
144033  41.577  40.312  12.279 0.0000000000
105793  42.988  39.913  13.058 0.0000000000
113514  39.833  51.794  4.462 0.0000000000
112271  38.857  49.078  5.042 0.0000000000
111102  39.948  47.739  5.490 0.0000000000
124872  42.262  47.461  7.025 0.0000000000
110473  43.494  46.803  7.379 0.0000000000
149483  44.197  44.622  6.735 0.0000000000
100070  45.130  31.466  1.588 0.0000000000
99363  45.014  30.828  -0.483 0.0000000000
99354  47.309  30.435  0.528 0.0000000000
99368  48.016  29.017  -1.469 0.0000000000
97844  47.684  27.905  -1.238 0.0000000000
148172  50.603  28.862  1.197 0.0000000000
97835  48.534  28.314  1.089 0.0000000000
98557  46.585  28.785  1.784 0.0000000000
150147  45.733  39.410  2.843 0.0000000000
105132  44.705  38.680  2.238 0.0000000000
124215  46.533  38.567  1.573 0.0000000000
147796  46.886  38.161  0.668 0.0000000000
124182  48.453  36.805  -1.315 0.0000000000
104338  50.438  37.072  2.558 0.0000000000
134662  49.655  36.602  -0.454 0.0000000000
124227  47.419  36.009  -1.341 0.0000000000
102720  46.475  35.490  -0.899 0.0000000000
102722  44.113  35.230  1.146 0.0000000000
141907  43.574  33.386  1.454 0.0000000000
105822  44.770  39.404  7.657 0.0000000000
150516  44.723  38.265  7.227 0.0000000000
104320  43.826  37.215  5.709 0.0000000000
103465  41.132  36.700  8.659 0.0000000000
103487  42.418  36.342  6.420 0.0000000000
103505  43.695  36.467  4.518 0.0000000000
133911  43.142  34.813  3.875 0.0000000000
101991  43.181  33.983  3.624 0.0000000000
100712  43.807  32.645  2.891 0.0000000000
100045  45.014  31.752  3.958 0.0000000000
147988  45.986  31.466  4.464 0.0000000000
141700  46.954  31.437  5.572 0.0000000000
100661  45.492  32.925  8.777 0.0000000000
100660  47.179  32.714  8.129 0.0000000000
100018  48.508  32.110  6.945 0.0000000000
100670  50.527  32.619  7.620 0.0000000000
112380  43.863  49.335  -5.166 0.0000000000
113004  46.894  51.027  -5.210 0.0000000000
112356  48.001  50.481  -4.818 0.0000000000
111129  43.413  47.916  2.490 0.0000000000
112331  44.339  49.871  -0.786 0.0000000000
112335  46.086  49.664  -2.289 0.0000000000
111726  48.038  48.912  -2.639 0.0000000000
111725  49.027  48.471  -2.877 0.0000000000
111157  49.953  47.341  -1.399 0.0000000000
110508  50.742  45.367  0.445 0.0000000000
137954  50.685  44.702  1.253 0.0000000000
109831  50.943  44.581  3.794 0.0000000000
109259  51.016  44.042  2.403 0.0000000000
108569  48.966  43.586  3.176 0.0000000000
107918  47.597  42.220  3.279 0.0000000000
106574  46.701  40.643  3.237 0.0000000000
105143  43.258  38.005  1.614 0.0000000000
104373  42.191  37.269  0.902 0.0000000000
103541  40.416  36.289  0.474 0.0000000000
102742  42.428  35.412  -1.087 0.0000000000
103550  40.997  35.630  -0.076 0.0000000000
102012  39.783  35.353  0.812 0.0000000000
101997  40.312  34.059  1.901 0.0000000000
100713  39.896  32.798  3.074 0.0000000000
98591  45.140  29.304  -3.107 0.0000000000
98600  42.976  29.607  -2.799 0.0000000000
99372  42.097  30.782  -1.351 0.0000000000
145348  42.953  29.437  0.391 0.0000000000
100080  41.399  31.206  -0.090 0.0000000000
98491  49.071  29.594  7.330 0.0000000000
97093  48.786  26.929  6.623 0.0000000000
105869  43.520  39.540  3.361 0.0000000000
105880  44.064  39.170  2.907 0.0000000000
139228  45.280  39.829  3.307 0.0000000000
133086  44.683  40.427  3.682 0.0000000000
129509  43.970  39.991  3.641 0.0000000000
106576  43.247  40.068  3.863 0.0000000000
99289  52.092  31.336  8.055 0.0000000000
107214  46.839  40.867  6.564 0.0000000000
106543  46.131  40.603  6.843 0.0000000000
107882  45.404  42.524  6.359 0.0000000000
108513  46.119  43.130  5.956 0.0000000000
144889  46.197  42.329  6.163 0.0000000000
107880  47.618  42.104  5.894 0.0000000000
100717  43.748  32.706  0.938 0.0000000000
100722  43.887  32.636  -0.147 0.0000000000
100721  44.029  32.100  0.478 0.0000000000
105112  37.812  38.672  4.677 0.0000000000
105124  38.071  38.090  3.921 0.0000000000
129519  38.871  36.481  1.103 0.0000000000
103533  38.341  36.405  1.427 0.0000000000
101999  38.856  35.368  2.306 0.0000000000
109882  49.606  44.892  0.969 0.0000000000
109902  48.533  45.335  0.323 0.0000000000
109276  48.136  44.763  1.642 0.0000000000
109177  42.470  45.376  10.141 0.0000000000
139327  42.428  44.259  10.444 0.0000000000
109173  42.696  45.350  11.036 0.0000000000
110448  42.110  46.720  11.014 0.0000000000
134289  42.151  46.885  10.318 0.0000000000
109181  42.447  45.314  9.263 0.0000000000
100041  48.609  30.972  4.601 0.0000000000
99324  48.435  30.791  3.709 0.0000000000
99323  49.518  30.633  3.927 0.0000000000
97121  49.520  27.202  3.189 0.0000000000
128221  50.055  39.393  3.900 0.0000000000
105864  49.665  38.908  2.999 0.0000000000
105863  50.511  38.409  3.353 0.0000000000
125889  46.141  37.423  4.371 0.0000000000
104341  46.102  37.101  3.470 0.0000000000
103515  45.335  36.744  3.169 0.0000000000
103504  44.496  36.700  3.912 0.0000000000
105805  40.812  39.683  10.404 0.0000000000
131711  41.630  39.044  9.294 0.0000000000
105063  40.976  39.016  9.859 0.0000000000
101329  41.661  33.830  9.007 0.0000000000
101340  41.519  34.064  8.214 0.0000000000
101347  42.417  33.302  7.454 0.0000000000
130991  42.321  33.523  6.769 0.0000000000
100676  42.845  32.916  6.966 0.0000000000
100675  43.612  32.584  7.347 0.0000000000
101346  42.943  32.905  7.841 0.0000000000
148526  46.638  33.364  12.368 0.0000000000
113567  43.942  51.973  -1.234 0.0000000000
112945  43.427  51.278  -1.736 0.0000000000
113577  44.233  51.624  -1.597 0.0000000000
112956  44.829  51.506  -2.237 0.0000000000
111110  41.281  47.821  4.377 0.0000000000
111677  40.743  48.417  3.889 0.0000000000
125186  42.118  47.675  4.100 0.0000000000
111116  47.830  47.359  3.841 0.0000000000
111127  46.986  47.606  2.217 0.0000000000
127675  48.124  47.501  2.576 0.0000000000
111136  48.004  47.628  1.631 0.0000000000
111135  49.133  47.315  1.843 0.0000000000
141705  49.119  47.220  2.558 0.0000000000
106563  50.622  40.150  4.745 0.0000000000
107236  50.707  41.208  4.682 0.0000000000
104377  46.552  36.492  -1.518 0.0000000000
103537  45.344  36.967  -0.729 0.0000000000
103546  45.679  36.208  -1.664 0.0000000000
100736  42.000  32.796  -1.506 0.0000000000
138149  41.659  33.151  -0.796 0.0000000000
97845  46.624  27.945  -1.322 0.0000000000
97846  45.562  28.163  -1.386 0.0000000000
98572  44.610  28.711  -0.120 0.0000000000
131396  40.978  39.229  3.626 0.0000000000
105123  39.879  38.503  3.505 0.0000000000
131397  41.173  38.399  2.737 0.0000000000
104354  40.901  37.774  2.034 0.0000000000
104365  41.542  37.509  1.448 0.0000000000
140801  46.823  42.637  3.002 0.0000000000
108571  46.227  43.147  2.781 0.0000000000
107919  45.947  42.362  3.199 0.0000000000
107910  44.195  41.951  4.080 0.0000000000
107921  44.404  42.568  3.714 0.0000000000
106566  41.615  40.185  4.176 0.0000000000
100016  50.942  31.771  6.344 0.0000000000
100028  51.778  31.235  5.842 0.0000000000
100027  52.443  30.977  6.177 0.0000000000
98501  51.305  29.241  6.328 0.0000000000
97777  52.253  29.289  5.499 0.0000000000
144687  51.332  28.526  5.721 0.0000000000
97097  51.252  27.274  4.582 0.0000000000
97786  50.810  27.644  5.511 0.0000000000
111192  44.236  47.672  -5.942 0.0000000000
143812  44.478  46.853  -6.532 0.0000000000
105831  51.025  39.803  5.917 0.0000000000
105095  50.677  38.564  5.536 0.0000000000
105832  50.503  39.211  6.115 0.0000000000
127811  47.636  38.877  6.755 0.0000000000
105097  47.790  38.359  6.154 0.0000000000
105098  46.744  38.186  6.069 0.0000000000
128340  46.152  38.369  6.575 0.0000000000
144042  41.678  38.622  13.076 0.0000000000
150277  40.739  38.002  12.514 0.0000000000
139293  40.870  37.322  12.767 0.0000000000
101934  41.727  35.278  13.070 0.0000000000
145720  41.211  35.820  12.810 0.0000000000
101941  41.605  34.777  12.375 0.0000000000
130034  41.234  34.536  11.070 0.0000000000
101951  42.029  34.040  11.180 0.0000000000
101311  42.879  33.662  10.882 0.0000000000
101284  42.798  33.842  11.757 0.0000000000
101282  44.047  33.590  12.650 0.0000000000
101264  44.564  33.719  13.980 0.0000000000
101263  45.107  33.767  14.375 0.0000000000
111090  44.541  47.210  6.353 0.0000000000
111099  44.257  47.407  6.120 0.0000000000
138878  45.628  46.786  6.159 0.0000000000
130785  47.060  44.507  5.542 0.0000000000
110482  47.038  46.637  5.627 0.0000000000
109825  47.839  46.157  5.463 0.0000000000
110481  47.725  46.866  5.395 0.0000000000
128956  48.619  45.868  5.364 0.0000000000
109207  49.287  45.286  5.335 0.0000000000
107211  49.694  40.714  6.357 0.0000000000
107879  49.432  42.396  5.716 0.0000000000
107210  50.909  40.657  6.023 0.0000000000
102740  45.946  34.912  -2.084 0.0000000000
102017  45.626  34.875  -2.212 0.0000000000
102018  45.288  34.561  -2.177 0.0000000000
100734  44.389  32.213  -2.971 0.0000000000
131590  44.486  32.923  -2.844 0.0000000000
100743  44.307  32.767  -3.067 0.0000000000
100744  43.618  32.194  -3.091 0.0000000000
100095  43.605  31.231  -3.132 0.0000000000
102710  36.573  36.195  3.096 0.0000000000
104343  38.758  37.675  2.791 0.0000000000
146371  38.239  37.727  3.210 0.0000000000
133039  37.932  37.327  2.373 0.0000000000
102715  37.490  36.183  2.141 0.0000000000
102709  37.402  35.888  2.902 0.0000000000
102702  37.487  35.648  4.076 0.0000000000
101988  38.350  35.257  3.860 0.0000000000
101992  39.450  34.562  3.093 0.0000000000
101372  39.085  34.391  3.994 0.0000000000
110545  51.167  45.199  -2.625 0.0000000000
141308  50.988  44.809  -2.523 0.0000000000
109917  48.371  45.638  -1.027 0.0000000000
110535  49.346  45.362  -2.626 0.0000000000
110536  47.934  46.016  -1.870 0.0000000000
110537  46.569  46.316  -1.749 0.0000000000
107863  43.944  42.819  7.039 0.0000000000
133316  43.949  41.947  7.264 0.0000000000
107864  43.203  42.530  7.584 0.0000000000
107855  41.733  42.152  9.195 0.0000000000
107180  41.369  41.350  10.368 0.0000000000
106499  42.090  40.938  12.262 0.0000000000
105794  41.995  39.749  12.775 0.0000000000
114079  40.349  52.477  4.576 0.0000000000
113508  39.110  51.575  5.105 0.0000000000
112272  38.328  49.591  5.496 0.0000000000
111668  38.487  48.712  5.705 0.0000000000
111667  39.218  48.364  5.304 0.0000000000
111076  41.666  47.418  8.567 0.0000000000
125593  41.138  47.405  7.947 0.0000000000
111092  41.079  47.366  7.058 0.0000000000
144563  42.632  47.411  7.741 0.0000000000
124634  43.113  47.365  7.277 0.0000000000
110474  42.992  47.162  7.853 0.0000000000
109189  42.692  44.176  8.191 0.0000000000
109187  43.667  44.764  7.221 0.0000000000
108502  43.231  44.035  7.528 0.0000000000
108501  43.934  43.801  6.913 0.0000000000
100061  45.853  31.340  1.998 0.0000000000
100069  45.834  31.103  1.278 0.0000000000
100068  46.554  30.938  1.402 0.0000000000
99359  49.195  29.396  -0.209 0.0000000000
99360  48.198  29.656  -0.451 0.0000000000
98570  48.884  28.808  -1.077 0.0000000000
97852  48.074  28.105  -1.615 0.0000000000
97843  48.662  28.066  -1.106 0.0000000000
99330  51.437  29.822  3.706 0.0000000000
99340  50.900  29.368  2.677 0.0000000000
135142  50.902  28.632  2.162 0.0000000000
97824  48.411  28.300  2.277 0.0000000000
97823  49.411  28.151  1.683 0.0000000000
97836  47.463  28.488  1.103 0.0000000000
97825  47.446  28.569  2.344 0.0000000000
98543  45.750  29.150  2.504 0.0000000000
98530  46.492  28.948  2.955 0.0000000000
105878  46.791  39.122  2.317 0.0000000000
105129  49.672  37.879  1.017 0.0000000000
105130  48.034  38.322  0.950 0.0000000000
105140  49.564  37.392  -0.096 0.0000000000
124183  48.061  37.514  -0.405 0.0000000000
124244  49.579  36.925  -0.992 0.0000000000
146729  50.592  37.710  4.415 0.0000000000
104337  50.567  37.598  3.551 0.0000000000
103523  47.343  36.551  1.610 0.0000000000
104352  48.492  36.673  1.704 0.0000000000
124219  48.510  36.424  0.577 0.0000000000
124197  48.386  36.241  -0.718 0.0000000000
141505  47.161  35.883  -0.499 0.0000000000
103531  45.886  35.961  0.861 0.0000000000
142934  43.597  34.024  0.859 0.0000000000
101996  43.491  34.353  1.883 0.0000000000
106529  43.508  40.508  7.891 0.0000000000
106528  44.358  40.200  7.618 0.0000000000
105823  43.976  39.553  7.974 0.0000000000
105076  42.821  37.861  8.023 0.0000000000
105075  43.454  38.302  7.977 0.0000000000
142835  43.939  37.989  7.377 0.0000000000
124284  44.277  37.724  6.568 0.0000000000
104309  43.481  37.423  6.645 0.0000000000
124675  40.393  37.015  10.303 0.0000000000
104291  40.652  36.777  9.506 0.0000000000
103466  40.621  35.933  9.092 0.0000000000
102690  41.714  35.083  6.759 0.0000000000
103488  41.821  35.914  6.878 0.0000000000
102689  42.187  35.584  6.181 0.0000000000
103497  42.687  36.111  5.673 0.0000000000
103506  43.013  35.870  4.933 0.0000000000
102700  43.306  35.658  4.136 0.0000000000
102701  42.808  35.039  4.681 0.0000000000
101358  42.974  33.140  5.018 0.0000000000
101365  42.824  34.040  4.550 0.0000000000
101364  43.269  33.268  4.156 0.0000000000
101370  43.446  33.263  3.306 0.0000000000
100708  43.771  32.647  3.774 0.0000000000
100707  44.447  32.075  3.321 0.0000000000
100700  44.301  32.137  4.262 0.0000000000
100686  45.024  31.997  6.623 0.0000000000
100033  45.622  31.595  5.011 0.0000000000
100020  46.024  31.597  5.806 0.0000000000
100019  46.799  31.689  6.299 0.0000000000
101309  44.520  33.405  9.964 0.0000000000
100662  44.711  32.777  8.564 0.0000000000
129935  45.333  33.403  9.813 0.0000000000
101337  47.718  33.257  8.963 0.0000000000
146851  46.629  33.173  9.012 0.0000000000
140539  48.018  32.487  7.608 0.0000000000
100671  49.080  32.525  7.627 0.0000000000
112348  42.276  50.082  -3.786 0.0000000000
112349  41.330  50.035  -3.672 0.0000000000
112360  41.667  49.568  -4.178 0.0000000000
112358  43.519  49.880  -4.545 0.0000000000
112967  46.179  51.540  -3.508 0.0000000000
112988  47.105  51.441  -4.548 0.0000000000
112987  47.524  50.981  -5.071 0.0000000000
112965  47.367  51.254  -4.385 0.0000000000
144432  44.580  47.390  4.578 0.0000000000
111119  43.694  47.578  3.310 0.0000000000
143061  44.533  47.477  3.350 0.0000000000
111137  45.346  47.794  1.546 0.0000000000
111138  44.518  47.964  1.686 0.0000000000
144949  44.329  48.731  0.438 0.0000000000
111716  44.628  49.030  -0.339 0.0000000000
112330  44.971  49.490  -1.134 0.0000000000
111715  45.419  48.716  -0.573 0.0000000000
111152  48.271  47.967  -0.172 0.0000000000
111720  47.718  48.563  -1.738 0.0000000000
111719  48.869  48.290  -1.936 0.0000000000
111162  49.909  47.474  -2.373 0.0000000000
109881  50.767  44.939  0.721 0.0000000000
128542  50.927  44.721  1.430 0.0000000000
109823  50.626  44.790  4.790 0.0000000000
109225  51.160  44.129  4.369 0.0000000000
108568  50.919  43.457  3.635 0.0000000000
145128  49.889  43.309  3.532 0.0000000000
109244  50.549  43.735  2.933 0.0000000000
107917  48.803  42.750  3.603 0.0000000000
106573  47.774  40.339  3.066 0.0000000000
107245  47.615  41.207  3.309 0.0000000000
105867  46.202  39.850  3.098 0.0000000000
105133  43.717  38.489  2.161 0.0000000000
105142  44.433  38.155  1.478 0.0000000000
140400  42.814  37.081  0.461 0.0000000000
104364  43.014  37.517  1.008 0.0000000000
104374  41.335  36.868  0.705 0.0000000000
132764  41.265  36.247  0.134 0.0000000000
102747  44.421  34.921  -2.251 0.0000000000
102741  43.522  35.537  -1.459 0.0000000000
102748  43.179  34.924  -1.751 0.0000000000
102020  41.376  34.371  -0.733 0.0000000000
102743  41.583  35.053  -0.773 0.0000000000
102021  40.966  34.938  -0.189 0.0000000000
102733  40.347  35.500  0.368 0.0000000000
102011  40.574  34.773  0.332 0.0000000000
102005  39.847  34.815  1.417 0.0000000000
102004  40.416  34.415  1.033 0.0000000000
100718  40.758  32.428  1.424 0.0000000000
101377  40.388  32.925  2.190 0.0000000000
145200  39.992  32.075  2.498 0.0000000000
99370  45.670  30.122  -1.383 0.0000000000
99371  44.911  30.648  -1.500 0.0000000000
98590  45.837  28.643  -2.705 0.0000000000
98592  43.291  28.784  -2.331 0.0000000000
97865  43.927  28.449  -3.025 0.0000000000
98593  42.785  29.416  -2.188 0.0000000000
99379  42.473  30.194  -2.093 0.0000000000
98585  42.105  29.975  -1.221 0.0000000000
126288  43.048  29.611  2.019 0.0000000000
98561  42.539  29.580  1.141 0.0000000000
141848  41.329  38.912  3.249 0.0000000000
105134  42.724  38.385  2.213 0.0000000000
107246  45.931  41.374  3.440 0.0000000000
139375  45.396  41.884  3.510 0.0000000000
107247  45.155  41.202  3.700 0.0000000000
107237  44.385  41.252  4.022 0.0000000000
106565  42.943  40.770  4.296 0.0000000000
148461  52.556  31.865  7.526 0.0000000000
100014  52.488  31.421  7.052 0.0000000000
99300  52.514  31.012  7.181 0.0000000000
98489  52.070  30.209  6.728 0.0000000000
129589  48.566  40.749  6.447 0.0000000000
105833  49.372  39.317  6.545 0.0000000000
106541  47.801  40.316  6.679 0.0000000000
106526  46.263  39.420  7.223 0.0000000000
105039  43.147  38.290  13.514 0.0000000000
104268  41.712  37.109  13.336 0.0000000000
104267  42.878  37.304  13.673 0.0000000000
102641  42.573  35.043  13.512 0.0000000000
109193  45.383  44.681  6.125 0.0000000000
109820  45.372  45.929  6.279 0.0000000000
109192  46.185  44.195  5.774 0.0000000000
108538  47.882  43.900  5.465 0.0000000000
129796  48.687  43.180  5.531 0.0000000000
107901  47.629  42.950  5.596 0.0000000000
107212  48.780  41.598  6.083 0.0000000000
132652  44.194  34.170  -0.334 0.0000000000
102019  44.872  34.080  -1.725 0.0000000000
101386  44.230  33.395  -0.992 0.0000000000
148710  44.278  32.028  -1.497 0.0000000000
142579  44.449  31.554  -2.634 0.0000000000
146801  38.430  36.819  1.431 0.0000000000
102725  37.869  36.369  1.789 0.0000000000
144603  38.063  35.908  1.962 0.0000000000
101998  39.659  34.705  2.157 0.0000000000
109916  50.555  45.033  -0.789 0.0000000000
133723  50.368  44.897  -1.506 0.0000000000
131334  49.162  45.348  -0.419 0.0000000000
127602  47.674  45.643  -0.327 0.0000000000
106568  39.558  40.309  4.915 0.0000000000
106557  38.834  40.218  5.259 0.0000000000
105845  37.524  39.350  5.319 0.0000000000
105099  36.909  38.591  4.837 0.0000000000
108497  42.317  43.410  8.617 0.0000000000
108495  42.239  43.797  9.511 0.0000000000
148229  42.150  43.395  10.176 0.0000000000
110450  40.693  46.703  10.571 0.0000000000
110464  40.460  46.946  9.878 0.0000000000
111055  41.306  47.077  10.090 0.0000000000
110463  41.887  47.185  9.898 0.0000000000
110470  42.542  47.009  8.662 0.0000000000
145419  42.557  46.204  8.869 0.0000000000
109184  42.665  45.100  8.546 0.0000000000
100050  47.492  30.998  3.456 0.0000000000
99344  47.382  30.720  1.545 0.0000000000
99333  48.335  30.653  2.750 0.0000000000
99342  49.282  30.177  1.950 0.0000000000
99351  50.144  29.509  1.162 0.0000000000
97119  51.092  27.222  3.126 0.0000000000
97128  50.766  27.873  2.324 0.0000000000
97120  50.520  27.098  3.059 0.0000000000
97812  48.906  27.896  2.712 0.0000000000
97813  47.865  28.327  3.157 0.0000000000
105865  48.531  39.432  2.743 0.0000000000
105876  49.638  38.373  2.122 0.0000000000
105128  50.371  37.414  1.515 0.0000000000
104326  48.228  37.507  4.221 0.0000000000
104339  48.916  37.191  3.039 0.0000000000
104340  47.259  37.284  3.572 0.0000000000
104353  46.989  36.905  2.598 0.0000000000
103514  46.162  36.528  2.086 0.0000000000
103524  45.049  36.309  2.315 0.0000000000
103525  44.180  36.012  2.728 0.0000000000
105818  41.964  39.843  8.982 0.0000000000
105817  42.713  39.400  8.538 0.0000000000
149653  42.222  39.036  8.833 0.0000000000
128638  41.923  38.370  8.828 0.0000000000
104289  42.220  37.761  8.348 0.0000000000
101964  40.830  34.758  9.386 0.0000000000
102675  40.760  35.079  8.740 0.0000000000
101968  41.158  34.651  8.254 0.0000000000
101973  41.438  34.587  7.529 0.0000000000
101977  42.128  34.757  6.052 0.0000000000
101982  42.505  34.469  5.339 0.0000000000
145330  42.312  33.930  6.024 0.0000000000
101352  42.789  33.128  6.008 0.0000000000
100695  43.489  32.565  5.547 0.0000000000
100694  44.226  32.115  5.150 0.0000000000
127328  44.254  32.284  6.897 0.0000000000
147581  44.812  32.242  7.182 0.0000000000
124708  45.848  33.486  9.972 0.0000000000
101307  46.247  33.548  10.444 0.0000000000
101324  47.227  33.472  9.693 0.0000000000
112946  42.402  50.841  -1.688 0.0000000000
112958  42.749  50.660  -2.412 0.0000000000
112347  43.261  50.256  -3.892 0.0000000000
112969  44.020  50.715  -3.179 0.0000000000
150292  45.682  51.569  -3.218 0.0000000000
112954  46.356  51.312  -3.419 0.0000000000
112292  39.783  49.753  3.867 0.0000000000
112888  40.874  50.661  2.881 0.0000000000
112291  40.366  49.349  3.483 0.0000000000
111696  41.464  49.295  2.419 0.0000000000
111118  45.975  47.374  3.832 0.0000000000
124855  45.310  47.466  3.021 0.0000000000
124867  46.392  47.469  3.089 0.0000000000
131778  46.248  47.699  1.473 0.0000000000
111145  46.624  47.863  0.733 0.0000000000
111706  46.015  48.226  0.083 0.0000000000
111144  47.844  47.780  0.709 0.0000000000
111151  49.897  47.232  -0.403 0.0000000000
111134  50.004  46.426  1.965 0.0000000000
141707  50.687  45.402  2.224 0.0000000000
107225  52.054  42.096  5.043 0.0000000000
108553  51.611  42.863  4.724 0.0000000000
107908  51.986  42.183  4.816 0.0000000000
107909  51.296  42.090  4.498 0.0000000000
137447  49.519  41.805  4.127 0.0000000000
124176  46.434  37.678  0.005 0.0000000000
104362  45.112  37.638  0.390 0.0000000000
133431  44.416  37.286  0.082 0.0000000000
103539  43.227  36.644  -0.192 0.0000000000
141411  42.331  33.897  -1.820 0.0000000000
134007  41.782  33.704  -1.302 0.0000000000
101393  41.320  33.770  -0.490 0.0000000000
101388  40.967  33.827  0.363 0.0000000000
100724  41.133  32.707  0.749 0.0000000000
97862  46.844  28.008  -2.295 0.0000000000
97863  45.930  28.169  -2.602 0.0000000000
97855  45.299  28.059  -2.386 0.0000000000
98583  43.436  28.847  -1.365 0.0000000000
105110  39.531  38.948  4.180 0.0000000000
148427  39.458  38.006  3.044 0.0000000000
105136  40.215  38.053  2.709 0.0000000000
104355  39.335  37.576  2.300 0.0000000000
103532  39.617  36.736  0.977 0.0000000000
108584  47.845  43.884  2.627 0.0000000000
109262  47.241  44.356  2.066 0.0000000000
108586  45.721  43.649  2.445 0.0000000000
107920  45.116  42.524  3.392 0.0000000000
129241  42.006  40.819  4.428 0.0000000000
136841  41.139  40.702  4.537 0.0000000000
106567  40.320  40.484  4.668 0.0000000000
125167  39.966  39.698  4.441 0.0000000000
110436  40.891  46.444  11.311 0.0000000000
110435  41.855  46.627  11.585 0.0000000000
110434  42.381  46.578  11.634 0.0000000000
99316  49.838  30.931  4.790 0.0000000000
99315  51.271  30.854  5.018 0.0000000000
99321  51.906  30.299  4.589 0.0000000000
98517  52.139  29.548  4.404 0.0000000000
99313  52.491  30.365  5.689 0.0000000000
97784  52.286  28.944  4.640 0.0000000000
97799  51.968  28.650  3.942 0.0000000000
97109  51.314  27.138  3.693 0.0000000000
96353  50.648  26.478  4.283 0.0000000000
105119  51.128  38.275  4.475 0.0000000000
105094  51.193  38.342  4.922 0.0000000000
136556  50.893  37.902  4.975 0.0000000000
104315  49.857  37.791  5.096 0.0000000000
105086  48.599  38.813  6.522 0.0000000000
105096  49.062  38.295  5.854 0.0000000000
104316  48.551  37.870  5.185 0.0000000000
124481  46.283  37.813  5.351 0.0000000000
104328  45.359  37.524  5.083 0.0000000000
105796  40.660  39.203  11.931 0.0000000000
105051  40.448  38.671  11.327 0.0000000000
144793  40.328  37.964  11.458 0.0000000000
137425  40.269  37.246  11.142 0.0000000000
103455  40.342  36.396  10.805 0.0000000000
103443  41.048  36.509  12.873 0.0000000000
142640  40.695  35.995  12.222 0.0000000000
102657  40.479  35.566  10.510 0.0000000000
101953  40.813  34.757  10.235 0.0000000000
150312  41.810  33.865  9.723 0.0000000000
101328  42.484  33.493  9.413 0.0000000000
101338  43.163  33.116  8.762 0.0000000000
130829  42.950  33.489  10.156 0.0000000000
101310  43.670  33.493  10.494 0.0000000000
131512  44.475  33.526  10.951 0.0000000000
101294  44.290  33.579  11.875 0.0000000000
101293  45.250  33.520  11.568 0.0000000000
101281  45.804  33.402  12.345 0.0000000000
101272  46.319  33.197  13.083 0.0000000000
113547  44.328  51.864  -0.918 0.0000000000
111100  42.903  47.395  5.647 0.0000000000
111109  42.880  47.412  4.690 0.0000000000
124869  43.656  47.397  5.418 0.0000000000
124870  44.448  47.404  5.326 0.0000000000
111107  45.224  47.390  5.167 0.0000000000
109819  46.272  46.341  5.976 0.0000000000
110477  46.265  47.068  5.826 0.0000000000
124697  46.118  47.369  4.870 0.0000000000
111106  47.017  47.296  5.099 0.0000000000
111105  47.706  47.277  4.725 0.0000000000
111115  48.436  47.099  4.315 0.0000000000
110490  49.115  46.819  3.799 0.0000000000
143967  49.298  45.962  5.129 0.0000000000
109206  50.231  44.711  5.214 0.0000000000
108536  50.682  43.913  5.301 0.0000000000
135246  49.986  43.229  5.504 0.0000000000
107899  51.710  42.514  5.183 0.0000000000
107226  51.520  41.647  5.414 0.0000000000
135464  51.228  40.618  5.353 0.0000000000
103554  45.732  35.517  -2.195 0.0000000000
102739  46.044  35.174  -2.135 0.0000000000
102746  45.449  34.986  -2.374 0.0000000000
102027  43.907  34.343  -2.386 0.0000000000
102033  44.348  33.784  -2.658 0.0000000000
101410  43.335  33.745  -2.441 0.0000000000
131642  43.452  33.009  -2.888 0.0000000000
100735  42.618  32.323  -2.434 0.0000000000
100090  42.064  31.783  -1.475 0.0000000000
98559  44.762  29.070  1.087 0.0000000000
98545  44.033  29.486  1.992 0.0000000000
102697  36.645  35.770  5.417 0.0000000000
103528  36.576  36.964  2.475 0.0000000000
103527  37.275  36.752  2.059 0.0000000000
102696  37.408  35.430  5.131 0.0000000000
101984  37.872  34.745  5.669 0.0000000000
101366  38.825  33.751  4.743 0.0000000000
100703  38.783  32.633  4.631 0.0000000000
109928  50.565  44.789  -2.372 0.0000000000
109938  50.528  44.737  -3.359 0.0000000000
109277  46.841  44.772  1.505 0.0000000000
109903  47.021  45.455  0.340 0.0000000000
147222  45.152  41.712  6.701 0.0000000000
107198  45.347  40.858  7.014 0.0000000000
107199  44.628  41.434  7.089 0.0000000000
128131  44.060  41.052  7.434 0.0000000000
106530  42.698  41.040  8.250 0.0000000000
107854  42.125  42.502  8.660 0.0000000000
107190  42.036  41.676  8.691 0.0000000000
106522  41.968  40.807  8.802 0.0000000000
144125  41.503  40.567  9.466 0.0000000000
106512  41.094  40.512  10.268 0.0000000000
106503  40.947  40.096  11.654 0.0000000000
105795  41.192  39.588  12.393 0.0000000000
105791  41.623  39.168  12.856 0.0000000000
105790  42.436  39.017  13.233 0.0000000000
145114  39.957  51.327  3.944 0.0000000000
112876  38.412  50.284  5.345 0.0000000000
112875  38.827  50.684  4.873 0.0000000000
112882  39.300  50.234  4.356 0.0000000000
111679  39.382  48.742  4.713 0.0000000000
111666  39.750  48.278  4.819 0.0000000000
111101  41.077  47.510  5.348 0.0000000000
111067  40.143  47.100  9.117 0.0000000000
111093  39.950  47.466  6.538 0.0000000000
124703  40.659  47.473  6.119 0.0000000000
124871  42.127  47.379  5.979 0.0000000000
124857  43.052  47.458  6.589 0.0000000000
111091  43.778  47.303  6.724 0.0000000000
109815  44.095  46.431  6.971 0.0000000000
110469  43.035  46.593  8.116 0.0000000000
128713  44.115  45.495  6.906 0.0000000000
109194  44.675  45.123  6.422 0.0000000000
128133  44.679  44.127  6.430 0.0000000000
108515  44.623  43.162  6.539 0.0000000000
100716  44.430  31.964  1.847 0.0000000000
100078  44.469  31.461  0.106 0.0000000000
100077  45.258  31.055  0.588 0.0000000000
99362  45.960  30.460  -0.411 0.0000000000
99361  47.095  29.931  -0.651 0.0000000000
98581  47.628  28.392  -1.960 0.0000000000
97861  47.519  28.039  -2.078 0.0000000000
97837  46.816  28.369  0.219 0.0000000000
99331  50.473  30.126  3.227 0.0000000000
99341  50.242  29.796  2.207 0.0000000000
98555  50.461  29.007  0.696 0.0000000000
97822  50.224  28.197  1.355 0.0000000000
97833  50.103  28.600  0.507 0.0000000000
137451  49.539  28.561  -0.284 0.0000000000
127834  48.088  28.265  -0.127 0.0000000000
98558  45.728  28.893  1.325 0.0000000000
105879  44.968  39.252  2.897 0.0000000000
105131  45.662  38.878  2.279 0.0000000000
124263  47.269  37.069  -1.213 0.0000000000
124179  47.734  36.302  -1.596 0.0000000000
105120  50.789  37.883  3.609 0.0000000000
104350  50.445  37.328  2.533 0.0000000000
104351  50.468  36.951  1.261 0.0000000000
130533  49.948  36.782  1.920 0.0000000000
104361  49.951  36.611  0.756 0.0000000000
146360  50.266  36.823  0.123 0.0000000000
126430  49.555  36.699  -0.880 0.0000000000
124178  48.455  36.413  -1.202 0.0000000000
102731  45.869  34.993  -1.303 0.0000000000
102721  45.171  35.435  0.277 0.0000000000
102732  44.664  34.888  -0.150 0.0000000000
102003  43.863  34.607  0.735 0.0000000000
106527  45.866  39.999  7.209 0.0000000000
105821  45.560  39.386  7.407 0.0000000000
105074  45.174  38.805  7.444 0.0000000000
105088  45.467  38.369  6.959 0.0000000000
149797  44.964  37.964  6.568 0.0000000000
104319  44.714  37.594  5.792 0.0000000000
104329  44.405  37.129  4.857 0.0000000000
104286  40.669  37.616  9.827 0.0000000000
104290  41.545  37.585  8.780 0.0000000000
104301  41.762  37.135  8.215 0.0000000000
102674  40.971  35.747  8.235 0.0000000000
103478  41.589  36.409  7.696 0.0000000000
104310  42.738  37.046  6.840 0.0000000000
103486  43.053  36.812  6.058 0.0000000000
150011  43.802  36.860  5.077 0.0000000000
103516  43.893  36.187  3.605 0.0000000000
102707  43.548  35.495  3.269 0.0000000000
138990  43.366  34.667  2.988 0.0000000000
136304  43.351  33.902  2.870 0.0000000000
101376  43.519  33.312  2.425 0.0000000000
133440  43.855  32.617  1.937 0.0000000000
100711  44.271  32.185  2.520 0.0000000000
100062  45.016  31.699  2.505 0.0000000000
100052  45.861  31.415  2.834 0.0000000000
100034  44.926  31.793  4.738 0.0000000000
142562  45.468  31.606  4.385 0.0000000000
100051  46.638  31.215  3.165 0.0000000000
100043  46.692  31.260  4.159 0.0000000000
100031  47.789  31.273  5.183 0.0000000000
100663  43.817  32.731  8.231 0.0000000000
100673  45.454  32.303  7.492 0.0000000000
150741  46.009  33.051  8.873 0.0000000000
124522  46.066  32.708  8.316 0.0000000000
100672  46.394  32.342  7.571 0.0000000000
100009  47.229  32.095  7.088 0.0000000000
139239  47.868  31.585  6.152 0.0000000000
100017  49.329  31.670  6.260 0.0000000000
100684  49.948  32.184  6.951 0.0000000000
100683  51.571  32.209  7.027 0.0000000000
100669  51.993  32.452  7.723 0.0000000000
111766  44.776  48.497  -5.939 0.0000000000
112357  44.282  50.100  -4.765 0.0000000000
112379  44.780  49.929  -5.270 0.0000000000
111748  45.443  49.481  -5.842 0.0000000000
112377  47.462  50.364  -5.731 0.0000000000
112376  47.984  50.177  -5.673 0.0000000000
112355  48.449  49.399  -4.621 0.0000000000
113535  43.649  51.500  0.148 0.0000000000
112916  44.006  51.250  -0.467 0.0000000000
111120  42.889  47.575  3.767 0.0000000000
111130  42.791  47.958  2.919 0.0000000000
124726  44.287  47.681  2.517 0.0000000000
112332  43.844  50.235  -0.353 0.0000000000
112929  44.369  50.990  -0.966 0.0000000000
112337  44.747  50.585  -1.472 0.0000000000
112342  45.842  50.928  -2.689 0.0000000000
112341  46.575  50.408  -3.070 0.0000000000
111721  46.651  48.794  -1.611 0.0000000000
111727  46.988  49.258  -2.526 0.0000000000
112340  47.445  49.861  -3.464 0.0000000000
111732  48.309  49.164  -3.390 0.0000000000
111731  48.957  48.670  -3.923 0.0000000000
111724  49.857  47.539  -3.373 0.0000000000
111161  50.878  46.127  -1.940 0.0000000000
111150  50.799  45.581  -0.259 0.0000000000
110521  50.991  45.026  -0.884 0.0000000000
109900  50.697  45.176  -0.109 0.0000000000
109275  49.594  44.559  1.745 0.0000000000
110489  49.908  46.030  3.515 0.0000000000
109845  50.919  44.961  3.050 0.0000000000
108567  51.179  43.516  4.026 0.0000000000
109258  51.194  44.132  2.824 0.0000000000
109863  51.018  44.448  2.156 0.0000000000
109260  49.629  44.108  2.453 0.0000000000
108570  47.742  43.106  3.082 0.0000000000
136185  48.323  41.829  3.548 0.0000000000
105144  42.413  37.799  1.586 0.0000000000
104363  43.916  37.705  0.970 0.0000000000
103542  39.507  36.033  0.677 0.0000000000
143006  44.875  36.043  -1.549 0.0000000000
133211  43.856  36.152  -1.076 0.0000000000
103548  42.763  36.077  -0.680 0.0000000000
102749  42.261  34.825  -1.364 0.0000000000
103549  41.777  35.862  -0.432 0.0000000000
101378  40.036  33.824  2.768 0.0000000000
145978  44.549  31.295  -0.726 0.0000000000
99378  44.701  30.482  -2.578 0.0000000000
99384  44.530  30.026  -3.160 0.0000000000
97870  45.146  28.503  -3.110 0.0000000000
98606  44.098  29.617  -3.381 0.0000000000
99385  43.507  30.137  -3.180 0.0000000000
99386  42.910  30.643  -2.734 0.0000000000
100089  42.452  31.221  -2.163 0.0000000000
98573  43.642  29.043  -0.268 0.0000000000
127856  42.780  29.404  -0.435 0.0000000000
98562  41.492  29.694  0.983 0.0000000000
98574  42.139  29.669  0.288 0.0000000000
126326  42.003  29.773  -0.532 0.0000000000
99364  41.650  30.485  -0.539 0.0000000000
100084  41.780  31.275  -0.795 0.0000000000
100071  40.755  31.292  0.809 0.0000000000
98490  50.564  29.760  7.101 0.0000000000
98502  49.743  28.980  6.723 0.0000000000
97779  49.211  28.005  6.584 0.0000000000
97785  51.800  28.262  4.955 0.0000000000
97811  51.487  27.951  3.175 0.0000000000
97832  50.491  28.559  1.303 0.0000000000
97834  49.620  28.365  0.559 0.0000000000
97841  50.379  28.832  0.669 0.0000000000
97842  49.941  28.803  -0.010 0.0000000000
97850  49.344  28.549  -0.680 0.0000000000
97851  48.972  28.306  -1.177 0.0000000000
97853  47.244  27.879  -1.996 0.0000000000
97856  44.203  28.386  -2.395 0.0000000000
97866  43.316  28.882  -2.932 0.0000000000
97871  44.433  28.543  -3.277 0.0000000000
97872  43.831  28.675  -3.266 0.0000000000
97877  44.105  28.906  -3.418 0.0000000000
98499  52.556  30.049  5.785 0.0000000000
98507  52.479  29.789  5.201 0.0000000000
98542  50.654  29.167  1.580 0.0000000000
98544  44.929  29.321  2.166 0.0000000000
98556  50.006  29.178  0.162 0.0000000000
98580  48.245  28.313  -1.613 0.0000000000
98589  46.832  28.277  -2.370 0.0000000000
98598  44.640  29.048  -3.360 0.0000000000
98599  43.542  29.148  -3.269 0.0000000000
99308  52.472  30.607  6.338 0.0000000000
99314  52.218  30.643  5.406 0.0000000000
99343  48.295  30.468  1.736 0.0000000000
99352  49.273  29.838  0.864 0.0000000000
99355  46.333  30.691  0.514 0.0000000000
99369  47.182  29.049  -1.857 0.0000000000
99377  45.464  29.643  -2.385 0.0000000000
100008  52.539  31.726  7.663 0.0000000000
100021  45.044  31.786  5.664 0.0000000000
100032  46.370  31.426  4.988 0.0000000000
100044  45.834  31.472  3.753 0.0000000000
100053  45.227  31.661  3.279 0.0000000000
100059  47.423  30.893  2.502 0.0000000000
100079  44.177  31.914  -0.607 0.0000000000
100088  44.441  32.348  -2.438 0.0000000000
100099  44.156  30.715  -3.245 0.0000000000
100649  45.014  33.131  9.278 0.0000000000
100668  52.712  32.045  7.986 0.0000000000
100682  52.479  31.948  7.302 0.0000000000
100727  44.248  32.609  -1.401 0.0000000000
100751  44.202  31.813  -3.157 0.0000000000
101274  44.316  33.608  13.327 0.0000000000
101275  43.451  33.865  13.178 0.0000000000
101280  46.445  33.493  11.725 0.0000000000
101325  45.827  33.271  9.356 0.0000000000
101326  44.121  33.027  9.103 0.0000000000
101353  41.868  34.228  6.730 0.0000000000
101408  44.422  33.446  -2.679 0.0000000000
101940  42.773  34.047  12.638 0.0000000000
101943  42.165  34.301  12.107 0.0000000000
101944  41.093  34.885  11.763 0.0000000000
101945  40.712  35.089  11.136 0.0000000000
101952  41.546  34.186  10.343 0.0000000000
101963  41.159  34.433  8.845 0.0000000000
102648  41.136  35.325  12.371 0.0000000000
102654  40.500  35.811  11.353 0.0000000000
102665  40.545  35.339  9.634 0.0000000000
102684  41.359  35.469  7.474 0.0000000000
103451  40.371  36.612  11.660 0.0000000000
103477  42.184  36.569  7.088 0.0000000000
103496  43.329  36.564  5.306 0.0000000000
104276  40.381  37.489  12.036 0.0000000000
104300  42.346  37.213  7.654 0.0000000000
104325  49.587  37.571  4.311 0.0000000000
104371  50.043  36.959  -0.540 0.0000000000
105044  41.304  37.998  13.019 0.0000000000
105045  40.491  38.376  12.029 0.0000000000
105065  42.720  38.528  8.423 0.0000000000
105085  49.769  38.716  6.162 0.0000000000
105087  46.885  38.677  6.713 0.0000000000
105147  50.101  37.083  -0.489 0.0000000000
105835  46.950  39.157  7.026 0.0000000000
105844  51.020  39.075  5.459 0.0000000000
105855  51.178  38.920  5.059 0.0000000000
106520  43.234  39.828  8.260 0.0000000000
106521  42.591  40.235  8.509 0.0000000000
106540  48.971  40.022  6.657 0.0000000000
106562  51.127  39.835  5.163 0.0000000000
107173  42.596  41.515  12.277 0.0000000000
107200  43.307  41.519  7.700 0.0000000000
107227  50.341  41.538  5.960 0.0000000000
107898  51.924  42.482  4.975 0.0000000000
108539  46.896  43.532  5.618 0.0000000000
109188  43.107  44.930  7.871 0.0000000000
109205  51.063  44.155  5.064 0.0000000000
109209  46.983  45.571  5.598 0.0000000000
109242  51.245  43.969  3.494 0.0000000000
109243  51.155  43.870  3.084 0.0000000000
109274  50.783  44.475  1.839 0.0000000000
109807  42.383  46.293  9.828 0.0000000000
109816  43.500  45.874  7.513 0.0000000000
109884  46.392  45.162  0.972 0.0000000000
109927  50.907  44.901  -1.639 0.0000000000
109937  50.964  44.637  -3.159 0.0000000000
109943  51.124  44.764  -3.368 0.0000000000
110437  39.914  46.310  11.118 0.0000000000
110472  44.055  47.055  6.862 0.0000000000
110478  44.795  46.767  6.443 0.0000000000
110485  49.079  46.529  4.620 0.0000000000
110486  48.219  47.024  5.058 0.0000000000
111065  42.077  47.282  9.111 0.0000000000
111082  43.482  47.171  7.211 0.0000000000
111083  41.952  47.506  7.852 0.0000000000
111097  45.791  47.323  5.675 0.0000000000
111098  45.009  47.429  5.933 0.0000000000
111111  40.409  48.014  4.618 0.0000000000
111126  47.350  47.483  3.175 0.0000000000
111128  45.875  47.582  2.239 0.0000000000
111142  50.235  46.440  1.139 0.0000000000
111146  45.676  47.984  0.830 0.0000000000
111156  50.902  45.838  -1.026 0.0000000000
111688  40.989  48.861  3.159 0.0000000000
111689  40.479  48.846  3.640 0.0000000000
111699  44.817  48.216  0.974 0.0000000000
111713  47.408  48.317  -0.849 0.0000000000
111714  46.342  48.478  -0.727 0.0000000000
111722  45.728  49.107  -1.427 0.0000000000
112280  39.320  49.392  4.473 0.0000000000
112281  38.768  49.868  4.874 0.0000000000
112303  40.824  49.719  2.862 0.0000000000
112336  45.359  50.149  -1.937 0.0000000000
112345  48.154  49.782  -4.066 0.0000000000
112378  46.599  50.178  -5.883 0.0000000000
112889  40.307  50.203  3.364 0.0000000000
112890  39.807  50.636  3.832 0.0000000000
112955  45.634  51.423  -2.931 0.0000000000
112966  46.888  51.666  -3.920 0.0000000000
112968  45.048  51.385  -3.048 0.0000000000
112970  43.019  50.463  -3.167 0.0000000000
112989  46.309  51.374  -4.368 0.0000000000
112991  44.376  50.594  -3.965 0.0000000000
113005  45.832  50.529  -5.254 0.0000000000
113534  44.155  52.258  -0.404 0.0000000000
113566  44.289  51.992  -1.158 0.0000000000
114076  39.714  52.345  5.079 0.0000000000
114090  44.098  52.392  0.278 0.0000000000
124177  49.179  36.506  -1.038 0.0000000000
124181  48.949  36.560  -1.155 0.0000000000
124309  44.278  38.725  7.821 0.0000000000
124856  44.324  47.409  3.921 0.0000000000
125741  49.112  47.625  0.350 0.0000000000
126668  40.691  38.360  10.003 0.0000000000
127587  42.548  42.768  8.091 0.0000000000
127590  44.471  31.680  1.023 0.0000000000
127643  47.058  31.273  4.865 0.0000000000
129641  46.816  41.789  6.192 0.0000000000
129965  48.870  28.299  -0.199 0.0000000000
130244  51.303  40.969  5.166 0.0000000000
133001  39.410  51.075  4.360 0.0000000000
134157  42.734  35.768  13.719 0.0000000000
134163  48.089  40.701  3.283 0.0000000000
135472  42.381  44.369  8.896 0.0000000000
139895  45.262  32.610  8.187 0.0000000000
140717  45.110  40.070  7.400 0.0000000000
140726  51.011  43.104  5.314 0.0000000000
140885  47.613  50.672  -4.137 0.0000000000
141027  43.811  38.094  1.587 0.0000000000
141652  41.602  34.496  11.707 0.0000000000
141829  46.026  33.541  11.144 0.0000000000
141867  41.430  47.404  6.303 0.0000000000
142399  45.485  51.273  -3.733 0.0000000000
142651  46.941  35.951  -1.838 0.0000000000
143180  47.570  47.157  5.233 0.0000000000
143333  51.345  43.585  4.733 0.0000000000
143615  44.538  49.145  -5.560 0.0000000000
143736  46.474  29.766  -1.321 0.0000000000
144229  50.847  38.497  3.957 0.0000000000
144427  46.481  47.254  5.489 0.0000000000
144712  49.578  45.224  -1.052 0.0000000000
145005  46.562  44.850  5.643 0.0000000000
145178  47.960  47.452  3.237 0.0000000000
145342  42.311  40.363  12.632 0.0000000000
145690  46.869  33.557  10.265 0.0000000000
146074  41.029  37.363  9.236 0.0000000000
146288  42.228  47.969  3.394 0.0000000000
146497  49.959  45.344  5.108 0.0000000000
146585  42.342  46.560  11.214 0.0000000000
146816  51.819  41.642  4.865 0.0000000000
147082  44.006  39.596  3.334 0.0000000000
147165  43.753  46.379  -6.481 0.0000000000
147941  41.347  40.976  9.871 0.0000000000
148389  45.514  31.769  6.224 0.0000000000
149048  44.482  51.213  -2.691 0.0000000000
149216  43.426  43.295  7.363 0.0000000000
149801  49.137  28.331  -0.884 0.0000000000
149891  46.165  38.078  6.026 0.0000000000
