#!ascii label  , from subject sub-v1s11x0050149_ses-1 vox2ras=TkReg
2053
69551  52.755  -2.283  25.303 0.0000000000
52029  44.686  -18.317  47.046 0.0000000000
46520  29.018  -23.082  50.746 0.0000000000
51938  22.935  -18.619  53.958 0.0000000000
135884  39.327  -22.360  55.101 0.0000000000
143592  33.916  -20.094  44.777 0.0000000000
64246  46.157  -6.670  26.993 0.0000000000
71378  61.003  -0.424  27.420 0.0000000000
64102  50.026  -7.423  38.095 0.0000000000
54531  45.127  -17.110  35.012 0.0000000000
143306  34.751  -16.156  36.521 0.0000000000
47497  30.043  -22.215  57.109 0.0000000000
49679  26.558  -20.182  52.521 0.0000000000
50729  26.582  -19.688  58.720 0.0000000000
46494  33.179  -23.877  53.839 0.0000000000
65174  54.699  -6.200  36.461 0.0000000000
145726  46.730  -16.748  51.104 0.0000000000
54370  49.329  -16.766  46.948 0.0000000000
56625  50.174  -14.451  41.560 0.0000000000
56616  44.620  -14.694  42.337 0.0000000000
55659  39.758  -14.809  36.382 0.0000000000
54461  39.793  -16.930  41.839 0.0000000000
49802  28.581  -20.435  44.315 0.0000000000
50931  30.579  -19.392  40.569 0.0000000000
72292  55.859  0.398  25.259 0.0000000000
68597  57.234  -4.129  20.845 0.0000000000
46561  27.127  -23.336  46.050 0.0000000000
46552  23.846  -23.768  47.548 0.0000000000
48636  43.313  -21.799  51.485 0.0000000000
49771  38.945  -19.994  45.982 0.0000000000
131297  37.088  -21.521  50.729 0.0000000000
48706  31.195  -21.122  48.912 0.0000000000
67509  49.159  -4.700  25.723 0.0000000000
52990  23.000  -16.752  62.165 0.0000000000
49615  20.321  -20.337  57.389 0.0000000000
73183  54.246  1.359  31.103 0.0000000000
68514  51.735  -3.346  30.036 0.0000000000
66348  52.477  -6.163  30.476 0.0000000000
149911  48.340  -6.763  33.505 0.0000000000
63075  44.800  -8.459  34.441 0.0000000000
62991  52.048  -8.549  43.532 0.0000000000
60051  46.499  -11.672  39.682 0.0000000000
57820  41.226  -13.640  33.602 0.0000000000
54570  40.623  -16.572  31.385 0.0000000000
50926  35.233  -19.504  40.641 0.0000000000
49598  30.407  -20.848  58.982 0.0000000000
49612  28.369  -20.957  57.992 0.0000000000
49579  28.950  -19.777  60.103 0.0000000000
48557  31.905  -21.474  57.247 0.0000000000
49729  46.320  -19.752  49.218 0.0000000000
140670  47.667  -18.862  46.711 0.0000000000
54418  47.224  -16.396  44.578 0.0000000000
137097  43.988  -16.166  44.571 0.0000000000
55554  41.819  -15.745  42.252 0.0000000000
53274  42.132  -16.995  45.002 0.0000000000
47659  26.564  -22.625  42.279 0.0000000000
48758  27.606  -21.568  41.294 0.0000000000
71391  53.780  -1.143  25.306 0.0000000000
71432  53.807  -0.610  21.797 0.0000000000
70511  51.659  -1.350  21.722 0.0000000000
46533  28.242  -23.201  48.932 0.0000000000
46550  25.252  -23.171  46.687 0.0000000000
48691  26.602  -21.727  49.127 0.0000000000
50778  24.786  -18.751  54.094 0.0000000000
148568  23.813  -20.626  50.999 0.0000000000
48650  22.397  -21.518  51.606 0.0000000000
48619  21.498  -21.406  53.801 0.0000000000
49656  43.177  -20.252  53.901 0.0000000000
47543  41.286  -22.389  53.529 0.0000000000
48639  39.566  -21.749  51.290 0.0000000000
47544  38.702  -22.876  53.497 0.0000000000
46510  30.848  -23.430  52.369 0.0000000000
47597  32.008  -22.094  51.266 0.0000000000
47607  30.185  -22.774  49.869 0.0000000000
47627  28.896  -22.408  47.313 0.0000000000
66402  47.467  -5.704  26.517 0.0000000000
66418  46.405  -5.695  23.329 0.0000000000
64263  45.105  -7.485  23.783 0.0000000000
48551  19.008  -21.745  58.702 0.0000000000
66347  54.024  -5.961  29.565 0.0000000000
67457  55.344  -5.651  32.156 0.0000000000
65161  52.109  -6.705  37.257 0.0000000000
65207  51.396  -6.357  35.024 0.0000000000
64129  49.405  -7.243  35.811 0.0000000000
64142  46.867  -7.701  34.346 0.0000000000
63057  47.669  -8.123  36.746 0.0000000000
55615  47.951  -16.107  38.096 0.0000000000
57752  48.640  -13.372  39.985 0.0000000000
56689  46.404  -14.677  36.839 0.0000000000
58986  43.630  -12.554  36.764 0.0000000000
56723  43.866  -15.619  34.092 0.0000000000
55722  42.132  -16.527  31.641 0.0000000000
54547  42.578  -17.235  33.233 0.0000000000
56741  37.503  -14.485  33.528 0.0000000000
49774  36.875  -20.618  45.396 0.0000000000
148239  37.479  -19.600  43.278 0.0000000000
49819  34.520  -20.263  42.520 0.0000000000
140601  31.368  -19.607  38.164 0.0000000000
70486  62.717  -2.145  23.717 0.0000000000
70488  60.481  -1.658  23.684 0.0000000000
47531  29.987  -22.408  54.238 0.0000000000
128171  27.755  -21.182  51.812 0.0000000000
49659  28.347  -20.843  54.632 0.0000000000
50767  26.452  -19.522  55.706 0.0000000000
51879  25.371  -18.737  56.722 0.0000000000
48572  36.650  -20.888  55.707 0.0000000000
46457  36.845  -23.676  55.100 0.0000000000
47518  34.486  -23.046  55.558 0.0000000000
46478  31.749  -23.817  54.836 0.0000000000
67405  56.423  -4.489  35.438 0.0000000000
139764  53.664  -6.336  40.243 0.0000000000
54414  51.249  -16.029  44.569 0.0000000000
55572  48.148  -15.049  41.979 0.0000000000
56678  45.356  -14.974  38.847 0.0000000000
146644  42.859  -15.513  36.098 0.0000000000
56668  41.994  -14.654  39.382 0.0000000000
55612  39.878  -15.539  39.096 0.0000000000
54478  37.836  -16.657  39.002 0.0000000000
146572  30.785  -19.622  44.592 0.0000000000
127411  31.815  -19.487  42.772 0.0000000000
50907  29.365  -19.628  42.596 0.0000000000
127682  58.064  0.382  26.450 0.0000000000
71419  58.776  -0.895  22.728 0.0000000000
71421  56.194  -0.345  22.234 0.0000000000
48672  25.260  -21.013  49.551 0.0000000000
50813  45.553  -20.332  51.447 0.0000000000
49732  43.408  -20.223  48.991 0.0000000000
50854  41.119  -18.957  47.088 0.0000000000
49735  40.654  -20.386  48.640 0.0000000000
48712  38.278  -21.023  47.918 0.0000000000
133529  35.297  -20.679  47.777 0.0000000000
47585  35.443  -21.989  52.168 0.0000000000
48687  34.236  -20.927  49.999 0.0000000000
148636  32.882  -20.097  47.335 0.0000000000
49763  29.886  -20.668  46.384 0.0000000000
48741  27.874  -22.010  45.105 0.0000000000
68557  50.991  -3.649  25.466 0.0000000000
69594  49.703  -2.486  21.817 0.0000000000
67536  47.997  -4.067  21.970 0.0000000000
51813  24.942  -17.942  61.208 0.0000000000
53048  23.433  -17.524  57.535 0.0000000000
53015  21.642  -17.777  59.616 0.0000000000
126476  21.129  -19.155  56.197 0.0000000000
126040  58.399  -0.160  29.971 0.0000000000
71353  56.304  -1.113  28.556 0.0000000000
70442  54.750  -1.727  28.069 0.0000000000
68539  54.085  -4.258  27.134 0.0000000000
66397  52.489  -5.416  26.998 0.0000000000
66372  50.796  -5.764  28.375 0.0000000000
66363  48.642  -5.186  29.307 0.0000000000
124849  53.919  -5.614  33.240 0.0000000000
66318  50.055  -5.461  32.338 0.0000000000
65278  47.432  -6.138  30.781 0.0000000000
143223  45.901  -7.218  31.337 0.0000000000
145728  43.783  -7.790  31.800 0.0000000000
64073  50.939  -7.350  41.460 0.0000000000
60015  51.552  -11.788  43.053 0.0000000000
61973  48.999  -9.846  41.510 0.0000000000
63033  47.915  -8.272  39.390 0.0000000000
62012  45.250  -9.193  37.536 0.0000000000
61059  42.187  -10.414  35.208 0.0000000000
55696  40.068  -15.544  33.821 0.0000000000
52042  39.555  -18.503  44.430 0.0000000000
53289  37.759  -17.872  41.096 0.0000000000
53331  34.769  -17.653  38.419 0.0000000000
50929  32.846  -19.622  40.645 0.0000000000
52104  33.139  -18.877  38.407 0.0000000000
49586  30.021  -20.202  59.521 0.0000000000
142870  29.819  -18.596  59.697 0.0000000000
50846  45.211  -19.421  48.094 0.0000000000
50843  47.436  -19.276  48.007 0.0000000000
52028  45.702  -18.513  46.918 0.0000000000
53260  45.461  -17.274  45.833 0.0000000000
53261  44.429  -17.165  45.845 0.0000000000
54421  43.303  -16.426  44.716 0.0000000000
53263  42.530  -17.314  45.701 0.0000000000
70472  53.376  -1.894  25.398 0.0000000000
71414  52.656  -0.643  23.705 0.0000000000
70490  51.374  -1.326  23.323 0.0000000000
47609  28.458  -23.093  49.658 0.0000000000
46542  27.614  -23.007  48.602 0.0000000000
126641  27.945  -22.635  49.860 0.0000000000
51937  23.846  -18.620  53.949 0.0000000000
50806  23.682  -19.381  52.646 0.0000000000
50807  22.709  -19.527  52.770 0.0000000000
48629  21.672  -20.805  52.989 0.0000000000
50793  21.696  -19.726  53.864 0.0000000000
146867  39.095  -20.125  56.393 0.0000000000
49640  40.474  -20.923  55.365 0.0000000000
48582  41.024  -21.242  54.840 0.0000000000
47529  40.304  -22.379  54.342 0.0000000000
127931  39.547  -22.798  53.477 0.0000000000
46473  39.185  -22.961  54.402 0.0000000000
46511  30.139  -23.347  51.924 0.0000000000
46526  30.146  -23.270  50.721 0.0000000000
46519  29.508  -23.234  50.708 0.0000000000
46532  28.860  -23.209  49.456 0.0000000000
65317  46.762  -6.146  26.753 0.0000000000
65322  46.309  -6.358  24.980 0.0000000000
65323  45.710  -7.042  25.382 0.0000000000
69478  53.552  -3.163  33.281 0.0000000000
68496  54.803  -4.617  32.269 0.0000000000
68483  55.131  -4.075  33.241 0.0000000000
148708  51.479  -6.891  38.183 0.0000000000
144076  50.432  -7.116  36.801 0.0000000000
64112  49.843  -7.412  37.283 0.0000000000
63056  48.138  -7.761  36.085 0.0000000000
63040  49.102  -7.693  37.870 0.0000000000
54503  46.917  -16.429  36.875 0.0000000000
56687  47.602  -15.644  37.339 0.0000000000
55654  46.423  -16.052  35.925 0.0000000000
56701  45.228  -14.780  35.961 0.0000000000
55691  44.791  -16.952  34.252 0.0000000000
55707  43.767  -17.052  33.125 0.0000000000
54545  44.107  -17.407  33.924 0.0000000000
49775  35.265  -20.507  45.244 0.0000000000
143525  35.859  -20.527  44.163 0.0000000000
49797  34.258  -20.232  44.286 0.0000000000
70469  61.767  -1.336  25.449 0.0000000000
126313  61.005  -1.058  25.849 0.0000000000
47522  30.044  -22.320  55.216 0.0000000000
128350  28.793  -21.266  54.149 0.0000000000
48592  29.488  -21.739  55.625 0.0000000000
135455  27.778  -20.539  58.369 0.0000000000
49630  27.665  -20.370  56.724 0.0000000000
50742  26.558  -19.627  57.732 0.0000000000
50757  25.882  -19.144  56.231 0.0000000000
50743  26.002  -19.263  58.240 0.0000000000
49625  35.460  -19.995  56.266 0.0000000000
48588  36.038  -21.880  55.418 0.0000000000
49644  34.042  -20.901  55.647 0.0000000000
47495  31.015  -22.223  57.390 0.0000000000
46446  31.941  -23.056  56.142 0.0000000000
46447  31.332  -22.978  56.057 0.0000000000
47530  30.595  -22.900  54.797 0.0000000000
132715  47.983  -17.178  47.699 0.0000000000
55468  47.011  -15.849  47.510 0.0000000000
56576  47.899  -15.262  46.341 0.0000000000
56586  49.665  -14.726  45.834 0.0000000000
54368  50.730  -16.495  46.188 0.0000000000
136385  46.282  -15.416  43.769 0.0000000000
55524  47.814  -15.582  43.430 0.0000000000
56614  46.538  -14.497  42.053 0.0000000000
56642  46.810  -14.739  40.449 0.0000000000
56644  45.037  -14.436  40.576 0.0000000000
56680  43.441  -14.600  38.629 0.0000000000
56645  43.434  -14.546  40.598 0.0000000000
54465  41.080  -16.044  41.877 0.0000000000
55594  41.366  -15.250  40.713 0.0000000000
54469  39.873  -16.163  40.401 0.0000000000
128363  38.623  -16.419  39.383 0.0000000000
54471  38.778  -16.782  40.235 0.0000000000
49801  29.402  -20.082  44.611 0.0000000000
50889  29.989  -19.506  43.361 0.0000000000
50908  28.614  -20.010  42.747 0.0000000000
72290  57.256  0.445  26.118 0.0000000000
126124  57.030  0.582  23.914 0.0000000000
72328  56.308  0.505  23.583 0.0000000000
69603  54.504  -2.484  20.658 0.0000000000
45470  26.095  -23.947  44.822 0.0000000000
126821  25.536  -24.558  44.793 0.0000000000
49678  27.193  -20.628  52.237 0.0000000000
48648  26.668  -20.964  50.645 0.0000000000
49691  26.186  -20.506  51.277 0.0000000000
48674  23.132  -21.719  50.485 0.0000000000
48694  23.713  -21.592  49.847 0.0000000000
48625  43.753  -21.469  52.447 0.0000000000
50803  44.440  -20.618  52.732 0.0000000000
48634  44.782  -21.072  51.583 0.0000000000
49703  45.375  -20.648  50.539 0.0000000000
49715  43.512  -20.808  49.789 0.0000000000
49733  42.493  -20.389  49.151 0.0000000000
48680  42.113  -21.279  50.309 0.0000000000
48664  37.955  -21.516  50.530 0.0000000000
48683  38.859  -21.186  49.411 0.0000000000
139103  37.409  -21.254  49.031 0.0000000000
48714  36.764  -21.093  47.756 0.0000000000
130138  36.608  -21.265  49.185 0.0000000000
46477  34.938  -24.076  54.550 0.0000000000
47547  35.971  -22.943  53.370 0.0000000000
47569  34.424  -22.735  52.988 0.0000000000
48670  31.862  -21.643  50.458 0.0000000000
48668  33.476  -21.145  50.590 0.0000000000
49722  32.783  -20.718  49.495 0.0000000000
49740  33.745  -20.440  48.281 0.0000000000
49742  31.784  -20.554  48.362 0.0000000000
49762  30.784  -20.283  46.799 0.0000000000
49754  30.702  -20.675  47.537 0.0000000000
134219  27.745  -23.104  46.291 0.0000000000
47648  28.125  -22.440  45.946 0.0000000000
47649  27.008  -23.215  45.195 0.0000000000
134017  49.797  -4.293  25.570 0.0000000000
68562  48.909  -3.208  23.960 0.0000000000
131905  47.759  -4.140  23.648 0.0000000000
64276  46.788  -7.147  21.667 0.0000000000
52999  24.191  -17.577  61.217 0.0000000000
127861  23.994  -17.665  59.268 0.0000000000
147139  23.169  -17.292  60.226 0.0000000000
50731  20.343  -19.562  58.729 0.0000000000
51846  20.761  -18.854  58.485 0.0000000000
53050  21.513  -18.044  57.650 0.0000000000
148082  20.689  -19.507  56.939 0.0000000000
49648  20.963  -20.538  55.095 0.0000000000
48577  20.538  -21.383  56.109 0.0000000000
72239  59.128  0.500  30.211 0.0000000000
140997  56.764  0.515  30.165 0.0000000000
72242  55.199  0.063  29.480 0.0000000000
70441  55.811  -1.696  28.019 0.0000000000
71341  54.364  -0.326  29.119 0.0000000000
70427  50.872  -1.661  30.069 0.0000000000
70444  52.482  -1.874  28.399 0.0000000000
68530  52.588  -3.743  28.507 0.0000000000
67497  53.601  -4.865  27.158 0.0000000000
67488  53.382  -4.948  28.305 0.0000000000
65287  53.974  -6.670  29.754 0.0000000000
65299  53.122  -6.449  28.743 0.0000000000
66360  51.494  -6.086  28.923 0.0000000000
66373  49.742  -5.377  28.600 0.0000000000
66350  50.590  -5.120  30.268 0.0000000000
66278  56.182  -5.181  35.947 0.0000000000
66289  56.101  -5.160  34.507 0.0000000000
136691  54.056  -5.705  34.780 0.0000000000
65209  49.685  -6.584  34.472 0.0000000000
66304  51.154  -5.579  33.444 0.0000000000
65241  49.320  -6.045  32.847 0.0000000000
65277  48.139  -5.701  31.073 0.0000000000
65261  47.701  -6.370  31.713 0.0000000000
64192  46.330  -6.923  30.938 0.0000000000
150497  46.765  -7.121  32.327 0.0000000000
63074  45.623  -8.297  34.637 0.0000000000
63088  45.015  -7.859  33.072 0.0000000000
63083  44.493  -8.279  33.609 0.0000000000
62046  43.111  -8.860  33.975 0.0000000000
63006  50.888  -8.504  42.504 0.0000000000
56596  51.959  -14.126  44.289 0.0000000000
58901  52.102  -12.626  43.805 0.0000000000
57734  50.864  -13.182  42.278 0.0000000000
58954  47.297  -12.652  39.555 0.0000000000
60044  48.461  -11.421  40.970 0.0000000000
61014  47.311  -10.671  40.486 0.0000000000
61980  48.296  -9.534  41.105 0.0000000000
61992  46.487  -9.661  39.710 0.0000000000
63042  46.694  -8.646  38.312 0.0000000000
61030  45.436  -10.310  38.941 0.0000000000
57803  42.987  -13.411  35.525 0.0000000000
60083  42.754  -11.444  36.249 0.0000000000
58996  41.677  -12.004  35.098 0.0000000000
140337  40.825  -10.872  33.702 0.0000000000
57821  40.482  -13.192  33.071 0.0000000000
57834  40.338  -13.672  32.185 0.0000000000
54582  41.033  -16.450  30.879 0.0000000000
55738  40.957  -16.120  30.446 0.0000000000
55657  41.821  -14.879  36.365 0.0000000000
126499  41.226  -15.684  34.685 0.0000000000
55677  40.400  -14.959  35.418 0.0000000000
56774  37.944  -14.856  32.010 0.0000000000
50855  40.318  -19.237  46.757 0.0000000000
52039  40.477  -18.376  45.580 0.0000000000
50868  39.088  -19.122  44.834 0.0000000000
50912  36.305  -19.629  41.777 0.0000000000
50901  37.585  -19.076  42.617 0.0000000000
52083  36.596  -18.556  40.730 0.0000000000
53302  36.862  -17.889  40.205 0.0000000000
52092  35.537  -18.433  39.718 0.0000000000
50916  31.400  -19.339  41.237 0.0000000000
50915  32.450  -19.582  41.459 0.0000000000
50930  31.449  -19.385  40.264 0.0000000000
50952  31.916  -19.346  37.870 0.0000000000
53339  32.950  -17.943  37.314 0.0000000000
70505  57.863  -2.002  21.774 0.0000000000
69581  58.698  -2.693  21.958 0.0000000000
68604  50.073  -3.562  20.757 0.0000000000
48559  30.570  -21.876  57.898 0.0000000000
144058  29.527  -21.754  57.390 0.0000000000
48548  29.478  -21.423  58.482 0.0000000000
48539  28.594  -20.769  59.163 0.0000000000
144467  27.568  -19.952  60.041 0.0000000000
49611  31.582  -21.068  58.064 0.0000000000
53158  46.661  -18.561  50.399 0.0000000000
54300  46.727  -16.987  49.870 0.0000000000
52003  47.185  -18.726  48.855 0.0000000000
52010  48.210  -18.601  47.790 0.0000000000
52015  49.395  -18.296  46.717 0.0000000000
53257  49.440  -17.955  45.696 0.0000000000
129247  47.501  -17.777  45.673 0.0000000000
54419  46.291  -16.324  44.746 0.0000000000
55527  44.560  -15.459  43.616 0.0000000000
55573  43.101  -14.999  42.017 0.0000000000
55528  43.400  -15.571  43.312 0.0000000000
135096  42.260  -16.325  43.774 0.0000000000
54449  40.746  -16.724  42.945 0.0000000000
48753  27.271  -21.347  43.290 0.0000000000
49821  27.842  -20.580  42.840 0.0000000000
47667  26.942  -22.221  41.720 0.0000000000
71389  55.504  -0.353  25.937 0.0000000000
72330  54.744  0.261  23.553 0.0000000000
128513  54.044  0.022  23.883 0.0000000000
71433  52.943  -0.583  21.906 0.0000000000
126682  26.948  -23.318  46.548 0.0000000000
46562  26.359  -23.489  46.018 0.0000000000
148626  26.454  -22.863  47.299 0.0000000000
47622  26.221  -22.404  47.820 0.0000000000
47623  25.338  -22.124  47.929 0.0000000000
50804  25.771  -19.701  52.780 0.0000000000
49680  25.054  -19.835  51.975 0.0000000000
49681  24.058  -19.780  51.996 0.0000000000
48649  23.025  -21.025  51.024 0.0000000000
46513  22.399  -23.320  52.958 0.0000000000
142491  42.166  -21.285  54.005 0.0000000000
47561  42.440  -22.212  52.581 0.0000000000
48637  41.229  -21.850  51.416 0.0000000000
47562  40.894  -22.495  52.672 0.0000000000
47581  39.311  -22.202  52.039 0.0000000000
47583  37.497  -22.074  52.096 0.0000000000
46495  32.383  -23.691  53.537 0.0000000000
47570  32.598  -22.865  52.528 0.0000000000
47589  31.543  -22.815  51.567 0.0000000000
47598  31.295  -22.472  50.865 0.0000000000
48690  30.694  -21.911  49.374 0.0000000000
48708  29.785  -21.952  48.290 0.0000000000
47620  29.309  -22.696  48.530 0.0000000000
47628  28.287  -23.121  47.624 0.0000000000
66409  48.043  -5.317  26.031 0.0000000000
66414  47.261  -5.156  24.604 0.0000000000
66415  46.582  -5.689  24.259 0.0000000000
65333  45.556  -6.833  23.416 0.0000000000
49591  19.582  -20.450  59.615 0.0000000000
49616  19.936  -20.925  57.713 0.0000000000
47498  20.107  -21.874  56.518 0.0000000000
47499  19.546  -22.304  57.175 0.0000000000
69496  51.764  -3.152  30.931 0.0000000000
67473  53.180  -4.555  29.788 0.0000000000
68512  53.458  -4.403  30.778 0.0000000000
67471  54.627  -5.731  30.886 0.0000000000
65257  54.526  -6.420  31.268 0.0000000000
146143  54.002  -6.504  37.034 0.0000000000
65205  53.222  -6.201  35.348 0.0000000000
65176  51.867  -6.661  36.520 0.0000000000
64138  49.920  -6.795  35.338 0.0000000000
64139  49.124  -7.020  35.040 0.0000000000
133634  47.372  -7.331  33.762 0.0000000000
64131  47.888  -7.674  35.361 0.0000000000
63072  47.125  -7.892  35.143 0.0000000000
63066  46.545  -8.311  35.670 0.0000000000
55606  49.225  -15.116  40.051 0.0000000000
57751  49.538  -14.012  40.594 0.0000000000
57773  48.402  -14.762  38.608 0.0000000000
57774  47.813  -14.317  38.349 0.0000000000
58971  46.169  -13.356  38.112 0.0000000000
60066  44.807  -11.980  38.253 0.0000000000
57786  44.999  -13.400  37.217 0.0000000000
57802  43.703  -14.113  35.493 0.0000000000
56724  42.918  -15.073  33.802 0.0000000000
56738  42.042  -15.044  32.974 0.0000000000
56737  42.996  -16.223  32.552 0.0000000000
54569  42.409  -17.063  32.026 0.0000000000
54559  41.728  -17.096  32.295 0.0000000000
56702  38.900  -14.968  36.285 0.0000000000
56713  38.757  -14.775  35.470 0.0000000000
56714  37.887  -14.774  35.289 0.0000000000
56729  35.871  -14.640  33.876 0.0000000000
55726  35.127  -14.981  32.432 0.0000000000
149768  37.889  -20.532  46.084 0.0000000000
49793  38.024  -20.138  44.889 0.0000000000
49794  37.301  -20.386  44.712 0.0000000000
150702  35.966  -20.408  43.005 0.0000000000
49825  35.145  -20.294  41.955 0.0000000000
49848  30.338  -19.899  39.059 0.0000000000
48792  30.020  -21.012  37.898 0.0000000000
71395  62.322  -0.978  25.269 0.0000000000
69555  62.015  -2.379  24.219 0.0000000000
130474  60.991  -3.171  23.060 0.0000000000
130824  29.075  -22.398  51.867 0.0000000000
47592  28.201  -21.865  51.388 0.0000000000
48626  28.520  -21.676  52.164 0.0000000000
48627  27.934  -20.914  52.679 0.0000000000
125265  27.226  -20.367  53.078 0.0000000000
127366  28.266  -20.768  56.366 0.0000000000
49646  27.668  -20.370  55.773 0.0000000000
49668  27.031  -20.022  54.075 0.0000000000
50777  25.600  -19.128  54.372 0.0000000000
51915  25.101  -18.667  54.931 0.0000000000
129771  23.937  -18.133  55.107 0.0000000000
48586  38.066  -21.886  55.606 0.0000000000
47514  38.453  -22.714  55.268 0.0000000000
48587  37.090  -22.077  55.506 0.0000000000
45395  35.399  -24.009  55.356 0.0000000000
45397  33.846  -24.195  55.353 0.0000000000
48591  32.860  -22.478  55.842 0.0000000000
46460  33.329  -23.828  55.583 0.0000000000
45413  32.854  -24.354  54.802 0.0000000000
138325  31.579  -23.725  54.041 0.0000000000
46498  30.488  -23.299  52.919 0.0000000000
64239  45.299  -7.259  27.984 0.0000000000
64257  45.189  -7.651  25.714 0.0000000000
63135  44.014  -8.690  25.996 0.0000000000
68455  55.519  -3.847  34.655 0.0000000000
150745  55.291  -6.118  37.953 0.0000000000
65159  54.413  -6.452  37.955 0.0000000000
65144  52.949  -6.622  38.766 0.0000000000
64100  51.499  -6.878  38.946 0.0000000000
127426  51.375  -14.567  45.475 0.0000000000
55521  50.527  -15.254  43.036 0.0000000000
54416  49.318  -16.791  44.517 0.0000000000
55523  48.845  -15.715  43.210 0.0000000000
55571  49.368  -15.190  41.308 0.0000000000
55592  47.680  -15.338  39.746 0.0000000000
142052  46.744  -15.576  38.789 0.0000000000
55635  45.069  -15.834  37.203 0.0000000000
55674  43.719  -16.569  35.316 0.0000000000
55636  44.070  -15.494  37.078 0.0000000000
56691  42.375  -14.724  37.208 0.0000000000
56682  41.563  -14.628  37.960 0.0000000000
55593  42.113  -14.978  41.060 0.0000000000
55620  41.253  -14.839  39.191 0.0000000000
125470  39.726  -15.173  37.847 0.0000000000
55623  38.970  -15.573  38.008 0.0000000000
54505  37.661  -16.035  37.797 0.0000000000
54506  36.830  -16.358  37.713 0.0000000000
124527  32.701  -19.704  44.920 0.0000000000
49798  33.481  -19.896  44.389 0.0000000000
144866  31.500  -19.477  43.554 0.0000000000
50888  30.889  -19.371  43.035 0.0000000000
50932  29.753  -19.576  40.891 0.0000000000
132084  28.289  -20.289  42.191 0.0000000000
49838  28.687  -20.551  40.698 0.0000000000
139023  59.675  -0.159  26.325 0.0000000000
71397  60.094  -0.605  24.986 0.0000000000
72308  58.289  0.446  24.876 0.0000000000
71420  57.800  -0.525  22.545 0.0000000000
135815  56.862  -1.741  21.562 0.0000000000
141083  55.091  -0.673  21.758 0.0000000000
131380  55.482  -1.903  21.094 0.0000000000
48671  27.240  -21.728  50.014 0.0000000000
48692  25.715  -21.363  49.063 0.0000000000
47624  24.480  -22.187  48.120 0.0000000000
48673  24.493  -20.918  49.977 0.0000000000
47613  23.707  -22.144  49.201 0.0000000000
51944  46.264  -19.107  51.430 0.0000000000
147660  45.960  -20.126  50.349 0.0000000000
49730  45.692  -20.137  49.343 0.0000000000
52021  43.491  -19.034  47.813 0.0000000000
52031  42.468  -18.236  46.901 0.0000000000
50848  42.548  -19.304  47.969 0.0000000000
49744  41.076  -19.919  48.196 0.0000000000
49745  40.237  -20.161  47.884 0.0000000000
48682  40.176  -21.158  49.922 0.0000000000
49736  39.736  -20.612  48.437 0.0000000000
49747  38.607  -20.673  47.228 0.0000000000
48724  37.019  -20.955  46.884 0.0000000000
141738  35.828  -20.681  46.619 0.0000000000
124545  35.163  -20.568  46.620 0.0000000000
46490  37.518  -23.395  54.307 0.0000000000
47566  37.228  -22.512  52.813 0.0000000000
48642  36.341  -21.568  51.075 0.0000000000
47586  33.978  -22.121  52.253 0.0000000000
134989  34.280  -21.284  50.818 0.0000000000
48686  35.198  -21.162  50.016 0.0000000000
49720  34.763  -20.714  49.119 0.0000000000
49751  34.008  -20.431  47.481 0.0000000000
125120  33.079  -19.911  46.195 0.0000000000
137779  32.222  -19.771  46.218 0.0000000000
49780  30.476  -20.102  45.869 0.0000000000
49782  28.879  -20.742  45.127 0.0000000000
48727  29.375  -21.455  46.818 0.0000000000
48740  28.480  -21.541  45.540 0.0000000000
48749  28.148  -21.119  44.709 0.0000000000
47655  26.849  -22.275  43.696 0.0000000000
148566  51.287  -3.013  25.147 0.0000000000
69568  50.772  -1.766  23.706 0.0000000000
69570  49.501  -2.586  23.568 0.0000000000
66424  46.812  -5.141  22.784 0.0000000000
135887  47.744  -5.563  21.497 0.0000000000
63142  44.567  -8.736  23.770 0.0000000000
52997  28.783  -18.003  60.442 0.0000000000
50690  28.132  -18.528  60.668 0.0000000000
50705  27.038  -19.001  60.771 0.0000000000
51811  26.303  -17.611  61.483 0.0000000000
50717  26.202  -19.300  60.081 0.0000000000
51843  25.438  -18.816  58.683 0.0000000000
53047  24.271  -17.873  57.376 0.0000000000
53087  22.953  -17.714  55.975 0.0000000000
53002  21.914  -17.499  60.770 0.0000000000
53030  22.471  -17.445  58.729 0.0000000000
53069  21.840  -17.852  56.858 0.0000000000
146389  21.850  -18.676  54.831 0.0000000000
49662  21.303  -20.654  54.329 0.0000000000
71349  60.728  0.112  28.129 0.0000000000
72257  59.753  -0.200  28.486 0.0000000000
71350  58.838  -0.330  28.706 0.0000000000
71364  57.868  -0.405  28.072 0.0000000000
72230  57.734  0.700  30.473 0.0000000000
71338  57.807  -0.507  29.260 0.0000000000
70450  56.341  -1.359  27.378 0.0000000000
70465  55.959  -1.904  26.978 0.0000000000
128698  55.591  -2.683  26.886 0.0000000000
69545  54.998  -3.262  26.543 0.0000000000
71356  52.896  -1.029  28.696 0.0000000000
69532  54.160  -3.439  27.364 0.0000000000
68554  54.039  -3.907  25.829 0.0000000000
67516  52.730  -4.375  25.951 0.0000000000
67517  51.640  -4.451  26.016 0.0000000000
67507  50.966  -4.926  26.472 0.0000000000
66369  53.482  -6.087  28.661 0.0000000000
66386  52.049  -5.817  27.620 0.0000000000
66400  49.522  -5.403  26.889 0.0000000000
66389  48.661  -5.504  27.148 0.0000000000
135690  48.306  -5.457  27.873 0.0000000000
148837  46.859  -6.000  28.296 0.0000000000
67433  56.142  -4.669  33.978 0.0000000000
66314  55.252  -5.825  32.454 0.0000000000
66331  53.825  -6.286  31.695 0.0000000000
66291  52.076  -5.870  34.479 0.0000000000
66317  51.832  -5.340  32.550 0.0000000000
134745  51.270  -5.269  30.970 0.0000000000
66351  49.632  -4.950  30.564 0.0000000000
66353  47.902  -5.488  30.173 0.0000000000
65302  46.401  -6.418  28.571 0.0000000000
64227  45.901  -6.868  29.225 0.0000000000
64229  44.478  -7.492  29.216 0.0000000000
64174  46.296  -7.382  32.623 0.0000000000
142126  44.482  -7.514  31.327 0.0000000000
64080  51.671  -6.818  40.927 0.0000000000
64092  50.794  -7.099  39.453 0.0000000000
60989  51.967  -10.476  43.575 0.0000000000
58942  49.469  -12.704  41.040 0.0000000000
136871  49.748  -11.199  41.702 0.0000000000
150598  50.810  -9.355  42.605 0.0000000000
63017  49.713  -8.446  41.629 0.0000000000
63024  49.192  -7.910  40.774 0.0000000000
63032  48.710  -7.781  38.949 0.0000000000
63050  47.529  -8.283  37.737 0.0000000000
62020  46.101  -8.643  37.009 0.0000000000
62030  45.073  -8.772  36.093 0.0000000000
61040  44.260  -10.584  37.806 0.0000000000
62023  43.819  -9.586  36.390 0.0000000000
62032  43.634  -9.293  35.597 0.0000000000
62043  41.876  -9.753  34.195 0.0000000000
56773  41.004  -15.512  30.663 0.0000000000
135906  40.728  -15.468  29.981 0.0000000000
55693  42.728  -16.884  34.158 0.0000000000
55709  41.791  -16.999  33.106 0.0000000000
55724  39.866  -16.129  32.118 0.0000000000
56739  39.332  -15.071  33.807 0.0000000000
55725  38.869  -15.408  32.086 0.0000000000
52038  41.201  -18.013  45.949 0.0000000000
53276  40.706  -17.573  44.391 0.0000000000
53281  39.767  -17.695  43.229 0.0000000000
50884  38.154  -19.159  43.513 0.0000000000
52059  38.370  -18.524  42.774 0.0000000000
53288  38.473  -17.634  41.479 0.0000000000
133590  37.535  -17.579  40.365 0.0000000000
53329  36.533  -17.358  39.069 0.0000000000
53337  34.991  -17.056  37.830 0.0000000000
126414  33.703  -19.943  42.806 0.0000000000
49820  33.929  -20.052  41.926 0.0000000000
50927  34.406  -19.699  40.589 0.0000000000
50941  31.662  -19.450  39.420 0.0000000000
50939  33.319  -19.245  39.107 0.0000000000
52094  34.155  -18.999  39.315 0.0000000000
52102  34.462  -18.340  38.859 0.0000000000
53338  33.700  -17.592  37.582 0.0000000000
70496  59.556  -1.651  22.852 0.0000000000
69579  60.203  -3.227  22.668 0.0000000000
68580  60.228  -3.966  22.417 0.0000000000
69593  50.441  -2.237  21.558 0.0000000000
52020  44.429  -18.888  47.651 0.0000000000
52019  45.393  -18.930  47.498 0.0000000000
53244  45.063  -17.796  46.441 0.0000000000
53245  44.015  -17.718  46.472 0.0000000000
53262  43.447  -17.202  45.831 0.0000000000
53246  42.985  -17.700  46.424 0.0000000000
127219  51.964  -1.155  23.952 0.0000000000
69556  51.932  -1.797  24.676 0.0000000000
47600  28.521  -22.875  50.369 0.0000000000
51917  23.442  -18.316  54.550 0.0000000000
50791  23.305  -18.965  53.292 0.0000000000
50792  22.417  -19.198  53.480 0.0000000000
50779  22.092  -18.911  54.188 0.0000000000
48569  39.093  -20.878  55.895 0.0000000000
49641  39.805  -20.582  55.901 0.0000000000
48584  39.744  -21.493  55.382 0.0000000000
48583  40.405  -21.549  54.994 0.0000000000
47512  40.025  -22.085  54.830 0.0000000000
47513  39.599  -22.620  54.581 0.0000000000
47590  29.441  -23.090  51.392 0.0000000000
46527  28.985  -23.197  50.159 0.0000000000
65318  46.291  -6.614  26.050 0.0000000000
64250  45.677  -7.162  26.323 0.0000000000
68472  54.464  -3.424  33.631 0.0000000000
68471  55.415  -3.714  33.988 0.0000000000
64111  50.753  -7.122  37.606 0.0000000000
64113  49.037  -7.616  36.964 0.0000000000
54516  46.286  -16.444  36.243 0.0000000000
54515  46.952  -16.290  36.618 0.0000000000
54530  45.611  -16.605  35.516 0.0000000000
55672  45.674  -16.464  35.506 0.0000000000
54543  45.214  -16.944  34.861 0.0000000000
54544  44.677  -17.152  34.340 0.0000000000
54532  44.412  -17.161  34.639 0.0000000000
49776  34.381  -20.310  45.124 0.0000000000
71377  61.267  -0.388  27.001 0.0000000000
71388  60.836  -0.613  26.701 0.0000000000
47506  30.073  -22.279  56.191 0.0000000000
48575  29.493  -21.752  56.588 0.0000000000
49614  27.168  -20.125  58.276 0.0000000000
50755  35.309  -19.420  57.048 0.0000000000
49643  34.889  -20.603  55.715 0.0000000000
49626  34.526  -19.985  56.476 0.0000000000
47496  30.584  -22.212  57.336 0.0000000000
47504  31.199  -22.518  56.767 0.0000000000
47505  30.680  -22.533  56.613 0.0000000000
47521  30.676  -22.781  55.745 0.0000000000
55467  48.063  -16.557  47.299 0.0000000000
55480  47.612  -15.737  46.933 0.0000000000
55479  48.672  -15.990  46.711 0.0000000000
55478  49.926  -16.078  46.496 0.0000000000
54369  50.171  -17.026  46.598 0.0000000000
55550  45.242  -14.818  42.855 0.0000000000
132456  46.172  -14.792  43.004 0.0000000000
56615  45.541  -14.519  42.199 0.0000000000
56628  45.920  -14.408  41.180 0.0000000000
56629  44.848  -14.460  41.492 0.0000000000
143877  44.272  -14.480  40.885 0.0000000000
56630  43.836  -14.658  41.627 0.0000000000
54460  40.570  -16.576  42.247 0.0000000000
54466  40.403  -16.336  41.502 0.0000000000
125319  39.794  -16.513  41.045 0.0000000000
54470  39.369  -16.563  40.536 0.0000000000
53287  39.080  -17.017  41.093 0.0000000000
49813  28.989  -20.006  43.960 0.0000000000
50874  29.509  -19.766  43.918 0.0000000000
49814  28.466  -20.222  43.522 0.0000000000
72291  56.441  0.103  26.267 0.0000000000
72310  56.420  0.636  24.498 0.0000000000
46568  26.488  -23.564  45.414 0.0000000000
128998  26.579  -20.448  51.897 0.0000000000
124803  25.925  -20.130  51.947 0.0000000000
46528  23.080  -23.600  49.991 0.0000000000
47560  43.283  -21.962  52.218 0.0000000000
48635  44.137  -21.556  51.772 0.0000000000
48658  43.943  -21.537  51.116 0.0000000000
48679  43.156  -21.395  50.592 0.0000000000
49716  42.607  -20.922  49.880 0.0000000000
48659  42.463  -21.729  51.099 0.0000000000
48684  38.087  -21.328  49.645 0.0000000000
48685  37.226  -21.375  49.856 0.0000000000
48665  36.259  -21.354  50.096 0.0000000000
130419  34.023  -24.017  54.200 0.0000000000
46493  34.638  -23.538  53.757 0.0000000000
46506  33.763  -23.388  53.439 0.0000000000
48689  31.457  -21.432  49.656 0.0000000000
148459  32.139  -21.096  49.817 0.0000000000
49723  31.983  -20.750  49.182 0.0000000000
48716  30.951  -20.833  48.172 0.0000000000
133360  26.552  -23.530  44.841 0.0000000000
67521  48.367  -3.896  24.265 0.0000000000
131535  48.493  -4.468  25.062 0.0000000000
52978  23.778  -16.652  62.287 0.0000000000
149324  23.821  -17.072  61.873 0.0000000000
135689  23.740  -17.501  60.231 0.0000000000
53000  23.274  -17.198  61.065 0.0000000000
49602  20.130  -20.260  58.215 0.0000000000
50744  20.529  -19.574  57.904 0.0000000000
49632  20.520  -20.496  56.554 0.0000000000
74193  58.408  2.705  30.565 0.0000000000
74182  57.995  3.193  31.108 0.0000000000
130042  55.100  1.867  31.485 0.0000000000
73182  55.441  1.352  30.855 0.0000000000
72232  54.747  0.772  30.263 0.0000000000
72243  54.073  0.255  29.659 0.0000000000
69509  51.192  -2.574  30.267 0.0000000000
68531  51.769  -2.786  28.784 0.0000000000
68523  51.663  -3.120  29.316 0.0000000000
68522  52.303  -3.868  29.425 0.0000000000
65275  53.530  -6.679  30.179 0.0000000000
65276  52.792  -6.547  29.758 0.0000000000
66349  51.767  -5.922  29.804 0.0000000000
66361  50.882  -5.513  29.460 0.0000000000
65190  55.246  -5.701  35.893 0.0000000000
66279  54.855  -5.665  35.238 0.0000000000
65191  54.134  -6.111  35.683 0.0000000000
65226  48.800  -6.482  33.252 0.0000000000
65225  49.468  -6.349  33.619 0.0000000000
65242  48.655  -6.204  32.564 0.0000000000
65227  48.225  -6.563  32.909 0.0000000000
65244  47.136  -6.850  32.078 0.0000000000
65243  47.687  -6.694  32.522 0.0000000000
63084  43.644  -8.448  33.381 0.0000000000
63076  43.942  -8.620  34.211 0.0000000000
56612  51.109  -14.611  43.092 0.0000000000
147106  51.187  -13.825  42.784 0.0000000000
124307  50.714  -14.134  42.220 0.0000000000
60050  47.146  -11.625  40.173 0.0000000000
61021  46.641  -10.664  40.091 0.0000000000
138948  46.921  -9.880  40.264 0.0000000000
61022  46.019  -10.485  39.550 0.0000000000
59003  42.143  -13.080  35.036 0.0000000000
59004  41.428  -12.848  34.451 0.0000000000
59013  40.745  -12.552  33.839 0.0000000000
57833  41.053  -14.358  32.603 0.0000000000
54583  40.285  -16.376  30.731 0.0000000000
55658  40.764  -14.745  36.536 0.0000000000
56712  39.489  -14.797  35.661 0.0000000000
50856  39.600  -19.604  46.378 0.0000000000
50859  39.346  -19.382  45.602 0.0000000000
50925  36.064  -19.295  41.044 0.0000000000
52084  35.797  -18.829  40.373 0.0000000000
50937  35.205  -18.969  40.035 0.0000000000
68589  57.429  -3.433  21.231 0.0000000000
48546  30.788  -21.396  58.350 0.0000000000
48547  30.013  -21.468  58.613 0.0000000000
50715  29.470  -19.551  59.878 0.0000000000
49587  29.350  -20.379  59.617 0.0000000000
135880  28.710  -20.425  59.645 0.0000000000
49588  27.981  -20.381  59.541 0.0000000000
49580  28.241  -19.964  60.176 0.0000000000
49597  31.163  -20.511  58.638 0.0000000000
51984  46.567  -19.260  50.039 0.0000000000
51983  46.793  -18.616  49.657 0.0000000000
50827  46.746  -19.176  49.359 0.0000000000
50853  47.632  -19.127  47.312 0.0000000000
52011  47.662  -18.948  48.201 0.0000000000
52017  48.079  -18.944  47.581 0.0000000000
53230  48.696  -18.135  47.560 0.0000000000
52026  48.358  -18.937  46.966 0.0000000000
52025  49.022  -18.655  46.555 0.0000000000
52036  48.226  -18.536  46.232 0.0000000000
54395  44.829  -16.535  45.143 0.0000000000
54394  45.894  -16.769  45.278 0.0000000000
54420  45.497  -16.231  44.746 0.0000000000
136609  44.836  -15.819  44.295 0.0000000000
54445  43.995  -15.690  43.880 0.0000000000
54422  42.589  -16.546  44.504 0.0000000000
54423  41.785  -16.773  44.282 0.0000000000
54448  41.367  -16.612  43.486 0.0000000000
53279  41.137  -17.077  44.100 0.0000000000
47658  26.792  -22.004  42.700 0.0000000000
47668  26.588  -22.946  41.695 0.0000000000
71390  54.667  -0.768  25.650 0.0000000000
71400  54.213  -0.302  24.772 0.0000000000
70500  52.147  -0.747  22.119 0.0000000000
71425  52.754  -0.506  22.708 0.0000000000
70510  52.476  -1.196  21.519 0.0000000000
69591  52.071  -1.902  21.115 0.0000000000
46547  27.833  -23.248  47.960 0.0000000000
46548  27.112  -23.213  47.173 0.0000000000
46543  27.072  -22.984  47.872 0.0000000000
47611  26.840  -22.383  48.478 0.0000000000
48709  25.985  -21.806  48.428 0.0000000000
50789  25.245  -19.231  53.487 0.0000000000
50805  24.708  -19.444  52.682 0.0000000000
49682  23.076  -19.893  52.090 0.0000000000
49695  22.638  -20.643  51.747 0.0000000000
48675  22.690  -21.791  51.044 0.0000000000
47593  22.418  -22.360  51.529 0.0000000000
48618  21.651  -21.775  53.050 0.0000000000
47572  22.036  -22.294  52.363 0.0000000000
47552  21.952  -22.688  53.359 0.0000000000
50764  41.883  -19.550  55.230 0.0000000000
48602  41.447  -21.588  54.337 0.0000000000
47527  41.798  -21.854  53.791 0.0000000000
47542  42.167  -22.109  53.236 0.0000000000
142090  41.648  -22.471  52.927 0.0000000000
148845  41.110  -22.595  53.163 0.0000000000
47563  39.938  -22.566  52.757 0.0000000000
47564  39.028  -22.545  52.796 0.0000000000
47582  38.404  -22.117  52.072 0.0000000000
47565  38.128  -22.516  52.803 0.0000000000
46509  31.636  -23.471  52.844 0.0000000000
46516  31.864  -23.097  52.268 0.0000000000
46517  31.171  -23.340  51.934 0.0000000000
46525  30.854  -23.094  51.192 0.0000000000
47599  30.671  -22.815  50.557 0.0000000000
47606  31.009  -22.194  50.131 0.0000000000
47619  29.981  -22.422  48.985 0.0000000000
47608  29.395  -23.023  49.260 0.0000000000
46541  28.625  -23.136  48.588 0.0000000000
47640  27.626  -23.316  46.935 0.0000000000
139967  48.146  -5.458  26.701 0.0000000000
66410  47.432  -5.512  25.551 0.0000000000
66411  46.891  -5.750  25.060 0.0000000000
65329  45.602  -6.896  24.380 0.0000000000
64266  45.351  -7.447  22.885 0.0000000000
63150  45.444  -8.090  22.480 0.0000000000
62119  45.323  -8.961  22.615 0.0000000000
49603  19.600  -20.878  58.614 0.0000000000
48550  19.518  -21.592  57.905 0.0000000000
68498  52.723  -3.604  31.388 0.0000000000
68497  53.812  -4.113  31.802 0.0000000000
67459  54.456  -5.002  31.222 0.0000000000
67458  55.090  -5.508  31.705 0.0000000000
65273  54.554  -6.323  30.896 0.0000000000
65256  55.000  -6.221  31.451 0.0000000000
65160  53.150  -6.587  37.558 0.0000000000
65175  52.845  -6.557  36.758 0.0000000000
64128  50.174  -6.991  36.092 0.0000000000
64140  48.366  -7.288  34.786 0.0000000000
64130  48.636  -7.453  35.569 0.0000000000
134693  48.411  -7.782  36.659 0.0000000000
63065  47.386  -8.043  35.907 0.0000000000
63058  46.835  -8.381  36.452 0.0000000000
55607  48.790  -15.308  39.444 0.0000000000
56661  49.113  -14.945  39.652 0.0000000000
56676  48.325  -15.343  38.374 0.0000000000
56688  47.136  -15.167  37.035 0.0000000000
57783  47.525  -14.749  37.648 0.0000000000
57784  46.727  -14.257  37.521 0.0000000000
57775  47.059  -13.843  38.208 0.0000000000
57785  45.855  -13.801  37.391 0.0000000000
56710  44.920  -15.413  35.225 0.0000000000
57801  44.392  -14.388  35.748 0.0000000000
56711  44.156  -14.977  34.952 0.0000000000
57809  43.375  -14.483  34.781 0.0000000000
56736  43.570  -16.359  33.213 0.0000000000
54557  43.119  -17.181  32.683 0.0000000000
55708  43.283  -16.849  32.602 0.0000000000
54558  42.371  -17.251  32.545 0.0000000000
55660  38.299  -15.337  36.804 0.0000000000
55678  38.088  -15.039  36.080 0.0000000000
55679  37.257  -15.117  35.872 0.0000000000
56743  35.757  -14.630  32.947 0.0000000000
49758  37.268  -20.707  46.131 0.0000000000
49773  37.620  -20.471  45.464 0.0000000000
49811  35.560  -20.476  43.556 0.0000000000
49810  36.366  -20.411  43.649 0.0000000000
49818  35.313  -20.405  42.778 0.0000000000
49824  35.934  -20.176  42.288 0.0000000000
70487  61.557  -1.929  24.486 0.0000000000
134819  61.410  -2.582  23.635 0.0000000000
47550  29.881  -22.664  53.281 0.0000000000
47551  29.231  -22.129  52.730 0.0000000000
48617  27.992  -20.679  53.773 0.0000000000
48576  28.833  -21.270  57.085 0.0000000000
49629  28.168  -20.760  57.180 0.0000000000
49647  27.086  -19.933  56.201 0.0000000000
49661  27.066  -19.937  55.197 0.0000000000
50776  26.365  -19.524  54.726 0.0000000000
51896  25.271  -18.673  55.799 0.0000000000
51897  24.572  -18.361  55.448 0.0000000000
51880  24.746  -18.330  56.258 0.0000000000
49624  36.974  -19.948  56.561 0.0000000000
50753  37.302  -19.504  57.109 0.0000000000
49623  37.887  -20.081  56.555 0.0000000000
48571  37.597  -20.898  55.879 0.0000000000
48589  34.889  -21.683  55.403 0.0000000000
47517  35.488  -22.965  55.472 0.0000000000
46458  35.058  -23.747  55.495 0.0000000000
45396  34.684  -24.109  55.366 0.0000000000
46459  34.183  -23.824  55.593 0.0000000000
49628  32.678  -20.903  56.713 0.0000000000
48573  33.112  -21.331  55.873 0.0000000000
48574  32.317  -21.925  56.462 0.0000000000
46462  31.920  -23.553  55.514 0.0000000000
47520  32.715  -23.228  55.774 0.0000000000
46461  32.568  -23.724  55.570 0.0000000000
45398  33.069  -24.225  55.316 0.0000000000
45399  32.370  -24.125  55.135 0.0000000000
45414  32.214  -24.056  54.398 0.0000000000
47549  30.519  -23.063  53.871 0.0000000000
47571  29.708  -22.952  52.326 0.0000000000
63134  44.374  -8.126  26.678 0.0000000000
65142  55.246  -6.020  38.491 0.0000000000
65130  54.341  -6.185  39.785 0.0000000000
65143  54.192  -6.409  38.900 0.0000000000
65131  53.383  -6.485  39.557 0.0000000000
149638  52.107  -6.740  38.615 0.0000000000
64099  52.355  -6.677  39.320 0.0000000000
128539  46.673  -16.193  49.659 0.0000000000
55490  51.283  -16.013  45.697 0.0000000000
56573  50.682  -14.780  45.831 0.0000000000
54391  51.497  -15.883  45.107 0.0000000000
55502  51.664  -15.385  44.625 0.0000000000
53272  48.883  -17.356  45.086 0.0000000000
53271  49.920  -17.350  45.255 0.0000000000
54417  48.245  -16.690  44.522 0.0000000000
55549  47.339  -14.894  42.668 0.0000000000
127807  48.254  -15.293  42.730 0.0000000000
55548  49.041  -15.376  42.214 0.0000000000
130168  48.685  -15.175  41.096 0.0000000000
56626  47.743  -14.909  40.806 0.0000000000
56664  45.992  -15.055  39.199 0.0000000000
56663  46.782  -15.185  39.520 0.0000000000
55617  46.136  -15.639  38.311 0.0000000000
55634  45.834  -15.973  37.585 0.0000000000
55618  45.163  -15.305  38.147 0.0000000000
55619  44.242  -14.990  37.935 0.0000000000
56667  42.810  -14.545  39.195 0.0000000000
56681  42.437  -14.583  38.397 0.0000000000
143376  41.634  -14.678  38.705 0.0000000000
55553  42.723  -15.483  42.641 0.0000000000
56631  42.898  -14.764  41.312 0.0000000000
55574  42.364  -15.236  41.799 0.0000000000
142233  40.555  -15.596  40.319 0.0000000000
55610  41.241  -14.989  39.896 0.0000000000
55611  40.545  -15.239  39.348 0.0000000000
55621  40.183  -15.165  38.532 0.0000000000
55622  39.478  -15.551  38.579 0.0000000000
54489  38.302  -16.270  38.742 0.0000000000
150323  37.888  -16.294  38.428 0.0000000000
129403  37.328  -16.532  38.378 0.0000000000
50861  31.985  -19.635  45.460 0.0000000000
50871  31.735  -19.554  44.447 0.0000000000
50906  30.189  -19.383  42.402 0.0000000000
50917  30.394  -19.352  41.501 0.0000000000
50918  29.565  -19.542  41.751 0.0000000000
49822  27.868  -20.796  41.866 0.0000000000
141210  29.296  -19.970  40.524 0.0000000000
72289  58.602  0.359  25.888 0.0000000000
72288  59.302  -0.008  25.309 0.0000000000
71410  57.240  0.207  23.113 0.0000000000
127448  56.905  -0.383  22.382 0.0000000000
70498  57.363  -1.089  21.971 0.0000000000
70499  56.511  -0.897  21.834 0.0000000000
71423  54.314  -0.259  22.305 0.0000000000
72337  54.853  0.100  22.753 0.0000000000
71431  54.591  -0.658  21.744 0.0000000000
46563  25.492  -23.595  46.181 0.0000000000
45461  24.896  -24.126  45.962 0.0000000000
48647  27.510  -21.431  50.995 0.0000000000
128648  26.219  -21.135  49.772 0.0000000000
149824  25.109  -21.289  49.078 0.0000000000
48710  25.034  -21.619  48.579 0.0000000000
49693  24.382  -20.207  51.397 0.0000000000
49705  24.539  -20.562  50.735 0.0000000000
46534  23.361  -23.078  49.205 0.0000000000
50774  43.096  -19.597  54.321 0.0000000000
50773  43.594  -19.479  54.021 0.0000000000
50802  45.147  -20.426  52.190 0.0000000000
50786  44.874  -19.964  52.928 0.0000000000
50801  45.779  -19.787  51.940 0.0000000000
50812  46.015  -19.825  51.103 0.0000000000
49688  45.780  -20.223  50.826 0.0000000000
135581  44.147  -20.482  49.386 0.0000000000
129624  45.438  -20.495  49.916 0.0000000000
131100  44.204  -20.031  48.830 0.0000000000
50847  44.296  -19.468  48.256 0.0000000000
50839  43.431  -19.630  48.412 0.0000000000
50840  42.747  -19.871  48.576 0.0000000000
49734  41.499  -20.314  48.874 0.0000000000
50841  41.962  -19.818  48.447 0.0000000000
48638  40.421  -21.777  51.331 0.0000000000
48661  40.740  -21.495  50.649 0.0000000000
48662  39.883  -21.476  50.557 0.0000000000
48703  38.181  -21.173  48.793 0.0000000000
48701  39.571  -20.924  49.270 0.0000000000
48702  38.937  -20.948  48.615 0.0000000000
49737  39.003  -20.767  47.928 0.0000000000
149968  38.073  -20.931  47.334 0.0000000000
48713  37.576  -21.056  47.465 0.0000000000
48715  35.931  -20.874  47.775 0.0000000000
48725  36.271  -20.835  47.069 0.0000000000
49749  35.569  -20.676  47.194 0.0000000000
49750  34.812  -20.544  47.304 0.0000000000
46456  37.673  -23.289  55.184 0.0000000000
46455  38.256  -23.239  54.971 0.0000000000
46475  37.598  -23.512  54.910 0.0000000000
47546  36.936  -23.009  53.545 0.0000000000
133831  35.927  -22.356  52.660 0.0000000000
47584  36.442  -21.999  52.074 0.0000000000
47588  32.266  -22.503  51.898 0.0000000000
47587  33.066  -22.254  52.111 0.0000000000
48646  32.686  -21.936  51.581 0.0000000000
147952  34.690  -21.191  50.402 0.0000000000
48667  35.017  -21.372  50.816 0.0000000000
129828  33.201  -20.259  47.704 0.0000000000
126301  33.417  -20.181  46.896 0.0000000000
49761  32.467  -19.935  46.991 0.0000000000
49781  29.648  -20.401  45.517 0.0000000000
126594  29.264  -22.288  47.963 0.0000000000
48718  29.592  -21.684  47.595 0.0000000000
48728  28.707  -21.982  46.402 0.0000000000
48750  27.497  -21.603  44.240 0.0000000000
47652  27.262  -22.499  44.709 0.0000000000
68560  50.566  -2.978  24.836 0.0000000000
69558  50.257  -2.380  24.081 0.0000000000
68561  49.726  -3.063  24.459 0.0000000000
68568  48.285  -3.539  23.353 0.0000000000
68583  48.396  -3.460  22.454 0.0000000000
66417  46.884  -5.102  23.659 0.0000000000
150667  47.364  -4.661  23.905 0.0000000000
66425  46.467  -5.847  22.558 0.0000000000
65349  47.315  -6.393  21.573 0.0000000000
64274  48.264  -6.852  21.238 0.0000000000
63137  44.681  -8.251  25.150 0.0000000000
124460  44.403  -8.838  24.494 0.0000000000
53010  29.299  -17.866  59.714 0.0000000000
52998  28.036  -17.727  60.645 0.0000000000
51809  27.693  -18.072  60.810 0.0000000000
50691  27.435  -18.434  60.855 0.0000000000
51810  27.126  -17.919  61.156 0.0000000000
51812  25.785  -17.867  61.503 0.0000000000
146373  25.738  -18.659  60.795 0.0000000000
51832  25.475  -18.826  59.735 0.0000000000
53028  24.157  -17.762  58.277 0.0000000000
53067  23.633  -17.653  56.662 0.0000000000
51845  21.142  -18.226  59.198 0.0000000000
51834  21.353  -17.975  60.467 0.0000000000
53014  22.159  -17.503  59.520 0.0000000000
53031  21.708  -17.746  58.641 0.0000000000
50758  21.249  -18.551  56.876 0.0000000000
51883  21.641  -18.366  56.155 0.0000000000
51882  22.203  -17.881  56.221 0.0000000000
128757  21.475  -18.881  55.454 0.0000000000
50780  21.394  -19.532  54.721 0.0000000000
48594  21.020  -21.266  54.801 0.0000000000
147935  20.468  -21.963  56.019 0.0000000000
73194  60.309  0.717  28.534 0.0000000000
130943  60.217  0.003  28.617 0.0000000000
72249  60.051  0.235  28.947 0.0000000000
141258  59.203  -0.139  30.016 0.0000000000
72250  59.615  -0.126  29.318 0.0000000000
71337  58.733  -0.401  29.469 0.0000000000
71351  57.935  -0.601  28.770 0.0000000000
74183  57.455  2.518  31.273 0.0000000000
73168  57.131  1.791  31.068 0.0000000000
72241  56.328  0.043  29.607 0.0000000000
72240  57.349  -0.048  29.777 0.0000000000
71339  56.855  -0.615  29.131 0.0000000000
71352  57.046  -0.969  28.501 0.0000000000
70440  56.643  -1.363  27.889 0.0000000000
143195  56.437  -1.521  28.035 0.0000000000
126799  55.613  -2.804  27.033 0.0000000000
69549  54.627  -2.875  26.007 0.0000000000
69530  55.277  -3.085  26.877 0.0000000000
72244  53.064  0.201  29.851 0.0000000000
71343  52.400  -0.388  29.375 0.0000000000
68540  53.258  -3.587  27.790 0.0000000000
69523  53.192  -2.632  27.854 0.0000000000
68547  54.637  -3.771  26.368 0.0000000000
67504  54.309  -4.190  26.165 0.0000000000
67515  53.708  -4.401  26.006 0.0000000000
66396  53.310  -5.238  27.042 0.0000000000
67506  52.516  -4.930  26.444 0.0000000000
150609  51.809  -5.060  26.588 0.0000000000
136724  53.643  -5.355  29.398 0.0000000000
67478  53.622  -5.720  28.852 0.0000000000
66359  53.874  -6.315  29.432 0.0000000000
66371  51.697  -6.062  28.228 0.0000000000
65311  52.591  -6.148  28.170 0.0000000000
66387  50.969  -5.714  27.665 0.0000000000
66399  50.484  -5.372  26.979 0.0000000000
135961  50.096  -5.535  27.460 0.0000000000
136932  50.185  -5.637  27.965 0.0000000000
66374  48.778  -5.337  28.431 0.0000000000
65312  47.381  -5.681  27.996 0.0000000000
66375  47.936  -5.369  28.653 0.0000000000
68454  56.152  -3.971  34.870 0.0000000000
68470  56.098  -4.052  34.432 0.0000000000
149200  56.347  -4.780  34.778 0.0000000000
66302  54.580  -5.531  33.801 0.0000000000
66301  55.465  -5.378  33.473 0.0000000000
124305  54.921  -5.950  32.641 0.0000000000
66315  54.591  -6.309  32.076 0.0000000000
150838  54.198  -6.031  32.409 0.0000000000
65206  52.303  -6.280  35.208 0.0000000000
147321  52.991  -5.806  34.628 0.0000000000
66305  50.694  -5.493  32.904 0.0000000000
124942  51.089  -5.163  31.997 0.0000000000
147426  50.588  -5.109  31.689 0.0000000000
137100  50.002  -5.008  31.369 0.0000000000
65290  47.195  -5.945  29.892 0.0000000000
65291  46.563  -6.410  29.533 0.0000000000
140873  45.771  -6.894  28.493 0.0000000000
64211  45.635  -7.187  30.691 0.0000000000
134296  45.250  -7.276  29.806 0.0000000000
139954  44.412  -7.473  29.990 0.0000000000
64212  44.807  -7.394  30.637 0.0000000000
64157  46.593  -7.518  33.508 0.0000000000
63089  44.180  -8.018  32.770 0.0000000000
64176  44.838  -7.626  32.142 0.0000000000
64213  43.794  -7.584  30.666 0.0000000000
64072  51.762  -7.123  42.010 0.0000000000
64081  50.828  -7.131  40.496 0.0000000000
58913  51.682  -12.518  43.243 0.0000000000
59997  52.334  -11.876  44.122 0.0000000000
140316  51.959  -11.327  43.533 0.0000000000
60996  51.442  -10.883  42.952 0.0000000000
129863  49.280  -13.421  40.531 0.0000000000
57742  49.762  -13.466  41.082 0.0000000000
58943  48.946  -12.757  40.575 0.0000000000
60033  49.159  -11.292  41.384 0.0000000000
61003  50.055  -10.642  42.043 0.0000000000
61972  49.683  -9.632  41.869 0.0000000000
145487  50.270  -8.976  42.245 0.0000000000
61990  47.903  -8.762  40.392 0.0000000000
128842  48.523  -8.576  40.797 0.0000000000
63025  48.530  -8.055  40.020 0.0000000000
128715  49.305  -7.606  39.577 0.0000000000
63041  48.171  -8.057  38.271 0.0000000000
62002  47.317  -8.442  38.798 0.0000000000
62011  46.017  -8.877  37.926 0.0000000000
62021  45.483  -8.749  36.601 0.0000000000
62022  44.616  -9.241  36.781 0.0000000000
58973  44.549  -12.502  37.630 0.0000000000
60067  44.214  -11.556  37.871 0.0000000000
58974  43.845  -12.080  37.352 0.0000000000
60084  42.208  -11.258  35.556 0.0000000000
131047  43.300  -10.548  36.611 0.0000000000
61058  42.708  -10.464  35.851 0.0000000000
135235  43.220  -9.846  36.003 0.0000000000
62033  42.790  -9.692  35.300 0.0000000000
62042  42.593  -9.388  34.477 0.0000000000
150268  42.198  -9.885  34.787 0.0000000000
60104  40.167  -11.552  32.573 0.0000000000
56752  41.843  -15.669  31.805 0.0000000000
56772  41.705  -15.949  31.119 0.0000000000
55751  40.582  -15.914  29.827 0.0000000000
55656  43.884  -15.968  36.226 0.0000000000
55675  42.823  -16.312  35.099 0.0000000000
55695  40.552  -15.585  34.305 0.0000000000
139088  41.241  -16.302  33.852 0.0000000000
55710  40.882  -16.424  33.180 0.0000000000
55711  40.002  -15.948  32.993 0.0000000000
56726  38.646  -14.677  34.584 0.0000000000
56740  38.456  -14.661  33.690 0.0000000000
133344  37.599  -15.044  31.457 0.0000000000
55740  38.441  -15.456  31.268 0.0000000000
52022  41.979  -18.774  47.341 0.0000000000
53247  42.042  -17.791  46.229 0.0000000000
52032  41.580  -18.384  46.654 0.0000000000
126022  40.242  -18.146  44.794 0.0000000000
52046  40.039  -17.920  44.002 0.0000000000
50870  37.625  -19.901  44.043 0.0000000000
50869  38.397  -19.511  44.430 0.0000000000
142046  37.264  -18.836  41.897 0.0000000000
52069  37.923  -18.335  41.910 0.0000000000
52058  38.723  -17.904  42.244 0.0000000000
53300  38.268  -17.319  40.679 0.0000000000
53317  35.953  -17.834  39.347 0.0000000000
53316  36.543  -17.719  39.653 0.0000000000
53330  35.715  -17.358  38.525 0.0000000000
136690  33.169  -19.778  43.575 0.0000000000
50886  32.769  -19.684  42.839 0.0000000000
50914  33.387  -19.815  41.314 0.0000000000
49827  34.145  -19.989  41.216 0.0000000000
50928  33.652  -19.722  40.584 0.0000000000
50948  31.096  -19.579  38.831 0.0000000000
50946  32.593  -19.206  38.510 0.0000000000
52103  33.747  -18.648  38.655 0.0000000000
53348  32.578  -17.642  36.508 0.0000000000
53346  34.244  -16.866  37.198 0.0000000000
143540  59.138  -0.495  23.398 0.0000000000
71409  59.915  -0.786  23.987 0.0000000000
71418  59.573  -1.037  23.258 0.0000000000
69580  59.448  -2.496  22.497 0.0000000000
68581  59.445  -3.362  22.213 0.0000000000
69582  50.162  -1.941  22.289 0.0000000000
70502  50.752  -1.576  22.780 0.0000000000
68591  50.055  -2.806  21.194 0.0000000000
50728  30.726  -19.907  59.224 0.0000000000
48537  29.796  -20.924  59.218 0.0000000000
50701  29.369  -18.874  60.038 0.0000000000
50837  45.925  -19.734  48.636 0.0000000000
50828  46.908  -19.297  48.788 0.0000000000
50845  46.116  -19.434  47.916 0.0000000000
52018  46.210  -19.061  47.363 0.0000000000
52027  46.784  -18.852  46.894 0.0000000000
52037  47.137  -18.326  46.254 0.0000000000
53243  46.102  -18.038  46.360 0.0000000000
54396  43.814  -16.657  45.251 0.0000000000
54397  42.948  -16.763  45.222 0.0000000000
71401  53.415  -0.504  24.338 0.0000000000
70477  52.756  -1.236  24.736 0.0000000000
70489  51.999  -0.798  22.980 0.0000000000
70501  51.453  -1.190  22.431 0.0000000000
148395  27.960  -23.030  49.248 0.0000000000
47610  27.391  -22.448  49.210 0.0000000000
50790  24.289  -19.005  53.319 0.0000000000
49683  22.297  -20.280  52.444 0.0000000000
48628  22.005  -21.197  52.296 0.0000000000
49669  21.922  -19.911  53.109 0.0000000000
49670  21.570  -20.486  53.616 0.0000000000
50766  40.514  -20.042  55.851 0.0000000000
49639  41.272  -20.379  55.204 0.0000000000
48603  40.718  -21.862  54.583 0.0000000000
47528  41.062  -22.175  54.130 0.0000000000
133779  40.486  -22.661  53.394 0.0000000000
46472  39.851  -22.805  54.046 0.0000000000
46488  39.066  -23.094  54.026 0.0000000000
46518  30.479  -23.335  51.552 0.0000000000
140483  29.930  -23.371  51.233 0.0000000000
46531  29.499  -23.154  50.050 0.0000000000
66403  46.876  -6.036  25.834 0.0000000000
64256  45.170  -7.583  24.780 0.0000000000
68484  54.204  -3.733  32.777 0.0000000000
67445  55.480  -4.917  32.862 0.0000000000
64110  51.542  -6.841  37.606 0.0000000000
64118  51.240  -6.884  37.016 0.0000000000
64120  49.634  -7.345  36.525 0.0000000000
64121  48.883  -7.566  36.260 0.0000000000
63049  48.333  -7.916  37.327 0.0000000000
54487  47.371  -16.244  37.395 0.0000000000
55631  48.051  -15.789  37.919 0.0000000000
55652  47.331  -16.141  36.888 0.0000000000
56698  47.250  -15.802  36.770 0.0000000000
56699  46.812  -15.599  36.495 0.0000000000
56700  46.047  -15.212  36.218 0.0000000000
56709  45.704  -15.821  35.521 0.0000000000
55673  45.261  -16.476  34.899 0.0000000000
56722  44.636  -16.086  34.435 0.0000000000
55692  44.279  -16.712  33.657 0.0000000000
54555  44.316  -17.228  33.688 0.0000000000
54556  43.784  -17.228  33.385 0.0000000000
54546  43.383  -17.311  33.544 0.0000000000
127237  36.078  -20.606  45.371 0.0000000000
145643  35.753  -20.533  44.733 0.0000000000
49796  35.102  -20.464  44.362 0.0000000000
49812  34.702  -20.354  43.455 0.0000000000
71386  62.013  -0.952  25.944 0.0000000000
71396  60.916  -1.365  24.828 0.0000000000
48615  29.367  -21.877  53.681 0.0000000000
48604  29.431  -21.788  54.653 0.0000000000
48605  28.866  -21.270  55.080 0.0000000000
49613  27.697  -20.478  57.643 0.0000000000
49631  27.136  -19.968  57.211 0.0000000000
50756  26.519  -19.538  56.704 0.0000000000
131061  25.962  -19.180  57.216 0.0000000000
51863  25.441  -18.760  57.681 0.0000000000
130776  36.084  -19.522  56.918 0.0000000000
133421  36.213  -20.151  56.170 0.0000000000
49642  35.690  -20.794  55.615 0.0000000000
48590  33.767  -22.018  55.518 0.0000000000
47494  31.619  -22.310  56.875 0.0000000000
141371  32.201  -22.695  56.236 0.0000000000
46463  31.246  -23.314  55.271 0.0000000000
46479  31.114  -23.449  54.420 0.0000000000
54324  47.449  -17.406  48.211 0.0000000000
55457  46.645  -15.787  48.415 0.0000000000
55458  46.560  -14.990  48.003 0.0000000000
56587  48.445  -14.676  45.779 0.0000000000
57706  49.061  -14.021  45.390 0.0000000000
56575  49.153  -15.373  46.211 0.0000000000
56574  50.108  -15.314  46.150 0.0000000000
150580  50.903  -16.672  45.762 0.0000000000
55503  47.092  -15.710  43.976 0.0000000000
54444  47.777  -16.107  44.085 0.0000000000
55525  46.933  -15.226  43.397 0.0000000000
56627  46.866  -14.541  41.276 0.0000000000
56643  45.923  -14.654  40.093 0.0000000000
56665  45.143  -14.622  39.632 0.0000000000
56679  44.431  -14.667  38.971 0.0000000000
132048  44.280  -14.455  40.058 0.0000000000
56666  43.500  -14.506  39.579 0.0000000000
129860  42.716  -14.595  39.956 0.0000000000
55575  41.587  -15.503  41.484 0.0000000000
55576  40.847  -15.766  41.154 0.0000000000
130202  40.288  -16.082  40.885 0.0000000000
54476  39.909  -15.797  39.729 0.0000000000
54477  39.330  -15.920  39.245 0.0000000000
127621  39.324  -16.302  39.917 0.0000000000
53315  37.959  -17.005  39.813 0.0000000000
50873  30.109  -19.653  44.257 0.0000000000
50890  29.134  -19.807  43.356 0.0000000000
130859  57.670  0.571  25.545 0.0000000000
72309  57.327  0.649  24.664 0.0000000000
71411  56.292  0.122  22.786 0.0000000000
70518  53.844  -1.948  20.807 0.0000000000
70508  54.241  -1.236  21.336 0.0000000000
46564  24.713  -23.680  46.532 0.0000000000
49690  27.007  -20.820  51.475 0.0000000000
49704  25.542  -20.658  50.432 0.0000000000
49706  23.739  -21.046  50.469 0.0000000000
47602  23.173  -22.533  50.000 0.0000000000
49667  43.682  -20.783  53.191 0.0000000000
50787  44.043  -20.150  53.400 0.0000000000
49666  44.099  -21.066  52.610 0.0000000000
49677  44.679  -20.874  52.244 0.0000000000
49676  45.074  -20.755  51.678 0.0000000000
48633  45.243  -20.759  51.141 0.0000000000
48657  44.713  -21.194  51.011 0.0000000000
48678  44.052  -21.232  50.535 0.0000000000
49717  41.796  -20.753  49.584 0.0000000000
49718  41.066  -20.615  49.278 0.0000000000
48663  38.924  -21.441  50.364 0.0000000000
132903  37.512  -21.195  48.230 0.0000000000
48704  36.888  -21.221  48.526 0.0000000000
48705  36.214  -21.110  48.462 0.0000000000
49738  35.447  -20.810  48.423 0.0000000000
46476  35.863  -24.029  54.808 0.0000000000
46491  36.453  -23.546  54.233 0.0000000000
46492  35.520  -23.615  54.047 0.0000000000
47548  35.158  -23.055  53.396 0.0000000000
47568  35.280  -22.503  52.823 0.0000000000
48669  32.682  -21.504  50.980 0.0000000000
48688  32.705  -21.091  50.239 0.0000000000
140849  33.398  -20.819  49.906 0.0000000000
49721  33.719  -20.583  49.161 0.0000000000
49741  32.787  -20.440  48.567 0.0000000000
49752  32.425  -20.242  47.742 0.0000000000
147775  31.657  -19.936  46.764 0.0000000000
49753  31.518  -20.303  47.504 0.0000000000
48726  30.071  -20.934  47.204 0.0000000000
47639  28.245  -22.926  46.768 0.0000000000
147020  27.569  -22.834  45.555 0.0000000000
68558  50.118  -3.661  25.211 0.0000000000
67519  49.210  -3.872  24.906 0.0000000000
67524  47.770  -3.995  22.781 0.0000000000
65337  46.192  -6.529  22.351 0.0000000000
65350  46.546  -6.717  21.871 0.0000000000
132043  46.774  -7.895  21.660 0.0000000000
52989  24.598  -17.080  61.951 0.0000000000
51822  24.694  -18.124  60.281 0.0000000000
53029  23.291  -17.464  58.479 0.0000000000
50718  20.253  -19.598  59.680 0.0000000000
135729  20.638  -18.940  59.213 0.0000000000
129160  21.195  -18.280  58.306 0.0000000000
51865  20.932  -18.760  57.661 0.0000000000
50769  21.047  -19.784  55.583 0.0000000000
149098  20.804  -19.934  56.212 0.0000000000
49649  20.774  -20.618  55.838 0.0000000000
72238  59.594  0.260  29.723 0.0000000000
73189  59.343  1.017  30.015 0.0000000000
72229  58.512  0.869  30.465 0.0000000000
73181  56.532  1.191  30.718 0.0000000000
72231  55.836  0.704  30.162 0.0000000000
71340  55.981  -0.518  29.086 0.0000000000
71354  55.202  -0.868  28.690 0.0000000000
71355  53.995  -0.946  28.612 0.0000000000
71344  51.310  -0.693  29.856 0.0000000000
70433  51.921  -1.191  28.919 0.0000000000
70434  51.342  -1.539  29.319 0.0000000000
69524  52.372  -2.724  28.355 0.0000000000
67505  53.867  -4.656  26.531 0.0000000000
68529  53.481  -4.661  27.676 0.0000000000
66384  53.282  -5.582  27.828 0.0000000000
65298  53.659  -6.496  29.257 0.0000000000
65288  53.394  -6.622  29.439 0.0000000000
65289  52.512  -6.493  29.177 0.0000000000
137130  50.578  -5.557  28.946 0.0000000000
66362  49.849  -5.081  29.611 0.0000000000
66277  56.342  -5.014  35.270 0.0000000000
127532  55.782  -5.359  35.237 0.0000000000
66290  55.254  -5.459  34.496 0.0000000000
150115  53.640  -5.559  34.058 0.0000000000
65208  50.532  -6.449  34.764 0.0000000000
65223  51.185  -5.949  34.248 0.0000000000
65224  50.334  -6.051  33.829 0.0000000000
65240  49.927  -5.880  33.134 0.0000000000
65259  49.173  -5.635  32.101 0.0000000000
65260  48.411  -5.935  31.876 0.0000000000
65279  46.770  -6.500  30.432 0.0000000000
65262  46.981  -6.664  31.292 0.0000000000
129223  46.466  -7.107  31.786 0.0000000000
63081  46.090  -7.886  34.117 0.0000000000
64158  45.800  -7.708  33.316 0.0000000000
63082  45.310  -8.109  33.864 0.0000000000
63090  43.308  -8.292  32.556 0.0000000000
126495  42.876  -8.185  31.812 0.0000000000
63085  42.796  -8.677  33.179 0.0000000000
63015  51.061  -7.725  42.188 0.0000000000
57702  52.114  -13.708  44.801 0.0000000000
58869  52.100  -12.782  45.057 0.0000000000
57726  52.082  -13.397  44.073 0.0000000000
57733  51.435  -13.164  42.968 0.0000000000
58914  51.240  -12.419  42.689 0.0000000000
58953  47.986  -12.847  39.846 0.0000000000
58944  48.339  -12.319  40.436 0.0000000000
144304  47.678  -12.226  40.141 0.0000000000
61005  48.680  -10.551  41.334 0.0000000000
61981  47.523  -9.698  40.603 0.0000000000
61991  47.116  -8.957  39.883 0.0000000000
146331  46.650  -8.909  39.171 0.0000000000
62003  45.992  -9.352  38.937 0.0000000000
62004  45.460  -9.512  38.361 0.0000000000
58994  43.109  -12.500  36.278 0.0000000000
60076  43.313  -11.704  36.847 0.0000000000
58995  42.439  -12.305  35.701 0.0000000000
60091  41.678  -11.102  34.971 0.0000000000
60092  41.198  -11.088  34.346 0.0000000000
132007  41.126  -11.923  34.440 0.0000000000
59014  40.240  -12.148  33.114 0.0000000000
150332  40.142  -12.804  32.541 0.0000000000
57850  40.314  -13.949  31.181 0.0000000000
55737  41.461  -16.290  31.088 0.0000000000
54597  40.603  -16.226  30.308 0.0000000000
125078  42.159  -15.487  35.627 0.0000000000
127393  41.382  -15.153  35.591 0.0000000000
56755  37.305  -14.543  32.646 0.0000000000
56775  37.085  -14.715  31.891 0.0000000000
52033  40.767  -18.639  46.348 0.0000000000
50858  40.033  -18.991  45.983 0.0000000000
52040  39.763  -18.728  45.219 0.0000000000
50902  37.009  -19.707  42.789 0.0000000000
50911  36.897  -19.346  42.157 0.0000000000
52070  36.729  -19.031  41.474 0.0000000000
52082  37.255  -18.467  41.297 0.0000000000
53301  37.206  -18.077  40.738 0.0000000000
52091  36.217  -18.214  40.001 0.0000000000
52101  35.204  -18.027  39.077 0.0000000000
129169  31.829  -19.476  41.977 0.0000000000
50904  32.405  -19.622  42.228 0.0000000000
128895  32.082  -19.436  40.719 0.0000000000
50954  31.127  -19.736  37.565 0.0000000000
52113  32.623  -18.754  37.788 0.0000000000
133348  58.105  -1.235  22.226 0.0000000000
70497  58.719  -1.807  22.323 0.0000000000
68592  49.420  -3.165  21.350 0.0000000000
67560  49.775  -4.331  20.659 0.0000000000
48560  29.939  -21.860  57.905 0.0000000000
48561  29.171  -21.462  57.964 0.0000000000
48549  28.837  -21.170  58.658 0.0000000000
48538  29.245  -21.063  59.104 0.0000000000
49599  28.178  -20.705  58.816 0.0000000000
49600  27.540  -20.343  58.989 0.0000000000
49589  27.273  -20.020  59.610 0.0000000000
48558  31.192  -21.849  57.688 0.0000000000
53143  46.695  -17.686  50.915 0.0000000000
53157  46.736  -17.783  50.114 0.0000000000
53184  46.903  -17.928  49.339 0.0000000000
54311  46.870  -17.225  49.038 0.0000000000
139355  47.736  -18.558  48.279 0.0000000000
54323  48.269  -17.698  47.764 0.0000000000
54345  48.891  -17.430  47.381 0.0000000000
54344  49.658  -17.449  46.953 0.0000000000
53242  49.906  -17.793  46.498 0.0000000000
52024  49.594  -18.279  46.239 0.0000000000
53258  48.500  -17.925  45.608 0.0000000000
53273  47.852  -17.192  45.101 0.0000000000
53259  46.485  -17.528  45.770 0.0000000000
54393  46.871  -16.958  45.229 0.0000000000
55505  45.768  -15.772  44.274 0.0000000000
55526  45.336  -15.301  43.555 0.0000000000
55551  44.588  -15.106  43.051 0.0000000000
55552  43.763  -15.108  42.617 0.0000000000
54446  43.166  -16.068  44.022 0.0000000000
54447  42.691  -15.853  43.374 0.0000000000
54458  41.992  -16.005  43.048 0.0000000000
54459  41.265  -16.297  42.632 0.0000000000
49803  27.862  -20.775  43.851 0.0000000000
48754  27.308  -21.362  42.284 0.0000000000
47680  27.342  -22.360  41.037 0.0000000000
46588  26.910  -22.940  41.059 0.0000000000
72311  55.439  0.484  24.217 0.0000000000
145693  54.644  0.189  24.304 0.0000000000
71412  54.111  0.083  23.013 0.0000000000
71413  53.396  -0.251  23.351 0.0000000000
71424  53.547  -0.328  22.484 0.0000000000
70509  53.353  -1.217  21.390 0.0000000000
70519  52.911  -1.850  20.957 0.0000000000
46549  26.178  -23.144  46.665 0.0000000000
47629  25.526  -22.669  47.243 0.0000000000
47630  24.754  -22.519  47.593 0.0000000000
49694  23.459  -20.332  51.492 0.0000000000
47603  22.748  -22.466  50.831 0.0000000000
49638  42.008  -20.311  54.776 0.0000000000
49657  42.434  -20.637  54.244 0.0000000000
143181  42.908  -21.003  53.635 0.0000000000
48613  43.361  -21.293  53.038 0.0000000000
47541  42.950  -21.751  52.844 0.0000000000
47578  42.565  -22.111  51.844 0.0000000000
47596  41.935  -21.937  51.484 0.0000000000
47579  41.695  -22.251  52.150 0.0000000000
131636  40.908  -22.114  51.959 0.0000000000
47580  40.187  -22.218  52.020 0.0000000000
48640  38.654  -21.740  51.294 0.0000000000
48641  37.766  -21.743  51.368 0.0000000000
46507  32.916  -23.312  53.171 0.0000000000
46508  32.240  -23.339  52.866 0.0000000000
48707  30.470  -21.570  48.615 0.0000000000
47621  28.826  -22.733  48.032 0.0000000000
67510  48.481  -4.939  25.692 0.0000000000
67520  47.900  -4.943  25.264 0.0000000000
65328  46.021  -6.269  23.880 0.0000000000
65332  45.948  -6.273  23.004 0.0000000000
65338  45.722  -6.849  22.706 0.0000000000
50719  19.897  -19.886  60.301 0.0000000000
49590  19.911  -20.114  58.945 0.0000000000
48562  20.182  -21.085  56.897 0.0000000000
48563  19.824  -21.511  57.209 0.0000000000
46441  19.058  -23.157  57.570 0.0000000000
68513  52.459  -3.799  30.381 0.0000000000
67472  54.053  -5.410  30.218 0.0000000000
65286  54.305  -6.251  30.259 0.0000000000
65274  54.202  -6.604  30.465 0.0000000000
65258  53.932  -6.641  30.847 0.0000000000
142593  53.599  -6.442  36.243 0.0000000000
65192  52.661  -6.488  35.935 0.0000000000
64127  51.631  -6.559  35.782 0.0000000000
64119  50.984  -6.802  36.327 0.0000000000
65193  50.750  -6.659  35.589 0.0000000000
65210  48.823  -6.796  34.113 0.0000000000
64156  47.802  -6.904  33.265 0.0000000000
64155  48.074  -7.134  33.999 0.0000000000
64141  47.632  -7.519  34.575 0.0000000000
63073  46.383  -8.120  34.868 0.0000000000
135894  45.920  -8.404  35.255 0.0000000000
63067  45.125  -8.592  35.316 0.0000000000
61957  52.343  -9.021  44.274 0.0000000000
55589  49.436  -14.996  40.742 0.0000000000
56640  49.821  -14.201  41.052 0.0000000000
56641  49.428  -14.661  40.438 0.0000000000
57762  49.207  -14.193  40.040 0.0000000000
57763  48.726  -14.405  39.372 0.0000000000
56677  48.082  -15.194  37.961 0.0000000000
57764  48.060  -13.680  39.175 0.0000000000
58961  47.350  -13.482  38.832 0.0000000000
58962  46.510  -12.777  38.934 0.0000000000
60058  45.745  -11.505  39.222 0.0000000000
58963  45.558  -12.341  38.592 0.0000000000
58972  45.309  -12.935  37.894 0.0000000000
58985  44.211  -13.001  36.996 0.0000000000
57792  45.530  -14.251  36.689 0.0000000000
57793  44.673  -13.850  36.492 0.0000000000
57794  43.782  -13.407  36.229 0.0000000000
57810  42.655  -13.967  34.723 0.0000000000
57811  42.016  -13.929  34.181 0.0000000000
56751  42.550  -16.226  31.970 0.0000000000
55721  42.829  -16.797  32.094 0.0000000000
141731  41.569  -16.708  31.600 0.0000000000
56727  37.699  -14.571  34.430 0.0000000000
56728  36.765  -14.561  34.193 0.0000000000
56742  36.580  -14.498  33.281 0.0000000000
49772  38.284  -20.254  45.657 0.0000000000
50860  38.666  -19.745  45.236 0.0000000000
49809  36.982  -20.292  44.065 0.0000000000
49795  36.476  -20.511  44.571 0.0000000000
50885  37.015  -20.060  43.438 0.0000000000
49817  36.497  -20.164  42.902 0.0000000000
50913  35.599  -19.886  41.461 0.0000000000
49836  29.887  -19.747  39.947 0.0000000000
50942  30.798  -19.512  39.669 0.0000000000
49858  30.022  -20.472  38.583 0.0000000000
49857  30.635  -20.057  38.176 0.0000000000
49867  30.584  -20.404  37.329 0.0000000000
70475  62.375  -1.752  24.486 0.0000000000
70476  62.095  -1.853  24.728 0.0000000000
69554  62.371  -2.331  24.054 0.0000000000
69566  62.256  -2.921  23.606 0.0000000000
68567  61.877  -3.567  23.183 0.0000000000
68579  61.187  -4.061  22.725 0.0000000000
67552  57.318  -4.924  20.609 0.0000000000
47591  28.686  -22.596  51.141 0.0000000000
48616  28.661  -21.378  53.178 0.0000000000
126912  26.564  -19.935  53.242 0.0000000000
48593  28.908  -21.211  56.024 0.0000000000
49645  28.304  -20.780  55.434 0.0000000000
49660  27.726  -20.427  54.799 0.0000000000
50788  26.098  -19.608  53.788 0.0000000000
50768  25.805  -19.084  55.280 0.0000000000
51916  24.287  -18.467  54.685 0.0000000000
49622  38.370  -19.725  56.789 0.0000000000
48570  38.395  -20.936  55.929 0.0000000000
48585  38.894  -21.741  55.522 0.0000000000
47515  37.691  -22.727  55.418 0.0000000000
47516  36.968  -23.187  55.346 0.0000000000
147955  36.343  -22.899  55.444 0.0000000000
126713  36.014  -23.630  55.341 0.0000000000
45411  34.254  -24.396  54.941 0.0000000000
47519  33.542  -23.198  55.671 0.0000000000
45412  33.479  -24.413  55.029 0.0000000000
45424  33.406  -24.284  54.520 0.0000000000
150422  32.304  -23.938  53.958 0.0000000000
46496  31.917  -23.757  53.682 0.0000000000
46497  31.262  -23.555  53.242 0.0000000000
146961  31.000  -23.501  53.675 0.0000000000
64247  45.506  -7.215  27.174 0.0000000000
64251  45.057  -7.670  26.545 0.0000000000
126038  44.663  -8.159  25.964 0.0000000000
62097  44.250  -8.908  25.264 0.0000000000
142708  56.275  -4.380  35.865 0.0000000000
66267  56.378  -4.803  36.142 0.0000000000
66268  56.264  -4.945  36.636 0.0000000000
65173  55.726  -5.581  36.629 0.0000000000
65157  55.966  -5.337  37.216 0.0000000000
65158  55.257  -6.093  37.329 0.0000000000
124602  53.398  -6.583  38.253 0.0000000000
64109  52.353  -6.702  38.029 0.0000000000
64101  50.777  -7.139  38.511 0.0000000000
57703  51.642  -13.567  45.269 0.0000000000
56597  51.959  -14.665  44.733 0.0000000000
55520  51.748  -14.757  44.033 0.0000000000
55546  50.404  -14.790  42.218 0.0000000000
53255  50.544  -17.232  46.090 0.0000000000
53270  50.621  -17.087  45.528 0.0000000000
54415  50.463  -16.623  44.689 0.0000000000
54443  48.583  -16.195  43.913 0.0000000000
54442  49.626  -16.188  43.848 0.0000000000
54441  50.563  -15.869  43.862 0.0000000000
55522  49.775  -15.653  43.036 0.0000000000
55547  49.873  -15.250  42.168 0.0000000000
55570  49.844  -14.899  41.478 0.0000000000
55590  49.110  -15.278  40.348 0.0000000000
55591  48.517  -15.357  39.983 0.0000000000
55608  48.253  -15.650  39.024 0.0000000000
55609  47.568  -15.744  38.811 0.0000000000
55616  47.229  -16.126  38.088 0.0000000000
55633  46.698  -16.295  37.451 0.0000000000
54504  45.848  -16.372  36.768 0.0000000000
148884  45.384  -16.387  36.525 0.0000000000
54518  44.663  -16.742  35.493 0.0000000000
55655  44.771  -16.270  36.413 0.0000000000
55637  43.296  -15.181  36.850 0.0000000000
56690  43.306  -14.778  37.673 0.0000000000
55638  41.419  -14.675  37.162 0.0000000000
55639  40.641  -14.782  37.679 0.0000000000
56646  42.622  -14.697  40.649 0.0000000000
142056  41.976  -14.768  40.291 0.0000000000
140513  40.945  -14.812  38.581 0.0000000000
126694  39.991  -14.881  37.130 0.0000000000
55640  39.122  -15.158  37.162 0.0000000000
55641  38.352  -15.611  37.535 0.0000000000
54488  38.826  -15.940  38.705 0.0000000000
144350  38.320  -15.942  38.214 0.0000000000
55642  37.793  -15.650  37.178 0.0000000000
55643  37.138  -15.831  37.140 0.0000000000
49777  33.485  -19.957  45.303 0.0000000000
49799  32.693  -19.689  44.191 0.0000000000
50887  32.285  -19.600  43.569 0.0000000000
50872  30.821  -19.474  43.886 0.0000000000
50905  31.072  -19.333  42.162 0.0000000000
50919  28.833  -19.865  41.981 0.0000000000
48757  28.099  -20.892  41.165 0.0000000000
49829  28.445  -20.351  41.506 0.0000000000
49828  29.054  -19.889  41.206 0.0000000000
130382  60.203  -0.509  25.853 0.0000000000
71398  59.040  -0.021  24.161 0.0000000000
128762  58.341  -0.104  23.218 0.0000000000
72327  57.891  0.415  23.925 0.0000000000
69588  57.185  -2.652  21.361 0.0000000000
72336  55.582  -0.069  22.461 0.0000000000
71430  55.650  -0.651  21.835 0.0000000000
70507  55.113  -1.197  21.434 0.0000000000
70506  55.982  -1.456  21.454 0.0000000000
69589  56.232  -2.405  21.115 0.0000000000
46569  25.689  -23.981  45.474 0.0000000000
47601  28.019  -22.223  50.640 0.0000000000
46544  24.069  -22.934  47.850 0.0000000000
49692  25.288  -20.285  51.289 0.0000000000
48693  24.461  -21.438  49.238 0.0000000000
47612  24.230  -21.912  48.670 0.0000000000
47625  23.816  -22.607  48.536 0.0000000000
128600  44.321  -19.311  53.567 0.0000000000
53127  46.374  -18.145  51.605 0.0000000000
137261  46.577  -18.574  50.998 0.0000000000
49712  46.346  -19.697  49.738 0.0000000000
49702  45.629  -20.401  50.687 0.0000000000
49713  45.939  -20.246  50.030 0.0000000000
52030  43.535  -18.314  47.145 0.0000000000
149912  42.781  -18.700  47.450 0.0000000000
50849  41.544  -19.385  47.753 0.0000000000
50850  40.669  -19.565  47.484 0.0000000000
50851  39.868  -19.825  47.160 0.0000000000
49756  39.159  -20.184  46.771 0.0000000000
48660  41.601  -21.587  50.806 0.0000000000
48681  41.107  -21.083  49.976 0.0000000000
48700  40.361  -20.731  49.274 0.0000000000
150629  39.476  -21.246  49.880 0.0000000000
49746  39.432  -20.398  47.553 0.0000000000
49757  38.463  -20.434  46.402 0.0000000000
49748  37.835  -20.795  46.780 0.0000000000
49759  36.431  -20.726  46.212 0.0000000000
49760  35.600  -20.612  46.003 0.0000000000
124960  34.756  -20.471  45.928 0.0000000000
46454  38.919  -22.932  54.828 0.0000000000
46474  38.444  -23.242  54.527 0.0000000000
46489  38.365  -23.190  54.020 0.0000000000
47545  37.841  -22.919  53.543 0.0000000000
145446  37.021  -21.736  51.469 0.0000000000
131814  33.449  -22.754  52.753 0.0000000000
133835  34.759  -22.162  52.372 0.0000000000
48645  33.541  -21.620  51.457 0.0000000000
48644  34.660  -21.665  51.629 0.0000000000
48643  35.594  -21.625  51.405 0.0000000000
48666  35.676  -21.413  50.670 0.0000000000
49719  35.737  -21.114  49.199 0.0000000000
150366  34.224  -20.548  48.695 0.0000000000
49739  34.627  -20.581  48.167 0.0000000000
124862  34.330  -20.426  46.684 0.0000000000
124959  33.908  -20.248  46.006 0.0000000000
49778  32.719  -19.763  45.638 0.0000000000
142800  31.082  -19.708  45.273 0.0000000000
49779  31.360  -19.839  46.095 0.0000000000
49800  30.233  -19.895  45.037 0.0000000000
48717  30.262  -21.250  47.909 0.0000000000
48739  29.133  -21.088  45.984 0.0000000000
47656  26.453  -22.632  42.922 0.0000000000
140989  26.345  -23.147  43.522 0.0000000000
46578  26.221  -23.439  42.382 0.0000000000
69552  51.964  -2.696  25.195 0.0000000000
149928  51.383  -1.591  24.088 0.0000000000
69557  51.129  -2.271  24.556 0.0000000000
69569  50.085  -1.992  23.183 0.0000000000
69583  49.510  -2.411  22.647 0.0000000000
140406  48.820  -2.879  23.020 0.0000000000
68582  49.010  -2.900  22.123 0.0000000000
67522  47.832  -4.514  24.475 0.0000000000
67525  47.266  -4.559  23.154 0.0000000000
67537  47.392  -4.627  22.356 0.0000000000
66438  46.645  -6.155  21.997 0.0000000000
66437  47.040  -5.429  21.961 0.0000000000
67547  47.796  -4.837  21.668 0.0000000000
65348  48.287  -6.044  21.196 0.0000000000
63141  44.678  -8.150  24.168 0.0000000000
63146  44.732  -9.020  23.260 0.0000000000
53009  30.001  -18.139  59.503 0.0000000000
51820  28.842  -18.535  60.458 0.0000000000
50703  28.557  -19.214  60.471 0.0000000000
50704  27.700  -19.295  60.541 0.0000000000
129227  26.926  -19.589  60.218 0.0000000000
50716  26.671  -19.701  59.544 0.0000000000
50692  26.608  -18.415  61.141 0.0000000000
50706  26.486  -19.061  60.631 0.0000000000
50730  26.038  -19.349  59.224 0.0000000000
51833  24.706  -18.350  59.053 0.0000000000
51844  24.824  -18.330  58.038 0.0000000000
51864  24.832  -18.389  57.127 0.0000000000
146737  24.330  -17.989  56.635 0.0000000000
51881  23.984  -17.829  55.834 0.0000000000
51898  23.172  -17.950  55.193 0.0000000000
53001  22.492  -17.172  61.363 0.0000000000
136035  22.621  -17.299  60.343 0.0000000000
53049  22.353  -17.529  57.768 0.0000000000
53068  22.666  -17.579  56.801 0.0000000000
51899  22.194  -18.165  55.444 0.0000000000
51918  22.578  -18.381  54.655 0.0000000000
48606  21.276  -21.544  54.405 0.0000000000
138794  20.728  -22.154  55.504 0.0000000000
71363  61.169  -0.246  27.545 0.0000000000
72256  60.613  -0.204  27.998 0.0000000000
136767  59.704  -0.161  27.730 0.0000000000
72272  59.081  0.145  26.868 0.0000000000
72273  58.679  -0.001  27.592 0.0000000000
71379  57.447  0.059  27.020 0.0000000000
74194  58.040  2.470  30.950 0.0000000000
73180  57.968  1.639  30.791 0.0000000000
146972  57.250  -0.877  28.225 0.0000000000
70439  57.015  -0.824  27.688 0.0000000000
71380  56.635  -0.570  27.076 0.0000000000
71381  56.009  -0.925  26.753 0.0000000000
70470  55.378  -1.614  26.433 0.0000000000
70451  55.968  -1.992  27.394 0.0000000000
70471  54.580  -1.850  25.988 0.0000000000
142181  54.035  -2.141  25.694 0.0000000000
69550  53.829  -2.967  25.672 0.0000000000
72233  53.665  0.709  30.391 0.0000000000
71342  53.459  -0.332  29.201 0.0000000000
70443  53.504  -1.768  28.146 0.0000000000
69522  54.342  -2.572  27.595 0.0000000000
68538  54.874  -3.488  26.736 0.0000000000
68553  54.505  -3.640  25.985 0.0000000000
68555  53.042  -3.521  25.629 0.0000000000
68556  51.925  -3.613  25.569 0.0000000000
130392  53.282  -4.853  26.452 0.0000000000
67518  50.562  -4.326  25.822 0.0000000000
67508  49.962  -4.888  26.260 0.0000000000
67479  53.097  -4.731  28.951 0.0000000000
67487  53.361  -5.432  28.036 0.0000000000
66385  52.899  -5.755  27.645 0.0000000000
66370  53.167  -6.061  28.197 0.0000000000
66398  51.461  -5.428  27.057 0.0000000000
147286  49.356  -5.089  26.316 0.0000000000
66401  48.776  -5.238  26.368 0.0000000000
66388  49.328  -5.490  27.765 0.0000000000
66390  47.835  -5.568  27.266 0.0000000000
65316  47.197  -5.826  27.260 0.0000000000
65313  46.661  -6.196  27.678 0.0000000000
68482  55.797  -4.241  33.754 0.0000000000
148362  56.063  -5.081  33.946 0.0000000000
66300  55.423  -5.346  32.947 0.0000000000
65238  55.374  -5.987  31.991 0.0000000000
65239  55.095  -6.265  31.909 0.0000000000
66332  53.137  -6.370  31.056 0.0000000000
66303  52.915  -5.506  33.790 0.0000000000
126029  51.999  -5.518  33.569 0.0000000000
66316  53.068  -5.534  32.706 0.0000000000
124865  52.805  -5.715  31.849 0.0000000000
66333  52.117  -5.566  31.445 0.0000000000
66352  48.806  -5.134  30.346 0.0000000000
66334  48.979  -5.335  31.257 0.0000000000
143795  47.705  -5.475  29.397 0.0000000000
64238  45.964  -6.746  27.825 0.0000000000
64210  46.110  -6.895  30.103 0.0000000000
64228  45.204  -7.257  28.829 0.0000000000
64173  47.113  -7.115  32.862 0.0000000000
125456  45.710  -7.399  31.976 0.0000000000
64175  45.533  -7.598  32.630 0.0000000000
64193  45.228  -7.377  31.353 0.0000000000
64090  52.664  -6.546  40.314 0.0000000000
64091  51.609  -6.816  39.886 0.0000000000
64093  50.071  -7.357  39.032 0.0000000000
60988  52.359  -10.046  44.184 0.0000000000
61958  52.003  -9.569  43.603 0.0000000000
57741  50.324  -13.717  41.579 0.0000000000
58927  50.219  -12.685  41.612 0.0000000000
58926  50.725  -12.286  42.244 0.0000000000
60043  49.004  -12.061  40.968 0.0000000000
60031  50.320  -11.585  42.010 0.0000000000
60016  51.012  -11.619  42.555 0.0000000000
60997  50.727  -10.809  42.464 0.0000000000
61965  51.095  -10.071  42.738 0.0000000000
129741  51.393  -9.156  43.038 0.0000000000
63016  50.420  -8.010  41.930 0.0000000000
61979  48.995  -8.940  41.385 0.0000000000
63023  50.125  -7.603  41.109 0.0000000000
64082  50.030  -7.399  40.099 0.0000000000
150145  49.447  -7.558  38.667 0.0000000000
63051  46.845  -8.493  37.314 0.0000000000
149691  46.163  -8.532  36.299 0.0000000000
63059  45.738  -8.562  35.862 0.0000000000
60059  45.058  -11.223  38.731 0.0000000000
61031  44.839  -10.161  38.280 0.0000000000
62013  44.539  -9.788  37.563 0.0000000000
60068  43.688  -11.061  37.404 0.0000000000
61048  43.962  -10.059  37.168 0.0000000000
62031  44.401  -8.976  35.894 0.0000000000
62040  44.213  -8.777  35.057 0.0000000000
62041  43.383  -9.077  34.786 0.0000000000
62047  42.296  -9.173  33.719 0.0000000000
61066  41.289  -10.320  33.916 0.0000000000
56753  40.991  -14.929  31.537 0.0000000000
54533  43.591  -17.151  34.382 0.0000000000
55676  42.010  -16.000  34.876 0.0000000000
55694  41.904  -16.573  33.984 0.0000000000
55723  40.834  -16.688  32.149 0.0000000000
56725  39.623  -14.926  34.725 0.0000000000
56754  38.234  -14.712  32.805 0.0000000000
55712  39.134  -15.279  32.931 0.0000000000
53264  41.683  -17.508  45.470 0.0000000000
53265  40.918  -17.775  45.174 0.0000000000
53275  41.388  -17.291  44.729 0.0000000000
53280  40.547  -17.240  43.556 0.0000000000
53283  40.138  -17.111  42.715 0.0000000000
52048  38.856  -18.829  44.065 0.0000000000
150003  38.751  -18.563  43.405 0.0000000000
146084  39.344  -18.267  43.680 0.0000000000
52047  39.067  -18.077  42.968 0.0000000000
53284  39.435  -17.522  42.469 0.0000000000
124508  39.111  -17.413  41.818 0.0000000000
147799  37.536  -16.997  39.350 0.0000000000
133563  37.169  -17.365  39.624 0.0000000000
53328  37.168  -16.962  38.965 0.0000000000
54490  36.579  -16.860  38.386 0.0000000000
54507  35.877  -16.639  37.670 0.0000000000
54508  35.060  -16.544  37.267 0.0000000000
141890  33.945  -20.063  43.606 0.0000000000
150007  34.237  -20.165  43.096 0.0000000000
50903  33.127  -19.794  42.090 0.0000000000
49826  34.535  -20.186  41.747 0.0000000000
49835  34.857  -20.041  41.227 0.0000000000
128947  32.288  -19.478  40.003 0.0000000000
50947  31.907  -19.437  38.638 0.0000000000
50940  32.510  -19.419  39.227 0.0000000000
124463  33.113  -19.548  39.881 0.0000000000
126359  33.893  -19.483  39.888 0.0000000000
50938  34.628  -19.281  39.974 0.0000000000
52093  34.855  -18.679  39.500 0.0000000000
52112  33.364  -18.303  38.006 0.0000000000
52111  34.039  -17.952  38.255 0.0000000000
147825  34.345  -17.416  37.847 0.0000000000
69567  60.329  -2.429  23.042 0.0000000000
67535  60.999  -4.857  22.219 0.0000000000
70512  50.867  -1.587  21.955 0.0000000000
69592  51.240  -2.059  21.311 0.0000000000
69607  50.833  -2.861  20.867 0.0000000000
45410  35.207  -24.177  55.102 0.0000000000
45425  32.706  -24.106  54.172 0.0000000000
47553  21.685  -22.219  53.758 0.0000000000
47567  36.503  -22.529  52.895 0.0000000000
48614  42.581  -21.563  53.440 0.0000000000
48624  44.493  -21.178  52.094 0.0000000000
49601  27.043  -20.000  59.082 0.0000000000
49658  41.754  -20.960  54.575 0.0000000000
49689  45.459  -20.517  51.133 0.0000000000
49714  44.675  -20.829  50.085 0.0000000000
49731  44.907  -20.368  49.361 0.0000000000
50702  29.089  -19.144  60.274 0.0000000000
50820  46.193  -19.811  50.445 0.0000000000
50836  46.686  -19.459  48.410 0.0000000000
50838  45.058  -19.909  48.723 0.0000000000
50844  46.900  -19.315  47.651 0.0000000000
51821  28.188  -18.085  60.651 0.0000000000
51963  46.433  -19.250  50.717 0.0000000000
52016  48.796  -18.566  47.182 0.0000000000
52035  49.049  -18.442  46.024 0.0000000000
52986  27.515  -17.760  60.886 0.0000000000
53013  23.077  -17.343  59.485 0.0000000000
53208  48.041  -18.145  48.048 0.0000000000
53209  47.383  -18.050  48.627 0.0000000000
53229  49.394  -18.051  47.115 0.0000000000
53256  50.172  -17.773  45.911 0.0000000000
54346  47.197  -16.642  47.903 0.0000000000
54392  51.110  -16.446  45.253 0.0000000000
54502  47.304  -16.303  37.020 0.0000000000
54517  45.502  -16.633  35.881 0.0000000000
54529  46.346  -16.330  36.044 0.0000000000
55477  50.727  -15.658  46.068 0.0000000000
55489  51.683  -15.233  45.261 0.0000000000
55504  46.522  -15.882  44.305 0.0000000000
55614  48.283  -15.545  38.602 0.0000000000
55632  47.563  -16.112  37.418 0.0000000000
55653  47.072  -15.992  36.489 0.0000000000
56584  51.832  -14.406  45.128 0.0000000000
56585  51.200  -15.278  45.690 0.0000000000
56606  51.654  -13.888  43.525 0.0000000000
56613  47.418  -14.703  41.718 0.0000000000
56662  48.692  -15.156  38.941 0.0000000000
58870  51.628  -12.504  45.363 0.0000000000
58900  52.276  -12.755  44.479 0.0000000000
59998  51.959  -12.029  43.529 0.0000000000
60032  49.673  -11.902  41.450 0.0000000000
60045  47.815  -11.500  40.525 0.0000000000
60060  44.542  -11.088  38.297 0.0000000000
60097  40.684  -11.609  33.819 0.0000000000
61004  49.408  -10.547  41.649 0.0000000000
61013  47.968  -10.578  40.918 0.0000000000
61065  41.707  -10.407  34.592 0.0000000000
61964  51.557  -10.056  43.173 0.0000000000
61971  50.437  -9.946  42.363 0.0000000000
64269  46.016  -7.377  22.088 0.0000000000
65300  52.295  -6.342  28.642 0.0000000000
65301  47.094  -5.819  28.912 0.0000000000
66329  55.235  -5.960  31.650 0.0000000000
66330  54.777  -5.983  31.024 0.0000000000
67496  54.329  -4.119  26.629 0.0000000000
67545  49.215  -3.924  20.937 0.0000000000
67559  50.507  -4.424  20.500 0.0000000000
69516  51.302  -2.322  29.351 0.0000000000
69525  51.743  -2.062  28.745 0.0000000000
69531  55.122  -3.230  27.062 0.0000000000
69548  55.120  -2.604  26.425 0.0000000000
69590  54.750  -1.869  20.930 0.0000000000
70452  55.397  -2.393  27.428 0.0000000000
70468  62.213  -1.352  25.212 0.0000000000
71394  62.428  -1.192  24.631 0.0000000000
71399  54.954  0.113  25.083 0.0000000000
71422  55.013  -0.314  22.107 0.0000000000
72271  60.238  -0.293  27.265 0.0000000000
72329  55.513  0.333  23.203 0.0000000000
73178  58.822  1.877  30.120 0.0000000000
73179  58.640  1.547  30.427 0.0000000000
124255  44.063  -15.387  43.290 0.0000000000
125084  56.783  0.586  25.398 0.0000000000
125712  54.662  -3.782  27.010 0.0000000000
129404  36.753  -23.804  54.905 0.0000000000
131091  40.599  -22.526  53.901 0.0000000000
136262  51.260  -15.377  43.875 0.0000000000
136308  48.122  -6.376  32.325 0.0000000000
138733  20.381  -22.455  55.974 0.0000000000
143566  49.710  -14.670  41.057 0.0000000000
144307  56.364  -4.327  34.958 0.0000000000
144842  36.535  -19.828  42.374 0.0000000000
145205  48.016  -14.949  41.398 0.0000000000
145715  36.016  -23.956  55.131 0.0000000000
147505  52.986  -5.179  26.724 0.0000000000
147635  53.374  -6.363  35.788 0.0000000000
148297  51.809  -13.123  43.512 0.0000000000
148474  28.631  -22.129  51.615 0.0000000000
149345  41.425  -11.522  34.716 0.0000000000
149793  45.328  -19.973  52.425 0.0000000000
149865  44.424  -8.506  25.603 0.0000000000
150133  38.566  -20.350  56.325 0.0000000000
150751  58.717  0.240  30.253 0.0000000000
