#!ascii label  , from subject sub-v1s11x0050149_ses-1 vox2ras=TkReg
1004
56670  35.902  -14.614  39.577 0.0000000000
73272  43.924  1.962  23.730 0.0000000000
64234  36.213  -7.499  29.296 0.0000000000
53179  16.802  -17.911  50.216 0.0000000000
139209  29.975  -11.110  42.951 0.0000000000
69519  37.175  -2.804  28.980 0.0000000000
55498  22.192  -15.405  44.902 0.0000000000
53225  20.467  -17.628  48.206 0.0000000000
54453  26.123  -16.139  43.572 0.0000000000
72331  48.567  0.631  23.444 0.0000000000
61025  34.200  -10.745  39.613 0.0000000000
61061  34.109  -10.581  35.323 0.0000000000
58957  38.806  -12.949  39.021 0.0000000000
76472  46.045  4.176  22.313 0.0000000000
75357  48.792  3.695  19.663 0.0000000000
75283  39.997  3.539  25.897 0.0000000000
72260  43.173  0.276  27.235 0.0000000000
70457  39.554  -1.361  26.796 0.0000000000
65303  41.189  -6.208  29.027 0.0000000000
55509  34.157  -15.957  43.926 0.0000000000
47574  17.470  -22.500  52.444 0.0000000000
46469  14.412  -23.604  55.065 0.0000000000
47492  12.024  -22.597  58.377 0.0000000000
57758  32.337  -13.529  40.490 0.0000000000
55537  30.314  -15.102  43.706 0.0000000000
66309  31.803  -5.987  32.903 0.0000000000
65217  37.186  -6.997  34.981 0.0000000000
78519  51.125  6.980  16.842 0.0000000000
73270  45.732  0.904  23.464 0.0000000000
72277  45.770  0.050  26.077 0.0000000000
58958  35.441  -13.035  38.852 0.0000000000
58977  36.222  -12.681  37.444 0.0000000000
57766  37.569  -14.033  39.193 0.0000000000
76456  43.452  4.175  24.356 0.0000000000
76436  46.097  4.843  24.585 0.0000000000
74279  45.162  2.595  23.217 0.0000000000
74285  47.098  1.983  21.940 0.0000000000
42215  12.598  -27.630  57.592 0.0000000000
72284  39.634  0.964  26.596 0.0000000000
72264  37.727  0.543  27.817 0.0000000000
66380  36.346  -5.736  28.372 0.0000000000
67501  38.344  -4.787  27.420 0.0000000000
64231  39.069  -7.187  28.734 0.0000000000
142490  39.330  -7.488  31.498 0.0000000000
140364  18.574  -17.929  48.832 0.0000000000
51997  19.999  -18.662  50.031 0.0000000000
50822  18.579  -19.651  50.422 0.0000000000
144047  18.519  -21.086  51.955 0.0000000000
49709  17.326  -20.240  50.765 0.0000000000
49664  14.369  -20.416  54.094 0.0000000000
147807  13.380  -23.504  56.348 0.0000000000
60039  30.847  -11.581  41.534 0.0000000000
56635  30.495  -14.278  41.056 0.0000000000
56637  28.875  -13.877  41.604 0.0000000000
53251  25.414  -17.254  46.575 0.0000000000
54381  27.710  -16.605  46.214 0.0000000000
62014  38.357  -8.955  37.430 0.0000000000
63062  35.962  -7.892  35.410 0.0000000000
126606  37.484  -0.085  29.615 0.0000000000
69514  36.521  -2.787  30.667 0.0000000000
66356  34.299  -5.288  29.736 0.0000000000
127390  23.700  -17.154  46.552 0.0000000000
54338  22.870  -17.073  48.500 0.0000000000
54386  21.221  -16.271  46.189 0.0000000000
55461  19.299  -15.555  47.592 0.0000000000
131169  17.938  -15.273  49.821 0.0000000000
57738  27.399  -13.483  42.297 0.0000000000
57730  25.637  -13.779  43.411 0.0000000000
54435  23.872  -16.232  44.355 0.0000000000
61998  32.459  -9.305  39.665 0.0000000000
62027  31.424  -9.413  36.641 0.0000000000
60074  33.743  -11.553  37.055 0.0000000000
60077  37.100  -11.379  36.566 0.0000000000
78515  47.636  6.535  18.773 0.0000000000
75345  46.659  4.226  20.895 0.0000000000
74292  48.621  2.430  21.221 0.0000000000
75304  41.913  3.224  24.434 0.0000000000
72300  43.084  0.337  25.573 0.0000000000
73228  40.771  1.118  25.847 0.0000000000
125940  42.027  -0.627  26.971 0.0000000000
69534  42.774  -2.581  27.525 0.0000000000
69538  38.378  -2.374  27.192 0.0000000000
68542  40.627  -3.869  26.915 0.0000000000
55580  34.952  -15.744  41.377 0.0000000000
55577  37.211  -15.355  41.868 0.0000000000
129447  42.451  5.853  26.105 0.0000000000
53153  15.503  -17.819  51.995 0.0000000000
50809  15.076  -19.905  52.398 0.0000000000
46503  15.847  -23.171  53.320 0.0000000000
44348  16.410  -24.931  54.904 0.0000000000
44332  14.812  -25.991  55.806 0.0000000000
44334  13.078  -25.558  56.563 0.0000000000
44316  11.082  -25.195  58.114 0.0000000000
44309  9.864  -25.191  58.859 0.0000000000
57757  33.792  -13.917  40.044 0.0000000000
146190  32.551  -15.293  41.192 0.0000000000
55536  31.958  -15.423  43.828 0.0000000000
55539  28.385  -15.468  43.365 0.0000000000
65284  33.436  -6.498  30.899 0.0000000000
63079  32.133  -8.641  34.453 0.0000000000
64164  34.050  -7.969  33.225 0.0000000000
124817  36.241  -8.158  32.101 0.0000000000
57744  39.701  -13.426  41.712 0.0000000000
129650  52.308  6.064  15.803 0.0000000000
77556  49.001  5.008  17.624 0.0000000000
76517  51.618  4.201  16.606 0.0000000000
73252  44.939  0.802  23.930 0.0000000000
72315  46.336  0.013  24.564 0.0000000000
72317  44.430  0.338  24.683 0.0000000000
57768  35.929  -13.854  38.991 0.0000000000
57778  36.526  -13.656  38.545 0.0000000000
57767  36.703  -14.231  39.181 0.0000000000
74267  43.365  2.575  23.856 0.0000000000
75302  44.637  3.195  23.552 0.0000000000
74280  44.562  2.326  23.482 0.0000000000
126930  45.163  1.722  23.332 0.0000000000
42202  11.891  -28.100  58.014 0.0000000000
74239  37.752  1.976  27.897 0.0000000000
73192  37.425  1.615  29.157 0.0000000000
65308  36.496  -6.745  28.590 0.0000000000
65307  37.445  -6.979  28.388 0.0000000000
64243  37.764  -7.491  28.829 0.0000000000
64194  39.281  -7.596  30.511 0.0000000000
144870  37.845  -8.130  30.399 0.0000000000
53205  17.901  -17.450  49.131 0.0000000000
52006  18.819  -18.574  49.317 0.0000000000
50830  18.247  -19.131  49.897 0.0000000000
140810  18.009  -19.826  50.417 0.0000000000
51999  16.761  -18.736  50.409 0.0000000000
60025  30.360  -11.212  42.147 0.0000000000
58936  30.055  -12.767  40.827 0.0000000000
60041  29.166  -11.761  41.698 0.0000000000
53237  24.959  -17.303  47.510 0.0000000000
147649  31.641  -6.266  37.617 0.0000000000
63052  37.717  -7.924  37.424 0.0000000000
134288  35.184  -3.378  30.001 0.0000000000
130569  33.943  -3.041  31.041 0.0000000000
136804  22.490  -16.455  45.424 0.0000000000
54385  22.013  -16.669  45.976 0.0000000000
55485  21.154  -15.348  45.767 0.0000000000
56570  19.706  -14.820  47.340 0.0000000000
56562  19.263  -14.539  48.056 0.0000000000
55462  18.681  -15.378  48.385 0.0000000000
133599  26.855  -12.502  44.080 0.0000000000
56591  23.056  -14.165  44.741 0.0000000000
56603  23.630  -14.654  44.094 0.0000000000
55517  22.815  -15.209  44.457 0.0000000000
54408  23.232  -16.533  45.078 0.0000000000
61036  32.435  -10.588  38.083 0.0000000000
61034  34.056  -11.476  38.164 0.0000000000
58966  37.516  -13.100  37.941 0.0000000000
60071  36.485  -12.194  36.871 0.0000000000
149811  38.868  -11.935  38.278 0.0000000000
61033  38.884  -10.686  37.871 0.0000000000
60053  39.755  -11.595  39.237 0.0000000000
76464  46.187  4.264  23.247 0.0000000000
76486  46.571  4.966  20.680 0.0000000000
76478  46.306  4.648  21.453 0.0000000000
73278  47.501  1.252  22.487 0.0000000000
130643  47.867  2.221  21.541 0.0000000000
73267  48.417  1.152  22.575 0.0000000000
75293  40.450  3.157  25.316 0.0000000000
73240  41.220  1.569  25.205 0.0000000000
73241  40.421  2.112  25.531 0.0000000000
71368  39.105  -0.440  26.936 0.0000000000
71384  40.768  0.029  26.567 0.0000000000
70456  40.596  -1.491  26.653 0.0000000000
70454  42.490  -1.492  27.280 0.0000000000
69536  41.017  -2.401  26.676 0.0000000000
127245  37.387  -2.215  28.877 0.0000000000
71360  37.529  -0.919  28.282 0.0000000000
69528  37.425  -2.716  28.090 0.0000000000
66379  40.092  -6.091  28.033 0.0000000000
67499  39.950  -4.991  27.319 0.0000000000
66391  41.209  -5.179  27.767 0.0000000000
67491  42.048  -4.916  28.035 0.0000000000
138652  34.808  -15.931  42.323 0.0000000000
55531  36.245  -15.793  42.953 0.0000000000
77482  40.489  5.185  27.424 0.0000000000
76428  40.880  4.803  26.048 0.0000000000
76441  41.375  4.470  25.353 0.0000000000
53224  21.245  -17.427  48.231 0.0000000000
53203  21.598  -17.407  49.063 0.0000000000
47573  18.124  -21.831  52.232 0.0000000000
49672  18.508  -20.992  53.675 0.0000000000
47534  18.110  -22.109  53.796 0.0000000000
47555  17.700  -22.951  53.603 0.0000000000
53139  15.171  -17.617  52.713 0.0000000000
50817  15.368  -19.185  51.864 0.0000000000
50796  14.623  -19.309  53.068 0.0000000000
48598  14.402  -21.340  54.393 0.0000000000
48622  14.885  -21.736  53.746 0.0000000000
46484  15.149  -23.060  53.997 0.0000000000
45429  16.535  -24.303  53.948 0.0000000000
45420  15.123  -24.368  54.712 0.0000000000
45405  15.333  -25.518  55.401 0.0000000000
45406  14.279  -24.384  55.420 0.0000000000
133907  12.514  -22.953  57.746 0.0000000000
46451  12.996  -24.028  56.677 0.0000000000
46452  12.370  -23.854  57.516 0.0000000000
44323  12.350  -25.632  57.037 0.0000000000
46444  11.724  -23.999  58.153 0.0000000000
58933  33.624  -12.422  41.019 0.0000000000
58948  34.232  -12.744  40.384 0.0000000000
146820  33.042  -13.967  40.269 0.0000000000
55598  33.701  -15.206  40.549 0.0000000000
56653  32.563  -14.421  40.454 0.0000000000
55561  30.592  -15.021  42.632 0.0000000000
143294  31.335  -15.215  42.381 0.0000000000
138110  31.254  -15.225  43.266 0.0000000000
56609  26.319  -14.872  42.817 0.0000000000
56622  27.622  -14.321  42.317 0.0000000000
54452  26.966  -16.151  43.697 0.0000000000
144319  28.448  -16.448  46.443 0.0000000000
72280  42.750  0.292  26.487 0.0000000000
72279  44.017  0.451  26.778 0.0000000000
72259  44.111  0.464  27.420 0.0000000000
67449  32.088  -4.468  32.489 0.0000000000
66339  32.598  -5.281  31.565 0.0000000000
65249  32.327  -6.471  32.405 0.0000000000
135660  33.129  -10.177  35.217 0.0000000000
63070  31.957  -9.205  34.947 0.0000000000
62044  32.823  -9.316  34.629 0.0000000000
64133  36.054  -7.547  35.207 0.0000000000
64149  34.723  -7.974  34.300 0.0000000000
64147  36.039  -7.529  34.597 0.0000000000
64179  35.778  -7.935  33.158 0.0000000000
143125  36.983  -7.620  33.708 0.0000000000
64161  38.374  -7.406  33.657 0.0000000000
56632  38.482  -14.542  41.804 0.0000000000
78529  51.569  6.623  16.437 0.0000000000
77550  47.940  5.122  18.725 0.0000000000
77557  48.361  5.472  18.060 0.0000000000
76500  48.618  4.670  18.376 0.0000000000
75378  50.992  3.377  17.761 0.0000000000
75376  52.325  3.079  17.101 0.0000000000
57697  22.043  -13.416  46.083 0.0000000000
56580  21.381  -14.308  45.805 0.0000000000
72332  47.145  0.456  23.509 0.0000000000
72313  48.654  0.365  24.338 0.0000000000
72314  47.153  0.043  24.454 0.0000000000
60055  34.870  -11.735  39.085 0.0000000000
60062  34.771  -11.906  38.265 0.0000000000
58968  36.002  -13.138  38.230 0.0000000000
57777  37.170  -13.669  38.512 0.0000000000
142138  37.997  -13.432  38.638 0.0000000000
136432  45.706  5.395  25.163 0.0000000000
76455  44.529  4.099  24.127 0.0000000000
148257  45.164  3.751  23.661 0.0000000000
75314  45.805  3.551  22.832 0.0000000000
75323  46.067  3.116  22.188 0.0000000000
75324  45.723  2.651  22.771 0.0000000000
73279  46.727  1.454  22.566 0.0000000000
130074  13.543  -27.853  57.819 0.0000000000
75275  39.110  3.846  27.300 0.0000000000
74251  39.239  2.446  26.463 0.0000000000
74238  38.308  2.511  27.444 0.0000000000
72263  38.305  0.894  27.316 0.0000000000
71369  38.258  -0.636  27.360 0.0000000000
68536  36.615  -4.234  28.447 0.0000000000
131056  37.256  -4.149  27.940 0.0000000000
66394  37.805  -5.479  27.772 0.0000000000
65306  38.868  -6.599  28.138 0.0000000000
65294  39.839  -7.007  29.137 0.0000000000
65282  39.945  -7.146  30.042 0.0000000000
65264  40.612  -6.645  31.512 0.0000000000
54428  33.800  -15.754  44.813 0.0000000000
53226  19.742  -17.670  48.182 0.0000000000
52004  20.333  -18.257  49.449 0.0000000000
52005  19.544  -18.567  49.408 0.0000000000
142702  19.438  -18.940  50.060 0.0000000000
50815  19.389  -19.561  51.104 0.0000000000
48651  18.163  -21.174  51.541 0.0000000000
48653  16.945  -21.574  51.540 0.0000000000
50797  14.309  -19.570  53.837 0.0000000000
139466  13.702  -19.995  55.222 0.0000000000
137512  13.953  -22.002  55.867 0.0000000000
46470  13.864  -23.511  55.783 0.0000000000
129117  13.446  -21.902  56.458 0.0000000000
48567  12.665  -21.632  57.694 0.0000000000
48554  12.206  -21.845  58.350 0.0000000000
58949  31.754  -12.763  40.769 0.0000000000
56654  31.777  -14.247  40.574 0.0000000000
57760  30.635  -13.534  40.710 0.0000000000
56636  29.656  -14.086  41.361 0.0000000000
56620  29.252  -14.535  42.026 0.0000000000
54405  26.192  -16.800  45.000 0.0000000000
125168  26.896  -16.554  44.996 0.0000000000
53266  26.825  -16.814  45.840 0.0000000000
71359  43.766  -0.392  27.903 0.0000000000
140045  31.283  -5.872  34.917 0.0000000000
62025  36.701  -9.712  35.882 0.0000000000
63068  35.476  -8.560  35.137 0.0000000000
144080  36.620  -8.813  35.955 0.0000000000
64122  36.963  -7.386  36.687 0.0000000000
79403  50.014  7.794  17.963 0.0000000000
42204  9.889  -27.989  58.547 0.0000000000
71336  37.662  -1.063  29.984 0.0000000000
69512  37.277  -2.396  29.956 0.0000000000
69520  36.886  -3.062  29.430 0.0000000000
67482  35.994  -4.330  28.881 0.0000000000
66381  35.646  -5.335  28.769 0.0000000000
65296  34.956  -6.679  29.520 0.0000000000
54359  24.043  -17.265  47.306 0.0000000000
54337  24.247  -17.271  48.736 0.0000000000
54360  23.200  -17.113  47.070 0.0000000000
53238  21.684  -17.079  47.427 0.0000000000
53239  20.829  -17.230  47.591 0.0000000000
55486  20.673  -15.573  46.292 0.0000000000
54387  20.417  -16.197  46.775 0.0000000000
53240  20.121  -17.274  47.650 0.0000000000
53227  18.948  -17.399  48.223 0.0000000000
54319  17.922  -16.608  49.003 0.0000000000
54320  17.392  -16.707  49.660 0.0000000000
60028  28.094  -12.101  42.362 0.0000000000
58909  27.298  -12.237  43.367 0.0000000000
57729  26.187  -13.342  43.198 0.0000000000
56610  25.604  -14.689  43.098 0.0000000000
57712  24.906  -13.165  44.698 0.0000000000
56602  24.346  -14.728  43.677 0.0000000000
54434  24.701  -16.124  43.847 0.0000000000
131965  24.733  -16.699  44.633 0.0000000000
53252  24.465  -17.249  46.555 0.0000000000
64105  31.783  -7.553  38.791 0.0000000000
64116  31.362  -7.700  37.468 0.0000000000
62008  31.608  -9.346  38.230 0.0000000000
61054  32.288  -10.618  36.699 0.0000000000
60085  34.610  -11.206  35.803 0.0000000000
60072  35.534  -12.061  36.805 0.0000000000
60079  35.302  -11.436  36.045 0.0000000000
144397  35.870  -10.935  35.824 0.0000000000
61043  37.870  -10.686  36.912 0.0000000000
61041  38.966  -9.683  37.901 0.0000000000
78501  46.940  6.594  20.417 0.0000000000
77543  46.998  5.263  19.958 0.0000000000
76484  47.979  4.088  19.707 0.0000000000
75332  47.147  2.775  21.363 0.0000000000
74299  47.900  2.882  20.957 0.0000000000
74268  42.571  2.384  24.197 0.0000000000
72318  43.552  0.547  24.771 0.0000000000
73255  42.433  1.526  24.527 0.0000000000
72301  42.258  0.528  25.626 0.0000000000
72281  41.931  0.296  26.292 0.0000000000
73229  40.073  1.457  26.149 0.0000000000
72282  41.180  0.461  26.263 0.0000000000
71366  42.481  0.035  27.176 0.0000000000
70453  43.241  -0.921  27.610 0.0000000000
69527  43.656  -2.707  28.135 0.0000000000
72253  37.409  0.077  28.602 0.0000000000
70459  37.877  -1.259  27.639 0.0000000000
127896  38.919  -2.008  26.944 0.0000000000
68544  38.838  -3.927  27.041 0.0000000000
68543  39.793  -3.428  26.824 0.0000000000
140884  40.555  -3.097  26.737 0.0000000000
129995  41.334  -3.277  26.895 0.0000000000
55596  35.415  -15.398  40.542 0.0000000000
55595  36.098  -15.328  40.510 0.0000000000
55556  36.477  -15.620  41.965 0.0000000000
126643  37.078  -15.545  42.637 0.0000000000
76439  43.020  4.858  24.891 0.0000000000
76457  42.510  4.126  24.525 0.0000000000
54308  16.951  -16.384  50.468 0.0000000000
54298  16.161  -16.710  51.749 0.0000000000
135899  16.222  -18.089  50.810 0.0000000000
136616  15.928  -19.334  51.228 0.0000000000
49700  16.077  -20.581  51.509 0.0000000000
48630  16.401  -21.986  52.003 0.0000000000
144233  14.682  -20.191  53.272 0.0000000000
47557  15.908  -22.412  52.695 0.0000000000
46514  17.021  -23.113  52.880 0.0000000000
45428  17.059  -24.181  53.871 0.0000000000
45417  17.239  -24.292  54.578 0.0000000000
43273  14.826  -26.921  56.755 0.0000000000
140736  13.578  -24.150  56.055 0.0000000000
44333  13.863  -25.631  56.032 0.0000000000
142907  14.099  -26.809  56.675 0.0000000000
43284  12.924  -26.265  56.812 0.0000000000
43274  12.279  -26.695  57.244 0.0000000000
43275  11.400  -26.714  57.677 0.0000000000
45372  10.510  -24.039  59.016 0.0000000000
44317  10.443  -25.654  58.438 0.0000000000
43264  10.588  -26.677  58.186 0.0000000000
57755  35.245  -13.498  39.292 0.0000000000
57756  34.636  -13.770  39.702 0.0000000000
56650  35.179  -14.973  39.940 0.0000000000
55597  34.569  -15.335  40.513 0.0000000000
55581  34.044  -15.656  41.234 0.0000000000
129001  33.576  -15.845  42.038 0.0000000000
55583  31.845  -15.222  41.608 0.0000000000
132197  32.975  -15.739  42.630 0.0000000000
55510  33.390  -15.754  44.078 0.0000000000
57737  28.108  -13.673  41.877 0.0000000000
56621  28.417  -14.436  42.119 0.0000000000
55538  29.314  -15.241  43.543 0.0000000000
126910  27.709  -16.190  44.939 0.0000000000
54430  28.423  -15.916  44.918 0.0000000000
55497  29.747  -15.525  45.229 0.0000000000
72299  43.995  0.087  25.663 0.0000000000
68520  33.519  -3.900  30.762 0.0000000000
66357  33.635  -5.500  30.349 0.0000000000
64236  34.724  -7.220  30.023 0.0000000000
64124  31.256  -7.656  36.466 0.0000000000
64152  31.374  -7.464  34.870 0.0000000000
64167  31.693  -7.287  33.872 0.0000000000
64135  34.741  -8.134  34.550 0.0000000000
64150  33.082  -8.142  33.520 0.0000000000
64183  32.595  -7.262  32.683 0.0000000000
64181  34.214  -7.901  32.425 0.0000000000
64199  34.594  -7.875  31.422 0.0000000000
64197  36.516  -8.321  31.075 0.0000000000
64177  38.049  -7.878  32.062 0.0000000000
127712  37.427  -14.784  40.452 0.0000000000
57754  38.697  -13.842  40.356 0.0000000000
57765  39.127  -13.153  39.881 0.0000000000
57743  40.265  -12.867  41.783 0.0000000000
58945  40.334  -12.112  40.756 0.0000000000
78535  52.162  7.006  15.528 0.0000000000
78513  48.992  6.612  17.543 0.0000000000
146164  50.075  5.851  16.802 0.0000000000
76498  50.137  3.810  17.823 0.0000000000
77565  50.314  5.109  16.716 0.0000000000
77582  50.947  6.003  16.575 0.0000000000
125206  52.207  4.840  16.321 0.0000000000
77579  53.239  4.905  15.714 0.0000000000
73271  44.514  1.563  23.659 0.0000000000
73253  44.065  1.068  24.080 0.0000000000
75316  44.033  2.715  23.649 0.0000000000
42203  10.980  -28.004  58.215 0.0000000000
64244  37.047  -7.509  28.959 0.0000000000
64233  37.643  -7.926  29.553 0.0000000000
125305  36.794  -7.914  29.631 0.0000000000
53206  17.373  -17.711  49.656 0.0000000000
52007  18.071  -18.318  49.369 0.0000000000
51998  17.449  -18.608  49.881 0.0000000000
50831  17.445  -19.400  50.290 0.0000000000
60026  29.504  -11.329  42.134 0.0000000000
53222  24.913  -17.324  48.416 0.0000000000
53221  25.572  -17.358  48.180 0.0000000000
65154  31.919  -5.978  38.256 0.0000000000
55499  21.826  -15.985  45.369 0.0000000000
56592  22.340  -14.589  44.959 0.0000000000
54409  22.549  -16.014  44.858 0.0000000000
61035  33.203  -10.918  38.460 0.0000000000
133619  33.854  -11.067  39.058 0.0000000000
58965  38.418  -12.556  38.217 0.0000000000
58975  37.771  -12.345  37.526 0.0000000000
58964  39.161  -12.153  38.736 0.0000000000
77526  46.519  4.817  22.948 0.0000000000
77532  46.280  5.161  22.049 0.0000000000
72338  47.783  0.672  23.084 0.0000000000
73266  49.268  1.039  23.029 0.0000000000
42213  15.059  -27.229  57.542 0.0000000000
144020  39.969  2.829  25.739 0.0000000000
127196  40.194  -0.610  26.671 0.0000000000
66378  40.861  -5.901  28.221 0.0000000000
66392  40.408  -5.424  27.668 0.0000000000
55533  34.509  -15.977  43.105 0.0000000000
55532  35.321  -15.918  43.013 0.0000000000
54451  34.980  -15.940  43.835 0.0000000000
76429  40.181  4.291  26.278 0.0000000000
77492  40.471  4.890  26.702 0.0000000000
76442  40.605  4.042  25.564 0.0000000000
53204  20.778  -17.810  48.880 0.0000000000
149974  17.613  -22.108  52.023 0.0000000000
48620  18.346  -21.762  53.049 0.0000000000
47554  17.991  -22.430  52.989 0.0000000000
126100  17.502  -22.919  53.053 0.0000000000
51941  14.755  -18.446  52.917 0.0000000000
126585  14.533  -22.895  54.690 0.0000000000
47536  14.713  -22.249  54.210 0.0000000000
149167  14.951  -23.598  54.449 0.0000000000
46438  11.881  -23.347  58.255 0.0000000000
58934  32.696  -12.485  40.972 0.0000000000
58920  33.311  -11.916  41.755 0.0000000000
57746  33.296  -13.242  40.471 0.0000000000
127504  31.163  -15.211  44.253 0.0000000000
55513  30.430  -15.259  44.745 0.0000000000
55541  26.603  -15.606  43.087 0.0000000000
144808  43.450  0.440  26.964 0.0000000000
67439  31.546  -4.854  33.703 0.0000000000
67438  31.840  -4.212  33.294 0.0000000000
66322  31.732  -5.106  32.951 0.0000000000
66321  32.191  -5.482  32.222 0.0000000000
62037  33.890  -9.582  34.766 0.0000000000
65202  36.674  -7.125  35.629 0.0000000000
65218  36.478  -7.224  35.019 0.0000000000
64163  36.281  -7.670  33.870 0.0000000000
64146  36.722  -7.367  34.404 0.0000000000
126840  37.528  -7.362  34.064 0.0000000000
79410  51.395  7.780  17.261 0.0000000000
79419  51.704  7.339  16.611 0.0000000000
76492  48.311  4.359  19.121 0.0000000000
75356  49.071  4.030  18.912 0.0000000000
57687  21.775  -12.939  46.915 0.0000000000
57696  22.950  -13.007  46.055 0.0000000000
72333  46.414  0.349  23.821 0.0000000000
134070  45.768  -0.070  25.055 0.0000000000
72297  46.580  -0.038  25.322 0.0000000000
127050  35.286  -12.529  38.552 0.0000000000
148091  35.079  -12.177  38.362 0.0000000000
76438  44.040  4.996  24.864 0.0000000000
75315  45.389  3.285  23.216 0.0000000000
74287  45.919  1.688  22.884 0.0000000000
73269  46.483  0.898  23.119 0.0000000000
140084  38.906  3.929  28.104 0.0000000000
74237  38.876  3.067  26.850 0.0000000000
75276  38.539  3.275  27.685 0.0000000000
73212  37.821  1.278  27.733 0.0000000000
73211  38.259  1.697  27.336 0.0000000000
145922  38.306  0.082  27.328 0.0000000000
67493  36.173  -4.885  28.481 0.0000000000
67492  36.978  -5.049  28.049 0.0000000000
64242  38.263  -7.122  28.463 0.0000000000
144584  38.034  -6.378  28.034 0.0000000000
65305  39.638  -6.651  28.398 0.0000000000
65293  40.586  -6.665  29.574 0.0000000000
65265  39.947  -7.064  31.021 0.0000000000
65248  39.993  -7.027  31.981 0.0000000000
64159  40.012  -7.093  32.935 0.0000000000
144159  39.409  4.360  27.802 0.0000000000
52013  19.305  -18.112  48.736 0.0000000000
50829  18.973  -19.076  49.892 0.0000000000
50821  19.151  -19.426  50.453 0.0000000000
49707  18.864  -20.013  50.909 0.0000000000
49708  18.211  -20.426  50.909 0.0000000000
49698  17.564  -21.059  51.248 0.0000000000
49699  16.746  -20.839  51.255 0.0000000000
49653  13.650  -20.568  55.641 0.0000000000
48599  13.914  -21.319  55.288 0.0000000000
48579  13.607  -21.259  56.111 0.0000000000
60024  31.215  -11.248  42.344 0.0000000000
60038  31.661  -11.649  41.714 0.0000000000
143806  31.989  -12.136  41.219 0.0000000000
58935  31.297  -12.114  41.047 0.0000000000
58950  30.928  -12.788  40.739 0.0000000000
57748  29.388  -13.347  41.175 0.0000000000
57747  30.004  -13.643  40.902 0.0000000000
53267  25.864  -17.070  45.763 0.0000000000
66286  31.387  -5.114  35.095 0.0000000000
136757  31.337  -5.621  35.544 0.0000000000
61049  37.909  -9.631  36.835 0.0000000000
62024  37.239  -9.004  36.391 0.0000000000
64114  37.758  -7.152  37.834 0.0000000000
63053  37.210  -7.979  36.905 0.0000000000
64115  37.326  -7.262  37.220 0.0000000000
134538  9.261  -27.412  58.709 0.0000000000
70431  37.702  -1.838  30.321 0.0000000000
68517  36.218  -3.219  29.874 0.0000000000
68526  36.419  -3.702  29.078 0.0000000000
67484  34.755  -4.271  29.635 0.0000000000
66367  34.978  -5.228  29.262 0.0000000000
66366  35.250  -6.026  29.072 0.0000000000
139999  34.696  -5.938  29.468 0.0000000000
150246  21.639  -16.794  46.626 0.0000000000
133109  22.342  -16.920  46.786 0.0000000000
146981  21.010  -16.817  46.916 0.0000000000
56581  20.693  -14.554  46.347 0.0000000000
55473  19.848  -15.657  47.127 0.0000000000
54362  19.773  -16.497  47.351 0.0000000000
145856  19.496  -17.138  47.769 0.0000000000
54339  19.017  -16.460  47.827 0.0000000000
55453  18.146  -15.738  49.056 0.0000000000
54340  18.434  -16.503  48.422 0.0000000000
150223  17.725  -15.993  49.505 0.0000000000
129665  27.959  -11.819  43.541 0.0000000000
57720  26.085  -13.032  43.992 0.0000000000
58910  26.683  -12.780  43.271 0.0000000000
134537  26.155  -14.058  42.841 0.0000000000
55515  24.082  -15.441  43.776 0.0000000000
55543  24.936  -15.295  43.409 0.0000000000
54383  23.858  -17.022  45.788 0.0000000000
63037  31.957  -8.326  39.322 0.0000000000
63045  31.619  -8.423  38.610 0.0000000000
139475  31.843  -9.147  39.028 0.0000000000
61044  32.861  -11.023  37.434 0.0000000000
61045  32.066  -10.459  37.458 0.0000000000
61053  33.057  -11.083  36.465 0.0000000000
61052  33.874  -11.257  36.104 0.0000000000
58978  35.446  -12.426  37.740 0.0000000000
60073  34.696  -11.956  37.280 0.0000000000
150672  37.223  -12.104  37.050 0.0000000000
60078  36.121  -11.554  36.289 0.0000000000
130770  36.556  -10.718  36.013 0.0000000000
136425  39.933  -10.729  39.056 0.0000000000
79396  47.413  7.366  20.851 0.0000000000
76485  47.248  4.335  20.229 0.0000000000
74293  46.605  2.713  21.825 0.0000000000
73284  48.573  1.824  21.877 0.0000000000
74298  48.585  2.922  20.667 0.0000000000
74269  41.814  2.037  24.607 0.0000000000
72302  41.515  0.774  25.691 0.0000000000
73230  39.397  1.737  26.480 0.0000000000
71367  41.178  -0.684  26.664 0.0000000000
71383  41.710  0.012  26.686 0.0000000000
133384  42.646  -0.522  27.356 0.0000000000
134552  37.360  0.854  29.332 0.0000000000
69539  37.856  -2.152  27.600 0.0000000000
148200  38.272  -1.803  27.283 0.0000000000
67502  37.649  -4.696  27.685 0.0000000000
139741  37.900  -4.012  27.455 0.0000000000
134241  39.843  -4.317  27.036 0.0000000000
67498  41.522  -4.246  27.348 0.0000000000
55579  35.901  -15.617  41.227 0.0000000000
140586  43.388  5.417  25.347 0.0000000000
77504  42.660  5.398  25.518 0.0000000000
75292  41.152  3.641  24.959 0.0000000000
76458  41.781  4.095  24.769 0.0000000000
131655  23.479  -17.138  49.045 0.0000000000
49671  18.795  -20.463  52.984 0.0000000000
129484  17.224  -15.581  50.971 0.0000000000
53138  15.668  -17.146  52.185 0.0000000000
54286  15.947  -16.506  52.435 0.0000000000
53152  15.893  -17.537  51.469 0.0000000000
51979  16.187  -18.819  50.866 0.0000000000
51980  15.705  -18.448  51.459 0.0000000000
136689  15.663  -19.979  51.633 0.0000000000
49686  15.589  -20.694  52.005 0.0000000000
48654  16.209  -21.226  51.720 0.0000000000
47558  15.273  -22.409  53.474 0.0000000000
48621  15.228  -21.699  53.032 0.0000000000
47556  16.455  -23.040  52.905 0.0000000000
46502  16.619  -23.675  53.434 0.0000000000
45418  16.774  -24.581  54.432 0.0000000000
44341  16.992  -24.916  55.207 0.0000000000
44331  15.772  -26.076  55.880 0.0000000000
43282  15.245  -26.515  56.325 0.0000000000
126373  13.548  -22.733  56.293 0.0000000000
45392  13.294  -24.803  56.331 0.0000000000
134131  13.596  -26.314  56.510 0.0000000000
42214  13.434  -27.080  57.057 0.0000000000
44324  11.641  -25.827  57.527 0.0000000000
145931  11.041  -26.015  57.958 0.0000000000
46439  11.143  -23.668  58.695 0.0000000000
46432  10.572  -23.284  59.422 0.0000000000
45380  10.468  -24.776  58.730 0.0000000000
44318  9.805  -26.162  58.711 0.0000000000
44310  9.293  -25.687  58.883 0.0000000000
56651  34.330  -14.650  40.041 0.0000000000
55599  32.894  -15.051  40.662 0.0000000000
55582  33.235  -15.492  41.222 0.0000000000
56655  31.090  -14.115  40.678 0.0000000000
56634  31.349  -14.652  40.980 0.0000000000
55560  32.114  -15.508  42.715 0.0000000000
55535  32.792  -15.661  43.480 0.0000000000
55511  32.627  -15.487  44.517 0.0000000000
58922  27.352  -12.598  42.653 0.0000000000
58921  27.959  -12.791  41.987 0.0000000000
55564  27.953  -15.054  42.605 0.0000000000
55563  28.848  -14.995  42.700 0.0000000000
54404  27.429  -16.461  45.448 0.0000000000
133128  27.288  -16.364  44.969 0.0000000000
54380  29.207  -16.263  46.478 0.0000000000
149496  28.692  -16.211  46.085 0.0000000000
54402  29.009  -15.921  45.633 0.0000000000
54429  29.115  -15.665  44.887 0.0000000000
68503  33.158  -3.406  31.490 0.0000000000
66338  33.045  -5.466  31.020 0.0000000000
65283  34.223  -6.405  30.026 0.0000000000
64219  34.228  -7.289  30.679 0.0000000000
63054  31.242  -8.499  36.988 0.0000000000
63063  31.298  -8.583  36.042 0.0000000000
63071  31.531  -8.500  35.084 0.0000000000
149243  31.703  -8.026  34.384 0.0000000000
64151  32.231  -8.060  33.856 0.0000000000
133028  34.651  -8.700  34.737 0.0000000000
150583  35.050  -8.191  34.864 0.0000000000
126914  34.762  -7.865  33.962 0.0000000000
124995  34.029  -8.074  33.689 0.0000000000
64165  33.200  -7.870  33.092 0.0000000000
125267  33.345  -7.622  32.498 0.0000000000
126256  36.694  -7.883  33.047 0.0000000000
64180  35.175  -8.093  32.294 0.0000000000
64198  35.561  -8.202  31.220 0.0000000000
147765  36.847  -8.222  31.662 0.0000000000
64196  37.438  -8.195  31.237 0.0000000000
64178  37.163  -8.013  32.209 0.0000000000
64160  39.213  -7.335  33.314 0.0000000000
55578  36.785  -15.293  41.020 0.0000000000
129197  37.688  -14.931  41.397 0.0000000000
57745  38.984  -13.982  41.267 0.0000000000
56647  38.234  -14.440  40.855 0.0000000000
57753  39.406  -13.310  40.761 0.0000000000
58930  40.023  -12.760  41.121 0.0000000000
58955  40.088  -11.869  39.993 0.0000000000
144849  52.483  6.160  15.354 0.0000000000
77593  52.855  5.525  15.537 0.0000000000
79406  47.562  7.124  19.178 0.0000000000
78514  48.282  6.460  18.039 0.0000000000
77567  48.867  5.839  17.485 0.0000000000
78521  49.525  6.217  17.154 0.0000000000
77566  49.538  5.409  17.105 0.0000000000
75377  51.602  3.479  17.047 0.0000000000
76506  50.718  4.104  16.920 0.0000000000
76518  51.275  4.992  16.482 0.0000000000
72316  45.706  0.274  24.189 0.0000000000
146995  45.156  0.177  24.611 0.0000000000
72298  44.985  -0.012  25.418 0.0000000000
56669  37.244  -14.515  39.703 0.0000000000
75303  43.795  3.386  23.876 0.0000000000
144094  45.479  2.171  23.024 0.0000000000
74222  38.024  2.700  28.163 0.0000000000
74210  38.016  2.784  28.976 0.0000000000
74223  37.604  2.128  28.653 0.0000000000
73198  37.460  1.235  28.433 0.0000000000
134063  37.159  -6.122  28.097 0.0000000000
64232  38.432  -7.624  29.128 0.0000000000
64214  39.225  -7.530  29.549 0.0000000000
64215  38.524  -7.903  29.996 0.0000000000
64195  38.491  -7.896  31.079 0.0000000000
50823  16.638  -19.469  50.710 0.0000000000
49618  12.855  -20.478  56.982 0.0000000000
139095  30.590  -12.133  40.966 0.0000000000
60040  29.925  -11.727  41.356 0.0000000000
58937  29.271  -12.419  41.329 0.0000000000
57749  28.640  -13.045  41.519 0.0000000000
53236  25.926  -17.308  47.431 0.0000000000
66264  31.501  -6.048  36.972 0.0000000000
62015  37.719  -8.699  36.981 0.0000000000
62006  38.821  -8.781  38.059 0.0000000000
68518  35.705  -2.964  30.503 0.0000000000
68502  34.864  -2.905  30.721 0.0000000000
68519  34.304  -3.585  30.322 0.0000000000
54384  22.961  -16.879  46.065 0.0000000000
56569  20.182  -14.238  47.035 0.0000000000
56561  19.881  -13.924  47.779 0.0000000000
57714  23.512  -13.295  45.386 0.0000000000
57723  23.764  -13.805  44.644 0.0000000000
55516  23.459  -15.510  44.157 0.0000000000
54436  23.140  -15.966  44.511 0.0000000000
62007  32.293  -10.086  38.822 0.0000000000
147568  33.483  -11.287  37.783 0.0000000000
58976  36.970  -12.705  37.389 0.0000000000
60070  37.822  -11.560  37.185 0.0000000000
136452  38.346  -10.964  37.405 0.0000000000
60069  38.522  -11.656  37.806 0.0000000000
60061  39.276  -11.309  38.457 0.0000000000
76453  46.323  4.426  23.969 0.0000000000
76452  46.844  4.815  23.778 0.0000000000
78502  46.654  6.127  21.088 0.0000000000
77537  46.437  5.477  21.268 0.0000000000
73285  47.890  1.645  22.054 0.0000000000
73283  49.362  2.153  21.591 0.0000000000
73277  49.260  1.555  22.284 0.0000000000
74258  41.091  2.612  24.886 0.0000000000
72262  39.017  0.488  26.928 0.0000000000
72261  39.865  0.185  26.659 0.0000000000
70455  41.565  -1.527  26.808 0.0000000000
69535  41.918  -2.471  26.991 0.0000000000
71348  37.412  -0.843  29.088 0.0000000000
145225  37.448  -1.493  28.727 0.0000000000
70448  37.528  -1.780  28.124 0.0000000000
66393  39.647  -5.555  27.618 0.0000000000
67500  39.224  -4.898  27.263 0.0000000000
135995  40.599  -4.685  27.290 0.0000000000
55557  35.620  -15.826  42.129 0.0000000000
77491  41.139  5.476  26.778 0.0000000000
77505  41.759  5.326  25.869 0.0000000000
53223  22.105  -17.174  48.346 0.0000000000
53202  22.551  -17.035  49.326 0.0000000000
49685  18.574  -21.137  52.645 0.0000000000
46483  17.466  -23.674  54.058 0.0000000000
145476  15.498  -16.782  52.864 0.0000000000
51959  15.210  -18.414  52.222 0.0000000000
145579  14.923  -19.043  52.453 0.0000000000
45430  15.732  -23.964  53.927 0.0000000000
45419  16.045  -24.647  54.390 0.0000000000
133891  15.697  -25.021  54.981 0.0000000000
44342  16.308  -25.449  55.468 0.0000000000
144943  14.935  -24.957  55.144 0.0000000000
44343  14.480  -25.235  55.566 0.0000000000
47509  12.922  -23.225  56.930 0.0000000000
45393  12.597  -24.747  56.909 0.0000000000
45386  11.863  -24.763  57.684 0.0000000000
45379  11.132  -24.390  58.439 0.0000000000
56652  33.368  -14.579  40.301 0.0000000000
56618  30.932  -14.862  41.715 0.0000000000
55512  31.805  -15.318  44.664 0.0000000000
56623  26.852  -14.208  42.552 0.0000000000
55565  27.099  -14.988  42.664 0.0000000000
55540  27.468  -15.616  43.175 0.0000000000
53248  28.098  -16.735  46.993 0.0000000000
131583  43.404  0.266  26.304 0.0000000000
68504  32.510  -3.865  31.988 0.0000000000
67463  32.396  -4.715  31.865 0.0000000000
65266  32.743  -6.184  31.632 0.0000000000
145615  33.140  -6.804  31.525 0.0000000000
62026  31.838  -10.086  36.139 0.0000000000
62039  31.611  -9.330  35.653 0.0000000000
62038  32.223  -9.863  35.331 0.0000000000
64123  36.523  -7.572  35.972 0.0000000000
64134  35.379  -7.931  34.931 0.0000000000
64148  35.375  -7.821  34.583 0.0000000000
134072  35.498  -7.748  34.020 0.0000000000
125909  34.882  -7.956  33.288 0.0000000000
64162  37.653  -7.715  33.080 0.0000000000
55555  37.904  -15.100  42.418 0.0000000000
124249  38.787  -14.653  42.712 0.0000000000
56617  39.230  -14.106  42.173 0.0000000000
78528  51.915  6.775  16.111 0.0000000000
77551  47.368  5.734  19.191 0.0000000000
77558  47.835  5.864  18.490 0.0000000000
75387  52.435  3.860  16.522 0.0000000000
75375  53.029  3.143  16.713 0.0000000000
56579  21.985  -14.166  45.455 0.0000000000
56593  21.710  -14.990  45.250 0.0000000000
57698  21.219  -13.622  46.478 0.0000000000
57715  22.627  -13.725  45.418 0.0000000000
124609  47.897  0.280  23.886 0.0000000000
130793  47.994  0.106  24.681 0.0000000000
72296  47.584  0.092  25.499 0.0000000000
133950  34.453  -11.311  39.187 0.0000000000
58967  36.729  -13.259  37.923 0.0000000000
76437  45.125  4.877  24.676 0.0000000000
76454  45.546  4.254  24.112 0.0000000000
76465  45.734  3.940  23.459 0.0000000000
74286  46.345  2.242  22.335 0.0000000000
73268  47.124  0.888  22.907 0.0000000000
137696  14.211  -27.502  57.501 0.0000000000
75284  39.524  3.743  26.557 0.0000000000
74250  39.484  3.016  26.193 0.0000000000
73231  38.779  2.144  26.868 0.0000000000
72285  38.892  1.310  26.898 0.0000000000
68535  37.049  -3.465  28.503 0.0000000000
144123  38.754  -5.712  27.677 0.0000000000
65314  39.411  -6.149  27.943 0.0000000000
65304  40.410  -6.503  28.683 0.0000000000
65281  40.620  -6.668  30.565 0.0000000000
54427  34.651  -15.957  44.667 0.0000000000
76423  39.816  4.513  27.114 0.0000000000
52012  20.034  -18.086  48.756 0.0000000000
49697  18.654  -20.570  51.447 0.0000000000
48652  17.619  -21.702  51.717 0.0000000000
138906  13.963  -19.805  54.572 0.0000000000
49652  13.946  -20.584  54.849 0.0000000000
47525  14.170  -22.118  54.947 0.0000000000
47526  14.065  -22.811  55.460 0.0000000000
48566  13.025  -21.271  56.878 0.0000000000
47502  12.906  -22.292  57.093 0.0000000000
142889  12.551  -22.288  57.919 0.0000000000
57759  31.398  -13.514  40.606 0.0000000000
56619  30.089  -14.642  41.889 0.0000000000
55562  29.743  -14.938  42.763 0.0000000000
54433  25.571  -16.531  44.220 0.0000000000
54432  26.497  -16.474  44.301 0.0000000000
53250  26.379  -17.135  46.665 0.0000000000
53249  27.287  -16.929  46.832 0.0000000000
71365  43.152  -0.050  27.571 0.0000000000
72252  43.835  0.216  27.741 0.0000000000
136198  31.364  -5.556  34.215 0.0000000000
61051  36.059  -10.175  35.563 0.0000000000
62036  34.821  -9.647  35.005 0.0000000000
62034  36.143  -9.180  35.542 0.0000000000
63061  36.258  -8.255  35.739 0.0000000000
63060  36.765  -8.070  36.337 0.0000000000
65186  36.867  -6.997  36.385 0.0000000000
79411  50.586  7.376  17.387 0.0000000000
75342  49.589  3.279  20.038 0.0000000000
146991  49.544  3.600  19.415 0.0000000000
136704  10.518  -27.496  58.306 0.0000000000
71335  37.936  -0.333  30.481 0.0000000000
70437  37.496  -1.702  29.496 0.0000000000
67494  35.782  -4.773  28.778 0.0000000000
68527  35.641  -3.892  29.424 0.0000000000
67483  35.444  -4.615  29.117 0.0000000000
65309  35.833  -6.150  28.695 0.0000000000
65295  35.651  -6.793  29.079 0.0000000000
134797  24.356  -17.288  48.020 0.0000000000
135975  23.558  -17.180  48.067 0.0000000000
54361  22.637  -17.074  47.693 0.0000000000
55472  20.179  -15.173  46.752 0.0000000000
140925  20.435  -16.874  47.220 0.0000000000
147782  18.327  -17.235  48.644 0.0000000000
132268  16.929  -17.149  50.116 0.0000000000
60027  28.755  -11.629  42.219 0.0000000000
60009  28.362  -11.652  42.898 0.0000000000
60010  27.742  -12.004  42.893 0.0000000000
57739  26.689  -13.351  42.714 0.0000000000
55542  25.802  -15.464  43.190 0.0000000000
57721  25.277  -13.472  44.133 0.0000000000
57722  24.448  -13.888  44.234 0.0000000000
56601  25.010  -14.311  43.594 0.0000000000
54454  25.390  -15.979  43.543 0.0000000000
54406  25.440  -16.940  45.009 0.0000000000
54382  24.833  -17.103  45.593 0.0000000000
54407  24.073  -16.809  45.038 0.0000000000
133878  31.653  -6.957  38.064 0.0000000000
63046  31.391  -8.466  37.839 0.0000000000
139699  31.364  -9.117  37.448 0.0000000000
62016  31.904  -10.141  38.066 0.0000000000
62017  31.615  -9.804  37.462 0.0000000000
141881  31.750  -10.140  36.870 0.0000000000
146191  32.565  -10.528  35.887 0.0000000000
61062  33.314  -10.821  35.744 0.0000000000
60080  34.604  -11.613  36.488 0.0000000000
61060  35.211  -10.593  35.450 0.0000000000
61050  37.315  -10.238  36.325 0.0000000000
61042  38.477  -10.111  37.332 0.0000000000
79400  47.413  7.301  19.900 0.0000000000
78507  47.224  6.577  19.503 0.0000000000
77544  46.674  5.762  20.529 0.0000000000
138167  46.918  6.002  19.858 0.0000000000
76493  47.601  4.798  19.459 0.0000000000
129635  46.481  3.582  21.496 0.0000000000
75344  47.196  3.521  20.815 0.0000000000
75343  48.065  3.490  20.282 0.0000000000
138835  48.901  3.197  20.251 0.0000000000
73254  43.199  1.507  24.194 0.0000000000
73238  42.704  0.784  24.857 0.0000000000
73239  41.937  1.091  24.992 0.0000000000
71382  42.392  0.155  26.860 0.0000000000
133551  39.752  2.250  26.067 0.0000000000
72283  40.388  0.681  26.350 0.0000000000
70447  43.775  -1.184  27.883 0.0000000000
69533  43.368  -1.798  27.730 0.0000000000
71370  37.752  -0.343  27.801 0.0000000000
70458  38.619  -1.247  27.129 0.0000000000
141653  37.487  -3.472  27.811 0.0000000000
128109  38.037  -3.063  27.336 0.0000000000
141870  38.958  -2.869  26.927 0.0000000000
69537  39.916  -2.391  26.721 0.0000000000
68541  42.188  -3.396  27.344 0.0000000000
67490  42.483  -4.176  27.813 0.0000000000
68534  42.986  -3.464  27.889 0.0000000000
134625  35.817  -15.115  40.024 0.0000000000
76440  42.177  4.739  25.120 0.0000000000
145927  42.902  3.354  24.111 0.0000000000
55445  17.437  -15.783  50.139 0.0000000000
54297  16.663  -16.143  51.337 0.0000000000
53180  16.446  -17.115  50.829 0.0000000000
50816  16.356  -20.098  51.116 0.0000000000
47594  17.133  -22.171  51.908 0.0000000000
51942  14.398  -18.677  53.674 0.0000000000
49673  15.131  -20.855  52.732 0.0000000000
136479  14.797  -21.032  53.562 0.0000000000
48631  15.703  -21.510  52.317 0.0000000000
47575  16.726  -22.612  52.384 0.0000000000
46501  17.261  -23.470  53.462 0.0000000000
43272  15.601  -26.757  56.998 0.0000000000
45407  13.868  -24.836  55.861 0.0000000000
43283  14.375  -26.432  56.271 0.0000000000
42225  14.346  -27.167  57.054 0.0000000000
42216  11.744  -27.479  57.750 0.0000000000
138636  11.083  -27.354  57.944 0.0000000000
47493  11.307  -22.942  58.891 0.0000000000
43265  9.833  -27.092  58.628 0.0000000000
63036  32.432  -8.304  39.941 0.0000000000
56671  35.251  -14.280  39.611 0.0000000000
55558  34.306  -15.884  41.882 0.0000000000
140745  34.169  -15.963  42.477 0.0000000000
55534  33.653  -15.907  43.097 0.0000000000
56633  32.141  -14.871  40.844 0.0000000000
55559  32.713  -15.571  41.875 0.0000000000
58938  28.592  -12.205  41.779 0.0000000000
54431  27.196  -16.323  44.471 0.0000000000
55514  27.846  -15.957  44.080 0.0000000000
54403  28.190  -16.249  45.683 0.0000000000
124753  28.795  -15.642  44.194 0.0000000000
138243  29.628  -15.352  44.410 0.0000000000
72278  44.757  0.297  26.443 0.0000000000
149133  44.426  0.439  27.904 0.0000000000
67475  33.906  -4.499  30.169 0.0000000000
67462  32.855  -4.458  31.270 0.0000000000
67476  33.347  -4.750  30.671 0.0000000000
64235  35.398  -7.441  29.712 0.0000000000
65170  31.408  -6.878  37.167 0.0000000000
65187  31.308  -6.691  36.329 0.0000000000
132231  31.305  -7.910  35.606 0.0000000000
64136  31.273  -7.255  35.717 0.0000000000
65203  31.261  -6.470  35.425 0.0000000000
65219  31.349  -6.525  34.439 0.0000000000
65231  31.556  -6.318  33.620 0.0000000000
63069  33.850  -8.703  34.373 0.0000000000
63078  32.961  -8.556  34.033 0.0000000000
63077  33.969  -8.211  34.037 0.0000000000
64166  32.367  -7.590  33.278 0.0000000000
65230  31.995  -6.802  33.104 0.0000000000
64182  32.872  -7.009  32.006 0.0000000000
64200  33.616  -7.362  31.600 0.0000000000
64218  35.054  -7.788  30.488 0.0000000000
64217  36.045  -8.077  30.202 0.0000000000
64216  37.040  -8.233  30.305 0.0000000000
147388  38.784  -7.684  31.971 0.0000000000
130020  38.592  -7.587  32.754 0.0000000000
126231  39.338  -7.390  32.418 0.0000000000
56649  36.569  -14.932  39.983 0.0000000000
56648  37.950  -14.284  39.964 0.0000000000
57776  38.373  -13.664  39.482 0.0000000000
57736  39.785  -13.707  42.484 0.0000000000
58946  39.780  -12.596  40.312 0.0000000000
58956  39.499  -12.394  39.501 0.0000000000
79404  48.942  7.422  18.064 0.0000000000
79412  49.692  7.019  17.462 0.0000000000
78520  50.317  6.585  16.993 0.0000000000
75368  49.828  3.710  18.778 0.0000000000
76499  49.348  4.266  18.081 0.0000000000
76507  49.771  4.570  17.274 0.0000000000
77581  51.909  5.837  16.256 0.0000000000
77580  52.661  5.323  15.991 0.0000000000
76516  52.986  4.613  16.132 0.0000000000
62035  35.563  -9.645  35.276 0.0000000000
64106  31.529  -7.800  38.171 0.0000000000
64145  38.108  -7.131  34.548 0.0000000000
66310  31.564  -5.577  33.451 0.0000000000
149680  35.076  -7.930  34.642 0.0000000000
