#!ascii label  , from subject sub-v1s11x0050149_ses-1 vox2ras=TkReg
1010
98435  40.574  29.511  17.322 0.0000000000
91504  40.719  20.686  10.014 0.0000000000
96360  40.340  27.316  5.178 0.0000000000
88894  44.141  17.189  -0.107 0.0000000000
93927  39.112  23.639  19.667 0.0000000000
96366  49.254  25.627  4.284 0.0000000000
90685  42.825  19.166  3.158 0.0000000000
143355  35.267  26.997  4.482 0.0000000000
97076  45.099  26.786  8.664 0.0000000000
97055  38.864  27.221  11.835 0.0000000000
90552  41.763  19.819  15.475 0.0000000000
98549  38.147  29.412  2.138 0.0000000000
94845  35.953  24.568  1.099 0.0000000000
94053  40.031  24.059  6.872 0.0000000000
93293  39.976  22.992  -1.607 0.0000000000
144852  35.282  29.427  3.565 0.0000000000
99268  41.492  30.462  11.422 0.0000000000
98447  39.423  29.566  14.302 0.0000000000
133804  39.940  23.341  16.558 0.0000000000
98520  43.615  29.459  4.418 0.0000000000
98546  42.010  29.634  2.021 0.0000000000
97804  39.554  28.771  4.631 0.0000000000
96382  36.124  26.962  2.303 0.0000000000
95582  37.502  25.989  3.062 0.0000000000
94022  43.789  23.227  10.207 0.0000000000
94781  45.048  23.643  8.898 0.0000000000
93245  40.418  22.538  8.673 0.0000000000
90734  43.432  19.335  -1.010 0.0000000000
129964  40.666  20.213  0.865 0.0000000000
90753  41.221  19.917  -2.536 0.0000000000
91578  39.304  20.262  -0.739 0.0000000000
87982  41.392  16.554  1.334 0.0000000000
87071  40.834  15.614  4.774 0.0000000000
134709  39.597  29.077  20.025 0.0000000000
129245  38.267  27.644  17.949 0.0000000000
148865  44.307  27.909  5.462 0.0000000000
88777  42.473  17.704  9.164 0.0000000000
90651  41.238  19.251  7.048 0.0000000000
89763  44.358  18.114  5.131 0.0000000000
89817  46.207  19.109  1.525 0.0000000000
99303  47.410  30.101  7.903 0.0000000000
99283  44.498  30.531  9.356 0.0000000000
97070  41.820  27.541  9.756 0.0000000000
94753  40.871  24.147  11.295 0.0000000000
95500  37.299  25.720  15.592 0.0000000000
132549  39.271  23.287  13.161 0.0000000000
91480  40.976  19.611  12.284 0.0000000000
88722  43.524  17.259  12.434 0.0000000000
97016  38.842  27.921  21.591 0.0000000000
98577  39.932  29.983  0.864 0.0000000000
99347  37.641  30.127  1.697 0.0000000000
97132  35.621  28.168  2.130 0.0000000000
94831  35.599  25.199  2.880 0.0000000000
92421  36.696  21.615  3.529 0.0000000000
96349  48.311  25.739  6.849 0.0000000000
95556  44.103  25.005  6.193 0.0000000000
95570  40.880  25.543  5.114 0.0000000000
91551  39.861  20.793  4.661 0.0000000000
93276  38.764  22.549  2.589 0.0000000000
94836  38.608  24.387  2.596 0.0000000000
94857  37.622  23.799  -0.423 0.0000000000
126578  37.676  20.931  1.742 0.0000000000
124515  35.612  30.041  4.171 0.0000000000
128744  36.582  30.333  3.276 0.0000000000
99228  41.135  29.794  15.200 0.0000000000
98440  39.585  29.273  16.118 0.0000000000
98511  41.676  29.059  5.324 0.0000000000
98523  40.979  29.318  4.755 0.0000000000
97104  40.025  28.270  5.122 0.0000000000
97115  38.457  27.759  4.346 0.0000000000
96375  39.105  25.948  4.000 0.0000000000
126454  42.240  22.337  10.542 0.0000000000
94035  42.310  22.617  9.883 0.0000000000
92389  40.418  21.746  8.904 0.0000000000
88919  44.139  18.444  -1.526 0.0000000000
90745  42.212  19.264  -1.778 0.0000000000
88920  42.258  18.299  -1.572 0.0000000000
88911  41.254  18.136  -1.253 0.0000000000
87996  41.933  16.652  0.664 0.0000000000
87099  42.342  15.893  2.333 0.0000000000
87980  43.343  16.419  1.440 0.0000000000
97019  40.322  27.875  20.829 0.0000000000
124618  46.426  28.224  4.469 0.0000000000
97099  46.391  26.624  4.924 0.0000000000
88795  44.451  17.057  8.610 0.0000000000
88814  43.265  17.682  7.715 0.0000000000
88812  44.840  17.291  7.350 0.0000000000
134024  46.822  18.236  3.215 0.0000000000
89815  47.977  19.176  0.931 0.0000000000
90731  46.890  19.487  -0.939 0.0000000000
98462  39.704  29.370  11.703 0.0000000000
97746  41.508  29.386  10.094 0.0000000000
97062  40.514  27.626  10.455 0.0000000000
96318  41.359  26.259  10.319 0.0000000000
95517  40.113  25.373  11.172 0.0000000000
96295  37.713  26.173  18.371 0.0000000000
135666  37.304  27.019  16.750 0.0000000000
94712  37.578  24.728  17.673 0.0000000000
93174  40.881  22.786  15.972 0.0000000000
93972  39.076  23.684  15.063 0.0000000000
92325  40.193  21.656  14.899 0.0000000000
150539  40.178  21.541  13.414 0.0000000000
90565  41.248  19.050  13.888 0.0000000000
88723  42.003  17.835  12.165 0.0000000000
89640  42.780  18.344  14.513 0.0000000000
89650  46.618  18.589  13.638 0.0000000000
127738  39.884  29.593  2.126 0.0000000000
98576  40.589  29.850  0.806 0.0000000000
146568  39.221  29.810  1.226 0.0000000000
141654  38.469  30.099  1.245 0.0000000000
98566  38.082  29.979  1.388 0.0000000000
98551  36.216  29.329  1.912 0.0000000000
98550  36.853  29.359  1.862 0.0000000000
135741  36.127  26.133  1.930 0.0000000000
96383  35.780  26.529  2.116 0.0000000000
94838  35.648  24.655  2.112 0.0000000000
94068  35.941  23.700  2.770 0.0000000000
93278  36.175  23.046  2.172 0.0000000000
97770  45.889  28.186  7.783 0.0000000000
97084  47.922  27.056  7.118 0.0000000000
139995  46.798  26.505  7.788 0.0000000000
94795  41.708  24.522  7.671 0.0000000000
94805  44.707  24.375  7.042 0.0000000000
94807  42.573  24.915  7.048 0.0000000000
95568  42.570  25.756  5.654 0.0000000000
94818  40.376  24.917  5.596 0.0000000000
90675  41.902  19.252  4.418 0.0000000000
134924  40.690  19.980  5.801 0.0000000000
91556  40.679  19.989  3.824 0.0000000000
92438  39.855  21.947  -0.215 0.0000000000
92425  39.298  21.659  2.035 0.0000000000
93283  39.074  22.660  1.385 0.0000000000
93270  38.667  23.467  2.550 0.0000000000
94077  38.884  23.530  1.166 0.0000000000
94843  38.239  24.281  1.166 0.0000000000
137693  38.883  23.267  -1.883 0.0000000000
90709  39.278  19.375  1.169 0.0000000000
125871  38.349  20.685  0.560 0.0000000000
125584  38.698  19.543  2.584 0.0000000000
90689  38.024  20.145  3.170 0.0000000000
97098  50.442  26.639  5.180 0.0000000000
97807  34.839  29.073  4.559 0.0000000000
97116  35.085  27.797  3.934 0.0000000000
125749  43.169  30.909  12.245 0.0000000000
99246  42.216  30.444  13.861 0.0000000000
99249  39.947  30.062  13.170 0.0000000000
98455  38.874  29.135  13.008 0.0000000000
137032  38.729  23.359  18.170 0.0000000000
132365  42.568  29.618  2.948 0.0000000000
98535  40.571  29.509  3.973 0.0000000000
140149  39.077  29.319  3.488 0.0000000000
97817  37.216  28.136  3.031 0.0000000000
97123  37.704  27.403  3.739 0.0000000000
142727  36.673  26.289  2.489 0.0000000000
137108  36.328  25.348  1.624 0.0000000000
96324  44.361  25.646  9.504 0.0000000000
95542  45.851  24.379  8.965 0.0000000000
94039  44.351  23.447  9.590 0.0000000000
94784  42.103  23.968  8.518 0.0000000000
94049  40.274  23.726  7.717 0.0000000000
90706  42.886  19.472  1.163 0.0000000000
90696  41.491  19.588  2.155 0.0000000000
129779  42.087  19.495  0.450 0.0000000000
91585  41.209  20.720  -1.664 0.0000000000
149454  40.515  21.743  -2.566 0.0000000000
92450  39.512  21.760  -2.573 0.0000000000
90748  40.228  19.998  -2.237 0.0000000000
89825  40.490  18.090  0.220 0.0000000000
88882  40.428  17.356  1.796 0.0000000000
87069  42.254  15.492  4.066 0.0000000000
98426  39.694  29.166  18.599 0.0000000000
97717  39.206  28.817  17.194 0.0000000000
97028  39.134  27.752  19.382 0.0000000000
97029  38.980  26.822  19.557 0.0000000000
95483  39.982  25.807  20.379 0.0000000000
98531  45.795  29.164  3.400 0.0000000000
97788  44.049  28.578  5.305 0.0000000000
97102  42.030  27.515  5.667 0.0000000000
90615  40.861  19.250  9.759 0.0000000000
90627  40.625  19.843  8.334 0.0000000000
89739  41.678  18.610  7.661 0.0000000000
89765  42.702  18.516  5.682 0.0000000000
89778  43.370  18.599  4.384 0.0000000000
88857  45.952  17.800  4.795 0.0000000000
89789  44.779  18.482  3.674 0.0000000000
90693  44.184  19.172  2.272 0.0000000000
90720  45.000  19.543  -0.258 0.0000000000
89840  45.460  19.080  -1.515 0.0000000000
132943  45.147  17.445  -0.320 0.0000000000
87978  44.986  16.761  1.163 0.0000000000
124352  45.908  30.210  8.454 0.0000000000
97762  44.407  28.538  8.499 0.0000000000
99275  42.701  30.569  10.562 0.0000000000
97754  43.104  28.839  9.108 0.0000000000
97068  43.379  27.712  9.072 0.0000000000
95526  42.956  25.454  10.125 0.0000000000
148633  42.753  23.932  10.656 0.0000000000
93226  42.043  22.002  11.064 0.0000000000
97041  38.132  28.285  16.374 0.0000000000
97726  37.767  28.064  14.825 0.0000000000
96301  38.052  27.004  12.982 0.0000000000
131790  38.125  24.271  16.305 0.0000000000
94729  38.336  24.648  14.389 0.0000000000
94742  38.572  25.344  12.760 0.0000000000
94011  39.661  24.171  11.912 0.0000000000
92358  41.016  21.538  11.987 0.0000000000
91494  40.971  19.931  11.540 0.0000000000
89696  41.374  18.493  11.064 0.0000000000
125330  43.449  17.135  10.782 0.0000000000
88756  45.300  16.859  10.781 0.0000000000
124468  45.096  18.119  14.006 0.0000000000
140748  45.467  17.266  12.087 0.0000000000
98417  39.519  29.802  20.534 0.0000000000
97703  39.624  28.787  20.822 0.0000000000
96278  37.457  26.449  21.706 0.0000000000
148546  41.515  30.046  -0.368 0.0000000000
100072  39.828  30.637  1.291 0.0000000000
99336  36.343  29.879  2.348 0.0000000000
97818  35.344  28.764  2.502 0.0000000000
138160  35.234  27.240  3.319 0.0000000000
97131  35.951  27.911  2.065 0.0000000000
128059  35.480  27.365  2.454 0.0000000000
127431  35.573  25.553  3.616 0.0000000000
95563  48.865  24.687  5.373 0.0000000000
94790  46.669  23.968  7.868 0.0000000000
94816  47.140  24.012  6.116 0.0000000000
95575  47.042  25.384  4.857 0.0000000000
96356  45.006  26.026  5.410 0.0000000000
96358  42.664  26.550  5.574 0.0000000000
142201  41.055  26.661  5.218 0.0000000000
138670  39.998  21.127  7.596 0.0000000000
92403  39.482  21.880  6.707 0.0000000000
93255  39.280  22.689  6.543 0.0000000000
91564  39.914  20.707  2.560 0.0000000000
93265  38.956  22.118  4.747 0.0000000000
132925  39.029  23.593  5.286 0.0000000000
94062  39.084  24.033  4.701 0.0000000000
142693  39.942  25.318  4.423 0.0000000000
125324  39.951  25.779  4.318 0.0000000000
95586  38.766  24.971  2.926 0.0000000000
130839  37.511  24.343  0.852 0.0000000000
94853  36.374  24.134  0.534 0.0000000000
92452  38.193  22.531  -1.683 0.0000000000
93289  36.999  22.685  -0.289 0.0000000000
93284  36.327  22.721  1.454 0.0000000000
92427  36.727  21.770  2.574 0.0000000000
87058  40.419  15.730  5.577 0.0000000000
99325  36.282  30.433  4.170 0.0000000000
100047  37.244  30.891  4.135 0.0000000000
98439  40.415  29.466  16.439 0.0000000000
127278  39.823  29.250  16.912 0.0000000000
97791  41.477  28.293  5.541 0.0000000000
126329  40.715  28.244  5.393 0.0000000000
97114  39.316  27.732  4.789 0.0000000000
96369  39.651  26.620  4.616 0.0000000000
92379  41.682  21.732  10.728 0.0000000000
93237  41.485  22.149  10.009 0.0000000000
92380  40.880  21.533  9.852 0.0000000000
88908  43.669  17.609  -1.013 0.0000000000
143534  43.225  18.269  -1.501 0.0000000000
88895  43.265  17.080  -0.280 0.0000000000
88909  42.634  17.441  -0.831 0.0000000000
88896  42.587  16.809  0.118 0.0000000000
87995  42.612  16.507  0.959 0.0000000000
87994  43.344  16.730  0.502 0.0000000000
96374  49.912  26.371  3.707 0.0000000000
97110  48.868  26.549  3.864 0.0000000000
97111  47.781  27.149  4.191 0.0000000000
126472  47.226  26.505  4.581 0.0000000000
88794  45.066  16.932  8.285 0.0000000000
128005  44.407  17.239  8.023 0.0000000000
125117  45.944  16.943  7.802 0.0000000000
89824  49.111  19.461  -0.121 0.0000000000
90716  48.417  19.480  -0.326 0.0000000000
95578  35.683  25.452  4.619 0.0000000000
97740  39.469  28.552  11.488 0.0000000000
97739  39.990  29.033  10.960 0.0000000000
97054  39.381  27.655  11.372 0.0000000000
97063  39.902  27.197  10.861 0.0000000000
96310  39.380  26.779  11.378 0.0000000000
94704  38.657  24.516  19.517 0.0000000000
95495  37.448  25.408  18.058 0.0000000000
94706  38.077  24.573  18.836 0.0000000000
91453  41.464  20.909  15.906 0.0000000000
91454  40.752  21.510  15.576 0.0000000000
128929  41.079  20.377  15.313 0.0000000000
91462  40.524  20.746  14.818 0.0000000000
90559  41.520  19.235  14.830 0.0000000000
89641  41.949  18.550  14.339 0.0000000000
90558  42.274  18.909  15.128 0.0000000000
98548  38.950  29.521  2.381 0.0000000000
98565  38.406  29.775  1.494 0.0000000000
134775  37.729  29.656  1.714 0.0000000000
97826  37.514  28.991  2.346 0.0000000000
95595  35.968  25.087  1.400 0.0000000000
95596  35.801  25.066  1.577 0.0000000000
94846  35.811  24.469  1.401 0.0000000000
94072  35.792  23.897  1.707 0.0000000000
97075  45.586  27.506  8.122 0.0000000000
97086  46.321  27.352  7.787 0.0000000000
96334  46.183  26.253  8.301 0.0000000000
94796  40.767  24.418  7.350 0.0000000000
94808  41.427  24.970  6.794 0.0000000000
95558  42.123  25.385  6.094 0.0000000000
94809  40.572  24.706  6.468 0.0000000000
90676  41.096  19.666  4.459 0.0000000000
90687  41.321  19.590  3.748 0.0000000000
92445  40.247  22.299  -1.368 0.0000000000
93288  39.463  22.784  0.233 0.0000000000
148235  39.174  23.187  0.749 0.0000000000
128118  39.511  23.293  -0.745 0.0000000000
94085  39.008  23.723  -0.485 0.0000000000
94089  39.377  23.330  -1.572 0.0000000000
146392  39.607  18.660  1.636 0.0000000000
148121  39.181  19.277  1.927 0.0000000000
89805  39.351  18.815  2.461 0.0000000000
89806  39.057  19.023  3.104 0.0000000000
97793  34.915  28.296  4.520 0.0000000000
97806  35.025  28.598  3.560 0.0000000000
99245  43.127  30.506  14.038 0.0000000000
99236  42.583  30.240  14.684 0.0000000000
128919  40.202  29.776  14.748 0.0000000000
144102  40.825  30.130  14.254 0.0000000000
98446  40.027  29.992  13.896 0.0000000000
98454  39.599  29.669  12.553 0.0000000000
98451  38.782  29.160  13.854 0.0000000000
98533  43.985  29.539  3.584 0.0000000000
132309  43.498  29.563  2.864 0.0000000000
98534  43.094  29.598  3.748 0.0000000000
129349  40.121  29.294  4.380 0.0000000000
98524  39.471  29.272  4.070 0.0000000000
98536  39.816  29.476  3.410 0.0000000000
98525  38.838  28.980  4.056 0.0000000000
97816  38.090  28.400  3.726 0.0000000000
97805  38.827  28.367  4.413 0.0000000000
96376  38.017  26.450  3.775 0.0000000000
96377  37.115  26.769  3.083 0.0000000000
95588  36.968  25.636  2.205 0.0000000000
94764  44.094  23.709  10.179 0.0000000000
94032  44.384  23.626  9.823 0.0000000000
147096  44.131  23.227  9.960 0.0000000000
93244  41.111  22.741  9.255 0.0000000000
94041  42.731  23.303  9.375 0.0000000000
94043  40.632  23.297  8.495 0.0000000000
94048  41.058  24.021  8.206 0.0000000000
93250  39.937  22.948  7.984 0.0000000000
90721  44.068  19.505  -0.235 0.0000000000
90722  43.090  19.448  0.027 0.0000000000
89849  41.558  19.687  -2.249 0.0000000000
90736  41.754  19.826  -1.735 0.0000000000
91591  41.327  20.451  -2.426 0.0000000000
91592  40.990  21.203  -2.635 0.0000000000
91597  41.057  20.766  -2.769 0.0000000000
91598  40.648  21.181  -2.797 0.0000000000
90747  40.871  19.531  -2.348 0.0000000000
88898  41.107  17.539  -0.274 0.0000000000
89833  40.714  18.346  -0.893 0.0000000000
127980  40.774  17.196  0.915 0.0000000000
89818  40.259  18.030  1.293 0.0000000000
126205  40.815  16.725  1.919 0.0000000000
87966  41.253  16.221  2.220 0.0000000000
87098  43.024  15.899  2.717 0.0000000000
87083  42.285  15.654  3.105 0.0000000000
97707  39.419  28.643  19.186 0.0000000000
147572  39.305  28.644  18.554 0.0000000000
97020  39.581  28.299  20.124 0.0000000000
138567  39.698  27.414  20.222 0.0000000000
96285  39.548  26.443  20.094 0.0000000000
95482  40.904  26.120  20.767 0.0000000000
97787  45.006  28.003  5.314 0.0000000000
97803  44.781  28.903  4.790 0.0000000000
97789  43.130  28.514  5.454 0.0000000000
125894  43.745  27.796  5.563 0.0000000000
88778  41.795  17.992  9.705 0.0000000000
89724  41.439  18.602  8.508 0.0000000000
89723  42.123  18.116  8.337 0.0000000000
88829  44.066  17.660  6.691 0.0000000000
89737  43.291  17.852  6.988 0.0000000000
89749  43.395  18.099  6.159 0.0000000000
89779  42.688  18.753  4.833 0.0000000000
146581  43.978  18.380  4.658 0.0000000000
88842  46.665  17.521  5.554 0.0000000000
88856  46.834  17.705  4.558 0.0000000000
89802  46.695  18.640  2.327 0.0000000000
125450  46.217  18.416  3.065 0.0000000000
89803  45.799  18.730  2.481 0.0000000000
89804  44.937  18.740  2.788 0.0000000000
131173  45.242  19.180  1.752 0.0000000000
90704  44.561  19.358  1.406 0.0000000000
145234  45.846  19.381  0.859 0.0000000000
89839  46.689  19.095  -1.303 0.0000000000
90732  46.263  19.458  -1.006 0.0000000000
88917  45.876  18.847  -1.455 0.0000000000
88906  45.548  18.119  -1.133 0.0000000000
88893  46.171  17.653  -0.335 0.0000000000
87993  45.572  17.169  0.521 0.0000000000
99993  45.160  30.912  9.591 0.0000000000
99282  45.825  30.828  9.087 0.0000000000
99294  45.043  30.291  8.761 0.0000000000
98482  45.468  29.538  8.240 0.0000000000
98473  44.164  29.964  8.949 0.0000000000
99256  42.116  30.696  12.269 0.0000000000
99266  43.401  31.012  11.250 0.0000000000
99267  42.444  30.734  11.402 0.0000000000
97756  41.799  28.540  9.692 0.0000000000
98476  42.071  29.296  9.738 0.0000000000
97755  42.554  28.240  9.371 0.0000000000
97069  42.596  27.357  9.516 0.0000000000
96325  43.461  26.581  9.455 0.0000000000
148465  42.230  26.995  9.746 0.0000000000
94766  40.973  24.809  10.931 0.0000000000
95527  41.638  25.341  10.553 0.0000000000
94024  41.518  24.026  11.117 0.0000000000
93213  42.126  22.588  11.133 0.0000000000
135778  41.296  23.317  11.390 0.0000000000
97718  38.658  28.269  17.650 0.0000000000
129090  38.536  28.421  16.967 0.0000000000
97039  37.934  27.777  17.124 0.0000000000
96299  37.100  26.370  16.202 0.0000000000
97043  37.430  27.503  15.402 0.0000000000
144409  37.242  26.645  15.243 0.0000000000
97046  37.738  27.218  13.760 0.0000000000
96300  37.521  26.586  14.302 0.0000000000
126306  39.228  23.373  17.256 0.0000000000
93954  38.483  23.679  17.515 0.0000000000
148972  39.343  23.513  16.592 0.0000000000
93183  39.482  22.885  14.509 0.0000000000
93978  38.745  24.110  14.522 0.0000000000
93985  38.712  24.184  13.914 0.0000000000
94736  38.490  24.771  13.485 0.0000000000
94735  38.957  23.950  13.250 0.0000000000
149088  39.263  24.680  12.020 0.0000000000
93998  39.441  23.623  12.555 0.0000000000
91481  40.772  20.175  12.925 0.0000000000
140056  40.460  21.520  12.700 0.0000000000
92345  40.825  20.880  12.384 0.0000000000
92357  41.173  20.850  11.606 0.0000000000
90604  40.946  19.355  10.750 0.0000000000
90595  41.063  19.078  11.653 0.0000000000
130253  42.691  17.488  12.358 0.0000000000
88739  42.425  17.553  11.707 0.0000000000
88737  43.987  16.977  11.649 0.0000000000
126297  44.407  16.873  10.837 0.0000000000
88736  44.896  16.956  11.557 0.0000000000
147456  45.261  18.633  14.512 0.0000000000
88719  46.096  17.658  12.523 0.0000000000
88734  47.041  17.593  11.444 0.0000000000
99174  39.911  30.301  20.004 0.0000000000
97700  38.909  28.874  21.481 0.0000000000
97699  39.271  29.548  21.196 0.0000000000
97015  39.799  28.176  21.241 0.0000000000
98575  41.325  29.903  0.193 0.0000000000
134038  40.872  30.247  0.342 0.0000000000
100071  40.755  31.292  0.809 0.0000000000
141791  40.096  30.261  0.872 0.0000000000
99334  38.160  30.638  2.416 0.0000000000
99335  37.257  30.405  2.640 0.0000000000
97829  35.729  28.898  1.982 0.0000000000
97124  35.198  28.028  2.763 0.0000000000
97130  36.683  27.586  2.721 0.0000000000
97827  36.550  28.510  2.171 0.0000000000
95590  35.588  25.601  2.098 0.0000000000
96384  35.618  26.519  2.264 0.0000000000
95583  35.406  26.021  2.816 0.0000000000
96378  35.363  26.735  2.841 0.0000000000
94826  35.851  24.711  3.970 0.0000000000
145730  35.760  24.437  3.069 0.0000000000
139957  36.332  22.920  3.033 0.0000000000
98492  47.922  29.429  7.464 0.0000000000
97093  48.786  26.929  6.623 0.0000000000
96348  49.204  25.932  6.165 0.0000000000
95553  48.794  24.924  6.105 0.0000000000
95541  46.430  24.687  8.461 0.0000000000
94792  45.488  23.870  7.983 0.0000000000
95555  45.069  24.576  6.250 0.0000000000
124580  45.589  24.057  7.071 0.0000000000
94804  46.175  24.109  6.455 0.0000000000
95565  46.479  24.619  5.464 0.0000000000
128407  45.473  24.942  5.591 0.0000000000
96355  45.941  25.707  5.192 0.0000000000
95566  44.543  25.368  5.671 0.0000000000
95569  41.713  25.773  5.402 0.0000000000
126202  42.036  26.023  5.318 0.0000000000
125497  41.743  26.655  5.449 0.0000000000
96359  41.320  25.987  4.904 0.0000000000
90640  40.689  19.825  7.464 0.0000000000
140928  40.365  20.472  7.897 0.0000000000
90652  40.724  19.886  6.563 0.0000000000
91542  40.342  20.407  5.270 0.0000000000
91538  40.181  20.595  6.128 0.0000000000
131844  39.599  21.369  6.097 0.0000000000
127126  39.250  22.063  6.092 0.0000000000
92408  39.274  21.742  5.474 0.0000000000
90708  40.913  19.789  1.505 0.0000000000
90697  40.733  19.935  2.484 0.0000000000
144129  40.359  20.430  1.639 0.0000000000
92420  39.263  21.483  3.155 0.0000000000
93269  38.805  22.332  3.764 0.0000000000
129637  38.732  23.205  4.498 0.0000000000
126084  38.745  24.139  2.933 0.0000000000
125533  38.988  24.252  3.865 0.0000000000
94830  38.979  24.803  3.314 0.0000000000
95577  39.469  25.164  3.932 0.0000000000
146162  39.078  25.252  3.530 0.0000000000
94851  38.160  23.986  0.060 0.0000000000
94852  37.142  24.098  0.271 0.0000000000
94092  36.965  23.775  -0.137 0.0000000000
91587  39.108  21.336  -2.133 0.0000000000
92451  38.791  22.084  -2.273 0.0000000000
131221  38.856  20.944  -1.086 0.0000000000
91571  37.817  21.144  0.823 0.0000000000
92439  37.332  21.862  0.199 0.0000000000
92433  37.163  21.574  1.223 0.0000000000
92440  36.664  22.427  0.696 0.0000000000
92434  36.670  21.972  1.702 0.0000000000
92426  37.153  21.359  2.160 0.0000000000
90678  37.947  19.715  4.088 0.0000000000
91558  37.546  20.321  3.771 0.0000000000
87946  40.401  15.961  4.324 0.0000000000
99317  35.756  30.467  4.925 0.0000000000
99326  35.898  29.963  3.245 0.0000000000
99227  42.091  29.902  15.318 0.0000000000
149594  40.966  29.592  15.982 0.0000000000
98442  40.306  29.565  15.613 0.0000000000
98443  39.504  29.449  15.184 0.0000000000
98510  42.507  29.140  5.223 0.0000000000
98522  41.887  29.453  4.700 0.0000000000
97792  40.359  28.925  5.061 0.0000000000
96370  38.612  26.986  4.372 0.0000000000
95581  38.488  25.596  3.379 0.0000000000
93224  43.351  22.919  10.162 0.0000000000
94034  43.319  22.804  9.992 0.0000000000
93236  42.827  22.713  10.266 0.0000000000
93238  40.807  22.176  9.322 0.0000000000
90744  43.654  19.008  -1.549 0.0000000000
150643  43.715  18.799  -1.638 0.0000000000
89842  42.868  18.867  -1.698 0.0000000000
88921  41.559  18.724  -1.866 0.0000000000
89844  40.985  18.755  -1.817 0.0000000000
88910  41.725  17.657  -0.977 0.0000000000
88897  41.841  17.091  -0.153 0.0000000000
146869  41.356  16.954  0.482 0.0000000000
87111  41.823  16.088  1.898 0.0000000000
133767  42.030  16.366  1.304 0.0000000000
87965  42.947  16.131  2.082 0.0000000000
97014  40.399  27.878  20.997 0.0000000000
97814  47.039  28.632  3.361 0.0000000000
97801  47.247  28.201  3.988 0.0000000000
97113  45.967  27.671  4.950 0.0000000000
131961  43.274  17.419  8.974 0.0000000000
88797  42.878  17.691  8.319 0.0000000000
88796  43.752  17.382  8.344 0.0000000000
88813  43.934  17.512  7.519 0.0000000000
88828  44.845  17.574  6.335 0.0000000000
88868  47.010  17.868  3.834 0.0000000000
89787  47.311  18.340  2.722 0.0000000000
89801  47.569  18.652  1.936 0.0000000000
89816  47.088  19.139  1.228 0.0000000000
90702  46.615  19.448  0.484 0.0000000000
90701  47.508  19.519  0.204 0.0000000000
89831  47.532  19.129  -0.997 0.0000000000
99273  44.443  30.953  10.155 0.0000000000
125867  40.668  30.261  11.733 0.0000000000
99276  41.408  30.032  10.616 0.0000000000
98468  40.761  29.437  10.608 0.0000000000
148298  41.102  28.809  10.121 0.0000000000
97061  41.109  28.041  10.026 0.0000000000
96327  41.897  26.695  9.982 0.0000000000
96319  40.585  26.719  10.530 0.0000000000
95528  40.741  25.793  10.682 0.0000000000
94754  40.235  24.564  11.413 0.0000000000
142418  37.614  26.877  17.721 0.0000000000
96296  37.316  26.036  17.766 0.0000000000
96298  37.123  26.233  17.100 0.0000000000
95498  37.213  25.547  16.511 0.0000000000
93163  40.346  23.208  16.071 0.0000000000
93164  39.443  23.540  15.982 0.0000000000
93175  40.270  22.455  15.459 0.0000000000
146916  39.862  22.377  14.910 0.0000000000
93182  39.847  22.021  14.078 0.0000000000
93189  39.493  22.734  13.560 0.0000000000
92331  40.246  21.182  14.062 0.0000000000
91470  40.596  20.419  13.869 0.0000000000
140822  40.990  19.346  13.044 0.0000000000
90581  41.171  18.885  12.435 0.0000000000
89655  41.753  18.361  13.462 0.0000000000
89654  42.472  18.001  13.741 0.0000000000
88705  42.985  17.522  13.142 0.0000000000
89637  45.900  18.558  14.132 0.0000000000
89649  47.335  18.733  13.268 0.0000000000
98563  40.852  29.625  1.853 0.0000000000
98564  40.008  29.741  1.243 0.0000000000
99356  39.354  30.043  1.011 0.0000000000
126846  38.658  29.982  1.148 0.0000000000
99348  36.906  29.809  1.839 0.0000000000
142077  37.468  29.835  1.714 0.0000000000
97828  36.043  28.765  1.900 0.0000000000
95589  35.792  25.785  1.772 0.0000000000
93277  36.504  22.332  2.854 0.0000000000
131353  46.836  29.300  7.647 0.0000000000
97768  47.573  28.321  7.306 0.0000000000
97769  46.576  28.276  7.587 0.0000000000
97085  47.090  27.294  7.496 0.0000000000
96341  47.474  26.155  7.481 0.0000000000
148774  43.562  24.103  8.269 0.0000000000
94793  44.338  24.109  7.993 0.0000000000
141578  43.351  24.491  7.623 0.0000000000
94806  43.688  24.741  6.970 0.0000000000
95557  43.117  25.301  6.214 0.0000000000
94817  41.164  25.279  5.884 0.0000000000
90665  41.380  19.335  5.959 0.0000000000
129239  41.476  19.439  5.069 0.0000000000
91550  40.492  20.224  4.521 0.0000000000
92431  40.163  20.977  0.572 0.0000000000
145102  39.748  21.045  1.558 0.0000000000
92432  39.505  21.781  0.946 0.0000000000
94067  38.659  23.340  3.364 0.0000000000
129661  38.739  23.215  1.936 0.0000000000
136283  38.683  23.862  2.092 0.0000000000
125048  38.617  24.017  1.628 0.0000000000
94842  38.749  23.842  0.585 0.0000000000
94090  38.428  23.590  -1.081 0.0000000000
90725  39.431  19.647  0.090 0.0000000000
91579  38.804  20.476  -0.060 0.0000000000
90726  38.785  20.066  0.825 0.0000000000
142409  38.274  20.514  1.341 0.0000000000
91570  38.188  20.319  2.212 0.0000000000
91565  37.581  20.755  2.608 0.0000000000
90688  38.528  19.390  3.476 0.0000000000
96365  50.065  25.873  4.238 0.0000000000
149772  35.036  29.942  4.871 0.0000000000
148244  35.260  26.892  5.220 0.0000000000
129736  42.703  30.630  13.138 0.0000000000
126412  41.774  30.572  13.063 0.0000000000
99237  41.715  30.158  14.503 0.0000000000
99247  41.356  30.386  13.693 0.0000000000
99257  41.224  30.534  12.339 0.0000000000
98453  40.056  29.962  11.926 0.0000000000
97731  39.147  28.909  12.224 0.0000000000
97741  38.919  28.071  11.977 0.0000000000
93928  38.478  23.744  18.919 0.0000000000
93939  39.096  23.039  18.940 0.0000000000
93144  39.607  22.835  18.051 0.0000000000
93152  40.559  22.949  17.449 0.0000000000
93965  40.924  23.246  16.703 0.0000000000
93162  41.520  23.082  16.465 0.0000000000
92318  41.406  22.171  16.112 0.0000000000
91452  42.343  20.500  16.100 0.0000000000
90551  42.729  19.531  15.645 0.0000000000
126288  43.048  29.611  2.019 0.0000000000
140567  41.597  29.614  2.988 0.0000000000
136843  42.185  29.611  3.874 0.0000000000
136848  41.302  29.563  3.950 0.0000000000
98547  40.677  29.559  3.081 0.0000000000
98537  38.378  29.161  3.128 0.0000000000
96335  44.971  25.870  9.174 0.0000000000
141534  45.700  25.400  8.897 0.0000000000
95535  45.260  24.659  9.338 0.0000000000
94775  45.056  23.818  9.313 0.0000000000
94782  44.175  23.558  8.988 0.0000000000
94040  43.795  23.210  9.685 0.0000000000
94783  43.211  23.730  8.804 0.0000000000
94794  42.717  24.395  7.996 0.0000000000
90694  43.097  19.353  2.231 0.0000000000
90695  42.190  19.425  2.668 0.0000000000
138883  42.256  19.487  1.834 0.0000000000
90707  41.656  19.578  1.324 0.0000000000
90724  41.193  19.805  0.594 0.0000000000
130677  42.363  19.459  -0.800 0.0000000000
90723  41.526  19.833  -0.563 0.0000000000
91577  40.835  20.374  -0.151 0.0000000000
92437  40.479  21.315  -0.845 0.0000000000
92444  40.703  21.663  -1.949 0.0000000000
93299  40.315  22.374  -2.234 0.0000000000
93300  39.922  22.808  -2.265 0.0000000000
92457  40.054  21.827  -2.784 0.0000000000
91593  39.999  20.992  -2.627 0.0000000000
90738  39.816  19.703  -1.133 0.0000000000
90737  40.482  19.177  -1.538 0.0000000000
89834  40.154  18.942  -0.404 0.0000000000
89826  39.829  18.739  0.676 0.0000000000
146588  40.379  16.673  3.266 0.0000000000
87085  40.894  15.701  3.895 0.0000000000
87100  41.590  15.825  2.674 0.0000000000
87084  41.530  15.608  3.493 0.0000000000
87070  41.396  15.534  4.205 0.0000000000
98436  39.789  29.193  17.705 0.0000000000
132897  39.263  28.689  18.025 0.0000000000
97036  38.890  28.121  18.488 0.0000000000
97037  38.385  27.097  18.668 0.0000000000
96293  38.295  26.155  19.077 0.0000000000
95490  39.105  25.456  19.865 0.0000000000
94703  39.385  24.688  20.112 0.0000000000
98532  44.948  29.391  3.280 0.0000000000
98519  44.467  29.385  4.225 0.0000000000
97815  46.323  28.819  3.920 0.0000000000
98518  45.380  29.201  4.111 0.0000000000
98509  43.352  29.215  5.121 0.0000000000
97790  42.287  28.401  5.552 0.0000000000
97103  41.214  27.465  5.545 0.0000000000
90605  40.724  19.943  10.152 0.0000000000
90616  40.587  20.038  9.275 0.0000000000
90626  40.877  19.195  8.851 0.0000000000
90639  41.046  19.182  7.963 0.0000000000
89751  41.903  18.684  6.760 0.0000000000
89738  42.535  18.125  7.461 0.0000000000
89750  42.647  18.333  6.513 0.0000000000
89766  42.091  18.705  6.028 0.0000000000
90664  42.029  18.971  5.316 0.0000000000
90674  42.686  18.942  3.977 0.0000000000
88827  45.679  17.328  6.777 0.0000000000
88843  45.609  17.599  5.756 0.0000000000
89762  45.103  17.911  4.968 0.0000000000
89776  46.245  18.103  3.866 0.0000000000
127939  45.378  18.190  4.194 0.0000000000
89777  44.611  18.283  4.449 0.0000000000
89790  44.039  18.527  4.001 0.0000000000
90683  44.127  18.729  3.193 0.0000000000
133915  43.515  19.018  2.890 0.0000000000
90705  43.805  19.425  1.441 0.0000000000
127233  44.386  19.475  0.644 0.0000000000
90719  45.948  19.570  -0.184 0.0000000000
130937  45.554  19.493  -0.897 0.0000000000
90743  44.900  19.110  -1.535 0.0000000000
89841  44.538  18.959  -1.653 0.0000000000
88907  44.621  17.810  -1.122 0.0000000000
135757  44.148  16.722  0.866 0.0000000000
148077  44.801  17.036  0.446 0.0000000000
128948  45.878  16.871  1.344 0.0000000000
98481  46.617  30.099  8.143 0.0000000000
143939  46.138  29.621  8.019 0.0000000000
97761  45.231  28.581  8.138 0.0000000000
149615  44.873  27.832  8.382 0.0000000000
147896  43.741  31.098  11.868 0.0000000000
99969  44.074  31.111  10.864 0.0000000000
99274  43.542  30.755  10.334 0.0000000000
146063  42.145  29.964  10.115 0.0000000000
99284  42.986  30.207  9.831 0.0000000000
98474  43.399  29.703  9.261 0.0000000000
98484  43.870  29.183  8.769 0.0000000000
97763  43.758  28.421  8.757 0.0000000000
97077  44.248  27.691  8.686 0.0000000000
96336  44.243  26.740  9.096 0.0000000000
131598  43.595  25.533  9.830 0.0000000000
95525  43.610  24.603  10.226 0.0000000000
96317  42.192  25.836  10.202 0.0000000000
135754  42.669  24.804  10.464 0.0000000000
93225  42.604  22.713  10.607 0.0000000000
92368  41.466  21.307  11.140 0.0000000000
148536  39.375  29.066  16.664 0.0000000000
97720  38.863  28.816  16.396 0.0000000000
98444  38.865  29.053  15.570 0.0000000000
97042  37.555  27.658  16.215 0.0000000000
97723  37.841  28.166  15.624 0.0000000000
97725  38.264  28.605  14.324 0.0000000000
97728  38.376  28.538  13.507 0.0000000000
97045  38.134  27.808  13.235 0.0000000000
97047  38.471  27.558  12.488 0.0000000000
94711  38.029  24.058  18.122 0.0000000000
94718  37.562  24.791  16.840 0.0000000000
94725  37.639  24.916  15.922 0.0000000000
137664  38.749  23.935  15.846 0.0000000000
94724  38.364  24.396  15.292 0.0000000000
94730  37.794  25.125  15.005 0.0000000000
95506  37.697  25.949  14.012 0.0000000000
132446  38.260  26.171  12.854 0.0000000000
96311  38.918  26.503  11.815 0.0000000000
95518  39.349  25.849  11.575 0.0000000000
94755  39.564  24.956  11.675 0.0000000000
148031  40.420  23.883  11.591 0.0000000000
93201  39.728  22.813  12.712 0.0000000000
93997  40.253  23.143  11.951 0.0000000000
93214  41.338  22.243  11.584 0.0000000000
134708  41.480  21.541  11.418 0.0000000000
91503  41.022  20.441  10.868 0.0000000000
135397  41.285  18.545  10.187 0.0000000000
88758  41.825  17.903  10.555 0.0000000000
88740  41.891  17.872  11.387 0.0000000000
88757  42.547  17.478  10.940 0.0000000000
88776  43.212  17.292  9.824 0.0000000000
125565  43.972  16.945  10.140 0.0000000000
124890  44.754  16.789  10.011 0.0000000000
143225  45.795  16.783  9.899 0.0000000000
89630  43.165  18.745  15.213 0.0000000000
89639  43.661  18.301  14.550 0.0000000000
88704  43.878  17.492  13.214 0.0000000000
89651  45.812  17.990  13.350 0.0000000000
88720  45.349  17.514  12.752 0.0000000000
88721  44.555  17.225  12.447 0.0000000000
142520  45.635  17.119  11.417 0.0000000000
98425  40.337  29.596  18.265 0.0000000000
98419  40.101  29.974  19.153 0.0000000000
98420  39.732  29.527  19.580 0.0000000000
97017  37.872  27.298  21.799 0.0000000000
96277  38.552  26.853  21.583 0.0000000000
100063  40.305  31.718  1.777 0.0000000000
100064  39.563  31.196  2.018 0.0000000000
98538  35.726  29.372  2.383 0.0000000000
126255  35.704  27.278  2.234 0.0000000000
96371  35.433  26.332  3.860 0.0000000000
94063  36.119  23.872  3.766 0.0000000000
97767  48.586  28.748  7.048 0.0000000000
96347  49.798  26.083  5.573 0.0000000000
95552  49.369  25.324  5.449 0.0000000000
95573  48.684  24.916  4.784 0.0000000000
95548  47.005  24.509  7.856 0.0000000000
94789  47.259  24.130  7.306 0.0000000000
94791  46.241  23.861  7.582 0.0000000000
94803  46.928  23.866  7.022 0.0000000000
94802  47.680  23.961  6.579 0.0000000000
94815  47.819  24.038  5.834 0.0000000000
95574  47.910  24.820  4.850 0.0000000000
96367  48.144  25.731  4.466 0.0000000000
97100  45.462  26.903  5.297 0.0000000000
144759  44.474  27.125  5.512 0.0000000000
95567  43.528  25.762  5.627 0.0000000000
96357  43.594  26.845  5.613 0.0000000000
97101  42.908  27.620  5.643 0.0000000000
146161  40.445  20.490  8.608 0.0000000000
91521  40.232  21.133  8.379 0.0000000000
92395  39.908  21.985  8.086 0.0000000000
91530  40.290  20.487  7.061 0.0000000000
92402  39.822  21.145  6.809 0.0000000000
149333  39.706  21.699  7.314 0.0000000000
92396  39.599  22.440  7.326 0.0000000000
93251  39.675  23.281  7.144 0.0000000000
144739  39.371  23.620  6.177 0.0000000000
137915  41.421  19.586  2.984 0.0000000000
91563  40.467  20.241  3.183 0.0000000000
91557  39.958  20.639  3.734 0.0000000000
92414  39.350  21.418  4.162 0.0000000000
93260  38.941  22.728  5.586 0.0000000000
94810  39.931  24.357  6.122 0.0000000000
94819  39.586  24.356  5.325 0.0000000000
94824  40.168  25.119  4.860 0.0000000000
94825  39.563  24.726  4.471 0.0000000000
95576  40.517  25.686  4.631 0.0000000000
95587  37.992  25.239  2.606 0.0000000000
94837  38.355  24.547  2.168 0.0000000000
95594  37.432  24.849  1.678 0.0000000000
94844  36.557  24.574  1.104 0.0000000000
94079  35.897  23.957  0.883 0.0000000000
94095  39.397  23.001  -2.245 0.0000000000
93302  38.293  23.138  -1.677 0.0000000000
93294  37.508  22.958  -1.063 0.0000000000
91580  38.115  21.281  -0.286 0.0000000000
92447  37.660  22.202  -0.846 0.0000000000
93295  36.953  23.307  -0.348 0.0000000000
93290  36.559  23.092  0.140 0.0000000000
94078  36.250  23.252  0.737 0.0000000000
147098  36.465  22.341  2.151 0.0000000000
126309  37.449  20.654  3.298 0.0000000000
91566  37.117  21.180  3.023 0.0000000000
87979  44.288  16.509  1.719 0.0000000000
87964  43.639  16.264  2.266 0.0000000000
87981  42.497  16.222  1.676 0.0000000000
88703  44.812  17.636  13.311 0.0000000000
88718  46.903  17.840  12.190 0.0000000000
88735  46.250  17.413  11.768 0.0000000000
88738  43.094  17.257  11.658 0.0000000000
88775  44.053  17.051  9.280 0.0000000000
88844  44.795  17.790  5.592 0.0000000000
88867  47.547  17.961  3.346 0.0000000000
88876  40.392  17.050  2.576 0.0000000000
88918  45.036  18.639  -1.540 0.0000000000
89652  44.203  17.894  13.944 0.0000000000
89653  43.310  17.854  13.871 0.0000000000
89673  42.224  17.847  12.939 0.0000000000
89674  41.624  18.317  12.663 0.0000000000
89686  41.480  18.385  11.890 0.0000000000
89708  41.800  18.152  8.993 0.0000000000
89709  41.301  18.584  9.325 0.0000000000
89748  44.144  17.884  5.843 0.0000000000
89764  43.516  18.355  5.253 0.0000000000
89788  45.560  18.439  3.357 0.0000000000
89838  47.126  19.403  -0.975 0.0000000000
89843  42.025  19.077  -2.036 0.0000000000
89850  41.499  19.367  -2.228 0.0000000000
89851  41.106  19.060  -2.163 0.0000000000
90666  40.885  19.799  5.171 0.0000000000
90684  43.410  18.786  3.594 0.0000000000
90686  42.051  19.347  3.506 0.0000000000
90700  48.316  19.559  0.081 0.0000000000
90703  45.170  19.437  0.716 0.0000000000
90710  38.698  19.815  1.681 0.0000000000
90717  47.793  19.534  -0.425 0.0000000000
90718  46.979  19.565  -0.510 0.0000000000
90730  47.900  19.368  -0.621 0.0000000000
90733  44.694  19.376  -1.120 0.0000000000
90735  42.433  19.306  -1.591 0.0000000000
90742  46.514  19.319  -1.147 0.0000000000
90746  41.686  20.029  -2.013 0.0000000000
90754  40.786  20.455  -2.662 0.0000000000
91461  40.955  19.847  14.550 0.0000000000
91469  40.863  19.755  13.649 0.0000000000
91512  40.478  20.953  9.182 0.0000000000
91543  39.739  20.986  5.413 0.0000000000
91586  39.505  20.493  -1.774 0.0000000000
91596  41.336  20.238  -2.509 0.0000000000
92344  40.944  20.297  12.125 0.0000000000
92369  41.153  21.138  10.596 0.0000000000
92446  38.360  21.742  -1.495 0.0000000000
92456  40.592  21.430  -2.727 0.0000000000
92458  39.411  22.322  -2.544 0.0000000000
93132  39.785  22.472  19.037 0.0000000000
93176  39.734  23.064  15.355 0.0000000000
93188  39.936  22.093  13.080 0.0000000000
93200  40.444  22.195  12.316 0.0000000000
93285  36.028  23.408  1.337 0.0000000000
93301  38.780  22.702  -2.218 0.0000000000
93305  40.223  22.106  -2.610 0.0000000000
93306  39.785  22.534  -2.586 0.0000000000
93307  39.288  22.759  -2.400 0.0000000000
93953  40.064  23.237  17.129 0.0000000000
93966  38.732  23.740  16.676 0.0000000000
93984  39.093  23.535  13.980 0.0000000000
94023  42.331  23.363  10.953 0.0000000000
94033  43.884  23.011  10.015 0.0000000000
94042  41.580  23.380  9.010 0.0000000000
94084  39.140  23.484  0.213 0.0000000000
94086  36.470  23.629  0.300 0.0000000000
94091  37.567  23.467  -0.857 0.0000000000
94096  38.908  23.033  -2.187 0.0000000000
94707  37.700  24.784  18.284 0.0000000000
94717  38.021  24.155  17.208 0.0000000000
94741  39.017  24.505  12.553 0.0000000000
94765  41.986  24.403  10.793 0.0000000000
94774  45.628  24.048  9.112 0.0000000000
94776  44.439  24.410  9.824 0.0000000000
94801  48.345  24.219  5.969 0.0000000000
95491  38.390  25.341  19.319 0.0000000000
95494  37.851  25.394  18.684 0.0000000000
95497  37.285  25.444  17.351 0.0000000000
95502  37.939  25.315  14.164 0.0000000000
95503  37.487  25.873  14.705 0.0000000000
95505  38.092  25.637  13.457 0.0000000000
95508  39.029  25.186  12.091 0.0000000000
95509  38.732  25.948  12.203 0.0000000000
95529  39.973  26.279  10.970 0.0000000000
95547  47.590  24.927  7.376 0.0000000000
95554  48.135  24.560  6.693 0.0000000000
95562  49.451  25.200  4.796 0.0000000000
95564  47.430  24.423  5.330 0.0000000000
96292  38.841  26.043  19.616 0.0000000000
96302  37.827  26.428  13.538 0.0000000000
96303  38.514  26.735  12.331 0.0000000000
96326  42.677  26.355  9.791 0.0000000000
96342  46.967  25.467  7.955 0.0000000000
96354  50.013  25.795  4.881 0.0000000000
96368  40.583  26.222  4.677 0.0000000000
97044  37.519  27.349  14.583 0.0000000000
97083  48.374  27.834  6.930 0.0000000000
97092  49.777  27.059  6.028 0.0000000000
97112  46.839  27.486  4.565 0.0000000000
97722  38.277  28.640  15.141 0.0000000000
97729  37.860  27.969  14.015 0.0000000000
97732  38.588  28.391  12.717 0.0000000000
97747  40.529  28.531  10.472 0.0000000000
97748  39.893  28.117  10.858 0.0000000000
97802  45.668  28.527  4.640 0.0000000000
98448  38.790  29.156  14.726 0.0000000000
98450  39.408  29.624  13.441 0.0000000000
98461  40.284  29.762  11.289 0.0000000000
98475  42.664  29.507  9.570 0.0000000000
98483  44.664  29.391  8.514 0.0000000000
98493  45.965  28.959  7.757 0.0000000000
98508  44.048  29.204  4.850 0.0000000000
98512  41.023  28.874  5.315 0.0000000000
98521  42.762  29.483  4.582 0.0000000000
99248  40.582  30.274  13.435 0.0000000000
99258  40.398  30.265  12.579 0.0000000000
99265  44.142  31.010  12.347 0.0000000000
99346  38.321  30.237  1.554 0.0000000000
124374  43.797  30.381  9.582 0.0000000000
125119  44.987  16.771  9.144 0.0000000000
125636  43.434  23.863  10.439 0.0000000000
126119  42.428  17.578  10.090 0.0000000000
126425  43.654  19.485  0.642 0.0000000000
127089  42.002  30.389  10.783 0.0000000000
127476  41.050  30.473  13.025 0.0000000000
128157  41.181  27.148  10.128 0.0000000000
130243  43.139  23.241  10.495 0.0000000000
130692  45.821  19.254  14.762 0.0000000000
133341  41.308  18.765  13.098 0.0000000000
136591  47.347  19.497  -0.740 0.0000000000
137001  40.488  20.945  13.211 0.0000000000
137157  44.216  31.167  11.591 0.0000000000
138572  37.187  27.057  15.964 0.0000000000
140104  48.209  24.409  5.328 0.0000000000
140224  40.879  19.790  3.251 0.0000000000
140291  45.566  19.276  -1.308 0.0000000000
140844  39.430  21.376  4.888 0.0000000000
141785  45.898  23.888  8.614 0.0000000000
141880  46.310  17.389  6.321 0.0000000000
142154  46.101  19.154  -1.357 0.0000000000
143804  38.380  28.612  15.823 0.0000000000
146337  39.854  22.819  -0.804 0.0000000000
146473  44.896  18.965  15.000 0.0000000000
148319  47.703  24.296  7.033 0.0000000000
148364  46.010  19.248  -1.306 0.0000000000
148809  42.899  17.350  10.402 0.0000000000
148913  40.844  30.113  11.055 0.0000000000
149173  42.410  28.908  9.457 0.0000000000
149177  40.964  23.121  16.332 0.0000000000
149562  42.162  27.938  9.536 0.0000000000
149786  41.283  19.764  15.108 0.0000000000
150271  44.079  23.173  9.927 0.0000000000
150478  44.213  26.198  5.526 0.0000000000
150762  42.214  19.498  1.231 0.0000000000
150802  41.674  18.166  -1.441 0.0000000000
