#!ascii label  , from subject sub-v1s11x0050149_ses-1 vox2ras=TkReg
973
58807  24.088  -11.859  49.111 0.0000000000
57633  36.754  -12.689  52.052 0.0000000000
74197  38.671  2.623  30.561 0.0000000000
66243  32.427  -5.599  39.024 0.0000000000
64042  38.222  -7.295  44.868 0.0000000000
128465  49.081  8.811  21.088 0.0000000000
141901  40.207  -1.284  32.675 0.0000000000
69486  35.305  -2.147  32.227 0.0000000000
57671  19.503  -13.474  49.567 0.0000000000
57656  29.662  -13.033  50.721 0.0000000000
59930  33.240  -11.421  48.048 0.0000000000
58883  26.918  -12.452  45.678 0.0000000000
77488  44.634  6.216  25.892 0.0000000000
142266  27.354  -11.714  53.877 0.0000000000
60888  22.639  -10.532  54.475 0.0000000000
79340  43.910  7.130  30.047 0.0000000000
57591  18.010  -12.941  54.592 0.0000000000
53124  14.676  -17.724  53.580 0.0000000000
70338  34.037  -0.901  37.510 0.0000000000
65114  34.718  -6.639  42.427 0.0000000000
61009  36.892  -10.241  42.045 0.0000000000
58893  35.510  -11.605  44.633 0.0000000000
70365  39.799  -1.230  35.293 0.0000000000
69467  37.888  -2.102  32.861 0.0000000000
70367  37.448  -0.859  35.453 0.0000000000
72196  42.670  0.047  34.559 0.0000000000
58867  22.573  -12.713  46.743 0.0000000000
57699  20.650  -13.743  46.840 0.0000000000
131479  21.613  -12.150  48.863 0.0000000000
128687  26.903  -12.447  50.085 0.0000000000
58848  27.978  -12.581  47.884 0.0000000000
127922  25.059  -12.400  47.131 0.0000000000
57713  24.301  -13.200  44.995 0.0000000000
75266  38.458  3.350  28.519 0.0000000000
141747  41.206  3.122  32.236 0.0000000000
76405  41.148  5.016  30.296 0.0000000000
77471  41.358  5.668  28.587 0.0000000000
60867  21.862  -10.493  56.540 0.0000000000
59889  19.871  -11.616  54.156 0.0000000000
59847  19.308  -11.361  56.871 0.0000000000
56493  14.064  -14.639  58.891 0.0000000000
55399  14.854  -14.958  56.697 0.0000000000
145791  13.616  -16.974  56.253 0.0000000000
49635  13.283  -20.516  56.368 0.0000000000
49606  12.289  -20.481  58.246 0.0000000000
68348  35.035  -4.469  44.468 0.0000000000
65084  36.401  -6.955  44.008 0.0000000000
63011  35.998  -8.885  42.387 0.0000000000
61967  38.536  -9.702  42.577 0.0000000000
59971  31.411  -10.719  45.981 0.0000000000
59941  34.252  -11.439  46.783 0.0000000000
142125  32.882  -11.162  44.087 0.0000000000
58919  33.774  -11.672  42.566 0.0000000000
68435  32.517  -3.367  38.497 0.0000000000
68451  31.920  -3.333  35.551 0.0000000000
66275  31.380  -5.803  36.207 0.0000000000
148917  52.299  9.375  18.497 0.0000000000
80293  49.523  8.278  18.695 0.0000000000
72228  38.986  0.334  31.578 0.0000000000
70424  37.884  -2.237  30.955 0.0000000000
73157  42.036  1.780  33.240 0.0000000000
57636  33.016  -13.024  51.891 0.0000000000
58778  34.520  -12.356  49.935 0.0000000000
58823  31.255  -11.800  49.161 0.0000000000
58846  29.393  -11.821  47.429 0.0000000000
59992  28.275  -11.747  44.393 0.0000000000
80253  46.888  8.499  27.749 0.0000000000
78454  47.643  6.457  26.135 0.0000000000
77518  47.701  5.321  24.257 0.0000000000
78494  46.988  6.687  21.394 0.0000000000
58765  25.598  -11.719  51.238 0.0000000000
59906  23.319  -11.322  51.238 0.0000000000
60896  25.300  -10.639  54.172 0.0000000000
142966  28.258  -12.627  52.123 0.0000000000
147969  43.929  7.666  28.359 0.0000000000
59909  20.879  -11.572  52.001 0.0000000000
134548  19.015  -12.824  51.996 0.0000000000
55438  16.976  -15.336  51.794 0.0000000000
132847  16.945  -12.951  56.940 0.0000000000
55421  16.235  -15.366  53.682 0.0000000000
46424  10.347  -22.629  60.101 0.0000000000
71259  36.488  -0.178  37.511 0.0000000000
68409  33.182  -3.483  40.478 0.0000000000
68376  33.972  -3.841  42.208 0.0000000000
66227  33.314  -5.768  40.498 0.0000000000
63028  33.717  -8.516  41.147 0.0000000000
61018  35.392  -10.558  40.946 0.0000000000
138115  34.986  -12.529  39.588 0.0000000000
147057  36.509  -12.667  48.472 0.0000000000
58857  37.405  -11.886  46.097 0.0000000000
60983  38.870  -11.088  43.769 0.0000000000
60003  36.222  -11.483  43.215 0.0000000000
58932  34.305  -11.872  41.613 0.0000000000
70385  34.324  -1.364  34.781 0.0000000000
68504  32.510  -3.865  31.988 0.0000000000
70351  39.141  -0.890  35.987 0.0000000000
70366  38.135  -1.088  35.270 0.0000000000
70352  37.826  -0.720  35.972 0.0000000000
70349  40.897  -0.931  36.226 0.0000000000
58830  22.858  -12.092  47.926 0.0000000000
58831  22.143  -12.148  48.279 0.0000000000
58809  22.321  -11.792  49.160 0.0000000000
125092  25.068  -11.976  49.734 0.0000000000
58806  25.816  -12.366  48.985 0.0000000000
58829  24.330  -12.125  48.360 0.0000000000
128155  23.723  -12.324  47.254 0.0000000000
75261  38.585  3.308  29.362 0.0000000000
75240  39.853  3.163  31.349 0.0000000000
76395  41.137  4.431  31.079 0.0000000000
76406  39.773  4.044  30.317 0.0000000000
76413  39.615  4.329  29.475 0.0000000000
54214  12.956  -16.217  58.701 0.0000000000
54213  13.662  -15.738  58.033 0.0000000000
53053  13.031  -17.251  57.466 0.0000000000
137660  13.193  -18.252  56.480 0.0000000000
51867  12.645  -18.541  57.563 0.0000000000
50747  12.597  -19.929  57.538 0.0000000000
66170  36.313  -5.841  45.056 0.0000000000
64054  37.223  -7.291  44.277 0.0000000000
62999  37.545  -8.276  43.085 0.0000000000
62997  38.697  -8.249  43.648 0.0000000000
57631  38.115  -12.395  51.343 0.0000000000
60007  30.574  -10.970  43.881 0.0000000000
126009  31.834  -10.758  45.052 0.0000000000
140141  30.746  -11.089  42.926 0.0000000000
60024  31.215  -11.248  42.344 0.0000000000
66255  32.216  -5.104  38.202 0.0000000000
67392  32.029  -4.685  37.486 0.0000000000
79389  48.975  8.109  22.587 0.0000000000
81161  50.070  9.268  22.135 0.0000000000
80280  50.315  9.476  20.377 0.0000000000
128827  50.090  9.005  19.406 0.0000000000
80286  49.126  8.590  19.534 0.0000000000
71320  39.990  -0.646  32.388 0.0000000000
71330  38.605  -0.549  31.250 0.0000000000
70411  39.069  -2.071  31.985 0.0000000000
69468  36.866  -1.910  32.845 0.0000000000
69502  36.890  -2.519  31.376 0.0000000000
69503  35.751  -2.541  31.290 0.0000000000
71310  41.645  -0.634  33.630 0.0000000000
71318  41.261  -0.043  33.085 0.0000000000
73159  40.461  1.193  32.445 0.0000000000
56561  19.881  -13.924  47.779 0.0000000000
56554  18.464  -14.817  49.410 0.0000000000
57654  31.403  -13.058  51.265 0.0000000000
58781  31.687  -12.594  50.518 0.0000000000
57667  30.198  -12.436  49.676 0.0000000000
58862  27.332  -12.528  47.188 0.0000000000
58847  28.623  -12.259  47.491 0.0000000000
58861  28.221  -12.056  46.235 0.0000000000
124594  28.829  -11.695  46.116 0.0000000000
58896  27.237  -12.355  44.906 0.0000000000
58897  26.416  -12.626  44.869 0.0000000000
61026  33.343  -10.355  39.510 0.0000000000
127446  45.875  7.675  27.193 0.0000000000
79366  47.178  7.270  26.675 0.0000000000
77487  46.058  6.349  26.025 0.0000000000
76435  47.009  5.052  24.473 0.0000000000
77526  46.519  4.817  22.948 0.0000000000
127079  47.396  5.904  23.140 0.0000000000
58751  26.258  -11.578  52.551 0.0000000000
144093  25.674  -11.282  52.738 0.0000000000
146005  25.920  -10.949  53.850 0.0000000000
58738  27.795  -12.106  53.388 0.0000000000
58763  27.035  -12.174  51.635 0.0000000000
80236  45.328  8.489  29.272 0.0000000000
79344  43.719  7.395  29.142 0.0000000000
125679  41.629  5.973  27.311 0.0000000000
59885  23.014  -10.731  52.809 0.0000000000
59908  21.733  -11.372  51.749 0.0000000000
59898  21.509  -11.173  52.548 0.0000000000
58732  18.701  -12.521  54.077 0.0000000000
58754  19.398  -12.391  52.531 0.0000000000
57606  18.247  -13.414  52.923 0.0000000000
130948  17.821  -14.258  51.830 0.0000000000
127526  17.270  -14.464  52.975 0.0000000000
57554  16.978  -12.878  57.650 0.0000000000
54261  14.631  -16.644  54.806 0.0000000000
55407  15.682  -14.910  55.392 0.0000000000
54275  15.422  -16.487  53.589 0.0000000000
145476  15.498  -16.782  52.864 0.0000000000
139617  32.943  -2.486  40.117 0.0000000000
66193  35.238  -5.482  43.333 0.0000000000
67311  34.784  -4.433  43.472 0.0000000000
66210  34.411  -4.982  42.078 0.0000000000
67356  33.940  -4.771  41.298 0.0000000000
131656  34.366  -5.744  41.926 0.0000000000
64087  33.240  -7.487  40.831 0.0000000000
64077  34.484  -7.565  42.038 0.0000000000
61976  37.060  -9.816  42.041 0.0000000000
61984  35.608  -10.017  41.399 0.0000000000
61017  36.294  -10.134  41.684 0.0000000000
141713  35.267  -11.060  40.657 0.0000000000
60048  35.184  -11.532  40.782 0.0000000000
58821  33.520  -11.689  48.918 0.0000000000
58799  35.862  -12.579  49.094 0.0000000000
58820  34.802  -12.046  48.379 0.0000000000
132881  35.389  -11.652  45.767 0.0000000000
58859  35.584  -11.804  46.353 0.0000000000
58878  36.826  -11.758  45.516 0.0000000000
127118  37.937  -11.665  45.232 0.0000000000
59967  37.201  -11.631  44.479 0.0000000000
60001  38.003  -11.378  43.624 0.0000000000
58905  36.245  -11.571  44.103 0.0000000000
58920  33.311  -11.916  41.755 0.0000000000
58918  34.614  -11.606  42.642 0.0000000000
71246  34.915  -0.467  37.903 0.0000000000
71279  35.436  -0.596  36.535 0.0000000000
141138  33.686  -1.396  36.229 0.0000000000
67428  31.500  -4.588  34.495 0.0000000000
68476  32.031  -3.345  33.870 0.0000000000
81177  52.660  9.173  17.567 0.0000000000
126639  40.235  -1.584  33.613 0.0000000000
69465  39.229  -2.033  32.575 0.0000000000
70396  39.280  -1.857  33.453 0.0000000000
70398  37.222  -1.635  33.669 0.0000000000
70399  36.273  -1.563  33.613 0.0000000000
71289  42.594  -0.720  35.558 0.0000000000
70378  41.328  -1.321  34.805 0.0000000000
57687  21.775  -12.939  46.915 0.0000000000
57677  20.908  -12.933  47.763 0.0000000000
57670  20.171  -12.938  49.238 0.0000000000
138002  27.723  -12.597  50.125 0.0000000000
136474  28.870  -12.599  49.440 0.0000000000
58804  27.378  -12.613  49.322 0.0000000000
125544  26.484  -12.539  47.330 0.0000000000
58864  25.822  -12.481  46.733 0.0000000000
130148  24.976  -12.742  45.343 0.0000000000
58885  24.271  -12.736  45.775 0.0000000000
57696  22.950  -13.007  46.055 0.0000000000
76438  44.040  4.996  24.864 0.0000000000
129305  26.770  -11.014  54.989 0.0000000000
148040  42.597  4.637  31.896 0.0000000000
76393  42.665  5.177  31.412 0.0000000000
77456  42.444  5.618  30.561 0.0000000000
78427  42.689  6.368  29.306 0.0000000000
77464  41.486  5.511  29.497 0.0000000000
76417  39.954  4.862  28.034 0.0000000000
146931  22.439  -10.476  55.159 0.0000000000
59875  21.173  -10.876  54.244 0.0000000000
142866  20.697  -10.757  55.689 0.0000000000
59867  19.589  -11.490  55.306 0.0000000000
58722  18.541  -12.317  55.046 0.0000000000
56499  15.813  -13.805  57.666 0.0000000000
56500  14.661  -14.806  57.523 0.0000000000
54233  14.033  -16.366  56.356 0.0000000000
53090  14.040  -17.471  54.925 0.0000000000
50770  13.649  -19.259  55.125 0.0000000000
66171  35.808  -5.482  44.584 0.0000000000
65085  35.676  -6.205  43.742 0.0000000000
64076  35.176  -7.806  42.541 0.0000000000
64063  36.623  -7.821  43.331 0.0000000000
63010  37.010  -8.761  42.688 0.0000000000
61008  37.707  -10.047  42.221 0.0000000000
127921  31.984  -10.783  46.752 0.0000000000
132086  33.913  -11.496  47.574 0.0000000000
59952  32.840  -10.950  46.516 0.0000000000
59969  33.560  -11.181  45.333 0.0000000000
59968  34.181  -11.418  44.861 0.0000000000
58894  34.799  -11.559  44.346 0.0000000000
60004  33.396  -11.444  43.476 0.0000000000
130381  32.456  -11.805  41.780 0.0000000000
140848  32.781  -2.074  37.951 0.0000000000
69440  32.808  -1.963  36.587 0.0000000000
147211  32.185  -3.251  37.150 0.0000000000
67417  31.723  -4.016  36.076 0.0000000000
136204  51.520  9.606  19.441 0.0000000000
80284  51.005  9.124  18.957 0.0000000000
73176  38.716  1.299  31.261 0.0000000000
72237  37.689  0.648  30.159 0.0000000000
72236  38.301  0.473  30.910 0.0000000000
69500  38.051  -2.318  31.609 0.0000000000
127155  37.262  -2.585  30.781 0.0000000000
73139  43.580  1.453  34.448 0.0000000000
74152  43.591  2.096  33.973 0.0000000000
75214  42.738  2.854  33.153 0.0000000000
74174  41.649  2.379  32.786 0.0000000000
73174  40.053  1.721  32.057 0.0000000000
136840  34.709  -13.071  52.206 0.0000000000
57650  35.911  -12.637  50.921 0.0000000000
57651  34.255  -12.541  50.858 0.0000000000
58822  32.893  -11.883  49.567 0.0000000000
135577  32.112  -11.602  49.034 0.0000000000
58803  29.650  -12.311  49.152 0.0000000000
59933  30.707  -11.581  48.470 0.0000000000
130069  31.025  -11.201  47.870 0.0000000000
142626  29.860  -11.137  46.112 0.0000000000
59991  29.048  -11.333  44.600 0.0000000000
130579  28.712  -11.438  43.690 0.0000000000
78453  48.666  6.370  26.083 0.0000000000
77501  46.582  5.344  25.105 0.0000000000
134627  47.761  5.378  24.779 0.0000000000
77517  48.470  5.692  24.456 0.0000000000
78481  48.658  6.217  23.925 0.0000000000
78487  47.905  7.099  22.619 0.0000000000
79396  47.413  7.366  20.851 0.0000000000
79399  47.956  7.698  19.404 0.0000000000
58766  24.873  -11.675  50.678 0.0000000000
59918  23.297  -11.497  50.477 0.0000000000
59905  24.762  -11.394  51.599 0.0000000000
143159  24.416  -10.792  52.932 0.0000000000
60887  23.597  -10.487  54.286 0.0000000000
59864  26.093  -10.668  55.410 0.0000000000
60875  23.617  -10.393  55.737 0.0000000000
60866  22.799  -10.435  56.904 0.0000000000
126273  36.355  -12.878  52.923 0.0000000000
57616  34.286  -13.286  52.865 0.0000000000
57618  32.301  -13.338  52.462 0.0000000000
57637  30.728  -13.319  51.799 0.0000000000
57621  29.589  -13.180  52.563 0.0000000000
57639  29.252  -13.151  51.442 0.0000000000
58783  27.348  -12.376  50.838 0.0000000000
58784  26.412  -12.081  50.849 0.0000000000
80242  45.954  8.752  28.731 0.0000000000
79357  45.278  8.038  27.680 0.0000000000
78457  44.385  6.753  26.590 0.0000000000
78434  42.583  6.563  28.335 0.0000000000
78459  42.715  6.349  26.676 0.0000000000
77489  43.227  6.022  25.962 0.0000000000
58788  22.340  -11.623  50.135 0.0000000000
58789  21.345  -11.820  50.359 0.0000000000
57659  19.997  -12.803  50.100 0.0000000000
59899  20.657  -11.419  52.852 0.0000000000
58769  19.616  -12.471  51.738 0.0000000000
57660  19.335  -13.289  50.437 0.0000000000
56546  18.314  -14.524  50.296 0.0000000000
55444  17.746  -15.031  50.627 0.0000000000
58711  18.155  -12.289  56.608 0.0000000000
132070  17.378  -13.372  54.994 0.0000000000
57582  16.760  -13.766  55.384 0.0000000000
56521  17.118  -14.246  53.755 0.0000000000
150388  16.453  -15.454  53.021 0.0000000000
48555  11.562  -22.121  58.930 0.0000000000
137142  37.740  -0.193  37.200 0.0000000000
70321  33.848  -0.815  39.107 0.0000000000
69429  32.707  -2.646  38.756 0.0000000000
141573  32.700  -3.497  39.111 0.0000000000
67373  32.791  -4.831  39.416 0.0000000000
68390  33.468  -3.405  41.488 0.0000000000
67357  33.450  -4.399  40.576 0.0000000000
66242  32.889  -5.594  39.819 0.0000000000
64096  32.656  -7.431  40.210 0.0000000000
63029  33.033  -8.515  40.522 0.0000000000
61996  34.177  -10.133  40.278 0.0000000000
136664  35.019  -8.450  42.166 0.0000000000
61985  34.566  -9.515  41.155 0.0000000000
61024  34.725  -10.776  40.067 0.0000000000
141929  34.905  -11.125  40.033 0.0000000000
62976  39.414  -8.534  44.951 0.0000000000
57649  36.685  -12.641  50.355 0.0000000000
124316  37.238  -12.777  48.904 0.0000000000
145787  38.704  -12.234  47.889 0.0000000000
58843  35.294  -12.074  47.690 0.0000000000
142770  36.440  -12.321  47.068 0.0000000000
59948  38.665  -11.666  46.540 0.0000000000
60951  39.231  -10.901  46.071 0.0000000000
60968  39.446  -10.595  45.105 0.0000000000
61951  39.375  -8.805  43.993 0.0000000000
60993  39.246  -10.215  43.279 0.0000000000
149387  38.109  -10.490  42.533 0.0000000000
60036  36.588  -10.853  42.125 0.0000000000
58917  35.416  -11.526  42.919 0.0000000000
60021  36.091  -11.300  42.420 0.0000000000
60037  35.809  -11.194  41.687 0.0000000000
128250  34.929  -11.866  41.033 0.0000000000
71290  36.995  -0.523  36.124 0.0000000000
125113  35.892  -0.947  35.089 0.0000000000
70400  34.715  -1.412  33.996 0.0000000000
69455  32.979  -1.929  34.785 0.0000000000
69471  33.361  -2.016  33.524 0.0000000000
69505  33.661  -2.626  31.886 0.0000000000
79405  48.053  7.268  18.635 0.0000000000
71275  39.330  -0.461  36.854 0.0000000000
71276  38.364  -0.519  36.546 0.0000000000
71274  40.299  -0.579  36.823 0.0000000000
148818  23.799  -11.943  48.517 0.0000000000
58808  23.149  -11.836  48.636 0.0000000000
124947  24.899  -12.178  48.867 0.0000000000
127309  23.613  -12.098  47.948 0.0000000000
136093  38.271  2.726  29.795 0.0000000000
74211  37.723  2.186  29.454 0.0000000000
75248  39.959  3.721  30.958 0.0000000000
75249  39.305  3.312  30.701 0.0000000000
75260  39.136  3.733  29.840 0.0000000000
53034  12.720  -17.042  58.273 0.0000000000
136551  12.946  -17.982  57.189 0.0000000000
51849  12.639  -17.833  57.926 0.0000000000
50748  12.479  -19.151  57.791 0.0000000000
65069  37.475  -6.874  45.039 0.0000000000
62983  38.070  -7.529  44.260 0.0000000000
132029  37.903  -7.889  43.577 0.0000000000
126108  37.651  -12.505  52.140 0.0000000000
57632  37.401  -12.527  51.512 0.0000000000
132305  29.552  -11.097  43.799 0.0000000000
139209  29.975  -11.110  42.951 0.0000000000
80278  48.688  8.350  21.711 0.0000000000
80277  49.417  8.782  22.053 0.0000000000
81165  49.811  9.266  21.218 0.0000000000
80281  49.499  9.048  20.308 0.0000000000
80282  48.749  8.575  20.307 0.0000000000
70410  39.561  -1.495  32.282 0.0000000000
69469  35.872  -1.836  32.900 0.0000000000
69485  36.384  -2.234  32.106 0.0000000000
68502  34.864  -2.905  30.721 0.0000000000
69504  34.607  -2.499  31.568 0.0000000000
71311  41.171  -0.945  33.159 0.0000000000
71319  40.711  -0.791  32.755 0.0000000000
57679  19.680  -13.668  48.661 0.0000000000
56553  19.008  -14.246  48.989 0.0000000000
129959  30.509  -13.131  51.010 0.0000000000
58782  30.976  -12.813  50.591 0.0000000000
57655  30.324  -12.753  50.299 0.0000000000
58863  26.677  -12.482  46.516 0.0000000000
145048  27.505  -12.371  46.387 0.0000000000
58882  27.721  -12.204  45.604 0.0000000000
133619  33.854  -11.067  39.058 0.0000000000
140355  45.235  6.635  26.305 0.0000000000
78456  45.886  7.031  26.586 0.0000000000
77502  45.427  6.016  25.687 0.0000000000
77532  46.280  5.161  22.049 0.0000000000
58739  26.948  -11.733  53.124 0.0000000000
59882  26.137  -11.297  53.268 0.0000000000
58730  26.654  -11.300  54.040 0.0000000000
131618  26.823  -11.919  52.312 0.0000000000
78421  43.555  6.539  30.492 0.0000000000
79339  44.533  7.487  30.386 0.0000000000
79343  44.277  7.644  29.686 0.0000000000
60899  22.842  -10.618  53.644 0.0000000000
59886  22.159  -10.777  53.071 0.0000000000
149881  18.590  -12.895  53.339 0.0000000000
128524  18.134  -13.204  53.739 0.0000000000
56529  17.780  -14.008  52.520 0.0000000000
56520  17.679  -13.820  53.345 0.0000000000
133715  16.442  -13.257  58.142 0.0000000000
53108  14.485  -17.358  54.306 0.0000000000
54260  15.282  -16.254  54.305 0.0000000000
53107  14.910  -16.909  53.971 0.0000000000
145100  15.102  -17.084  53.328 0.0000000000
66194  34.864  -5.016  42.736 0.0000000000
66209  34.802  -5.639  42.590 0.0000000000
65115  34.104  -6.572  41.700 0.0000000000
61010  35.951  -10.673  41.485 0.0000000000
127039  34.289  -12.018  49.053 0.0000000000
58845  34.064  -11.700  48.284 0.0000000000
58880  34.932  -11.560  45.264 0.0000000000
135328  35.977  -11.758  45.733 0.0000000000
58892  36.194  -11.696  44.971 0.0000000000
71261  34.779  -0.676  37.079 0.0000000000
131438  34.075  -1.048  36.864 0.0000000000
70379  40.501  -1.458  34.537 0.0000000000
70380  39.583  -1.508  34.416 0.0000000000
70382  37.556  -1.279  34.611 0.0000000000
70383  36.559  -1.250  34.426 0.0000000000
71288  43.230  -0.458  35.920 0.0000000000
70364  40.691  -1.262  35.443 0.0000000000
70363  41.504  -1.157  35.657 0.0000000000
58853  21.557  -12.657  47.643 0.0000000000
58832  21.244  -12.556  48.319 0.0000000000
58833  20.923  -12.487  49.015 0.0000000000
58828  25.200  -12.374  48.087 0.0000000000
124822  26.178  -12.561  48.098 0.0000000000
58849  25.752  -12.479  47.483 0.0000000000
132112  25.032  -12.529  46.223 0.0000000000
58866  23.358  -12.542  46.689 0.0000000000
75238  41.827  3.781  32.163 0.0000000000
76404  41.847  5.057  30.912 0.0000000000
77457  41.826  5.439  30.226 0.0000000000
76411  40.792  5.149  29.597 0.0000000000
75265  38.987  3.892  28.977 0.0000000000
76418  39.483  4.419  28.573 0.0000000000
60877  21.834  -10.512  55.574 0.0000000000
129670  21.143  -10.586  55.963 0.0000000000
59858  20.457  -10.789  56.256 0.0000000000
59859  19.615  -11.299  56.099 0.0000000000
58721  19.028  -11.780  55.546 0.0000000000
58710  18.862  -11.733  56.360 0.0000000000
135092  14.723  -14.091  59.029 0.0000000000
56497  14.713  -14.465  58.306 0.0000000000
54234  13.461  -16.713  56.923 0.0000000000
54223  13.913  -15.938  57.174 0.0000000000
53073  14.044  -16.844  55.608 0.0000000000
53091  13.588  -17.720  55.806 0.0000000000
51902  13.721  -18.354  55.007 0.0000000000
50771  13.407  -19.707  55.908 0.0000000000
49619  12.637  -20.832  57.580 0.0000000000
138259  12.368  -21.194  58.161 0.0000000000
65070  36.665  -6.525  44.755 0.0000000000
66182  36.045  -6.068  44.391 0.0000000000
65100  35.802  -7.045  43.393 0.0000000000
63009  37.884  -8.909  42.613 0.0000000000
61968  37.592  -9.448  42.301 0.0000000000
59970  32.330  -10.772  45.837 0.0000000000
130121  32.783  -10.925  44.948 0.0000000000
59987  33.488  -11.295  44.449 0.0000000000
60023  32.070  -11.363  42.515 0.0000000000
147114  32.550  -2.756  38.219 0.0000000000
69436  32.656  -2.205  37.275 0.0000000000
68439  32.363  -3.021  37.703 0.0000000000
66274  31.698  -5.196  36.852 0.0000000000
67402  31.839  -4.331  36.752 0.0000000000
67403  31.517  -4.879  36.011 0.0000000000
80292  50.489  8.510  18.493 0.0000000000
79403  50.014  7.794  17.963 0.0000000000
73175  39.431  1.154  31.817 0.0000000000
130187  38.191  -1.454  30.918 0.0000000000
70431  37.702  -1.838  30.321 0.0000000000
69466  38.694  -2.127  32.907 0.0000000000
69483  38.516  -2.260  32.172 0.0000000000
69514  36.521  -2.787  30.667 0.0000000000
69513  36.917  -2.830  30.178 0.0000000000
71298  42.917  -0.208  35.225 0.0000000000
72195  43.524  0.869  34.972 0.0000000000
73148  42.453  1.073  33.709 0.0000000000
74164  42.817  2.105  33.526 0.0000000000
74165  42.279  2.473  33.080 0.0000000000
133040  41.422  1.634  32.950 0.0000000000
73160  40.003  0.925  32.219 0.0000000000
57635  34.034  -12.818  51.642 0.0000000000
57652  33.291  -12.589  51.052 0.0000000000
131230  31.907  -12.095  49.787 0.0000000000
58780  32.600  -12.375  50.393 0.0000000000
128686  28.139  -12.604  48.833 0.0000000000
58825  28.945  -12.342  48.356 0.0000000000
58824  29.876  -11.899  48.381 0.0000000000
124970  30.311  -11.420  47.677 0.0000000000
59953  30.970  -10.893  47.014 0.0000000000
59954  30.027  -11.215  46.824 0.0000000000
58881  28.486  -11.777  45.367 0.0000000000
59973  29.374  -11.306  45.577 0.0000000000
129665  27.959  -11.819  43.541 0.0000000000
57712  24.906  -13.165  44.698 0.0000000000
80241  47.180  8.985  28.266 0.0000000000
79365  48.086  7.168  26.580 0.0000000000
149357  48.151  5.731  25.378 0.0000000000
136432  45.706  5.395  25.163 0.0000000000
126953  48.261  5.516  24.783 0.0000000000
77524  47.978  5.686  23.789 0.0000000000
78488  47.228  6.490  22.398 0.0000000000
79393  47.566  7.282  21.826 0.0000000000
59883  25.306  -10.912  53.298 0.0000000000
59894  25.006  -11.141  52.469 0.0000000000
60898  23.684  -10.622  53.332 0.0000000000
60897  24.482  -10.587  53.761 0.0000000000
60873  25.361  -10.496  55.871 0.0000000000
60874  24.506  -10.395  55.571 0.0000000000
127666  24.084  -10.403  56.380 0.0000000000
143579  23.379  -10.417  56.406 0.0000000000
57615  35.258  -13.163  52.869 0.0000000000
137124  31.505  -13.327  52.122 0.0000000000
57622  28.403  -12.542  52.873 0.0000000000
136404  28.976  -12.956  52.248 0.0000000000
131200  29.573  -13.252  52.000 0.0000000000
57640  28.544  -12.833  51.489 0.0000000000
57658  28.128  -12.661  50.815 0.0000000000
57641  27.815  -12.484  51.556 0.0000000000
58764  26.300  -11.802  51.771 0.0000000000
142115  25.604  -11.932  50.482 0.0000000000
126606  37.484  -0.085  29.615 0.0000000000
80237  44.470  8.077  28.957 0.0000000000
80243  45.207  8.379  28.405 0.0000000000
79358  44.533  7.971  27.955 0.0000000000
78443  43.925  7.252  27.479 0.0000000000
77470  42.092  5.941  28.907 0.0000000000
77480  41.818  6.086  28.045 0.0000000000
77490  41.962  5.953  26.653 0.0000000000
78445  42.259  6.357  27.396 0.0000000000
78458  43.531  6.619  26.705 0.0000000000
129447  42.451  5.853  26.105 0.0000000000
59919  22.700  -11.424  50.864 0.0000000000
59920  21.954  -11.483  50.956 0.0000000000
58767  21.103  -11.676  51.171 0.0000000000
58790  20.532  -12.203  50.628 0.0000000000
59887  21.318  -10.997  53.384 0.0000000000
59888  20.541  -11.323  53.743 0.0000000000
57642  19.135  -13.074  51.291 0.0000000000
57661  18.705  -13.788  50.830 0.0000000000
55437  17.535  -14.853  51.428 0.0000000000
129484  17.224  -15.581  50.971 0.0000000000
54297  16.663  -16.143  51.337 0.0000000000
58697  17.524  -12.588  57.208 0.0000000000
57567  17.364  -12.828  56.384 0.0000000000
57581  17.854  -12.709  55.585 0.0000000000
131306  17.196  -13.212  55.722 0.0000000000
132069  15.310  -14.371  57.097 0.0000000000
56504  15.514  -14.612  56.266 0.0000000000
54259  15.891  -15.246  54.497 0.0000000000
126863  16.325  -14.469  54.961 0.0000000000
56512  16.922  -14.005  54.552 0.0000000000
56513  16.535  -14.694  54.132 0.0000000000
55420  16.726  -14.870  53.357 0.0000000000
49594  11.472  -20.672  59.596 0.0000000000
49584  11.214  -20.225  60.158 0.0000000000
48535  10.684  -21.873  60.252 0.0000000000
47487  10.922  -22.453  59.564 0.0000000000
148724  35.460  -0.233  38.510 0.0000000000
70322  33.211  -1.584  38.697 0.0000000000
70317  33.246  -1.477  39.761 0.0000000000
68425  32.853  -3.104  39.576 0.0000000000
67383  32.651  -4.115  38.958 0.0000000000
67372  33.005  -4.072  39.745 0.0000000000
130626  34.165  -3.824  42.928 0.0000000000
66226  33.870  -5.636  41.264 0.0000000000
143032  33.601  -5.078  40.736 0.0000000000
148639  32.970  -6.084  40.107 0.0000000000
65138  32.577  -6.453  39.727 0.0000000000
65125  33.016  -6.603  40.422 0.0000000000
61997  33.202  -9.495  40.210 0.0000000000
61986  33.698  -9.305  40.724 0.0000000000
61995  34.983  -10.283  40.758 0.0000000000
148877  34.736  -11.195  39.601 0.0000000000
60054  35.010  -11.921  39.620 0.0000000000
57755  35.245  -13.498  39.292 0.0000000000
142111  35.089  -12.577  50.656 0.0000000000
58777  35.670  -12.588  49.948 0.0000000000
58819  35.571  -12.393  48.416 0.0000000000
58798  36.581  -12.699  49.419 0.0000000000
58818  37.547  -12.708  48.219 0.0000000000
58844  34.573  -11.721  47.628 0.0000000000
137739  35.072  -11.736  46.964 0.0000000000
58858  36.435  -11.966  46.391 0.0000000000
128563  37.219  -12.235  46.815 0.0000000000
58840  37.963  -12.029  46.536 0.0000000000
59949  38.183  -11.771  45.974 0.0000000000
59985  38.864  -11.247  44.656 0.0000000000
60982  39.491  -10.523  44.101 0.0000000000
61941  39.724  -9.639  44.482 0.0000000000
144498  39.579  -9.680  43.732 0.0000000000
60002  37.084  -11.472  43.480 0.0000000000
60019  37.766  -11.082  42.894 0.0000000000
61000  37.413  -10.631  42.409 0.0000000000
60020  36.913  -11.174  42.727 0.0000000000
58908  34.106  -11.599  43.246 0.0000000000
58907  34.731  -11.584  43.497 0.0000000000
58931  35.282  -11.537  41.954 0.0000000000
148482  35.364  -11.478  41.391 0.0000000000
71258  37.182  -0.053  37.613 0.0000000000
71277  37.037  -0.257  36.969 0.0000000000
70353  35.255  -0.865  35.739 0.0000000000
70384  35.044  -1.122  34.905 0.0000000000
69441  32.345  -2.584  36.115 0.0000000000
69447  32.919  -1.883  35.710 0.0000000000
69448  32.406  -2.501  35.212 0.0000000000
133470  32.251  -3.508  32.844 0.0000000000
69472  32.706  -2.601  33.353 0.0000000000
69488  33.460  -2.297  32.783 0.0000000000
68488  32.848  -2.946  32.322 0.0000000000
80300  52.784  9.130  16.907 0.0000000000
147294  53.290  9.542  16.782 0.0000000000
78515  47.636  6.535  18.773 0.0000000000
146272  38.949  -1.160  35.201 0.0000000000
146834  38.474  -0.877  35.803 0.0000000000
70350  40.017  -0.889  36.108 0.0000000000
58851  23.070  -12.306  47.330 0.0000000000
58852  22.323  -12.440  47.473 0.0000000000
58785  26.057  -12.241  49.929 0.0000000000
58805  26.575  -12.472  49.412 0.0000000000
58850  24.355  -12.286  47.583 0.0000000000
74189  40.294  2.675  31.871 0.0000000000
75239  41.334  3.908  31.755 0.0000000000
74188  40.585  3.632  31.472 0.0000000000
76396  40.422  4.211  30.765 0.0000000000
131067  40.342  4.662  30.032 0.0000000000
132028  22.053  -10.487  57.655 0.0000000000
60859  21.364  -10.542  57.147 0.0000000000
59845  21.098  -10.595  57.824 0.0000000000
54224  13.279  -16.491  57.771 0.0000000000
53074  13.284  -17.465  56.696 0.0000000000
51903  13.397  -18.721  55.780 0.0000000000
51885  13.038  -19.029  56.469 0.0000000000
50761  12.947  -19.804  56.712 0.0000000000
131316  12.720  -19.164  57.149 0.0000000000
50734  12.231  -19.578  58.339 0.0000000000
65053  36.904  -6.175  45.486 0.0000000000
64055  37.136  -7.707  43.692 0.0000000000
62998  38.367  -8.616  42.990 0.0000000000
59989  30.821  -10.821  45.080 0.0000000000
142707  31.398  -10.898  44.312 0.0000000000
59988  32.177  -10.933  44.186 0.0000000000
60005  32.514  -11.220  43.367 0.0000000000
60006  31.548  -11.039  43.355 0.0000000000
68436  32.320  -4.118  38.157 0.0000000000
141989  32.108  -3.811  37.329 0.0000000000
66263  31.835  -5.524  37.575 0.0000000000
80272  50.099  8.281  23.567 0.0000000000
80275  49.586  8.419  22.997 0.0000000000
81168  51.185  9.883  20.360 0.0000000000
72227  39.667  0.241  32.124 0.0000000000
71329  39.318  -0.651  31.878 0.0000000000
70422  38.927  -1.520  31.657 0.0000000000
70423  38.517  -2.088  31.532 0.0000000000
69484  37.510  -2.327  32.031 0.0000000000
68518  35.705  -2.964  30.503 0.0000000000
71309  42.221  -0.340  34.097 0.0000000000
72205  42.488  0.317  34.023 0.0000000000
72206  41.956  0.196  33.636 0.0000000000
73149  41.659  0.950  33.287 0.0000000000
73158  41.007  1.002  32.824 0.0000000000
72215  40.457  0.253  32.540 0.0000000000
57689  20.466  -13.472  47.464 0.0000000000
57653  32.338  -12.775  51.157 0.0000000000
58802  30.968  -12.421  49.868 0.0000000000
125602  28.088  -12.387  47.002 0.0000000000
59956  28.745  -11.983  46.804 0.0000000000
59955  29.362  -11.519  46.491 0.0000000000
59974  27.881  -12.088  44.915 0.0000000000
59993  27.568  -12.107  44.199 0.0000000000
57720  26.085  -13.032  43.992 0.0000000000
61998  32.459  -9.305  39.665 0.0000000000
79356  46.654  7.872  27.223 0.0000000000
79367  46.458  7.326  26.773 0.0000000000
78455  46.697  6.726  26.312 0.0000000000
77486  46.963  5.941  25.653 0.0000000000
76453  46.323  4.426  23.969 0.0000000000
77525  47.182  5.311  23.497 0.0000000000
77531  46.764  5.621  22.613 0.0000000000
78495  46.594  5.967  21.787 0.0000000000
58752  25.610  -11.473  52.060 0.0000000000
58750  27.572  -12.252  52.438 0.0000000000
79342  44.865  8.057  29.862 0.0000000000
77481  41.149  5.676  27.738 0.0000000000
59896  23.314  -11.031  52.025 0.0000000000
59907  22.572  -11.272  51.517 0.0000000000
59897  22.384  -11.037  52.276 0.0000000000
131978  19.339  -12.043  53.885 0.0000000000
58740  19.817  -11.825  53.234 0.0000000000
57605  19.100  -12.429  53.288 0.0000000000
57623  18.768  -12.893  52.650 0.0000000000
57643  18.420  -13.541  51.886 0.0000000000
56530  17.346  -14.645  52.186 0.0000000000
58679  17.568  -12.504  58.040 0.0000000000
55408  15.081  -15.330  55.911 0.0000000000
134338  15.237  -15.732  54.993 0.0000000000
149157  15.532  -15.760  54.429 0.0000000000
54274  15.715  -15.843  53.927 0.0000000000
124440  15.957  -16.036  53.112 0.0000000000
133225  33.064  -1.871  40.756 0.0000000000
141626  33.084  -2.705  40.900 0.0000000000
67310  35.339  -5.040  43.965 0.0000000000
67318  35.011  -4.852  43.190 0.0000000000
67319  34.518  -4.444  42.601 0.0000000000
67333  34.033  -4.256  41.782 0.0000000000
148941  34.173  -5.237  41.633 0.0000000000
65124  33.511  -6.571  41.068 0.0000000000
64086  33.821  -7.519  41.479 0.0000000000
63020  34.438  -8.494  41.674 0.0000000000
130968  36.928  -9.421  42.231 0.0000000000
61977  36.355  -9.715  41.939 0.0000000000
58800  35.104  -12.359  49.145 0.0000000000
58860  34.906  -11.614  46.157 0.0000000000
59986  38.203  -11.490  44.344 0.0000000000
58933  33.624  -12.422  41.019 0.0000000000
58948  34.232  -12.744  40.384 0.0000000000
71260  35.635  -0.392  37.312 0.0000000000
71278  36.273  -0.379  36.737 0.0000000000
70354  34.612  -0.938  36.351 0.0000000000
70369  34.456  -1.197  35.566 0.0000000000
68464  31.759  -3.762  34.665 0.0000000000
68463  32.058  -3.052  34.728 0.0000000000
68477  31.641  -4.114  33.987 0.0000000000
80297  51.391  8.641  18.170 0.0000000000
80290  52.205  8.956  18.009 0.0000000000
70395  40.652  -1.382  33.051 0.0000000000
70409  39.922  -1.708  32.891 0.0000000000
70397  38.214  -1.772  33.665 0.0000000000
70381  38.617  -1.466  34.447 0.0000000000
71299  42.390  -0.597  34.806 0.0000000000
70377  42.014  -1.071  35.177 0.0000000000
71300  41.843  -0.980  34.345 0.0000000000
70394  41.118  -1.275  33.805 0.0000000000
57688  21.044  -13.151  47.149 0.0000000000
57678  20.426  -13.100  48.318 0.0000000000
57669  28.467  -12.734  50.143 0.0000000000
136467  29.098  -12.793  50.203 0.0000000000
144441  28.117  -12.649  49.562 0.0000000000
58826  27.475  -12.639  48.528 0.0000000000
58827  26.748  -12.585  48.716 0.0000000000
125340  27.058  -12.652  47.947 0.0000000000
58884  25.907  -12.580  45.726 0.0000000000
58865  24.206  -12.464  46.680 0.0000000000
58886  23.654  -12.741  46.108 0.0000000000
77503  44.008  5.770  25.563 0.0000000000
136504  44.818  5.563  25.297 0.0000000000
59872  27.380  -11.507  54.624 0.0000000000
76377  43.214  4.772  32.140 0.0000000000
76394  41.991  4.447  31.657 0.0000000000
77455  43.151  5.927  30.936 0.0000000000
78422  42.910  6.172  30.117 0.0000000000
78426  43.302  6.755  29.682 0.0000000000
77463  42.272  5.820  29.761 0.0000000000
76412  40.194  4.946  29.031 0.0000000000
77472  40.647  5.344  28.309 0.0000000000
59874  21.983  -10.698  53.919 0.0000000000
60889  21.837  -10.597  54.746 0.0000000000
59865  21.015  -10.707  55.155 0.0000000000
59876  20.440  -11.169  54.582 0.0000000000
59866  20.221  -11.069  55.406 0.0000000000
59877  19.866  -11.439  54.820 0.0000000000
58731  19.255  -11.862  54.682 0.0000000000
56496  15.388  -13.867  58.441 0.0000000000
149497  15.222  -14.300  57.818 0.0000000000
144841  14.389  -15.308  57.079 0.0000000000
55400  14.489  -15.662  56.482 0.0000000000
54244  14.632  -16.115  55.703 0.0000000000
51921  14.205  -18.086  54.300 0.0000000000
50782  13.978  -18.957  54.386 0.0000000000
67299  35.603  -5.024  44.726 0.0000000000
66183  35.613  -5.619  44.023 0.0000000000
65101  35.237  -6.299  43.063 0.0000000000
138980  35.315  -7.122  42.905 0.0000000000
64064  35.929  -7.985  42.968 0.0000000000
59943  32.600  -11.081  47.392 0.0000000000
59942  33.410  -11.238  47.094 0.0000000000
59951  33.567  -11.168  46.213 0.0000000000
150093  33.037  -10.946  45.766 0.0000000000
59950  34.238  -11.380  45.771 0.0000000000
58895  34.097  -11.531  43.990 0.0000000000
60022  32.923  -11.558  42.583 0.0000000000
146992  33.415  -1.332  37.895 0.0000000000
70339  33.315  -1.512  37.179 0.0000000000
69437  32.340  -2.713  36.919 0.0000000000
67418  31.602  -4.259  35.328 0.0000000000
80291  51.797  9.257  18.680 0.0000000000
80285  50.820  9.447  19.694 0.0000000000
80298  50.878  8.092  17.799 0.0000000000
74191  38.511  1.971  30.870 0.0000000000
74198  38.072  2.096  30.228 0.0000000000
73186  38.097  1.356  30.584 0.0000000000
71335  37.936  -0.333  30.481 0.0000000000
69501  37.571  -2.438  31.362 0.0000000000
69512  37.277  -2.396  29.956 0.0000000000
72204  43.008  0.783  34.334 0.0000000000
75225  43.000  3.490  32.889 0.0000000000
75226  42.173  3.183  32.661 0.0000000000
74175  40.830  2.002  32.520 0.0000000000
74190  39.289  2.294  31.408 0.0000000000
134410  35.722  -12.969  52.177 0.0000000000
140800  36.072  -12.782  51.594 0.0000000000
57634  35.121  -12.793  51.460 0.0000000000
58779  33.541  -12.308  50.234 0.0000000000
58801  33.750  -12.037  49.562 0.0000000000
145182  32.823  -11.521  48.790 0.0000000000
57668  29.633  -12.640  49.920 0.0000000000
133422  30.417  -12.029  49.149 0.0000000000
59932  31.517  -11.383  48.425 0.0000000000
59931  32.338  -11.291  48.241 0.0000000000
59944  31.732  -11.020  47.642 0.0000000000
124946  30.512  -10.878  46.098 0.0000000000
59972  30.102  -10.980  45.519 0.0000000000
59990  29.914  -11.003  44.746 0.0000000000
60008  29.128  -11.302  42.924 0.0000000000
58898  25.572  -12.858  44.790 0.0000000000
65139  32.075  -6.629  38.898 0.0000000000
78466  49.126  6.040  25.528 0.0000000000
149106  46.149  5.797  25.542 0.0000000000
131669  47.355  5.401  25.082 0.0000000000
77500  48.850  5.694  25.002 0.0000000000
77499  49.493  6.075  25.137 0.0000000000
77516  49.128  6.037  24.601 0.0000000000
78480  49.369  6.698  24.131 0.0000000000
79386  48.720  7.251  23.236 0.0000000000
125920  47.956  6.462  23.223 0.0000000000
79390  48.265  7.731  22.246 0.0000000000
79392  48.012  7.926  21.321 0.0000000000
149992  48.485  8.395  20.947 0.0000000000
79395  47.991  8.015  20.325 0.0000000000
58786  24.106  -11.666  50.091 0.0000000000
59917  24.056  -11.462  50.947 0.0000000000
144816  23.938  -11.244  51.598 0.0000000000
59895  24.205  -11.044  52.203 0.0000000000
59884  23.730  -10.793  52.644 0.0000000000
59873  26.055  -10.775  54.556 0.0000000000
59856  26.068  -10.654  56.252 0.0000000000
60885  25.350  -10.469  55.009 0.0000000000
60886  24.517  -10.442  54.638 0.0000000000
129826  23.872  -10.382  55.064 0.0000000000
128661  23.148  -10.420  55.104 0.0000000000
60876  22.728  -10.430  55.916 0.0000000000
60858  23.083  -10.469  57.817 0.0000000000
142837  37.199  -12.647  52.671 0.0000000000
136839  33.851  -13.132  52.284 0.0000000000
57617  33.250  -13.380  52.859 0.0000000000
136838  32.106  -13.143  51.765 0.0000000000
57620  30.125  -13.353  52.261 0.0000000000
57638  29.973  -13.304  51.512 0.0000000000
57657  28.855  -12.956  50.782 0.0000000000
73187  37.626  1.487  29.847 0.0000000000
81117  46.752  9.168  29.003 0.0000000000
135313  46.528  8.815  28.321 0.0000000000
80254  45.995  8.426  27.855 0.0000000000
78442  45.007  7.348  27.100 0.0000000000
78433  43.081  6.898  28.964 0.0000000000
79359  43.313  7.189  28.294 0.0000000000
78444  43.033  6.778  27.467 0.0000000000
140550  43.957  6.307  26.117 0.0000000000
58787  23.219  -11.642  49.594 0.0000000000
58810  21.521  -11.984  49.548 0.0000000000
58811  20.735  -12.366  49.814 0.0000000000
58753  20.072  -11.895  52.283 0.0000000000
58768  20.315  -12.048  51.447 0.0000000000
58791  19.801  -12.627  50.928 0.0000000000
56545  18.885  -14.003  49.928 0.0000000000
56537  18.122  -14.345  51.159 0.0000000000
131169  17.938  -15.273  49.821 0.0000000000
134343  18.476  -12.161  55.826 0.0000000000
57555  16.455  -13.368  57.234 0.0000000000
57568  16.673  -13.440  56.310 0.0000000000
56508  16.184  -14.218  55.846 0.0000000000
57592  17.538  -13.598  54.159 0.0000000000
55428  16.835  -15.082  52.599 0.0000000000
55429  16.443  -15.897  52.302 0.0000000000
49593  11.875  -20.155  58.969 0.0000000000
48543  11.856  -21.166  58.830 0.0000000000
48544  11.250  -21.581  59.593 0.0000000000
71257  38.503  -0.160  37.409 0.0000000000
71230  34.705  -0.440  38.724 0.0000000000
70330  33.938  -0.816  38.266 0.0000000000
69421  32.896  -2.239  39.351 0.0000000000
137814  32.506  -4.738  38.762 0.0000000000
67334  33.664  -4.072  41.098 0.0000000000
134811  33.200  -4.949  40.129 0.0000000000
64097  32.205  -7.412  39.490 0.0000000000
149096  32.722  -8.940  40.155 0.0000000000
61025  34.200  -10.745  39.613 0.0000000000
63019  35.369  -9.274  41.804 0.0000000000
60055  34.870  -11.735  39.085 0.0000000000
58958  35.441  -13.035  38.852 0.0000000000
64028  38.784  -7.530  45.196 0.0000000000
132635  36.749  -12.630  51.228 0.0000000000
57648  37.507  -12.560  50.734 0.0000000000
57666  37.540  -12.647  49.668 0.0000000000
58797  38.300  -12.398  49.197 0.0000000000
58842  36.037  -12.433  47.687 0.0000000000
128517  35.782  -12.094  47.021 0.0000000000
58841  36.961  -12.558  47.558 0.0000000000
125587  38.145  -12.331  47.388 0.0000000000
59940  38.917  -11.840  47.404 0.0000000000
59939  39.219  -11.171  46.945 0.0000000000
59966  38.750  -11.375  45.562 0.0000000000
61940  39.703  -9.562  45.345 0.0000000000
125530  38.837  -7.877  44.407 0.0000000000
61962  39.159  -9.171  43.234 0.0000000000
60994  38.584  -10.775  42.998 0.0000000000
58906  35.464  -11.565  43.791 0.0000000000
58947  34.795  -12.601  39.981 0.0000000000
144475  37.584  -0.438  36.574 0.0000000000
70368  36.754  -0.851  35.274 0.0000000000
71291  36.089  -0.587  35.910 0.0000000000
138964  35.659  -1.294  34.272 0.0000000000
142933  35.477  -1.538  33.560 0.0000000000
133011  34.936  -1.741  33.062 0.0000000000
70370  33.684  -1.538  35.218 0.0000000000
69456  32.492  -2.542  34.322 0.0000000000
138760  33.011  -2.073  34.028 0.0000000000
70386  33.698  -1.628  34.218 0.0000000000
69470  34.051  -1.779  33.319 0.0000000000
69487  34.321  -2.128  32.453 0.0000000000
80287  48.451  8.225  19.677 0.0000000000
79398  48.615  7.978  18.933 0.0000000000
79404  48.942  7.422  18.064 0.0000000000
49618  12.855  -20.478  56.982 0.0000000000
58817  38.287  -12.508  48.289 0.0000000000
58879  35.583  -11.642  45.282 0.0000000000
59857  21.097  -10.573  56.604 0.0000000000
68442  32.013  -3.422  36.584 0.0000000000
73147  43.126  1.478  33.952 0.0000000000
75250  38.776  3.171  30.069 0.0000000000
77465  40.878  5.373  29.019 0.0000000000
127295  37.840  -12.704  48.800 0.0000000000
140084  38.906  3.929  28.104 0.0000000000
147008  12.874  -18.580  56.956 0.0000000000
147064  43.115  0.350  34.932 0.0000000000
147919  40.760  4.586  30.557 0.0000000000
149996  49.242  7.862  23.138 0.0000000000
