#!ascii label  , from subject sub-v1s11x0050148_ses-1 vox2ras=TkReg
1036
65354  -24.325  -22.570  -22.489 0.4285714328
66338  -24.561  -21.306  -22.178 0.2857142985
148260  -24.671  -21.971  -22.362 0.4285714328
66339  -25.085  -20.970  -21.883 0.4285714328
67319  -25.838  -20.957  -21.785 0.4285714328
67335  -23.817  -20.122  -22.431 0.2857142985
67337  -25.172  -20.254  -21.636 0.4285714328
68355  -25.253  -19.367  -21.555 0.4285714328
69387  -24.011  -18.415  -23.644 0.4285714328
69373  -24.439  -18.291  -22.682 0.4285714328
70373  -24.516  -17.704  -23.607 0.4285714328
70374  -25.100  -16.962  -23.290 0.4285714328
71290  -24.298  -16.327  -25.505 0.5714285970
70385  -24.887  -17.185  -24.501 0.5714285970
71283  -25.437  -16.581  -24.396 0.4285714328
72243  -25.650  -16.150  -23.322 0.2857142985
71291  -25.218  -16.484  -25.499 0.7142857313
71292  -25.677  -16.334  -25.247 0.7142857313
141967  -26.621  -15.133  -25.077 0.7142857313
73238  -27.021  -14.414  -24.506 0.4285714328
72255  -26.177  -15.798  -25.623 0.7142857313
74129  -27.535  -13.921  -24.896 0.5714285970
73248  -26.626  -15.119  -26.125 0.5714285970
73259  -27.217  -14.412  -26.513 0.5714285970
74141  -27.687  -13.908  -25.890 0.5714285970
74130  -28.110  -13.404  -25.159 0.5714285970
73267  -26.559  -14.481  -26.833 0.5714285970
74154  -28.476  -13.234  -26.826 0.5714285970
75050  -29.540  -12.304  -26.588 0.5714285970
74165  -27.332  -13.526  -27.402 0.7142857313
75049  -28.940  -12.739  -26.991 0.7142857313
75042  -30.099  -11.971  -26.079 0.5714285970
74166  -28.184  -13.160  -27.272 0.5714285970
136374  -25.668  -12.724  -27.692 0.5714285970
75062  -28.585  -12.430  -27.396 0.8571428657
75051  -30.148  -11.812  -26.692 0.7142857313
75990  -30.720  -11.531  -26.297 0.5714285970
75072  -26.917  -12.233  -28.041 0.7142857313
76016  -25.954  -11.448  -28.259 0.5714285970
76009  -30.180  -10.965  -26.984 0.7142857313
76930  -31.254  -11.176  -26.358 0.5714285970
76007  -28.741  -11.633  -27.556 0.7142857313
76008  -29.525  -11.314  -27.269 0.7142857313
77937  -30.147  -10.140  -26.783 0.5714285970
141671  -28.774  -10.766  -27.652 0.7142857313
77938  -30.894  -9.973  -26.407 0.5714285970
76018  -27.956  -11.066  -28.054 0.5714285970
77949  -29.421  -9.485  -27.153 0.7142857313
78959  -30.108  -9.017  -26.540 0.7142857313
143730  -28.828  -9.108  -27.646 0.7142857313
78973  -29.226  -8.391  -27.229 0.7142857313
79865  -30.385  -7.257  -26.291 0.7142857313
78960  -30.603  -8.195  -26.100 0.5714285970
77960  -27.344  -9.665  -28.636 0.5714285970
80786  -30.737  -6.577  -26.063 0.5714285970
80771  -32.144  -6.374  -25.490 0.5714285970
143043  -28.717  -7.621  -27.692 0.8571428657
78972  -28.467  -8.476  -28.019 0.8571428657
141030  -31.018  -5.976  -25.879 0.7142857313
140785  -29.854  -5.810  -26.717 0.7142857313
79876  -29.307  -7.287  -27.167 0.8571428657
80784  -29.560  -6.505  -26.942 0.7142857313
82561  -30.594  -4.366  -26.251 0.8571428657
81678  -30.989  -5.190  -25.917 0.5714285970
81677  -30.226  -5.109  -26.492 0.8571428657
81676  -29.589  -5.090  -26.986 0.8571428657
80797  -29.048  -6.559  -27.460 0.8571428657
141214  -29.310  -5.818  -27.258 0.8571428657
133983  -29.761  -2.919  -26.782 0.8571428657
85195  -30.529  -1.904  -26.043 0.8571428657
86140  -30.353  -0.454  -26.144 0.8571428657
82560  -29.886  -4.370  -26.723 0.8571428657
139866  -29.927  -2.102  -26.595 0.8571428657
85213  -28.967  -1.456  -27.592 1.0000000000
85214  -29.514  -1.445  -27.018 1.0000000000
140273  -29.287  -3.078  -27.327 0.8571428657
86139  -29.653  -0.664  -26.822 1.0000000000
141208  -28.668  -2.015  -27.792 1.0000000000
87122  -29.061  0.679  -27.492 1.0000000000
131875  -28.319  1.889  -28.135 0.7142857313
142052  -29.175  -0.202  -27.411 1.0000000000
87121  -28.492  0.098  -28.031 1.0000000000
130305  -29.480  1.135  -26.988 1.0000000000
90856  -29.020  4.881  -27.432 1.0000000000
91726  -28.308  5.065  -27.914 0.8571428657
93433  -28.455  7.248  -27.959 0.8571428657
92522  -28.899  6.643  -27.591 1.0000000000
133387  -29.024  10.235  -28.398 0.8571428657
140308  -28.313  8.766  -28.279 0.8571428657
94311  -28.728  8.104  -27.853 1.0000000000
97636  -29.282  12.574  -29.135 0.8571428657
96826  -29.486  11.818  -28.740 0.8571428657
97635  -28.197  12.555  -29.544 0.7142857313
96834  -26.939  11.217  -29.922 0.5714285970
98352  -27.338  13.557  -30.525 0.7142857313
98353  -28.276  13.855  -30.094 0.5714285970
133739  -25.511  12.143  -30.837 0.5714285970
96833  -26.121  11.524  -30.476 0.5714285970
97643  -24.656  12.525  -30.951 0.4285714328
98360  -24.315  13.441  -31.587 0.4285714328
131567  -25.768  14.338  -32.062 0.4285714328
98343  -23.999  13.509  -29.958 0.2857142985
98350  -23.818  13.288  -30.867 0.2857142985
98340  -24.326  13.443  -28.806 0.2857142985
67336  -24.477  -20.526  -21.981 0.2857142985
74153  -27.884  -13.840  -26.866 0.5714285970
75998  -30.587  -11.352  -26.651 0.5714285970
133538  -31.678  -5.774  -25.582 0.5714285970
79864  -29.830  -7.072  -26.674 0.7142857313
80785  -30.139  -6.503  -26.503 0.7142857313
83416  -30.907  -3.618  -25.921 0.8571428657
84277  -30.545  -2.751  -26.141 0.8571428657
85194  -30.148  -1.300  -26.389 0.8571428657
89036  -28.620  2.560  -27.806 0.8571428657
98337  -26.186  13.823  -27.344 0.1428571492
150076  -23.473  -20.603  -22.562 0.2857142985
68368  -23.434  -19.638  -23.033 0.2857142985
68354  -24.491  -19.675  -21.874 0.2857142985
126790  -24.656  -18.788  -21.850 0.4285714328
69374  -24.957  -17.884  -21.804 0.4285714328
69398  -23.513  -18.325  -24.185 0.2857142985
68369  -24.049  -19.186  -22.694 0.4285714328
70360  -25.206  -17.077  -22.121 0.4285714328
70384  -24.180  -17.701  -24.577 0.5714285970
150713  -25.266  -16.812  -25.057 0.5714285970
72244  -26.040  -15.787  -24.445 0.4285714328
71301  -24.915  -15.962  -25.904 0.2857142985
71302  -25.638  -16.062  -25.899 0.7142857313
72266  -26.047  -15.634  -26.184 0.7142857313
138478  -27.131  -14.516  -25.552 0.4285714328
73266  -25.641  -14.099  -26.967 0.5714285970
75034  -29.270  -12.381  -24.614 0.4285714328
74164  -26.339  -13.665  -27.384 0.7142857313
74142  -28.307  -13.357  -26.140 0.7142857313
134757  -28.910  -12.797  -26.359 0.5714285970
132289  -29.425  -12.357  -25.739 0.4285714328
75063  -29.482  -12.077  -27.127 0.7142857313
75071  -26.004  -12.255  -27.985 0.5714285970
77924  -31.766  -9.754  -26.139 0.5714285970
76017  -27.035  -11.333  -28.287 0.5714285970
76942  -31.572  -10.659  -26.309 0.5714285970
77948  -28.804  -9.889  -27.673 0.7142857313
76953  -29.485  -10.438  -27.253 0.7142857313
141094  -30.915  -9.105  -26.089 0.5714285970
76964  -28.091  -10.218  -28.237 0.8571428657
135172  -29.870  -7.855  -26.607 0.7142857313
82562  -31.331  -4.320  -25.730 0.5714285970
82571  -29.330  -4.378  -27.269 1.0000000000
84303  -28.187  -2.139  -28.264 1.0000000000
88109  -28.448  1.061  -28.033 0.8571428657
89919  -27.629  3.213  -28.538 0.7142857313
89913  -28.931  3.324  -27.551 1.0000000000
89914  -29.568  3.320  -26.946 1.0000000000
90855  -28.467  4.164  -27.813 0.7142857313
141410  -29.284  4.046  -27.250 1.0000000000
90863  -27.796  3.961  -28.369 0.7142857313
91717  -28.753  5.782  -27.624 0.8571428657
95122  -28.700  9.520  -28.311 0.8571428657
94312  -29.598  8.332  -27.426 1.0000000000
93423  -29.178  7.442  -27.505 1.0000000000
96824  -27.547  11.855  -29.651 0.7142857313
142133  -26.798  11.912  -30.224 0.5714285970
97644  -26.237  12.345  -30.712 0.7142857313
98351  -26.361  13.136  -30.948 0.7142857313
96831  -24.399  11.768  -30.498 0.4285714328
99052  -23.682  14.017  -31.002 0.2857142985
99059  -23.432  14.066  -32.120 0.4285714328
98362  -26.583  13.959  -31.275 0.4285714328
99060  -24.578  14.071  -32.251 0.4285714328
148210  -24.257  14.253  -29.975 0.2857142985
99058  -23.252  14.382  -31.813 0.4285714328
129606  -25.071  -14.558  -26.590 0.4285714328
73265  -24.741  -13.656  -26.863 0.4285714328
97648  -24.029  13.143  -31.191 0.4285714328
97649  -25.408  12.808  -31.216 0.7142857313
98359  -23.592  13.755  -31.544 0.2857142985
141604  -25.386  -21.700  -22.172 0.4285714328
141716  -23.184  -21.111  -22.577 0.2857142985
66337  -23.874  -21.769  -22.418 0.2857142985
66321  -26.324  -21.718  -22.008 0.4285714328
70359  -24.792  -17.562  -22.612 0.4285714328
70395  -24.732  -16.980  -25.213 0.4285714328
152202  -24.834  -16.488  -25.526 0.2857142985
73258  -25.925  -14.940  -26.533 0.5714285970
73268  -27.196  -14.149  -27.091 0.5714285970
144371  -28.716  -12.824  -25.405 0.4285714328
75035  -29.948  -11.864  -25.184 0.5714285970
75060  -26.579  -12.911  -27.751 0.7142857313
75061  -27.404  -12.926  -27.662 0.7142857313
75073  -27.860  -11.902  -27.864 0.5714285970
76941  -30.855  -10.832  -26.631 0.5714285970
76963  -27.177  -10.494  -28.472 0.7142857313
77961  -28.226  -9.357  -28.253 0.8571428657
83414  -29.575  -3.677  -27.021 0.8571428657
83415  -30.209  -3.621  -26.495 0.8571428657
80796  -28.650  -5.867  -27.734 0.8571428657
84293  -29.279  -2.264  -27.308 1.0000000000
87140  -27.962  0.624  -28.506 1.0000000000
89049  -28.060  2.590  -28.339 0.8571428657
95978  -28.456  10.705  -28.794 0.8571428657
96825  -28.569  11.655  -29.077 0.8571428657
98344  -27.926  13.210  -29.928 0.7142857313
97645  -27.191  12.659  -30.220 0.5714285970
97642  -24.021  12.565  -30.709 0.4285714328
98361  -25.495  13.532  -31.698 0.4285714328
125993  -24.248  12.991  -28.033 0.2857142985
98341  -25.018  13.915  -28.323 0.2857142985
98336  -25.418  13.584  -27.640 0.1428571492
69386  -23.463  -18.991  -23.534 0.2857142985
72265  -25.401  -15.437  -26.268 0.2857142985
101282  -25.573  17.350  -32.956 0.2857142985
150301  -24.819  17.800  -31.902 0.1428571492
99795  -24.450  15.427  -32.547 0.2857142985
100510  -25.813  16.599  -32.897 0.2857142985
100502  -24.587  16.756  -32.048 0.1428571492
101269  -24.900  17.496  -31.349 0.1428571492
99771  -23.686  14.728  -31.317 0.1428571492
99794  -23.616  15.241  -32.183 0.2857142985
100488  -24.368  15.521  -31.019 0.1428571492
100511  -27.611  16.677  -32.618 0.2857142985
99796  -25.398  15.722  -32.737 0.2857142985
99071  -31.557  14.731  -32.573 0.2857142985
100503  -29.056  16.127  -31.807 0.2857142985
101259  -25.426  17.136  -30.433 0.1428571492
99070  -25.017  14.825  -32.624 0.2857142985
139138  -29.720  14.814  -30.439 0.2857142985
99797  -26.719  16.054  -32.483 0.2857142985
98357  -32.249  13.272  -30.382 0.1428571492
99774  -30.059  15.213  -30.933 0.2857142985
99784  -28.689  15.596  -31.281 0.2857142985
100497  -24.699  16.514  -31.295 0.1428571492
99062  -27.807  15.271  -31.295 0.2857142985
99782  -26.153  15.193  -32.298 0.2857142985
96017  -33.368  10.447  -31.863 0.1428571492
96835  -33.134  11.938  -31.033 0.1428571492
99056  -31.262  14.389  -30.840 0.4285714328
99053  -27.721  14.483  -30.762 0.2857142985
95124  -32.203  10.194  -28.059 0.2857142985
97637  -30.810  12.578  -28.895 0.4285714328
98354  -29.093  13.933  -29.790 0.2857142985
139441  -33.274  8.034  -28.325 0.1428571492
96827  -32.832  11.306  -29.352 0.2857142985
98346  -29.763  13.502  -29.463 0.4285714328
96819  -31.059  11.462  -28.333 0.5714285970
91719  -33.286  6.466  -27.520 0.1428571492
94328  -32.754  8.633  -27.873 0.1428571492
97631  -30.102  12.248  -28.750 0.7142857313
98345  -28.741  13.296  -29.579 0.4285714328
95972  -31.364  10.093  -27.667 0.4285714328
91711  -33.421  5.088  -27.049 0.2857142985
92524  -32.617  6.468  -26.892 0.7142857313
148702  -29.971  10.939  -28.233 0.7142857313
139972  -29.585  6.822  -27.187 0.8571428657
93426  -31.794  7.744  -26.970 0.8571428657
95113  -30.355  9.788  -27.612 0.5714285970
89908  -33.635  3.771  -26.835 0.2857142985
90857  -33.755  4.440  -27.297 0.2857142985
95114  -31.224  9.228  -27.363 0.7142857313
95121  -27.951  9.452  -28.661 0.5714285970
140424  -29.750  9.152  -27.577 0.8571428657
88111  -33.881  2.151  -26.670 0.1428571492
91708  -31.366  5.516  -26.419 0.7142857313
84312  -26.230  -2.399  -29.818 0.5714285970
86171  -28.170  -0.672  -28.362 0.8571428657
133781  -27.930  -0.055  -28.519 0.8571428657
86170  -27.551  -0.541  -28.806 0.4285714328
89026  -29.967  2.656  -26.528 0.8571428657
91707  -30.311  5.529  -26.651 0.8571428657
88092  -33.473  1.485  -25.829 0.2857142985
89905  -31.025  3.700  -25.846 0.8571428657
141638  -30.332  8.167  -27.088 0.8571428657
135008  -34.177  0.177  -26.605 0.4285714328
89029  -32.503  2.997  -25.589 0.7142857313
90845  -31.428  4.563  -26.107 0.7142857313
84325  -25.625  -2.792  -30.256 0.2857142985
145029  -27.170  -1.736  -29.032 0.5714285970
85238  -26.620  -1.664  -29.476 0.5714285970
141700  -28.713  -0.750  -27.809 0.8571428657
88088  -29.645  1.865  -26.746 0.8571428657
89037  -29.303  2.569  -27.230 0.8571428657
89904  -30.271  3.429  -26.391 0.8571428657
141051  -29.847  3.936  -26.735 0.8571428657
87093  -32.605  0.871  -25.462 0.4285714328
88090  -31.251  1.983  -25.515 0.8571428657
131970  -31.577  3.177  -25.610 0.8571428657
86142  -33.724  -0.255  -25.782 0.4285714328
78993  -25.934  -8.439  -29.178 0.7142857313
148384  -25.549  -7.103  -29.508 0.4285714328
78994  -26.611  -8.552  -29.078 0.7142857313
80806  -27.181  -6.229  -28.877 0.8571428657
81714  -26.796  -5.561  -29.184 0.5714285970
82591  -25.910  -4.611  -29.898 0.5714285970
82602  -25.336  -4.110  -30.272 0.4285714328
81688  -28.206  -4.908  -28.050 0.8571428657
82593  -27.007  -4.011  -29.007 0.5714285970
83455  -26.087  -3.268  -29.956 0.5714285970
83434  -29.021  -3.693  -27.531 0.8571428657
140268  -27.974  -2.980  -28.369 0.7142857313
83445  -27.280  -3.079  -28.839 0.5714285970
85172  -31.739  -1.625  -25.500 0.7142857313
85196  -30.957  -1.224  -25.637 0.7142857313
87091  -30.556  0.441  -25.875 0.7142857313
87092  -30.870  1.262  -25.649 0.8571428657
84261  -34.218  -2.515  -26.274 0.2857142985
85174  -33.412  -1.651  -25.588 0.4285714328
86116  -33.026  -0.758  -25.461 0.5714285970
135496  -26.341  -10.722  -28.429 0.4285714328
77968  -25.911  -9.183  -28.805 0.4285714328
78992  -25.471  -8.358  -29.006 0.4285714328
143061  -28.399  -6.825  -27.922 0.7142857313
140261  -27.597  -6.942  -28.582 0.7142857313
80807  -27.922  -6.018  -28.285 0.7142857313
82570  -28.776  -4.373  -27.661 0.8571428657
135871  -31.425  -2.932  -25.587 0.7142857313
84259  -32.974  -2.362  -25.410 0.2857142985
84258  -32.042  -2.301  -25.417 0.5714285970
84278  -31.185  -2.127  -25.635 0.5714285970
135027  -24.554  -10.290  -28.287 0.5714285970
77969  -26.676  -9.220  -28.834 0.5714285970
79888  -28.024  -7.727  -28.350 0.7142857313
81657  -31.922  -4.966  -25.496 0.4285714328
136206  -33.082  -3.918  -25.395 0.4285714328
83395  -33.413  -3.143  -25.514 0.4285714328
83394  -32.416  -3.185  -25.429 0.4285714328
74163  -25.244  -13.235  -27.338 0.5714285970
79853  -33.211  -7.670  -25.771 0.4285714328
138776  -31.164  -7.435  -25.770 0.4285714328
80787  -33.655  -7.129  -25.978 0.4285714328
81658  -32.664  -5.710  -25.440 0.4285714328
71259  -25.894  -16.595  -21.728 0.1428571492
78949  -32.270  -8.772  -25.794 0.4285714328
78950  -33.082  -8.622  -25.944 0.4285714328
72230  -26.162  -15.426  -23.126 0.1428571492
73223  -26.682  -14.804  -22.766 0.1428571492
74117  -28.478  -13.171  -23.459 0.2857142985
75980  -31.518  -11.146  -24.656 0.2857142985
76933  -33.408  -10.473  -25.764 0.2857142985
76932  -32.637  -10.675  -25.612 0.2857142985
75991  -31.338  -11.323  -25.774 0.2857142985
76943  -33.735  -10.285  -26.252 0.2857142985
77925  -32.885  -9.846  -26.202 0.4285714328
71260  -26.640  -15.787  -21.656 0.1428571492
72213  -26.412  -15.297  -22.210 0.1428571492
73209  -27.342  -14.342  -22.416 0.2857142985
74101  -27.804  -13.753  -23.131 0.2857142985
75003  -29.971  -12.611  -22.632 0.2857142985
75023  -31.272  -11.736  -22.953 0.2857142985
75022  -30.460  -11.968  -23.452 0.2857142985
75021  -29.619  -12.395  -23.588 0.2857142985
75962  -31.115  -11.479  -23.858 0.2857142985
73208  -26.940  -14.944  -21.854 0.1428571492
74103  -29.466  -13.319  -21.860 0.2857142985
146255  -27.787  -14.702  -21.619 0.2857142985
74102  -28.572  -13.447  -22.464 0.2857142985
73224  -27.077  -14.293  -23.463 0.2857142985
74118  -29.126  -12.839  -22.907 0.2857142985
68339  -26.129  -20.045  -21.501 0.2857142985
70361  -25.572  -17.367  -21.701 0.1428571492
144012  -25.293  -18.584  -21.568 0.2857142985
64451  -25.663  -23.167  -22.062 0.2857142985
137504  -25.712  -24.065  -21.626 0.2857142985
129145  -24.039  -23.214  -22.574 0.2857142985
68356  -26.050  -19.022  -21.375 0.2857142985
64452  -26.442  -23.578  -21.531 0.1428571492
64467  -24.199  -23.862  -22.422 0.2857142985
63500  -24.359  -24.568  -21.986 0.1428571492
73210  -28.711  -13.964  -21.641 0.2857142985
75963  -31.754  -11.199  -23.603 0.2857142985
75981  -32.329  -10.743  -24.423 0.2857142985
76931  -32.031  -10.885  -26.065 0.4285714328
140610  -32.972  -10.380  -26.048 0.2857142985
76944  -34.320  -10.255  -26.645 0.2857142985
138290  -26.331  -7.148  -29.522 0.7142857313
145871  -27.704  -3.774  -28.504 0.5714285970
137158  -32.030  -7.123  -25.526 0.4285714328
82542  -32.209  -4.114  -25.460 0.4285714328
83417  -33.773  -3.915  -25.753 0.2857142985
83396  -34.073  -3.182  -25.922 0.2857142985
133489  -31.473  0.607  -25.488 0.7142857313
92515  -29.931  6.218  -26.865 0.8571428657
95991  -27.727  11.006  -29.328 0.4285714328
95977  -27.762  10.196  -28.983 0.5714285970
95123  -29.444  9.690  -27.965 0.7142857313
86117  -33.856  -1.066  -25.845 0.2857142985
140299  -30.825  6.262  -26.623 0.8571428657
90847  -33.237  4.473  -26.623 0.5714285970
95125  -32.785  9.484  -28.303 0.4285714328
95982  -32.289  10.836  -28.493 0.4285714328
100489  -25.264  16.260  -30.216 0.1428571492
98356  -31.780  13.799  -30.586 0.2857142985
97639  -32.339  12.736  -29.808 0.1428571492
65335  -25.863  -22.332  -22.193 0.1428571492
130742  -23.095  -21.865  -22.574 0.2857142985
67320  -26.846  -20.908  -21.683 0.1428571492
69375  -25.787  -18.085  -21.447 0.1428571492
71239  -26.892  -16.788  -21.303 0.1428571492
71240  -27.589  -16.177  -21.212 0.1428571492
72191  -29.047  -15.730  -20.765 0.1428571492
135476  -27.424  -13.911  -24.040 0.2857142985
75938  -32.044  -11.550  -22.677 0.2857142985
75033  -28.539  -12.948  -24.417 0.2857142985
75964  -32.504  -11.001  -23.229 0.2857142985
76962  -25.521  -10.491  -28.410 0.5714285970
128921  -29.961  -11.978  -24.294 0.2857142985
78991  -24.873  -8.345  -28.775 0.2857142985
78962  -34.387  -10.111  -27.043 0.2857142985
79899  -26.475  -7.789  -29.344 0.7142857313
79887  -27.225  -7.811  -28.982 0.5714285970
82590  -24.419  -5.163  -29.825 0.4285714328
132813  -25.450  -6.304  -29.675 0.5714285970
77926  -33.744  -9.504  -26.503 0.4285714328
84324  -24.948  -2.393  -30.505 0.2857142985
83469  -25.631  -3.464  -30.234 0.5714285970
79866  -33.744  -8.253  -26.242 0.2857142985
78961  -31.409  -8.539  -25.809 0.4285714328
144566  -27.073  -4.846  -28.944 0.7142857313
133539  -25.575  -1.986  -30.239 0.2857142985
79867  -34.459  -7.810  -26.776 0.1428571492
81679  -33.933  -5.632  -25.978 0.4285714328
142203  -33.486  -5.242  -25.615 0.4285714328
81680  -34.439  -5.717  -26.542 0.1428571492
131437  -30.119  1.161  -26.380 0.8571428657
82563  -34.075  -4.823  -25.971 0.1428571492
85173  -32.541  -1.589  -25.447 0.5714285970
85175  -34.085  -1.814  -25.996 0.2857142985
151523  -33.088  0.093  -25.520 0.5714285970
89028  -31.677  2.563  -25.481 0.7142857313
92523  -30.353  6.918  -26.827 0.8571428657
134877  -34.319  0.204  -27.549 0.2857142985
88112  -34.254  1.406  -27.527 0.1428571492
89030  -33.388  3.034  -26.283 0.4285714328
87095  -33.943  0.888  -26.340 0.4285714328
89038  -33.965  2.999  -27.250 0.1428571492
89915  -34.101  3.772  -27.692 0.1428571492
91710  -33.113  5.789  -26.916 0.1428571492
93428  -33.309  7.303  -27.953 0.1428571492
95115  -32.106  9.419  -27.654 0.5714285970
92532  -33.610  6.632  -28.351 0.1428571492
94329  -33.278  8.817  -28.638 0.1428571492
98355  -31.128  13.979  -30.082 0.2857142985
97638  -31.606  12.732  -29.234 0.2857142985
95983  -32.883  10.240  -28.735 0.2857142985
95135  -33.425  9.780  -29.720 0.1428571492
96002  -33.414  10.497  -30.186 0.1428571492
96836  -33.319  11.200  -30.570 0.1428571492
99064  -31.420  14.597  -31.706 0.2857142985
98363  -32.034  14.028  -32.159 0.2857142985
129901  -32.537  13.210  -32.217 0.1428571492
143172  -27.915  -21.870  -21.652 0.1428571492
76895  -33.111  -10.561  -23.709 0.2857142985
150468  -34.410  -2.563  -26.875 0.2857142985
96839  -33.030  11.243  -32.845 0.1428571492
99076  -31.658  14.808  -33.446 0.2857142985
65353  -23.394  -22.637  -22.538 0.2857142985
65355  -25.132  -22.503  -22.362 0.2857142985
66322  -27.197  -21.802  -21.789 0.1428571492
151014  -26.898  -20.215  -21.484 0.1428571492
132909  -26.912  -19.562  -21.437 0.1428571492
71258  -25.512  -16.490  -22.470 0.1428571492
138930  -25.944  -15.869  -22.288 0.1428571492
73237  -26.518  -14.902  -23.907 0.2857142985
132146  -27.954  -13.489  -24.184 0.2857142985
129538  -30.597  -11.639  -25.696 0.4285714328
78985  -27.547  -8.705  -28.702 0.5714285970
77959  -26.242  -9.910  -28.610 0.4285714328
140483  -32.885  -6.822  -25.535 0.4285714328
81689  -29.000  -5.072  -27.505 0.7142857313
86141  -31.197  -0.271  -25.530 0.7142857313
85226  -28.409  -1.397  -28.099 0.8571428657
84292  -28.670  -2.849  -27.801 0.8571428657
87090  -29.735  0.301  -26.703 0.8571428657
88110  -28.998  1.685  -27.519 0.8571428657
140563  -28.379  10.025  -28.629 0.5714285970
96817  -29.340  11.050  -28.507 0.7142857313
99054  -28.886  14.564  -30.299 0.2857142985
83393  -31.640  -3.627  -25.582 0.4285714328
75020  -28.964  -12.683  -23.766 0.2857142985
84302  -27.537  -2.266  -28.709 0.5714285970
90843  -29.807  4.716  -26.785 0.8571428657
93424  -29.932  7.559  -27.074 0.8571428657
99069  -23.946  14.704  -32.399 0.2857142985
99061  -26.882  14.793  -31.574 0.2857142985
99068  -23.188  14.716  -32.183 0.2857142985
100509  -24.850  16.432  -32.669 0.2857142985
101281  -25.109  17.689  -32.498 0.1428571492
100508  -24.185  15.844  -32.212 0.2857142985
151486  -26.733  16.770  -32.890 0.2857142985
100501  -23.928  15.805  -31.924 0.1428571492
99781  -23.332  15.058  -31.914 0.1428571492
99787  -30.993  15.230  -32.119 0.2857142985
100512  -28.669  16.614  -32.460 0.2857142985
99785  -29.543  15.629  -31.393 0.2857142985
99773  -29.254  15.207  -30.821 0.2857142985
99063  -30.764  14.947  -31.260 0.2857142985
99055  -30.473  14.551  -30.427 0.2857142985
99783  -27.143  15.491  -31.848 0.2857142985
129739  -27.959  16.051  -31.856 0.2857142985
98348  -31.729  13.390  -29.847 0.2857142985
98364  -32.338  13.435  -31.251 0.1428571492
97646  -32.698  12.695  -30.646 0.1428571492
99772  -28.464  15.053  -30.843 0.2857142985
96838  -33.319  11.152  -31.452 0.1428571492
131381  -32.976  11.923  -29.993 0.1428571492
96837  -33.069  11.793  -32.074 0.1428571492
138932  -31.787  14.083  -31.308 0.1428571492
95126  -33.303  9.573  -28.964 0.1428571492
147660  -30.714  11.990  -28.588 0.5714285970
97632  -31.396  12.067  -28.725 0.4285714328
98347  -30.828  13.341  -29.415 0.5714285970
139554  -33.514  8.141  -29.128 0.1428571492
94316  -32.971  7.881  -27.741 0.1428571492
135083  -32.260  11.986  -29.134 0.2857142985
96828  -33.230  11.118  -29.877 0.2857142985
96820  -31.842  11.447  -28.546 0.4285714328
95981  -31.560  10.829  -28.114 0.5714285970
95980  -30.609  10.756  -27.984 0.7142857313
93419  -32.067  6.994  -26.825 0.4285714328
94315  -31.958  8.612  -27.312 0.5714285970
138691  -32.839  5.134  -26.564 0.5714285970
92516  -31.775  6.348  -26.608 0.7142857313
93418  -31.266  6.995  -26.725 0.7142857313
94314  -31.086  8.408  -27.059 0.7142857313
89907  -32.919  3.795  -26.144 0.5714285970
128536  -33.200  2.369  -25.770 0.4285714328
141217  -30.653  4.902  -26.441 0.8571428657
84313  -26.910  -2.370  -29.215 0.5714285970
85239  -27.068  -1.070  -29.171 0.5714285970
86181  -26.937  -0.265  -29.295 0.4285714328
88089  -30.419  1.950  -26.119 0.8571428657
88091  -32.370  1.951  -25.520 0.4285714328
87094  -33.561  0.566  -25.754 0.5714285970
89906  -31.986  3.839  -25.695 0.8571428657
127643  -31.676  1.346  -25.434 0.7142857313
77967  -25.557  -8.898  -28.808 0.5714285970
79898  -25.844  -7.651  -29.453 0.4285714328
140056  -26.887  -7.067  -29.202 0.7142857313
80816  -26.502  -6.433  -29.428 0.7142857313
81700  -27.462  -5.348  -28.637 0.7142857313
81713  -26.081  -5.689  -29.718 0.4285714328
136946  -26.524  -4.782  -29.398 0.5714285970
82592  -26.333  -3.950  -29.609 0.5714285970
81712  -25.255  -5.202  -29.972 0.4285714328
82580  -27.583  -4.523  -28.560 0.7142857313
83433  -28.343  -3.828  -28.024 0.8571428657
139539  -31.942  -0.908  -25.406 0.5714285970
135806  -32.233  -0.056  -25.438 0.7142857313
128862  -25.550  -9.792  -28.549 0.5714285970
82543  -32.829  -4.732  -25.414 0.4285714328
83418  -34.288  -4.011  -26.331 0.2857142985
76917  -31.985  -10.955  -25.472 0.2857142985
149711  -32.270  -10.454  -26.152 0.4285714328
79852  -32.585  -7.787  -25.624 0.4285714328
81659  -33.505  -6.135  -25.712 0.4285714328
75979  -30.663  -11.528  -24.712 0.2857142985
77939  -33.761  -10.140  -26.459 0.4285714328
143060  -28.036  -14.018  -22.063 0.2857142985
72190  -28.176  -15.532  -21.193 0.1428571492
64450  -24.977  -23.932  -22.080 0.1428571492
64453  -27.242  -23.240  -21.370 0.1428571492
65336  -26.635  -22.603  -21.826 0.1428571492
137813  -27.764  -21.215  -21.662 0.1428571492
99765  -25.043  15.476  -29.827 0.1428571492
93446  -27.115  7.721  -28.807 0.5714285970
92529  -26.784  6.201  -28.976 0.4285714328
93431  -27.137  6.828  -28.764 0.5714285970
91724  -27.060  5.398  -28.754 0.4285714328
93432  -27.763  7.038  -28.423 0.5714285970
130783  -27.964  7.917  -28.317 0.4285714328
89933  -27.095  3.045  -28.892 0.4285714328
147682  -27.941  4.617  -28.235 0.4285714328
138057  -26.304  4.000  -29.316 0.4285714328
138881  -27.367  4.628  -28.586 0.5714285970
141518  -28.136  5.727  -28.128 0.5714285970
92530  -27.556  6.127  -28.493 0.5714285970
88132  -27.421  1.017  -28.928 0.5714285970
76897  -34.510  -10.039  -23.971 0.1428571492
76934  -34.098  -10.395  -25.992 0.1428571492
77927  -34.819  -10.323  -26.330 0.1428571492
71289  -23.561  -16.365  -25.317 0.2857142985
76918  -33.138  -10.473  -24.788 0.1428571492
76874  -36.172  -10.432  -23.235 0.1428571492
76899  -37.300  -10.199  -23.564 0.1428571492
77887  -35.371  -9.869  -24.331 0.1428571492
70394  -23.939  -17.151  -25.203 0.2857142985
75939  -32.709  -11.387  -22.464 0.1428571492
76872  -34.224  -10.855  -22.586 0.1428571492
76873  -35.020  -10.510  -22.955 0.1428571492
76875  -37.249  -10.810  -23.088 0.1428571492
78876  -38.629  -9.474  -22.230 0.1428571492
76877  -38.940  -10.411  -22.936 0.1428571492
77868  -38.973  -9.886  -22.855 0.1428571492
70393  -23.064  -16.752  -24.918 0.2857142985
71282  -22.165  -16.323  -24.671 0.2857142985
74105  -31.157  -12.782  -21.687 0.1428571492
75005  -31.695  -12.238  -22.018 0.1428571492
75004  -30.819  -12.372  -22.401 0.1428571492
75913  -34.681  -11.755  -21.736 0.1428571492
75007  -33.264  -11.593  -21.937 0.1428571492
75942  -36.154  -11.146  -22.549 0.1428571492
75940  -34.042  -11.351  -22.050 0.1428571492
75943  -37.551  -11.440  -22.703 0.1428571492
75916  -38.862  -11.199  -22.475 0.1428571492
135007  -38.428  -10.306  -21.052 0.1428571492
70383  -23.393  -17.636  -24.650 0.2857142985
69397  -22.743  -18.165  -24.340 0.2857142985
138721  -22.228  -18.678  -23.864 0.2857142985
74083  -30.295  -13.842  -21.113 0.1428571492
74084  -31.119  -13.474  -21.158 0.1428571492
74982  -31.819  -13.030  -21.268 0.1428571492
74983  -32.466  -12.591  -21.405 0.1428571492
74985  -34.913  -12.494  -21.374 0.1428571492
74984  -33.182  -12.287  -21.464 0.1428571492
75915  -36.779  -11.939  -22.226 0.1428571492
75944  -38.527  -11.635  -22.541 0.1428571492
75008  -37.880  -12.018  -22.502 0.1428571492
77814  -38.378  -9.724  -20.009 0.1428571492
74082  -29.482  -14.290  -21.157 0.1428571492
73189  -31.086  -14.349  -20.651 0.1428571492
73188  -30.308  -14.885  -20.633 0.1428571492
131344  -32.867  -14.073  -20.559 0.1428571492
126956  -31.977  -13.968  -20.672 0.1428571492
74087  -34.626  -13.467  -20.965 0.1428571492
74085  -32.609  -13.312  -20.839 0.1428571492
129555  -35.665  -13.308  -21.401 0.1428571492
126147  -33.877  -12.747  -21.024 0.1428571492
74986  -36.162  -12.548  -21.697 0.1428571492
125926  -39.060  -11.841  -22.059 0.1428571492
74988  -38.620  -12.287  -22.367 0.1428571492
131745  -38.418  -10.725  -20.381 0.1428571492
128277  -38.658  -11.589  -20.985 0.1428571492
73187  -28.701  -14.796  -21.226 0.1428571492
72196  -33.326  -15.718  -20.740 0.1428571492
133954  -32.666  -14.893  -20.551 0.1428571492
73190  -33.549  -14.715  -20.647 0.1428571492
74088  -36.429  -13.853  -21.740 0.1428571492
73191  -35.368  -14.239  -21.310 0.1428571492
129832  -36.637  -13.179  -21.772 0.1428571492
74090  -38.715  -13.116  -22.219 0.1428571492
144915  -38.918  -11.895  -22.278 0.1428571492
72195  -32.455  -15.855  -20.615 0.1428571492
72194  -31.689  -15.892  -20.575 0.1428571492
72197  -34.357  -15.448  -21.180 0.1428571492
73192  -36.234  -14.531  -21.766 0.1428571492
149217  -34.869  -14.816  -21.222 0.1428571492
73193  -37.380  -14.283  -22.303 0.1428571492
128328  -34.393  -14.399  -20.826 0.1428571492
132781  -38.264  -8.815  -20.323 0.1428571492
127447  -38.767  -11.079  -21.703 0.1428571492
127148  -33.684  -10.279  -24.092 0.1428571492
69385  -22.967  -18.771  -23.967 0.2857142985
74989  -39.024  -12.445  -22.151 0.1428571492
74961  -38.963  -12.421  -21.487 0.1428571492
141751  -38.670  -10.436  -19.414 0.1428571492
79751  -38.538  -8.019  -19.849 0.1428571492
89066  -26.827  2.406  -29.218 0.4285714328
76852  -38.811  -10.334  -22.242 0.1428571492
77844  -38.313  -9.591  -21.142 0.1428571492
77891  -38.766  -9.685  -23.325 0.1428571492
77910  -35.464  -9.996  -25.419 0.1428571492
77940  -34.996  -10.346  -27.168 0.1428571492
94326  -27.515  8.665  -28.704 0.4285714328
95134  -27.121  9.487  -29.191 0.4285714328
99077  -32.125  14.103  -33.892 0.1428571492
99800  -31.206  15.416  -32.970 0.1428571492
76919  -33.879  -10.338  -25.015 0.1428571492
74104  -30.453  -13.020  -21.772 0.1428571492
72192  -29.480  -15.090  -20.790 0.1428571492
140096  -34.371  -9.165  -27.010 0.1428571492
77909  -34.638  -10.139  -25.194 0.1428571492
129382  -35.421  -10.093  -23.589 0.1428571492
76898  -36.222  -9.918  -23.817 0.1428571492
76896  -33.939  -10.441  -23.271 0.1428571492
137506  -37.929  -10.579  -23.293 0.1428571492
77888  -36.203  -9.744  -24.622 0.1428571492
77912  -37.897  -9.337  -24.529 0.1428571492
76900  -38.423  -10.263  -23.308 0.1428571492
75965  -33.359  -10.965  -22.684 0.1428571492
75941  -34.933  -11.243  -22.255 0.1428571492
76876  -38.420  -10.926  -22.958 0.1428571492
75006  -32.519  -11.897  -21.939 0.1428571492
75912  -33.973  -12.006  -21.530 0.1428571492
75914  -35.597  -11.807  -21.838 0.1428571492
134210  -33.112  -12.879  -20.998 0.1428571492
74987  -37.532  -12.671  -22.208 0.1428571492
140639  -31.136  -15.173  -20.510 0.1428571492
136057  -31.817  -15.005  -20.471 0.1428571492
74086  -33.578  -13.644  -20.686 0.1428571492
74089  -37.551  -13.491  -22.203 0.1428571492
148438  -38.410  -13.848  -22.376 0.1428571492
63516  -22.554  -24.204  -22.282 0.1428571492
64466  -23.386  -23.606  -22.473 0.1428571492
64464  -21.675  -23.480  -22.179 0.1428571492
64465  -22.547  -23.159  -22.414 0.1428571492
66336  -22.586  -21.506  -22.650 0.1428571492
141416  -22.421  -20.861  -22.795 0.1428571492
67333  -21.735  -20.665  -22.858 0.1428571492
68367  -21.767  -19.325  -23.461 0.1428571492
67334  -23.041  -20.305  -22.931 0.1428571492
133582  -22.738  -19.449  -23.484 0.1428571492
67346  -21.188  -19.934  -22.960 0.1428571492
68366  -20.920  -19.047  -23.253 0.1428571492
70372  -20.640  -17.598  -23.688 0.1428571492
152010  -20.273  -17.077  -23.721 0.1428571492
133583  -21.634  -16.879  -24.420 0.1428571492
138579  -22.757  -15.780  -25.232 0.1428571492
72253  -23.607  -15.594  -25.557 0.1428571492
72242  -21.810  -15.536  -24.866 0.2857142985
72264  -24.594  -15.070  -26.225 0.2857142985
76006  -24.081  -11.568  -27.824 0.4285714328
76015  -25.106  -11.174  -28.190 0.4285714328
150771  -24.957  -10.593  -28.324 0.4285714328
87154  -26.843  0.586  -29.334 0.2857142985
137340  -26.159  2.002  -29.735 0.2857142985
133728  -27.390  1.806  -28.873 0.2857142985
91738  -24.788  5.078  -29.967 0.2857142985
92539  -26.116  6.339  -29.492 0.2857142985
93445  -26.555  7.045  -29.196 0.2857142985
93444  -25.849  7.248  -29.697 0.4285714328
70382  -22.441  -17.260  -24.551 0.1428571492
72252  -22.279  -14.877  -25.403 0.2857142985
72254  -24.247  -15.501  -25.804 0.1428571492
148267  -21.818  -21.451  -22.641 0.1428571492
69384  -21.235  -18.435  -23.612 0.1428571492
70381  -20.789  -16.849  -24.083 0.1428571492
71281  -21.244  -16.143  -24.511 0.1428571492
73245  -21.708  -14.345  -25.329 0.2857142985
143773  -23.078  -15.011  -25.544 0.2857142985
73246  -22.405  -14.126  -25.616 0.2857142985
72263  -23.758  -14.739  -25.924 0.2857142985
73257  -24.235  -14.192  -26.482 0.2857142985
74162  -24.437  -12.879  -27.203 0.4285714328
76005  -23.480  -11.416  -27.679 0.2857142985
140090  -26.288  -0.846  -29.692 0.2857142985
87172  -25.720  0.389  -30.052 0.2857142985
88153  -26.069  1.007  -29.772 0.2857142985
88174  -25.391  1.684  -30.282 0.2857142985
89932  -26.560  3.238  -29.249 0.2857142985
90886  -24.945  4.210  -29.938 0.2857142985
90885  -24.363  4.396  -30.166 0.2857142985
91729  -25.603  5.540  -29.708 0.2857142985
73256  -23.486  -13.891  -26.328 0.2857142985
86197  -25.653  -0.270  -30.111 0.2857142985
144901  -25.453  0.872  -30.247 0.2857142985
86196  -24.987  -0.393  -30.467 0.2857142985
129724  -24.958  2.387  -30.527 0.2857142985
89083  -24.906  2.980  -30.437 0.2857142985
89065  -26.195  2.740  -29.579 0.2857142985
89931  -25.894  3.370  -29.638 0.2857142985
89946  -24.472  3.601  -30.428 0.2857142985
90861  -26.686  4.689  -29.030 0.2857142985
132363  -24.562  1.822  -30.764 0.2857142985
136812  -23.767  1.975  -31.116 0.2857142985
75059  -24.874  -12.421  -27.602 0.4285714328
75069  -24.664  -11.698  -27.867 0.4285714328
65352  -22.421  -22.232  -22.553 0.1428571492
91730  -26.390  5.488  -29.268 0.2857142985
90869  -25.608  4.087  -29.657 0.2857142985
69396  -21.665  -17.727  -24.135 0.1428571492
65351  -21.649  -22.187  -22.468 0.1428571492
67347  -22.161  -20.159  -23.208 0.1428571492
69383  -20.212  -18.295  -23.243 0.1428571492
148812  -21.513  -14.952  -25.012 0.2857142985
75058  -23.594  -12.055  -27.445 0.4285714328
148968  -25.398  4.730  -29.743 0.2857142985
74152  -23.981  -13.343  -26.727 0.4285714328
89081  -23.461  2.750  -31.059 0.2857142985
76014  -24.571  -11.030  -28.110 0.2857142985
78984  -25.142  -8.973  -28.678 0.2857142985
101310  -29.383  18.467  -36.061 0.1428571492
101311  -30.196  18.011  -36.363 0.1428571492
100531  -29.680  17.298  -34.314 0.1428571492
100514  -30.121  16.404  -33.067 0.1428571492
99807  -30.745  16.004  -33.404 0.1428571492
102107  -28.978  19.375  -36.665 0.1428571492
100524  -29.380  16.917  -33.282 0.1428571492
100522  -27.251  17.213  -33.283 0.1428571492
102089  -25.720  18.932  -34.407 0.1428571492
77957  -24.856  -9.586  -28.477 0.2857142985
78983  -24.536  -8.980  -28.482 0.2857142985
99808  -31.309  15.469  -33.856 0.1428571492
100539  -30.633  17.100  -35.725 0.1428571492
99799  -30.431  15.864  -32.524 0.1428571492
100525  -30.256  16.645  -33.795 0.1428571492
99813  -30.924  16.139  -34.255 0.1428571492
99798  -29.808  15.940  -31.951 0.1428571492
100523  -28.279  17.157  -33.207 0.1428571492
101302  -28.091  18.344  -34.906 0.1428571492
101300  -26.438  18.462  -34.547 0.1428571492
101293  -27.751  17.636  -34.002 0.1428571492
101290  -25.410  18.104  -33.197 0.1428571492
100521  -26.273  17.303  -33.262 0.1428571492
100513  -29.600  16.355  -32.478 0.1428571492
101303  -29.112  18.033  -35.016 0.1428571492
102099  -28.516  18.822  -35.903 0.1428571492
101304  -29.924  17.641  -35.304 0.1428571492
101294  -28.758  17.532  -34.095 0.1428571492
102111  -28.900  20.065  -36.913 0.1428571492
100532  -30.457  16.872  -34.704 0.1428571492
87169  -23.469  0.487  -30.854 0.1428571492
87170  -24.378  0.252  -30.675 0.1428571492
88173  -24.035  1.137  -30.934 0.1428571492
143905  -23.836  3.349  -30.817 0.1428571492
132026  -20.467  3.902  -29.562 0.1428571492
90882  -21.765  4.444  -30.430 0.1428571492
89945  -23.100  3.491  -30.786 0.1428571492
91734  -21.633  5.390  -30.137 0.1428571492
91735  -22.649  5.838  -30.372 0.1428571492
92546  -22.208  6.488  -30.171 0.2857142985
81711  -24.680  -6.000  -29.557 0.1428571492
84323  -24.097  -2.333  -30.492 0.1428571492
144158  -24.446  -1.640  -30.542 0.1428571492
86195  -24.384  -0.478  -30.607 0.1428571492
86143  -34.228  -0.675  -26.523 0.1428571492
87168  -22.525  0.671  -30.700 0.1428571492
131122  -23.952  5.043  -30.243 0.1428571492
92549  -24.622  6.562  -30.164 0.1428571492
92548  -23.833  6.572  -30.340 0.1428571492
92547  -22.984  6.589  -30.356 0.2857142985
94340  -25.579  8.273  -29.841 0.2857142985
95999  -24.412  10.962  -30.121 0.2857142985
137605  -23.447  10.070  -29.663 0.2857142985
96830  -24.027  11.365  -30.194 0.2857142985
97626  -24.063  12.525  -27.276 0.1428571492
139854  -26.356  7.919  -29.418 0.2857142985
93456  -24.200  7.161  -30.254 0.2857142985
95133  -25.807  9.289  -29.833 0.2857142985
95990  -27.057  10.412  -29.552 0.2857142985
95143  -25.098  9.852  -29.886 0.2857142985
95141  -23.572  9.353  -29.877 0.2857142985
96001  -25.695  10.984  -30.281 0.2857142985
138949  -24.553  10.256  -29.953 0.2857142985
141009  -24.014  10.117  -30.011 0.2857142985
96832  -25.161  11.572  -30.578 0.2857142985
134700  -23.814  12.738  -29.973 0.1428571492
95976  -23.008  10.777  -28.511 0.2857142985
99044  -24.565  14.107  -29.140 0.1428571492
99039  -25.779  14.202  -28.001 0.1428571492
95132  -22.930  9.383  -29.477 0.1428571492
95988  -23.366  10.753  -29.337 0.2857142985
97641  -23.779  11.976  -30.182 0.1428571492
96816  -23.318  11.391  -28.870 0.2857142985
97625  -23.652  12.478  -28.179 0.1428571492
133464  -23.342  11.900  -28.337 0.1428571492
91723  -20.596  5.474  -29.482 0.2857142985
95971  -22.798  10.835  -27.607 0.1428571492
97621  -24.493  12.437  -26.440 0.1428571492
151489  -22.947  11.411  -27.242 0.1428571492
91699  -19.180  6.047  -26.355 0.1428571492
86161  -34.362  -0.447  -27.466 0.1428571492
84279  -34.424  -3.186  -26.827 0.1428571492
83467  -24.473  -3.097  -30.459 0.1428571492
86193  -23.272  -0.842  -30.583 0.1428571492
128221  -34.400  -1.227  -27.293 0.1428571492
143241  -22.559  -0.686  -30.385 0.1428571492
133195  -21.889  1.144  -30.500 0.1428571492
88152  -21.271  1.132  -29.921 0.1428571492
138754  -22.976  2.112  -31.184 0.1428571492
89930  -20.717  3.316  -29.847 0.1428571492
90883  -22.677  4.314  -30.558 0.1428571492
143086  -21.036  5.655  -29.740 0.1428571492
92545  -21.565  6.218  -29.888 0.2857142985
140632  -24.166  7.788  -30.215 0.1428571492
94349  -23.684  8.462  -30.070 0.1428571492
138443  -25.096  9.031  -29.930 0.2857142985
95142  -24.344  9.351  -29.958 0.1428571492
96809  -22.633  11.002  -26.737 0.1428571492
130197  -23.117  11.395  -27.999 0.1428571492
96813  -23.365  12.005  -27.395 0.1428571492
96811  -23.687  12.052  -26.445 0.1428571492
85197  -34.369  -1.985  -26.892 0.1428571492
128493  -34.249  -1.347  -26.462 0.1428571492
85215  -34.412  -1.881  -27.891 0.1428571492
95989  -26.321  10.708  -30.043 0.2857142985
97630  -23.844  12.846  -28.947 0.1428571492
149655  -24.757  11.309  -30.363 0.2857142985
99045  -25.297  14.561  -28.644 0.1428571492
94342  -26.776  8.604  -29.196 0.2857142985
138360  -24.743  -3.750  -30.393 0.1428571492
82600  -24.100  -3.767  -30.234 0.1428571492
85248  -25.481  -1.112  -30.221 0.1428571492
83435  -34.562  -4.154  -27.332 0.1428571492
151954  -26.463  9.178  -29.536 0.2857142985
131809  -24.967  5.897  -30.037 0.1428571492
92538  -25.377  6.499  -29.888 0.1428571492
86194  -23.753  -0.275  -30.708 0.1428571492
88171  -22.449  1.563  -30.863 0.1428571492
151173  -22.341  2.251  -30.901 0.1428571492
87167  -21.622  0.493  -30.138 0.1428571492
86192  -22.101  -0.129  -30.316 0.1428571492
89943  -21.918  2.821  -30.716 0.1428571492
138017  -21.526  3.530  -30.439 0.1428571492
143278  -21.193  4.900  -30.028 0.1428571492
129194  -23.107  5.054  -30.405 0.1428571492
85247  -24.748  -1.033  -30.521 0.1428571492
130115  -22.274  5.163  -30.415 0.1428571492
91736  -23.465  5.820  -30.375 0.1428571492
138974  -23.641  -1.583  -30.516 0.1428571492
93443  -23.425  7.431  -30.253 0.2857142985
94350  -24.633  8.395  -30.069 0.2857142985
94341  -26.205  8.645  -29.598 0.2857142985
93457  -24.946  7.422  -30.085 0.2857142985
95998  -23.854  10.762  -29.928 0.2857142985
95120  -22.893  10.106  -29.041 0.1428571492
96823  -23.650  11.390  -29.685 0.2857142985
97627  -24.877  12.999  -27.230 0.1428571492
150527  -26.412  9.882  -29.737 0.2857142985
95144  -25.747  10.253  -30.042 0.2857142985
96000  -25.073  10.792  -30.151 0.2857142985
97634  -23.547  12.111  -29.205 0.1428571492
138052  -20.118  -14.643  -24.592 0.1428571492
74140  -22.118  -13.564  -25.669 0.1428571492
74128  -19.951  -13.462  -24.682 0.1428571492
75040  -20.703  -12.321  -25.338 0.1428571492
75988  -20.521  -11.664  -25.373 0.1428571492
74139  -21.564  -13.206  -25.557 0.1428571492
75989  -21.192  -11.683  -25.728 0.1428571492
75041  -21.577  -12.477  -25.763 0.1428571492
74150  -22.659  -13.031  -26.355 0.1428571492
76929  -21.439  -11.003  -26.246 0.1428571492
75997  -22.557  -11.624  -26.797 0.1428571492
74161  -23.776  -12.639  -27.059 0.1428571492
76004  -22.862  -11.094  -27.342 0.1428571492
75057  -23.058  -11.866  -27.152 0.1428571492
76928  -20.693  -10.926  -25.673 0.1428571492
76939  -21.642  -10.263  -26.582 0.1428571492
76951  -23.403  -10.666  -27.777 0.1428571492
145956  -23.345  -10.015  -27.792 0.1428571492
79886  -24.027  -8.187  -28.444 0.1428571492
92536  -21.348  6.641  -29.611 0.1428571492
74149  -22.135  -12.904  -25.962 0.1428571492
74138  -20.764  -13.184  -25.222 0.1428571492
95975  -22.707  10.181  -28.072 0.1428571492
79897  -25.240  -7.703  -29.202 0.1428571492
76952  -24.033  -10.881  -27.991 0.1428571492
130595  -21.216  -13.846  -25.264 0.1428571492
73236  -20.906  -14.610  -24.788 0.1428571492
73255  -22.841  -13.654  -26.105 0.1428571492
74151  -23.301  -13.153  -26.584 0.1428571492
73235  -20.418  -14.009  -24.795 0.1428571492
131039  -19.574  -12.361  -24.696 0.1428571492
75996  -21.911  -11.707  -26.336 0.1428571492
75047  -22.458  -12.341  -26.518 0.1428571492
76940  -22.239  -10.919  -26.705 0.1428571492
76938  -21.063  -10.397  -26.214 0.1428571492
75048  -23.172  -12.477  -26.833 0.1428571492
151914  -22.553  -10.599  -27.149 0.1428571492
76927  -19.934  -10.438  -25.301 0.1428571492
72240  -19.535  -15.047  -24.393 0.1428571492
64468  -24.743  -23.229  -22.409 0.4285714328
72214  -27.398  -15.386  -21.513 0.1428571492
73247  -22.995  -14.334  -25.778 0.2857142985
75070  -25.313  -11.919  -27.913 0.5714285970
76960  -23.890  -10.189  -28.096 0.2857142985
76961  -25.118  -10.032  -28.442 0.5714285970
77958  -25.342  -9.429  -28.602 0.2857142985
79851  -31.893  -7.909  -25.598 0.4285714328
80770  -31.428  -6.533  -25.683 0.5714285970
80815  -25.982  -6.765  -29.703 0.7142857313
82544  -33.491  -4.514  -25.593 0.2857142985
82601  -24.597  -4.442  -30.173 0.4285714328
82603  -25.873  -3.882  -30.033 0.5714285970
83456  -26.651  -3.167  -29.425 0.5714285970
83466  -23.703  -3.037  -30.300 0.1428571492
83468  -25.149  -3.273  -30.433 0.2857142985
84260  -33.722  -2.433  -25.738 0.2857142985
85225  -27.741  -1.393  -28.647 0.5714285970
85249  -26.033  -1.599  -29.891 0.2857142985
87123  -34.202  0.778  -27.162 0.2857142985
87139  -27.443  0.224  -28.887 0.5714285970
87153  -26.262  0.091  -29.720 0.2857142985
87171  -25.183  0.302  -30.402 0.2857142985
88093  -34.020  1.359  -26.685 0.4285714328
88133  -27.913  1.403  -28.514 0.5714285970
88154  -26.808  1.471  -29.330 0.2857142985
88172  -23.207  1.317  -31.066 0.1428571492
89027  -30.808  2.793  -25.774 0.8571428657
89048  -27.472  2.517  -28.717 0.4285714328
89064  -25.521  2.665  -30.032 0.2857142985
89080  -22.674  2.828  -30.951 0.1428571492
89082  -24.314  2.714  -30.854 0.2857142985
89920  -28.280  3.304  -28.112 0.7142857313
89944  -22.254  3.579  -30.718 0.1428571492
89947  -25.193  3.478  -29.995 0.2857142985
90844  -30.489  4.196  -26.389 0.8571428657
90846  -32.461  4.516  -26.167 0.5714285970
90862  -27.051  3.830  -28.836 0.2857142985
90870  -26.022  4.762  -29.485 0.2857142985
90881  -21.016  4.070  -30.077 0.1428571492
90884  -23.655  4.162  -30.470 0.2857142985
91709  -32.130  5.127  -26.274 0.7142857313
91718  -29.495  5.551  -27.098 0.8571428657
91725  -27.729  5.262  -28.359 0.5714285970
91737  -24.290  5.822  -30.219 0.1428571492
92531  -28.270  6.423  -28.065 0.5714285970
92537  -21.818  6.999  -29.829 0.1428571492
93425  -30.768  7.644  -26.860 0.8571428657
93427  -32.694  7.289  -27.303 0.1428571492
94313  -30.378  8.868  -27.303 0.7142857313
94327  -29.063  8.944  -27.860 1.0000000000
95979  -29.788  10.426  -28.091 0.7142857313
95992  -32.756  10.868  -28.938 0.2857142985
95993  -33.186  10.565  -29.411 0.2857142985
96009  -33.473  10.486  -31.019 0.1428571492
96818  -30.179  11.481  -28.421 0.5714285970
96821  -32.415  11.315  -28.844 0.2857142985
97650  -32.802  12.621  -31.586 0.1428571492
98366  -31.947  14.268  -33.020 0.2857142985
99050  -29.752  14.296  -29.924 0.2857142985
99786  -30.284  15.504  -31.687 0.1428571492
125842  -30.160  12.867  -29.087 0.5714285970
126432  -24.193  -12.219  -27.559 0.4285714328
126721  -24.848  1.007  -30.596 0.1428571492
129095  -23.888  -20.900  -22.333 0.2857142985
129695  -27.822  -12.569  -27.661 0.7142857313
130581  -24.053  -0.968  -30.651 0.1428571492
130667  -22.034  5.840  -30.236 0.1428571492
131829  -22.935  -0.135  -30.694 0.1428571492
132788  -38.121  -8.816  -21.321 0.1428571492
133428  -33.688  6.012  -28.056 0.1428571492
138157  -25.060  -1.625  -30.462 0.1428571492
140793  -30.481  -5.855  -26.280 0.7142857313
142416  -32.784  12.509  -32.359 0.1428571492
144411  -32.357  5.749  -26.563 0.7142857313
144803  -30.418  13.987  -29.790 0.2857142985
145090  -30.069  -11.580  -26.957 0.7142857313
145786  -32.474  8.045  -27.422 0.5714285970
148380  -27.838  2.038  -28.515 0.8571428657
148666  -21.092  3.433  -30.186 0.1428571492
148683  -21.152  6.229  -29.638 0.2857142985
148999  -33.267  10.050  -29.191 0.1428571492
149415  -28.292  -14.353  -21.619 0.2857142985
149603  -28.884  -7.069  -27.565 0.7142857313
150314  -23.930  13.137  -29.435 0.1428571492
150531  -29.318  6.196  -27.283 0.8571428657
150626  -27.984  -4.257  -28.285 0.7142857313
151309  -29.232  -0.895  -27.373 1.0000000000
