#!ascii label  , from subject sub-v1s11x0050148_ses-1 vox2ras=TkReg
986
47834  25.127  -34.623  45.978 0.0000000000
47719  35.115  -35.007  54.118 0.0000000000
68757  40.093  -15.373  30.125 0.0000000000
57461  35.406  -26.206  41.213 0.0000000000
54241  40.739  -28.984  47.229 0.0000000000
75804  51.862  -8.209  21.958 0.0000000000
151409  41.980  -19.387  32.197 0.0000000000
62825  37.086  -20.899  33.769 0.0000000000
50030  20.641  -33.769  46.297 0.0000000000
126377  28.789  -38.032  46.932 0.0000000000
50010  31.444  -33.572  48.725 0.0000000000
46820  28.256  -36.396  42.282 0.0000000000
74797  45.725  -9.490  27.105 0.0000000000
45679  26.516  -36.343  51.030 0.0000000000
48874  23.162  -33.659  51.785 0.0000000000
72710  44.923  -10.903  31.332 0.0000000000
49969  18.556  -32.784  52.190 0.0000000000
45680  15.765  -36.912  51.744 0.0000000000
61698  37.407  -22.506  38.699 0.0000000000
57405  38.268  -27.156  44.437 0.0000000000
53236  39.373  -30.595  43.904 0.0000000000
52102  36.632  -30.806  47.211 0.0000000000
64843  42.317  -20.033  34.114 0.0000000000
63835  40.079  -20.091  32.917 0.0000000000
63806  39.775  -20.023  35.203 0.0000000000
147538  44.721  -18.757  33.450 0.0000000000
48980  24.015  -34.073  43.223 0.0000000000
48983  21.760  -34.354  43.826 0.0000000000
48926  22.875  -33.311  46.390 0.0000000000
46774  26.252  -36.826  46.628 0.0000000000
45750  28.389  -37.569  44.617 0.0000000000
47852  26.292  -35.911  44.046 0.0000000000
47877  25.777  -35.349  41.713 0.0000000000
69714  39.832  -14.004  29.054 0.0000000000
68728  43.114  -15.060  31.943 0.0000000000
70706  42.497  -13.080  31.441 0.0000000000
71746  42.015  -11.825  29.742 0.0000000000
50969  23.226  -32.447  54.567 0.0000000000
144058  21.522  -32.550  51.581 0.0000000000
52009  20.272  -31.557  54.557 0.0000000000
46661  17.569  -36.002  57.239 0.0000000000
138925  17.291  -35.560  54.622 0.0000000000
150624  15.544  -37.553  54.858 0.0000000000
130152  14.120  -39.417  54.519 0.0000000000
42655  14.140  -40.166  56.877 0.0000000000
57351  37.251  -26.010  47.350 0.0000000000
56304  39.839  -28.092  45.573 0.0000000000
56327  40.137  -28.036  43.831 0.0000000000
150248  40.135  -30.138  45.783 0.0000000000
51078  30.771  -32.780  45.715 0.0000000000
52078  34.123  -31.123  48.428 0.0000000000
52122  32.832  -30.743  45.812 0.0000000000
53225  34.402  -30.543  44.482 0.0000000000
60543  35.844  -23.833  40.041 0.0000000000
60575  35.166  -23.214  36.972 0.0000000000
57490  33.988  -26.285  38.657 0.0000000000
74864  54.309  -8.833  19.789 0.0000000000
73885  51.932  -9.584  20.106 0.0000000000
66797  41.532  -17.789  31.340 0.0000000000
64890  39.849  -19.153  30.953 0.0000000000
66794  44.036  -17.023  32.010 0.0000000000
145468  31.586  -36.016  50.805 0.0000000000
48883  33.238  -34.124  51.520 0.0000000000
145256  30.457  -35.489  48.326 0.0000000000
47831  30.007  -35.950  44.855 0.0000000000
48997  29.395  -34.851  42.507 0.0000000000
74786  47.859  -8.993  29.135 0.0000000000
75763  48.394  -8.420  27.434 0.0000000000
75786  48.208  -8.038  24.682 0.0000000000
147293  49.513  -8.584  22.436 0.0000000000
47781  25.619  -35.505  48.314 0.0000000000
48905  24.018  -34.134  48.725 0.0000000000
47752  25.193  -35.296  51.015 0.0000000000
133400  27.043  -37.844  48.550 0.0000000000
73791  45.409  -10.021  29.101 0.0000000000
50011  22.246  -33.297  48.873 0.0000000000
144706  19.846  -33.044  49.226 0.0000000000
48897  17.642  -34.703  49.720 0.0000000000
49950  18.423  -33.480  54.786 0.0000000000
47742  17.208  -35.271  51.801 0.0000000000
40420  13.385  -40.759  58.815 0.0000000000
62790  39.129  -21.069  37.507 0.0000000000
127722  35.889  -24.654  42.750 0.0000000000
59409  36.053  -24.959  44.816 0.0000000000
57445  36.707  -26.742  43.012 0.0000000000
56339  38.864  -27.028  42.369 0.0000000000
54274  40.176  -29.336  41.674 0.0000000000
52168  37.607  -31.317  41.387 0.0000000000
51025  35.300  -31.764  51.024 0.0000000000
127442  37.422  -31.002  48.721 0.0000000000
51072  38.958  -30.783  47.119 0.0000000000
143815  37.993  -30.886  45.724 0.0000000000
52155  36.518  -31.054  42.984 0.0000000000
134090  36.889  -21.743  36.106 0.0000000000
61737  34.421  -22.824  34.427 0.0000000000
63803  42.396  -20.081  35.040 0.0000000000
63815  40.475  -19.933  34.628 0.0000000000
63805  40.618  -20.110  35.609 0.0000000000
147764  43.419  -19.816  34.588 0.0000000000
48938  24.725  -34.260  45.095 0.0000000000
48939  23.822  -33.663  45.024 0.0000000000
48925  23.806  -33.569  46.057 0.0000000000
47812  25.970  -36.107  46.066 0.0000000000
47832  26.079  -36.069  45.143 0.0000000000
47853  25.704  -35.297  44.693 0.0000000000
48979  24.822  -34.419  43.391 0.0000000000
69702  40.338  -14.395  29.979 0.0000000000
68730  41.388  -15.134  31.164 0.0000000000
69691  42.619  -14.126  31.677 0.0000000000
69701  41.053  -14.410  30.717 0.0000000000
70718  40.915  -13.705  30.272 0.0000000000
45621  16.820  -36.916  57.201 0.0000000000
45640  16.582  -36.632  55.664 0.0000000000
44645  15.600  -37.731  55.784 0.0000000000
44654  14.974  -38.184  54.850 0.0000000000
44655  14.983  -38.537  56.051 0.0000000000
43663  14.469  -39.325  56.002 0.0000000000
57348  39.973  -27.607  47.312 0.0000000000
56294  40.322  -28.458  46.577 0.0000000000
55237  40.147  -28.469  45.557 0.0000000000
132711  40.507  -29.538  46.524 0.0000000000
48852  36.195  -33.856  54.215 0.0000000000
51092  30.598  -32.427  44.853 0.0000000000
52107  31.603  -31.720  46.306 0.0000000000
52125  31.047  -31.607  44.918 0.0000000000
53216  31.801  -30.566  44.246 0.0000000000
58464  34.879  -25.062  40.677 0.0000000000
59460  34.152  -24.853  39.172 0.0000000000
76759  51.369  -6.929  23.378 0.0000000000
76758  52.252  -6.899  22.969 0.0000000000
75803  52.775  -7.982  21.784 0.0000000000
75814  53.250  -8.394  21.060 0.0000000000
75815  51.737  -8.824  21.316 0.0000000000
65874  42.310  -18.277  31.652 0.0000000000
65876  40.914  -18.436  31.217 0.0000000000
135487  40.972  -19.092  31.498 0.0000000000
62834  37.926  -20.535  33.207 0.0000000000
130264  37.990  -20.465  32.156 0.0000000000
62847  37.147  -20.847  31.827 0.0000000000
138249  43.939  -18.933  32.985 0.0000000000
65873  43.098  -18.177  31.829 0.0000000000
66795  43.302  -17.335  31.756 0.0000000000
48940  21.323  -33.776  45.172 0.0000000000
50023  19.669  -34.009  47.088 0.0000000000
45713  29.954  -37.442  48.826 0.0000000000
46748  30.642  -36.000  48.982 0.0000000000
45736  29.708  -36.930  47.176 0.0000000000
141732  27.824  -37.090  43.581 0.0000000000
46792  29.675  -36.522  44.212 0.0000000000
46805  28.930  -36.414  42.810 0.0000000000
48978  29.663  -35.268  43.247 0.0000000000
47876  28.655  -35.864  41.895 0.0000000000
46821  27.469  -35.991  41.751 0.0000000000
56365  38.527  -27.545  40.482 0.0000000000
145964  46.494  -9.427  28.160 0.0000000000
75753  48.535  -8.540  28.242 0.0000000000
142897  46.656  -9.165  27.033 0.0000000000
75783  47.610  -8.315  24.977 0.0000000000
74840  47.264  -9.080  23.136 0.0000000000
75806  49.017  -8.273  23.028 0.0000000000
46739  26.078  -36.046  49.601 0.0000000000
150758  25.594  -35.477  49.853 0.0000000000
46728  25.793  -35.697  50.518 0.0000000000
46738  26.576  -36.784  49.605 0.0000000000
46749  26.247  -36.807  48.108 0.0000000000
74769  46.794  -9.672  30.057 0.0000000000
73774  45.386  -10.486  30.688 0.0000000000
72744  42.386  -11.076  28.438 0.0000000000
48884  23.793  -34.234  50.547 0.0000000000
129242  23.070  -33.689  49.269 0.0000000000
49988  22.453  -33.309  50.647 0.0000000000
51012  20.663  -32.295  51.708 0.0000000000
51027  20.410  -32.624  50.347 0.0000000000
49990  19.288  -32.745  50.470 0.0000000000
50003  18.535  -33.616  49.673 0.0000000000
48875  17.936  -33.778  50.873 0.0000000000
49924  18.441  -33.834  56.168 0.0000000000
46690  16.274  -36.467  53.153 0.0000000000
47723  17.473  -34.924  53.299 0.0000000000
46716  16.782  -35.871  52.078 0.0000000000
47743  16.874  -35.995  50.747 0.0000000000
60527  37.261  -23.628  41.585 0.0000000000
57386  37.336  -26.684  45.827 0.0000000000
58410  36.554  -25.068  46.202 0.0000000000
57407  36.398  -26.408  44.788 0.0000000000
57426  36.130  -26.397  43.944 0.0000000000
57425  37.211  -26.943  44.023 0.0000000000
56340  37.814  -26.929  42.181 0.0000000000
56329  39.035  -27.007  43.168 0.0000000000
54263  40.240  -29.392  43.766 0.0000000000
138514  40.458  -28.983  43.128 0.0000000000
149885  39.997  -30.042  42.852 0.0000000000
53249  39.332  -30.743  42.125 0.0000000000
52166  38.791  -31.161  42.415 0.0000000000
49998  32.519  -33.457  50.098 0.0000000000
49986  33.971  -32.880  51.195 0.0000000000
49997  33.663  -32.619  50.514 0.0000000000
52088  35.236  -30.834  48.041 0.0000000000
51049  35.877  -30.817  48.545 0.0000000000
51060  36.866  -30.837  48.043 0.0000000000
126947  38.266  -30.947  48.320 0.0000000000
144477  37.520  -30.819  47.234 0.0000000000
51088  38.428  -30.791  46.227 0.0000000000
51075  37.053  -30.878  46.499 0.0000000000
53238  34.219  -30.283  43.359 0.0000000000
141266  35.147  -30.701  43.777 0.0000000000
62769  37.906  -21.992  38.288 0.0000000000
62791  38.287  -21.150  36.839 0.0000000000
62782  36.986  -22.254  37.252 0.0000000000
60586  33.959  -24.012  36.455 0.0000000000
61727  34.672  -22.793  35.372 0.0000000000
73901  53.966  -9.401  18.505 0.0000000000
64853  42.046  -19.905  33.296 0.0000000000
64861  40.746  -19.844  32.360 0.0000000000
63814  41.304  -20.020  33.931 0.0000000000
63826  39.500  -20.132  33.494 0.0000000000
62824  37.862  -20.550  34.168 0.0000000000
65846  44.524  -19.130  34.107 0.0000000000
64851  43.566  -19.730  33.949 0.0000000000
143928  22.880  -33.935  43.485 0.0000000000
50038  22.198  -33.444  45.509 0.0000000000
50029  21.417  -33.534  46.071 0.0000000000
137665  27.194  -37.901  46.532 0.0000000000
133953  28.731  -37.902  46.105 0.0000000000
46782  27.079  -37.388  45.330 0.0000000000
136514  27.076  -36.711  43.806 0.0000000000
46808  26.748  -36.162  43.175 0.0000000000
46822  26.737  -35.839  42.247 0.0000000000
47864  26.129  -35.412  42.897 0.0000000000
48998  24.458  -34.585  42.560 0.0000000000
73831  44.072  -10.003  25.874 0.0000000000
46698  26.253  -35.920  52.262 0.0000000000
69680  44.179  -14.002  32.834 0.0000000000
71696  43.558  -12.699  32.128 0.0000000000
72712  43.541  -11.652  31.134 0.0000000000
72725  43.415  -11.340  30.378 0.0000000000
71735  42.284  -12.109  30.446 0.0000000000
71748  40.648  -12.784  29.049 0.0000000000
49959  23.068  -33.089  52.894 0.0000000000
49976  22.573  -33.180  51.687 0.0000000000
49960  22.347  -32.638  52.545 0.0000000000
50987  20.766  -31.783  53.027 0.0000000000
50988  19.589  -32.041  53.051 0.0000000000
48833  18.167  -34.766  56.242 0.0000000000
46679  17.457  -35.646  55.609 0.0000000000
45650  16.439  -36.559  54.706 0.0000000000
143058  15.768  -37.013  53.490 0.0000000000
44665  14.693  -38.042  53.714 0.0000000000
57385  38.336  -27.000  46.211 0.0000000000
57404  39.112  -27.442  44.722 0.0000000000
57423  39.090  -27.229  43.916 0.0000000000
56318  39.937  -28.128  44.755 0.0000000000
54262  40.290  -29.300  44.691 0.0000000000
53224  39.688  -30.287  44.630 0.0000000000
51064  31.447  -32.721  47.578 0.0000000000
51052  32.455  -32.313  48.931 0.0000000000
51063  32.110  -32.082  48.030 0.0000000000
52090  33.530  -31.080  47.570 0.0000000000
52104  34.662  -30.838  46.551 0.0000000000
128357  35.521  -30.900  46.095 0.0000000000
53214  33.581  -30.559  45.152 0.0000000000
53226  33.322  -30.240  44.008 0.0000000000
60551  36.235  -23.321  39.203 0.0000000000
131036  36.508  -22.750  37.619 0.0000000000
60566  35.516  -23.481  38.559 0.0000000000
59498  33.980  -24.234  37.381 0.0000000000
75822  54.071  -8.488  20.538 0.0000000000
152278  53.350  -8.884  20.185 0.0000000000
67772  40.350  -16.886  30.621 0.0000000000
67773  39.760  -16.904  30.146 0.0000000000
66808  39.933  -17.497  30.445 0.0000000000
64862  39.786  -19.993  32.158 0.0000000000
64873  38.707  -19.974  31.143 0.0000000000
66774  46.033  -17.598  34.014 0.0000000000
67751  45.328  -16.485  33.059 0.0000000000
68721  44.720  -15.698  32.793 0.0000000000
148030  43.454  -15.739  32.045 0.0000000000
67760  42.578  -16.600  31.630 0.0000000000
46712  33.179  -35.467  52.671 0.0000000000
47738  34.283  -34.390  52.827 0.0000000000
135335  32.645  -34.700  51.416 0.0000000000
47779  31.604  -34.668  49.933 0.0000000000
48911  31.008  -34.164  48.430 0.0000000000
45748  29.335  -37.291  45.612 0.0000000000
47811  30.114  -35.659  46.492 0.0000000000
48923  30.541  -34.169  46.692 0.0000000000
48955  30.184  -34.413  44.943 0.0000000000
50048  29.921  -33.682  43.704 0.0000000000
133369  29.348  -33.824  42.149 0.0000000000
76730  49.576  -7.619  27.377 0.0000000000
74820  46.860  -8.796  25.904 0.0000000000
75782  48.052  -8.118  25.646 0.0000000000
76748  49.458  -7.329  25.727 0.0000000000
129305  49.543  -7.330  24.657 0.0000000000
75792  49.955  -7.978  22.888 0.0000000000
75805  50.241  -8.634  22.114 0.0000000000
143322  51.080  -9.242  21.310 0.0000000000
47795  25.660  -35.604  47.455 0.0000000000
148475  24.460  -34.036  47.328 0.0000000000
47782  25.053  -34.811  48.702 0.0000000000
47767  24.516  -34.644  50.047 0.0000000000
48873  23.882  -34.337  51.408 0.0000000000
46688  25.636  -35.593  52.750 0.0000000000
132143  23.850  -34.098  52.849 0.0000000000
49948  23.808  -33.175  54.606 0.0000000000
46684  34.670  -35.637  54.423 0.0000000000
45688  32.028  -36.656  52.083 0.0000000000
45690  30.997  -37.524  50.953 0.0000000000
44725  28.952  -38.427  48.569 0.0000000000
44713  28.355  -38.476  49.048 0.0000000000
45727  28.046  -38.278  47.407 0.0000000000
45729  26.678  -37.562  46.934 0.0000000000
46763  26.054  -36.461  47.390 0.0000000000
74767  48.289  -9.164  30.668 0.0000000000
74779  46.717  -9.520  29.215 0.0000000000
73804  45.531  -9.728  28.000 0.0000000000
73783  43.910  -10.626  29.160 0.0000000000
73793  43.808  -10.411  28.299 0.0000000000
73816  44.245  -9.926  26.814 0.0000000000
48912  23.862  -33.815  47.806 0.0000000000
50020  22.169  -33.298  47.963 0.0000000000
50021  21.265  -33.388  47.618 0.0000000000
49989  21.511  -32.864  50.262 0.0000000000
50001  20.622  -33.137  48.883 0.0000000000
50013  20.562  -33.421  48.117 0.0000000000
145867  19.239  -33.831  48.239 0.0000000000
48916  17.933  -34.938  48.151 0.0000000000
139205  19.417  -31.996  54.713 0.0000000000
50989  18.704  -32.649  52.975 0.0000000000
48856  17.774  -34.155  53.045 0.0000000000
151607  17.710  -33.965  52.306 0.0000000000
48887  17.538  -34.657  50.672 0.0000000000
40445  13.462  -40.795  57.819 0.0000000000
63781  40.671  -20.950  37.541 0.0000000000
61673  37.594  -22.881  40.136 0.0000000000
132040  36.697  -23.353  40.051 0.0000000000
59448  35.821  -24.360  41.442 0.0000000000
59449  35.218  -25.029  41.390 0.0000000000
59423  35.890  -24.845  43.465 0.0000000000
58450  35.600  -25.495  42.857 0.0000000000
57460  35.868  -26.495  41.629 0.0000000000
57459  36.734  -26.775  41.955 0.0000000000
56352  38.727  -27.231  41.485 0.0000000000
55271  39.533  -27.847  40.968 0.0000000000
56337  40.125  -27.785  43.009 0.0000000000
55262  40.213  -27.981  42.299 0.0000000000
55279  40.185  -28.920  41.200 0.0000000000
53263  39.940  -29.728  40.936 0.0000000000
53265  38.604  -31.120  41.264 0.0000000000
53202  40.936  -29.530  48.211 0.0000000000
48871  34.644  -33.578  52.376 0.0000000000
49975  36.040  -32.470  52.399 0.0000000000
51010  37.566  -31.607  51.612 0.0000000000
51037  34.369  -31.753  50.142 0.0000000000
134603  35.902  -31.222  50.126 0.0000000000
134604  38.219  -31.344  50.680 0.0000000000
51033  38.853  -31.180  48.940 0.0000000000
51058  39.556  -30.899  48.256 0.0000000000
52099  40.087  -30.517  47.435 0.0000000000
52116  39.513  -30.632  46.449 0.0000000000
132416  38.727  -30.812  45.101 0.0000000000
52136  38.409  -31.056  44.474 0.0000000000
52138  36.740  -31.094  44.911 0.0000000000
52137  37.108  -31.160  43.959 0.0000000000
144660  37.896  -31.280  43.920 0.0000000000
52154  37.503  -31.281  42.797 0.0000000000
63794  39.351  -20.710  36.721 0.0000000000
62801  38.143  -20.846  35.865 0.0000000000
62813  37.221  -20.989  34.697 0.0000000000
130235  35.696  -22.726  36.528 0.0000000000
62804  36.017  -21.908  35.000 0.0000000000
62827  35.584  -21.929  33.259 0.0000000000
73886  50.982  -10.132  20.392 0.0000000000
63791  42.313  -20.263  35.908 0.0000000000
63804  41.596  -20.243  35.715 0.0000000000
129572  41.033  -20.355  36.130 0.0000000000
126144  24.472  -33.962  45.745 0.0000000000
47813  25.586  -35.385  46.527 0.0000000000
47833  25.664  -35.402  45.590 0.0000000000
152445  25.315  -34.853  45.153 0.0000000000
68758  39.442  -15.740  29.456 0.0000000000
68741  40.705  -15.062  30.639 0.0000000000
44634  16.327  -37.516  57.127 0.0000000000
44644  16.092  -37.505  56.494 0.0000000000
130940  15.677  -38.032  56.669 0.0000000000
133393  14.839  -39.049  56.597 0.0000000000
56285  40.525  -28.308  47.496 0.0000000000
148692  40.239  -28.007  47.127 0.0000000000
55226  40.566  -28.674  47.123 0.0000000000
139319  40.494  -28.809  46.694 0.0000000000
147514  40.575  -29.086  46.772 0.0000000000
47718  35.827  -34.550  54.545 0.0000000000
47726  35.487  -34.305  53.832 0.0000000000
51102  30.231  -32.321  43.872 0.0000000000
52141  30.612  -31.765  44.244 0.0000000000
142964  31.054  -31.044  44.027 0.0000000000
58458  35.089  -25.699  41.054 0.0000000000
147868  34.732  -25.696  40.479 0.0000000000
76773  51.582  -7.521  22.658 0.0000000000
131157  52.322  -7.593  22.331 0.0000000000
138859  52.429  -8.470  21.365 0.0000000000
65875  41.688  -18.828  31.666 0.0000000000
64870  41.280  -19.510  31.916 0.0000000000
62835  36.969  -20.934  32.690 0.0000000000
62849  36.409  -21.320  31.827 0.0000000000
62836  36.040  -21.562  32.571 0.0000000000
65856  43.254  -19.307  32.845 0.0000000000
133559  43.529  -18.671  32.394 0.0000000000
65865  42.658  -18.947  32.202 0.0000000000
50039  20.829  -33.872  45.635 0.0000000000
48962  20.659  -34.307  45.072 0.0000000000
48941  20.248  -34.226  45.701 0.0000000000
48927  19.933  -34.080  46.422 0.0000000000
45726  29.343  -37.608  47.421 0.0000000000
45725  29.720  -37.158  48.023 0.0000000000
46806  28.444  -36.919  43.112 0.0000000000
130560  28.028  -35.930  41.273 0.0000000000
55281  39.320  -28.250  40.109 0.0000000000
74796  46.291  -9.356  27.387 0.0000000000
74795  47.049  -9.119  27.543 0.0000000000
74839  48.075  -9.292  22.422 0.0000000000
46727  26.342  -36.275  50.372 0.0000000000
136789  26.139  -35.973  50.963 0.0000000000
45693  26.831  -36.845  50.375 0.0000000000
141119  45.183  -11.100  32.184 0.0000000000
127735  45.713  -10.494  31.194 0.0000000000
48885  23.146  -33.757  51.006 0.0000000000
48895  23.084  -33.706  50.180 0.0000000000
131100  19.474  -32.329  52.117 0.0000000000
51013  19.960  -32.369  51.122 0.0000000000
140025  18.883  -32.652  51.399 0.0000000000
49991  18.493  -33.343  50.273 0.0000000000
49978  18.433  -33.099  50.919 0.0000000000
45661  15.734  -36.926  52.630 0.0000000000
46701  16.281  -36.366  52.295 0.0000000000
46717  16.435  -36.371  51.372 0.0000000000
57406  37.271  -26.918  45.013 0.0000000000
57387  36.607  -26.367  45.486 0.0000000000
57444  38.010  -26.974  43.068 0.0000000000
57424  38.378  -27.070  43.700 0.0000000000
53235  39.923  -30.061  43.617 0.0000000000
128166  39.653  -30.441  42.959 0.0000000000
52152  39.135  -30.927  43.174 0.0000000000
50009  32.032  -33.263  49.375 0.0000000000
142197  33.014  -33.278  50.446 0.0000000000
50008  32.931  -32.669  49.810 0.0000000000
52103  35.614  -30.830  47.109 0.0000000000
51061  36.125  -30.785  47.779 0.0000000000
62781  37.679  -21.829  37.519 0.0000000000
62770  37.246  -22.364  37.927 0.0000000000
64852  42.997  -19.828  33.477 0.0000000000
63816  39.425  -20.068  34.386 0.0000000000
63827  38.686  -20.270  33.757 0.0000000000
63817  38.531  -20.334  34.540 0.0000000000
133113  44.844  -18.793  34.546 0.0000000000
64842  43.031  -19.955  34.370 0.0000000000
50037  23.104  -33.405  45.532 0.0000000000
50049  22.813  -33.533  44.724 0.0000000000
148888  22.096  -33.359  46.234 0.0000000000
46773  26.804  -37.412  46.163 0.0000000000
45738  27.701  -37.850  45.865 0.0000000000
46795  26.671  -36.773  44.733 0.0000000000
68722  43.874  -15.280  32.387 0.0000000000
69681  43.573  -14.295  32.346 0.0000000000
70705  43.157  -13.334  31.984 0.0000000000
71713  43.783  -11.994  31.861 0.0000000000
71714  43.091  -12.406  31.528 0.0000000000
71734  42.904  -11.864  30.773 0.0000000000
70716  42.002  -12.770  30.840 0.0000000000
70736  40.448  -13.510  29.509 0.0000000000
70735  41.032  -12.968  29.851 0.0000000000
49949  23.341  -32.982  53.769 0.0000000000
50985  22.581  -32.480  53.272 0.0000000000
149116  21.373  -31.777  53.360 0.0000000000
50972  20.921  -31.598  53.821 0.0000000000
50973  19.899  -31.746  53.838 0.0000000000
47701  17.858  -35.448  56.745 0.0000000000
45641  16.075  -37.133  55.237 0.0000000000
45651  15.906  -37.070  54.351 0.0000000000
128249  16.225  -36.594  53.901 0.0000000000
44664  15.287  -37.542  54.050 0.0000000000
45652  15.186  -37.484  53.111 0.0000000000
43677  14.347  -38.742  54.215 0.0000000000
136113  14.142  -40.034  56.111 0.0000000000
41593  13.907  -40.759  56.315 0.0000000000
56295  39.933  -27.941  46.432 0.0000000000
56296  39.263  -27.345  46.715 0.0000000000
57384  39.293  -27.570  45.686 0.0000000000
56319  39.561  -27.820  44.973 0.0000000000
54255  40.341  -29.316  45.469 0.0000000000
55247  40.297  -28.797  45.223 0.0000000000
141604  40.162  -29.932  45.227 0.0000000000
53223  40.052  -29.811  44.405 0.0000000000
50028  30.673  -33.441  46.203 0.0000000000
51077  31.152  -32.565  46.581 0.0000000000
52123  32.080  -31.091  45.911 0.0000000000
52106  32.275  -31.316  46.674 0.0000000000
52105  33.057  -30.941  46.730 0.0000000000
129331  33.910  -30.888  46.896 0.0000000000
52121  33.768  -30.744  46.141 0.0000000000
53227  32.379  -30.277  43.834 0.0000000000
59470  35.324  -23.904  39.386 0.0000000000
58477  33.825  -25.393  38.572 0.0000000000
59484  34.061  -24.481  38.295 0.0000000000
74857  52.408  -8.907  20.705 0.0000000000
151109  52.646  -9.135  20.171 0.0000000000
74869  52.832  -9.382  19.661 0.0000000000
73893  52.052  -9.991  19.217 0.0000000000
66806  40.973  -17.010  31.088 0.0000000000
66807  40.630  -17.640  30.912 0.0000000000
65891  40.101  -18.326  30.740 0.0000000000
64891  39.060  -19.445  30.677 0.0000000000
63846  37.586  -20.567  31.333 0.0000000000
63845  38.286  -20.277  31.475 0.0000000000
63860  37.999  -20.266  30.860 0.0000000000
65845  45.191  -18.675  34.051 0.0000000000
66775  45.697  -18.217  34.208 0.0000000000
130749  45.448  -18.202  33.690 0.0000000000
66787  44.505  -17.540  32.481 0.0000000000
66786  45.062  -17.178  32.798 0.0000000000
67752  44.643  -16.654  32.514 0.0000000000
147980  45.482  -15.751  33.363 0.0000000000
67753  44.038  -16.119  32.243 0.0000000000
66796  42.436  -17.516  31.579 0.0000000000
67761  41.671  -16.781  31.394 0.0000000000
46725  32.279  -35.974  51.880 0.0000000000
135715  32.673  -35.382  51.990 0.0000000000
47751  32.099  -35.447  51.278 0.0000000000
46760  30.191  -36.094  48.066 0.0000000000
47764  31.183  -35.454  49.647 0.0000000000
47780  30.911  -34.928  48.978 0.0000000000
140458  30.529  -34.837  48.007 0.0000000000
45749  28.612  -37.710  45.280 0.0000000000
46781  29.733  -36.654  45.148 0.0000000000
132479  30.260  -34.843  46.332 0.0000000000
47830  30.133  -35.214  45.547 0.0000000000
48937  30.351  -34.259  45.815 0.0000000000
145209  30.073  -35.178  44.671 0.0000000000
47875  29.236  -35.682  42.550 0.0000000000
48956  29.981  -34.607  44.008 0.0000000000
141766  29.627  -34.262  43.120 0.0000000000
50059  29.611  -33.481  43.001 0.0000000000
46835  26.576  -35.731  41.229 0.0000000000
47896  25.878  -35.766  40.763 0.0000000000
74776  48.808  -8.741  30.081 0.0000000000
75752  49.216  -8.245  28.631 0.0000000000
75762  49.085  -8.123  27.799 0.0000000000
75770  48.917  -7.938  26.998 0.0000000000
74821  46.178  -9.067  25.402 0.0000000000
75787  47.604  -8.454  24.071 0.0000000000
76740  48.774  -7.733  26.139 0.0000000000
76749  48.773  -7.662  25.215 0.0000000000
75785  48.837  -7.749  24.404 0.0000000000
47796  25.256  -34.988  47.924 0.0000000000
141658  25.168  -35.163  50.323 0.0000000000
47766  25.147  -34.995  49.571 0.0000000000
47753  24.515  -34.778  50.809 0.0000000000
149741  24.619  -34.916  51.375 0.0000000000
46699  25.673  -35.643  51.983 0.0000000000
47720  24.883  -35.112  53.299 0.0000000000
47721  24.346  -34.627  52.726 0.0000000000
48854  24.247  -34.305  53.454 0.0000000000
48855  23.644  -33.656  53.244 0.0000000000
46697  32.792  -36.316  53.073 0.0000000000
45703  30.211  -37.741  49.614 0.0000000000
45704  27.160  -37.615  49.549 0.0000000000
44714  27.581  -38.197  48.776 0.0000000000
44726  28.166  -38.343  48.211 0.0000000000
45715  27.403  -38.134  47.966 0.0000000000
45728  27.237  -38.090  47.182 0.0000000000
45716  26.741  -37.590  47.824 0.0000000000
46750  25.919  -36.111  47.997 0.0000000000
66823  39.322  -17.349  29.838 0.0000000000
73780  46.087  -9.866  29.629 0.0000000000
74788  46.137  -9.647  28.802 0.0000000000
72726  42.731  -11.558  30.049 0.0000000000
72732  43.976  -10.809  29.993 0.0000000000
72733  43.283  -11.074  29.619 0.0000000000
72754  42.278  -10.907  27.542 0.0000000000
130389  43.142  -10.809  28.818 0.0000000000
72743  42.997  -10.590  27.964 0.0000000000
73806  43.651  -10.278  27.410 0.0000000000
48904  24.633  -34.425  47.954 0.0000000000
48906  23.071  -33.544  48.344 0.0000000000
50012  21.379  -33.251  48.490 0.0000000000
49968  22.153  -32.777  51.898 0.0000000000
129085  22.026  -32.930  51.197 0.0000000000
49977  21.064  -32.534  50.998 0.0000000000
149132  19.877  -32.813  49.847 0.0000000000
130739  20.639  -32.852  49.619 0.0000000000
127742  19.837  -33.375  48.528 0.0000000000
127156  19.786  -33.718  47.790 0.0000000000
48896  18.216  -34.146  49.293 0.0000000000
144580  18.501  -34.328  48.369 0.0000000000
48907  17.824  -34.781  48.853 0.0000000000
47768  17.377  -35.391  49.203 0.0000000000
50959  18.840  -32.740  55.088 0.0000000000
50974  18.902  -32.492  54.035 0.0000000000
49961  18.204  -33.550  53.732 0.0000000000
47713  17.746  -35.150  55.132 0.0000000000
47722  17.589  -35.030  54.203 0.0000000000
47731  17.145  -35.434  52.687 0.0000000000
48863  17.459  -34.737  52.458 0.0000000000
48876  17.560  -34.392  51.586 0.0000000000
150843  17.374  -34.944  51.273 0.0000000000
42646  13.932  -40.141  57.602 0.0000000000
41568  13.880  -40.096  58.344 0.0000000000
40433  13.270  -40.904  58.312 0.0000000000
62768  38.583  -21.697  38.644 0.0000000000
60541  37.083  -23.464  40.809 0.0000000000
60519  36.393  -24.147  42.115 0.0000000000
60528  36.602  -23.885  41.332 0.0000000000
59436  35.550  -24.869  42.131 0.0000000000
58421  36.218  -25.566  45.390 0.0000000000
135445  35.840  -25.070  44.163 0.0000000000
142960  35.848  -26.249  43.257 0.0000000000
58439  35.685  -25.651  43.750 0.0000000000
57446  35.861  -26.365  42.490 0.0000000000
56351  39.594  -27.553  41.836 0.0000000000
56328  39.664  -27.435  43.442 0.0000000000
54267  40.231  -29.524  42.751 0.0000000000
55269  40.381  -28.773  42.186 0.0000000000
55270  40.102  -28.274  41.498 0.0000000000
149267  40.088  -29.288  40.997 0.0000000000
48872  33.799  -34.212  52.178 0.0000000000
51026  34.481  -32.214  50.858 0.0000000000
49985  34.725  -32.725  51.605 0.0000000000
49984  35.678  -32.146  51.682 0.0000000000
51011  36.630  -31.777  51.677 0.0000000000
51024  36.296  -31.427  50.869 0.0000000000
51051  33.369  -31.764  49.180 0.0000000000
51038  33.692  -32.003  49.845 0.0000000000
51050  34.295  -31.418  49.347 0.0000000000
51048  36.432  -30.929  49.090 0.0000000000
51035  36.960  -31.096  49.793 0.0000000000
51034  38.054  -31.190  49.513 0.0000000000
51022  38.889  -31.317  49.912 0.0000000000
147220  38.626  -30.808  47.535 0.0000000000
51047  38.853  -30.922  48.230 0.0000000000
51059  39.109  -30.825  47.855 0.0000000000
52087  39.737  -30.755  47.889 0.0000000000
52100  39.551  -30.705  47.146 0.0000000000
148290  39.941  -30.518  46.840 0.0000000000
52101  39.141  -30.755  46.756 0.0000000000
136295  38.702  -30.775  45.819 0.0000000000
52118  38.372  -30.867  45.373 0.0000000000
52140  34.582  -30.736  45.580 0.0000000000
52120  36.438  -30.996  45.797 0.0000000000
52139  35.562  -30.910  44.962 0.0000000000
139389  36.127  -31.015  43.982 0.0000000000
126063  39.870  -20.831  37.268 0.0000000000
147450  37.602  -21.304  36.239 0.0000000000
62802  37.411  -21.151  35.539 0.0000000000
62803  36.723  -21.537  35.237 0.0000000000
61708  35.710  -23.176  37.723 0.0000000000
147028  35.925  -22.940  37.109 0.0000000000
61718  35.538  -22.376  35.734 0.0000000000
61726  35.188  -22.268  34.783 0.0000000000
62815  35.778  -21.854  34.137 0.0000000000
61736  34.976  -22.298  33.849 0.0000000000
74873  54.382  -9.107  18.260 0.0000000000
75830  54.756  -8.641  18.442 0.0000000000
73877  50.586  -9.869  21.011 0.0000000000
129611  41.487  -19.979  34.858 0.0000000000
64832  42.954  -19.963  35.184 0.0000000000
48958  24.328  -34.044  44.165 0.0000000000
48959  23.374  -33.787  43.924 0.0000000000
46783  26.413  -36.782  45.689 0.0000000000
47865  25.604  -35.001  43.680 0.0000000000
48957  25.137  -34.606  44.383 0.0000000000
69715  39.583  -14.841  29.317 0.0000000000
68729  42.262  -15.064  31.560 0.0000000000
69692  41.769  -14.369  31.221 0.0000000000
70707  41.928  -13.568  31.147 0.0000000000
70717  41.453  -13.206  30.543 0.0000000000
151923  41.413  -13.857  30.810 0.0000000000
50957  23.138  -32.029  55.354 0.0000000000
50970  22.743  -32.269  53.972 0.0000000000
52013  22.365  -31.777  54.714 0.0000000000
45631  16.206  -37.195  56.008 0.0000000000
43669  14.456  -38.998  55.173 0.0000000000
42654  14.518  -39.568  56.706 0.0000000000
56275  40.360  -27.846  47.793 0.0000000000
150261  40.110  -28.321  46.044 0.0000000000
55236  40.302  -28.692  46.085 0.0000000000
54249  40.447  -29.065  46.147 0.0000000000
53213  40.348  -29.701  45.923 0.0000000000
51091  31.074  -32.081  45.702 0.0000000000
52124  31.465  -31.473  45.592 0.0000000000
151332  32.277  -30.788  45.399 0.0000000000
147840  31.704  -30.964  45.004 0.0000000000
59459  34.999  -24.444  40.102 0.0000000000
151464  34.657  -24.460  39.536 0.0000000000
58465  34.439  -25.181  39.969 0.0000000000
76752  51.113  -6.568  24.190 0.0000000000
77753  51.631  -6.168  24.764 0.0000000000
77764  51.865  -6.371  23.848 0.0000000000
75802  53.591  -7.803  21.660 0.0000000000
142575  40.478  -18.930  31.188 0.0000000000
64871  40.408  -19.527  31.629 0.0000000000
63836  39.000  -20.262  32.764 0.0000000000
65863  44.343  -18.349  32.731 0.0000000000
65864  43.878  -17.999  32.151 0.0000000000
48961  21.163  -34.313  44.439 0.0000000000
48942  19.589  -34.697  45.822 0.0000000000
48928  19.247  -34.480  46.566 0.0000000000
45712  30.473  -36.917  49.353 0.0000000000
46737  31.119  -36.297  49.977 0.0000000000
45724  30.136  -36.695  48.531 0.0000000000
145798  29.918  -36.592  47.805 0.0000000000
46761  30.004  -36.245  47.186 0.0000000000
46793  28.496  -37.292  43.917 0.0000000000
45761  29.176  -37.215  44.567 0.0000000000
131111  29.136  -36.861  43.614 0.0000000000
47863  29.496  -36.164  43.398 0.0000000000
47851  29.895  -35.661  44.039 0.0000000000
47895  28.435  -35.401  40.828 0.0000000000
74787  47.266  -9.203  28.585 0.0000000000
148530  48.020  -8.845  28.593 0.0000000000
75754  47.841  -8.826  27.903 0.0000000000
75764  47.678  -8.688  27.078 0.0000000000
74830  46.891  -8.618  24.900 0.0000000000
127054  46.845  -8.867  24.007 0.0000000000
132453  48.507  -8.124  23.817 0.0000000000
75794  48.198  -8.642  23.122 0.0000000000
146950  48.837  -8.906  22.431 0.0000000000
139729  25.988  -36.090  48.676 0.0000000000
47765  25.631  -35.463  49.122 0.0000000000
45705  26.698  -37.235  48.723 0.0000000000
134839  26.330  -36.594  48.937 0.0000000000
73773  46.959  -9.814  30.957 0.0000000000
133186  46.111  -10.130  30.581 0.0000000000
73781  45.404  -10.266  29.986 0.0000000000
72734  42.556  -11.315  29.280 0.0000000000
48894  23.807  -34.168  49.688 0.0000000000
49999  22.306  -33.282  49.776 0.0000000000
50002  19.157  -33.133  49.724 0.0000000000
143500  19.023  -33.580  48.992 0.0000000000
48886  17.984  -33.996  50.086 0.0000000000
49935  18.745  -32.954  55.954 0.0000000000
49936  18.533  -33.464  55.492 0.0000000000
46689  16.699  -36.007  53.982 0.0000000000
47714  17.150  -35.500  53.601 0.0000000000
46700  16.760  -35.953  52.927 0.0000000000
134854  16.916  -35.810  51.405 0.0000000000
60518  37.316  -23.759  42.427 0.0000000000
60506  36.510  -24.238  43.033 0.0000000000
57367  37.313  -26.391  46.605 0.0000000000
58409  36.796  -25.628  46.732 0.0000000000
58420  36.554  -25.940  46.133 0.0000000000
58430  35.911  -25.702  44.523 0.0000000000
55261  40.395  -28.400  43.034 0.0000000000
53248  39.916  -30.052  42.032 0.0000000000
52167  38.213  -31.354  42.233 0.0000000000
48893  32.608  -33.980  50.741 0.0000000000
48882  33.932  -33.521  51.662 0.0000000000
49987  33.390  -33.445  51.018 0.0000000000
52077  34.967  -31.011  48.799 0.0000000000
126903  37.667  -30.835  47.955 0.0000000000
143750  38.101  -30.816  47.587 0.0000000000
51074  38.240  -30.818  46.963 0.0000000000
51073  38.664  -30.773  46.841 0.0000000000
51089  37.813  -30.846  46.401 0.0000000000
51090  37.342  -30.973  45.710 0.0000000000
52156  35.707  -30.789  43.031 0.0000000000
148305  36.028  -30.873  42.247 0.0000000000
52170  35.474  -30.655  42.190 0.0000000000
62780  38.426  -21.488  37.865 0.0000000000
62792  37.339  -21.745  36.809 0.0000000000
62793  36.765  -22.153  36.689 0.0000000000
131416  34.558  -23.398  36.507 0.0000000000
60584  34.962  -22.942  36.175 0.0000000000
60585  34.292  -23.385  35.859 0.0000000000
143238  53.762  -9.231  19.340 0.0000000000
64859  42.488  -19.623  32.724 0.0000000000
64860  41.650  -19.738  32.571 0.0000000000
63824  41.060  -19.937  33.118 0.0000000000
63825  40.312  -20.015  33.731 0.0000000000
64841  43.904  -19.550  34.352 0.0000000000
65847  44.077  -19.323  33.682 0.0000000000
65855  43.612  -19.486  33.399 0.0000000000
48960  22.504  -33.850  43.916 0.0000000000
50050  21.923  -33.743  44.552 0.0000000000
128233  21.117  -33.490  46.838 0.0000000000
131319  27.941  -38.170  46.631 0.0000000000
146285  27.849  -37.707  45.084 0.0000000000
46794  27.577  -37.335  44.413 0.0000000000
46807  27.551  -36.507  42.873 0.0000000000
135584  25.291  -34.844  42.616 0.0000000000
74809  44.847  -9.663  26.245 0.0000000000
146848  45.485  -9.490  26.549 0.0000000000
46714  26.192  -35.942  51.530 0.0000000000
45660  26.699  -36.291  51.752 0.0000000000
70693  44.420  -13.324  33.088 0.0000000000
70694  43.804  -13.368  32.531 0.0000000000
150962  44.588  -11.986  32.708 0.0000000000
72694  44.504  -11.590  32.145 0.0000000000
72711  44.158  -11.436  31.448 0.0000000000
136927  44.110  -11.122  30.763 0.0000000000
71736  41.653  -12.487  30.160 0.0000000000
71747  41.337  -12.282  29.368 0.0000000000
48862  23.384  -33.645  52.534 0.0000000000
49967  22.802  -33.172  52.213 0.0000000000
50999  21.423  -32.267  52.256 0.0000000000
50971  21.916  -31.836  53.757 0.0000000000
50986  21.795  -32.069  52.971 0.0000000000
51000  20.357  -32.058  52.397 0.0000000000
47707  17.849  -35.301  55.960 0.0000000000
149196  16.983  -36.067  55.132 0.0000000000
44674  14.617  -38.039  52.712 0.0000000000
57366  38.168  -26.768  47.146 0.0000000000
133069  38.318  -27.173  45.317 0.0000000000
135988  39.616  -27.662  44.221 0.0000000000
55248  40.177  -28.453  44.636 0.0000000000
55255  40.298  -28.747  44.011 0.0000000000
50018  31.717  -32.883  48.473 0.0000000000
51062  32.998  -31.552  48.308 0.0000000000
51076  31.800  -31.919  47.164 0.0000000000
52091  32.605  -31.415  47.452 0.0000000000
52089  34.531  -30.878  47.452 0.0000000000
126854  36.284  -30.879  46.550 0.0000000000
53215  32.543  -30.516  44.801 0.0000000000
134010  36.803  -22.907  38.746 0.0000000000
144204  36.890  -22.747  38.235 0.0000000000
60565  36.299  -23.066  38.326 0.0000000000
128506  34.776  -23.677  37.847 0.0000000000
60567  34.705  -24.087  38.837 0.0000000000
60576  34.461  -23.648  37.040 0.0000000000
73902  52.261  -10.358  18.304 0.0000000000
67771  40.826  -16.037  30.923 0.0000000000
68742  39.929  -16.248  30.181 0.0000000000
141328  39.470  -17.964  30.231 0.0000000000
64872  39.476  -19.731  31.423 0.0000000000
63844  38.914  -20.159  31.845 0.0000000000
64892  38.306  -19.807  30.387 0.0000000000
65854  44.992  -17.960  33.041 0.0000000000
66781  45.591  -17.359  33.339 0.0000000000
68720  45.120  -15.006  33.357 0.0000000000
67759  43.390  -16.426  31.862 0.0000000000
138789  42.782  -15.787  31.772 0.0000000000
137193  41.879  -15.885  31.490 0.0000000000
47728  33.870  -35.032  53.173 0.0000000000
47727  34.698  -34.690  53.472 0.0000000000
47739  33.631  -34.766  52.599 0.0000000000
47740  33.180  -34.769  52.074 0.0000000000
47763  31.607  -35.387  50.416 0.0000000000
145564  32.110  -34.692  50.728 0.0000000000
148787  32.096  -34.294  50.381 0.0000000000
48902  32.043  -33.956  49.994 0.0000000000
48903  31.472  -34.079  49.268 0.0000000000
45737  29.380  -37.449  46.539 0.0000000000
46772  29.815  -36.629  46.236 0.0000000000
47794  30.218  -35.547  47.515 0.0000000000
47810  30.327  -34.860  47.090 0.0000000000
48922  30.724  -34.148  47.555 0.0000000000
50019  31.169  -33.480  47.984 0.0000000000
50027  30.922  -33.419  47.119 0.0000000000
50036  30.409  -33.456  45.182 0.0000000000
131588  30.152  -33.833  44.421 0.0000000000
50047  30.193  -33.092  44.247 0.0000000000
50058  29.867  -32.929  43.400 0.0000000000
51111  29.544  -32.887  42.518 0.0000000000
57471  35.826  -26.681  40.824 0.0000000000
76738  50.036  -7.253  26.998 0.0000000000
74807  46.224  -9.216  26.494 0.0000000000
74806  47.007  -8.941  26.721 0.0000000000
75772  47.522  -8.542  26.261 0.0000000000
146564  47.383  -8.479  25.547 0.0000000000
75771  48.224  -8.252  26.599 0.0000000000
76739  49.474  -7.474  26.598 0.0000000000
76747  50.112  -7.053  26.306 0.0000000000
128435  50.187  -6.926  25.388 0.0000000000
143536  50.398  -6.890  24.452 0.0000000000
75793  49.281  -7.736  23.715 0.0000000000
76760  50.069  -7.323  23.711 0.0000000000
152454  50.713  -6.972  23.730 0.0000000000
76774  50.760  -7.443  23.094 0.0000000000
128658  50.916  -8.083  22.389 0.0000000000
75816  51.067  -8.727  21.770 0.0000000000
74859  50.421  -9.277  21.555 0.0000000000
47814  25.116  -34.668  47.137 0.0000000000
47783  24.535  -34.537  49.337 0.0000000000
46715  25.737  -35.670  51.281 0.0000000000
47741  25.125  -35.326  51.673 0.0000000000
47729  24.965  -35.260  52.426 0.0000000000
47730  24.433  -34.782  51.990 0.0000000000
48861  23.794  -34.202  52.238 0.0000000000
50956  23.665  -32.671  55.150 0.0000000000
47710  36.118  -34.801  55.159 0.0000000000
46695  34.302  -35.386  53.765 0.0000000000
46696  33.497  -35.798  53.419 0.0000000000
46713  32.534  -36.114  52.444 0.0000000000
46726  31.811  -36.312  51.439 0.0000000000
45689  31.516  -37.078  51.553 0.0000000000
45701  31.333  -36.782  50.795 0.0000000000
45714  29.418  -37.840  48.287 0.0000000000
44738  28.829  -38.160  47.758 0.0000000000
46762  26.332  -37.100  47.370 0.0000000000
145984  25.931  -36.090  46.809 0.0000000000
67788  39.269  -16.579  29.496 0.0000000000
74777  48.071  -9.027  29.829 0.0000000000
74768  47.541  -9.421  30.386 0.0000000000
74778  47.377  -9.307  29.535 0.0000000000
149667  46.654  -9.449  28.680 0.0000000000
72724  44.740  -10.645  30.385 0.0000000000
73782  44.678  -10.430  29.547 0.0000000000
73792  44.647  -10.223  28.636 0.0000000000
73805  44.491  -10.027  27.718 0.0000000000
74798  45.053  -9.698  27.078 0.0000000000
48924  24.544  -33.990  46.564 0.0000000000
140338  23.814  -33.570  46.956 0.0000000000
48913  23.002  -33.350  47.410 0.0000000000
127595  21.978  -33.294  46.942 0.0000000000
142570  22.665  -33.366  51.290 0.0000000000
50000  21.454  -33.051  49.325 0.0000000000
50022  20.420  -33.660  47.192 0.0000000000
48914  19.013  -34.246  47.475 0.0000000000
48915  18.276  -34.856  47.551 0.0000000000
141635  18.277  -34.172  55.482 0.0000000000
142335  17.807  -34.445  53.808 0.0000000000
127018  18.140  -33.372  52.665 0.0000000000
152429  18.050  -33.356  51.707 0.0000000000
146632  17.191  -35.380  51.012 0.0000000000
47754  17.192  -35.470  50.132 0.0000000000
42645  14.449  -39.624  57.395 0.0000000000
41560  13.822  -40.233  58.884 0.0000000000
151185  41.055  -20.748  37.004 0.0000000000
62748  38.112  -22.119  39.039 0.0000000000
61683  37.703  -22.534  39.389 0.0000000000
61684  37.086  -22.904  39.359 0.0000000000
60542  36.261  -23.856  40.742 0.0000000000
59458  35.409  -24.420  40.769 0.0000000000
57447  35.344  -25.783  41.893 0.0000000000
56354  36.681  -26.874  41.065 0.0000000000
56353  37.688  -27.035  41.254 0.0000000000
56338  39.646  -27.384  42.654 0.0000000000
55280  39.883  -28.593  40.647 0.0000000000
53264  39.422  -30.465  40.975 0.0000000000
53209  40.807  -29.278  47.560 0.0000000000
48860  35.077  -33.973  53.169 0.0000000000
48859  35.873  -33.578  53.534 0.0000000000
48870  35.539  -33.246  52.833 0.0000000000
146119  35.299  -32.844  52.213 0.0000000000
49966  36.361  -32.857  53.117 0.0000000000
51009  38.273  -31.535  51.592 0.0000000000
51036  35.042  -31.536  50.394 0.0000000000
126460  35.268  -31.146  49.517 0.0000000000
51023  37.336  -31.316  50.677 0.0000000000
51046  39.322  -31.054  48.587 0.0000000000
52076  40.015  -30.942  48.629 0.0000000000
52086  40.261  -30.609  48.227 0.0000000000
53203  40.651  -29.989  47.678 0.0000000000
142884  40.651  -29.391  47.072 0.0000000000
141494  40.408  -30.064  46.935 0.0000000000
52115  40.146  -30.218  46.288 0.0000000000
51087  38.825  -30.764  46.440 0.0000000000
52117  39.036  -30.745  45.896 0.0000000000
52134  39.659  -30.438  45.625 0.0000000000
139452  39.148  -30.663  44.903 0.0000000000
52135  38.878  -30.944  44.151 0.0000000000
52119  37.751  -31.072  44.884 0.0000000000
52153  38.470  -31.267  43.339 0.0000000000
52169  36.687  -31.081  41.644 0.0000000000
63793  40.451  -20.540  36.604 0.0000000000
136064  39.624  -20.308  35.957 0.0000000000
63795  38.830  -20.630  36.155 0.0000000000
63807  38.866  -20.343  35.326 0.0000000000
62812  37.977  -20.669  35.031 0.0000000000
61707  36.362  -22.551  36.909 0.0000000000
61717  36.244  -22.281  36.295 0.0000000000
144608  36.292  -22.011  35.693 0.0000000000
62814  36.527  -21.422  34.382 0.0000000000
62826  36.345  -21.416  33.474 0.0000000000
74858  51.464  -9.410  20.822 0.0000000000
73894  51.223  -10.448  19.663 0.0000000000
44724  29.616  -38.163  49.087 0.0000000000
45702  30.797  -37.255  50.152 0.0000000000
46780  30.019  -36.065  45.642 0.0000000000
51008  38.891  -31.346  50.988 0.0000000000
51071  39.304  -30.775  47.497 0.0000000000
52157  30.358  -31.567  43.426 0.0000000000
54232  40.925  -28.981  47.864 0.0000000000
63792  41.488  -20.514  36.534 0.0000000000
71715  42.515  -12.413  31.034 0.0000000000
75745  48.563  -8.675  29.141 0.0000000000
136641  32.574  -31.011  46.294 0.0000000000
