#!ascii label  , from subject sub-v1s11x0050148_ses-1 vox2ras=TkReg
622
73403  19.394  -11.671  -26.170 0.0000000000
80416  26.609  -4.458  -31.356 0.0000000000
90700  23.921  6.093  -32.091 0.0000000000
85970  16.994  2.231  -28.550 0.0000000000
68359  22.246  -16.598  -25.706 0.0000000000
70414  26.416  -14.388  -28.353 0.0000000000
138460  22.403  -8.240  -29.382 0.0000000000
136171  19.503  -3.125  -29.292 0.0000000000
85060  24.887  0.444  -31.570 0.0000000000
139216  29.047  5.670  -32.801 0.0000000000
95372  23.644  11.605  -33.177 0.0000000000
140030  21.287  -13.794  -26.208 0.0000000000
69398  24.047  -15.387  -27.272 0.0000000000
131286  22.578  -12.987  -27.397 0.0000000000
79359  18.549  -5.001  -27.185 0.0000000000
82293  17.630  -2.831  -27.118 0.0000000000
86946  20.089  2.977  -31.615 0.0000000000
85062  20.378  0.550  -31.696 0.0000000000
87896  24.360  3.311  -31.372 0.0000000000
86941  27.261  2.816  -31.320 0.0000000000
134321  27.076  5.993  -30.899 0.0000000000
95366  20.906  12.207  -33.041 0.0000000000
94547  21.635  10.183  -33.560 0.0000000000
96988  22.246  13.752  -34.470 0.0000000000
78356  24.576  -6.446  -30.647 0.0000000000
152108  26.561  -9.776  -30.330 0.0000000000
77328  28.297  -8.069  -31.885 0.0000000000
90715  21.254  6.211  -32.285 0.0000000000
82355  28.894  -2.323  -34.201 0.0000000000
75372  17.902  -9.041  -26.169 0.0000000000
74445  21.182  -10.337  -27.666 0.0000000000
76346  19.925  -7.580  -27.776 0.0000000000
78347  20.839  -5.889  -29.061 0.0000000000
128883  22.478  -3.984  -31.200 0.0000000000
84124  17.568  -0.670  -28.393 0.0000000000
83245  21.296  -1.666  -31.547 0.0000000000
140071  25.928  -2.180  -31.539 0.0000000000
85070  28.077  0.411  -32.756 0.0000000000
92741  21.510  8.384  -32.656 0.0000000000
93691  24.688  9.067  -31.897 0.0000000000
97732  25.841  14.602  -34.671 0.0000000000
95371  27.045  12.497  -33.118 0.0000000000
93688  27.453  9.446  -31.662 0.0000000000
93702  28.841  9.187  -33.701 0.0000000000
73436  24.964  -11.445  -29.120 0.0000000000
74421  17.950  -11.317  -25.620 0.0000000000
72396  18.441  -12.368  -25.150 0.0000000000
71449  20.439  -12.748  -26.058 0.0000000000
71459  21.958  -13.024  -26.968 0.0000000000
72417  21.199  -11.846  -27.018 0.0000000000
88821  22.528  4.860  -32.494 0.0000000000
87911  22.509  3.255  -32.241 0.0000000000
88809  23.693  4.767  -31.835 0.0000000000
88807  25.704  4.318  -30.953 0.0000000000
130208  25.884  6.040  -30.912 0.0000000000
135298  20.538  13.665  -34.282 0.0000000000
96222  21.066  12.476  -34.368 0.0000000000
97734  21.078  14.149  -35.167 0.0000000000
79407  26.145  -5.602  -30.825 0.0000000000
77315  26.488  -7.495  -30.630 0.0000000000
142683  27.297  -5.912  -31.269 0.0000000000
89716  18.941  4.946  -30.517 0.0000000000
125955  19.821  6.096  -31.059 0.0000000000
68361  20.402  -15.961  -24.801 0.0000000000
67412  21.791  -17.169  -25.336 0.0000000000
66465  23.237  -18.303  -25.475 0.0000000000
67425  23.836  -17.467  -26.072 0.0000000000
70405  25.287  -15.055  -27.976 0.0000000000
69370  25.555  -16.018  -26.169 0.0000000000
76329  18.868  -8.301  -26.963 0.0000000000
141682  18.663  -6.818  -26.978 0.0000000000
81374  18.702  -3.979  -27.988 0.0000000000
79382  19.477  -5.098  -28.213 0.0000000000
146782  20.410  -4.452  -29.407 0.0000000000
80406  21.606  -4.741  -30.367 0.0000000000
81389  21.187  -3.983  -30.337 0.0000000000
85004  15.605  0.182  -26.122 0.0000000000
133896  17.252  1.188  -28.721 0.0000000000
85073  22.773  0.746  -32.108 0.0000000000
84155  20.344  -0.438  -31.442 0.0000000000
84163  23.193  -0.638  -32.025 0.0000000000
82339  23.375  -2.421  -31.722 0.0000000000
84151  25.261  -1.009  -31.566 0.0000000000
84162  27.315  -0.793  -31.888 0.0000000000
85058  26.656  0.053  -31.649 0.0000000000
88819  28.634  4.369  -32.022 0.0000000000
86958  28.408  2.758  -32.606 0.0000000000
94546  22.279  10.364  -33.614 0.0000000000
93700  21.131  9.132  -32.662 0.0000000000
93698  22.878  9.376  -32.965 0.0000000000
92739  22.663  8.668  -32.871 0.0000000000
94545  24.275  10.377  -32.491 0.0000000000
95361  27.450  11.223  -32.521 0.0000000000
95369  28.312  11.254  -33.438 0.0000000000
93695  28.745  9.360  -32.882 0.0000000000
75393  22.026  -9.474  -28.483 0.0000000000
74455  22.862  -10.597  -28.498 0.0000000000
74465  23.646  -9.643  -29.272 0.0000000000
74470  28.517  -10.765  -30.620 0.0000000000
73441  27.517  -11.374  -30.222 0.0000000000
70381  20.127  -14.132  -25.348 0.0000000000
69388  21.548  -15.017  -25.918 0.0000000000
68375  23.631  -16.530  -26.481 0.0000000000
70394  22.608  -14.584  -26.693 0.0000000000
144379  23.635  -14.112  -27.556 0.0000000000
71457  24.188  -13.823  -27.988 0.0000000000
80364  17.887  -4.352  -26.635 0.0000000000
81358  18.176  -3.557  -27.494 0.0000000000
82310  18.183  -2.809  -27.978 0.0000000000
86917  17.851  2.583  -29.637 0.0000000000
85983  18.137  1.691  -29.794 0.0000000000
85991  19.353  1.698  -31.044 0.0000000000
86011  21.647  1.529  -32.324 0.0000000000
86944  24.170  1.903  -31.568 0.0000000000
133839  25.811  1.822  -31.417 0.0000000000
87895  25.398  3.360  -31.168 0.0000000000
88806  27.047  4.384  -30.902 0.0000000000
90712  28.715  6.332  -31.874 0.0000000000
141995  20.906  11.201  -31.573 0.0000000000
94554  21.270  11.038  -33.579 0.0000000000
95374  21.508  11.591  -34.146 0.0000000000
96213  22.687  12.036  -33.735 0.0000000000
76377  23.512  -7.683  -30.102 0.0000000000
149910  24.461  -8.902  -29.778 0.0000000000
129284  25.699  -8.108  -30.303 0.0000000000
76374  27.844  -9.387  -31.299 0.0000000000
86903  16.978  2.982  -28.395 0.0000000000
87881  18.834  3.430  -30.660 0.0000000000
88810  20.596  4.688  -32.007 0.0000000000
129288  22.593  6.217  -32.638 0.0000000000
68358  24.688  -17.004  -25.993 0.0000000000
147762  27.936  -3.918  -32.344 0.0000000000
148847  28.315  -5.509  -32.220 0.0000000000
74435  18.297  -10.716  -26.137 0.0000000000
74446  20.398  -10.723  -27.130 0.0000000000
74447  19.772  -9.944  -27.104 0.0000000000
75395  20.942  -8.898  -27.865 0.0000000000
76344  21.132  -8.138  -28.331 0.0000000000
78318  19.032  -6.289  -27.435 0.0000000000
78334  20.335  -6.338  -28.449 0.0000000000
136604  21.540  -6.960  -29.262 0.0000000000
78359  22.307  -6.180  -30.246 0.0000000000
79410  23.275  -5.681  -30.837 0.0000000000
80418  24.414  -4.534  -31.290 0.0000000000
84109  17.162  -0.947  -27.702 0.0000000000
83225  18.854  -1.874  -29.196 0.0000000000
85044  18.498  0.265  -29.809 0.0000000000
83234  19.050  -1.150  -29.772 0.0000000000
82330  20.291  -2.576  -30.283 0.0000000000
81400  22.444  -3.284  -31.420 0.0000000000
136493  23.665  -3.223  -31.590 0.0000000000
81397  26.223  -3.042  -31.548 0.0000000000
142481  27.605  -2.383  -32.359 0.0000000000
83251  28.056  -1.120  -32.808 0.0000000000
85998  27.443  1.389  -31.711 0.0000000000
90702  21.555  6.970  -32.447 0.0000000000
91732  23.199  7.448  -32.610 0.0000000000
91723  23.976  7.474  -32.233 0.0000000000
96987  23.830  13.914  -34.010 0.0000000000
96975  24.482  13.355  -33.535 0.0000000000
96973  26.383  13.691  -33.884 0.0000000000
96204  24.842  12.095  -32.714 0.0000000000
94544  25.330  10.713  -31.999 0.0000000000
93690  25.706  9.262  -31.505 0.0000000000
91721  25.934  7.703  -31.021 0.0000000000
91720  27.284  7.769  -31.206 0.0000000000
91731  28.484  7.332  -31.714 0.0000000000
91741  29.105  7.664  -33.765 0.0000000000
73413  21.828  -11.456  -27.607 0.0000000000
72426  23.466  -12.147  -28.273 0.0000000000
147755  25.861  -13.409  -28.995 0.0000000000
74463  25.669  -10.542  -29.665 0.0000000000
72435  25.990  -12.097  -29.417 0.0000000000
73404  18.616  -11.462  -25.953 0.0000000000
73391  18.245  -11.861  -25.501 0.0000000000
73390  18.905  -12.021  -25.631 0.0000000000
72406  19.595  -12.150  -25.883 0.0000000000
150791  19.944  -11.872  -26.262 0.0000000000
72404  20.811  -12.350  -26.516 0.0000000000
72418  20.476  -11.859  -26.571 0.0000000000
89725  23.472  5.470  -32.234 0.0000000000
88820  23.073  4.822  -32.281 0.0000000000
89724  24.218  5.400  -31.670 0.0000000000
131008  24.781  6.071  -31.391 0.0000000000
97735  20.550  14.060  -34.914 0.0000000000
136446  26.027  -4.864  -31.089 0.0000000000
68360  21.305  -16.282  -25.324 0.0000000000
66466  22.434  -17.868  -25.405 0.0000000000
67411  23.060  -17.639  -25.790 0.0000000000
67426  23.036  -17.008  -26.075 0.0000000000
69395  25.947  -15.023  -27.985 0.0000000000
69383  26.000  -15.290  -27.301 0.0000000000
70404  26.429  -14.657  -27.726 0.0000000000
70403  26.890  -14.131  -27.359 0.0000000000
77268  17.821  -7.646  -26.288 0.0000000000
78296  18.125  -6.849  -26.532 0.0000000000
81373  19.166  -3.608  -28.653 0.0000000000
80388  19.324  -4.339  -28.428 0.0000000000
81381  19.870  -3.904  -29.177 0.0000000000
80398  20.564  -3.890  -29.824 0.0000000000
81391  20.138  -3.186  -29.779 0.0000000000
149648  15.822  1.050  -26.703 0.0000000000
85971  16.715  1.546  -28.076 0.0000000000
85072  23.416  0.751  -31.836 0.0000000000
84164  22.449  -0.225  -32.200 0.0000000000
84153  23.774  -0.020  -31.764 0.0000000000
83254  23.892  -0.940  -31.758 0.0000000000
84152  24.586  -0.395  -31.612 0.0000000000
142908  25.553  -0.206  -31.564 0.0000000000
85059  25.806  0.493  -31.551 0.0000000000
89736  28.870  4.916  -32.678 0.0000000000
88818  28.826  4.239  -33.204 0.0000000000
95365  23.402  10.755  -33.149 0.0000000000
137277  22.268  9.803  -33.432 0.0000000000
127365  23.133  10.047  -33.003 0.0000000000
95380  28.194  11.789  -33.983 0.0000000000
94558  28.163  11.438  -34.830 0.0000000000
94557  28.455  10.808  -34.324 0.0000000000
75408  22.063  -8.738  -28.789 0.0000000000
74466  22.832  -9.788  -28.805 0.0000000000
75406  22.986  -9.018  -29.382 0.0000000000
75403  28.938  -10.471  -30.464 0.0000000000
74460  28.612  -11.074  -30.057 0.0000000000
71437  19.942  -13.130  -25.556 0.0000000000
71438  19.355  -13.513  -24.940 0.0000000000
70395  21.052  -14.296  -25.781 0.0000000000
69372  20.850  -15.224  -25.407 0.0000000000
69387  22.308  -15.285  -26.290 0.0000000000
134633  21.760  -14.476  -26.289 0.0000000000
70407  22.750  -13.789  -27.187 0.0000000000
71458  23.315  -13.337  -27.642 0.0000000000
134576  17.784  -3.432  -26.934 0.0000000000
145912  17.863  -3.015  -27.374 0.0000000000
82311  17.781  -2.365  -27.680 0.0000000000
86947  19.379  2.739  -31.112 0.0000000000
86928  18.726  2.470  -30.585 0.0000000000
131873  19.888  2.244  -31.468 0.0000000000
87910  22.949  3.567  -31.965 0.0000000000
86961  22.089  2.393  -32.369 0.0000000000
86960  22.745  2.273  -31.934 0.0000000000
86945  23.394  2.087  -31.684 0.0000000000
141117  23.860  2.675  -31.522 0.0000000000
86943  24.927  2.477  -31.354 0.0000000000
89722  26.439  5.201  -30.822 0.0000000000
89721  27.600  5.203  -31.016 0.0000000000
136794  28.065  5.908  -31.231 0.0000000000
96206  20.608  12.909  -32.864 0.0000000000
95357  20.950  12.438  -32.135 0.0000000000
95356  20.972  11.501  -32.627 0.0000000000
95375  20.975  11.719  -33.650 0.0000000000
129266  21.027  13.324  -34.683 0.0000000000
96214  21.762  12.604  -34.326 0.0000000000
96976  23.138  13.040  -33.820 0.0000000000
77317  24.073  -7.207  -30.421 0.0000000000
148724  24.033  -7.755  -30.207 0.0000000000
77316  25.189  -7.241  -30.438 0.0000000000
78354  27.405  -7.457  -31.216 0.0000000000
77314  27.579  -8.380  -31.278 0.0000000000
75420  28.786  -9.892  -31.742 0.0000000000
125836  17.103  3.288  -28.427 0.0000000000
125912  17.381  3.483  -28.901 0.0000000000
87871  17.682  3.453  -29.488 0.0000000000
87882  17.840  4.275  -29.804 0.0000000000
89726  20.176  5.397  -31.576 0.0000000000
88811  19.684  4.610  -31.305 0.0000000000
89741  20.948  5.458  -32.175 0.0000000000
88823  21.367  4.810  -32.416 0.0000000000
89740  21.684  5.537  -32.523 0.0000000000
69385  24.256  -16.057  -26.986 0.0000000000
68374  24.438  -16.627  -26.532 0.0000000000
68356  25.895  -15.887  -25.476 0.0000000000
145345  28.296  -2.954  -32.964 0.0000000000
74436  18.007  -9.827  -26.176 0.0000000000
75370  18.829  -9.974  -26.653 0.0000000000
75371  18.482  -9.117  -26.593 0.0000000000
77282  19.182  -7.366  -27.357 0.0000000000
76328  19.619  -8.281  -27.467 0.0000000000
76345  20.410  -8.202  -27.861 0.0000000000
77295  20.580  -7.311  -28.281 0.0000000000
152448  18.647  -5.636  -27.133 0.0000000000
79358  19.023  -5.424  -27.628 0.0000000000
79381  20.152  -5.503  -28.630 0.0000000000
77307  21.072  -6.681  -28.822 0.0000000000
78346  21.444  -6.294  -29.436 0.0000000000
78345  21.999  -6.750  -29.714 0.0000000000
78360  21.828  -6.031  -29.917 0.0000000000
80420  22.405  -4.760  -30.797 0.0000000000
79424  22.988  -5.118  -31.029 0.0000000000
79423  23.706  -5.022  -31.155 0.0000000000
150626  23.745  -4.489  -31.352 0.0000000000
84125  17.023  0.243  -28.102 0.0000000000
131753  16.817  -0.307  -27.539 0.0000000000
83214  17.658  -1.543  -28.024 0.0000000000
83226  18.012  -1.204  -28.620 0.0000000000
131872  19.254  0.722  -30.764 0.0000000000
85045  17.956  0.899  -29.416 0.0000000000
85052  18.845  0.482  -30.270 0.0000000000
131590  20.477  -1.342  -31.188 0.0000000000
84143  19.426  -0.873  -30.365 0.0000000000
83246  19.915  -1.395  -30.597 0.0000000000
83233  19.876  -1.962  -30.240 0.0000000000
138546  20.390  -1.990  -30.693 0.0000000000
82342  20.886  -2.644  -30.763 0.0000000000
82341  21.649  -2.657  -31.336 0.0000000000
83242  24.989  -1.891  -31.595 0.0000000000
82338  24.273  -2.606  -31.623 0.0000000000
82337  25.182  -2.786  -31.530 0.0000000000
81398  25.324  -3.534  -31.440 0.0000000000
82351  26.837  -2.301  -31.810 0.0000000000
84161  28.079  -0.357  -32.785 0.0000000000
84170  28.449  -0.754  -34.896 0.0000000000
85069  28.337  0.045  -34.195 0.0000000000
129791  26.899  1.955  -31.428 0.0000000000
86959  27.926  2.127  -31.791 0.0000000000
135722  20.615  9.870  -32.041 0.0000000000
130754  21.155  9.756  -33.025 0.0000000000
92740  21.970  8.718  -33.104 0.0000000000
92732  20.704  8.659  -31.916 0.0000000000
91724  20.940  7.795  -32.083 0.0000000000
130921  20.680  6.903  -31.749 0.0000000000
91734  21.951  7.667  -32.646 0.0000000000
132185  23.700  8.828  -32.556 0.0000000000
140662  22.805  7.997  -32.752 0.0000000000
92738  23.441  8.094  -32.579 0.0000000000
92731  24.347  8.243  -32.054 0.0000000000
98504  24.081  15.353  -34.833 0.0000000000
97733  24.777  14.609  -34.317 0.0000000000
136657  24.945  13.984  -33.804 0.0000000000
96221  27.063  13.325  -34.011 0.0000000000
96984  27.162  13.410  -34.873 0.0000000000
96210  26.436  13.110  -33.390 0.0000000000
96211  25.262  12.918  -33.110 0.0000000000
96203  26.066  12.429  -32.716 0.0000000000
95363  25.693  11.567  -32.311 0.0000000000
94535  27.099  10.054  -31.751 0.0000000000
94536  26.080  10.072  -31.641 0.0000000000
93689  26.714  9.391  -31.461 0.0000000000
92730  25.317  8.431  -31.431 0.0000000000
92729  26.403  8.582  -31.240 0.0000000000
92728  27.390  8.789  -31.440 0.0000000000
92736  28.616  8.776  -32.408 0.0000000000
92743  28.953  8.544  -33.219 0.0000000000
91730  28.934  7.810  -32.590 0.0000000000
92746  28.939  8.332  -34.236 0.0000000000
73414  21.158  -11.100  -27.382 0.0000000000
73426  21.741  -10.714  -27.848 0.0000000000
73424  23.193  -11.325  -28.408 0.0000000000
129867  24.159  -11.728  -28.641 0.0000000000
137320  24.317  -12.536  -28.501 0.0000000000
72425  25.214  -12.490  -28.913 0.0000000000
76361  25.168  -9.304  -29.801 0.0000000000
126061  25.093  -9.968  -29.561 0.0000000000
75404  25.996  -9.987  -29.992 0.0000000000
73433  27.679  -12.144  -29.791 0.0000000000
73434  26.812  -11.792  -29.804 0.0000000000
129780  26.890  -12.640  -29.564 0.0000000000
72434  26.797  -13.446  -29.252 0.0000000000
72395  19.893  -12.533  -25.777 0.0000000000
71448  21.191  -13.062  -26.446 0.0000000000
71460  21.428  -12.480  -26.850 0.0000000000
72416  22.036  -12.293  -27.384 0.0000000000
135430  21.076  4.019  -32.358 0.0000000000
87913  20.823  3.142  -32.164 0.0000000000
140039  22.228  4.139  -32.517 0.0000000000
141546  23.249  4.135  -31.900 0.0000000000
140609  23.962  4.037  -31.500 0.0000000000
138367  24.776  3.928  -31.260 0.0000000000
88808  24.562  4.628  -31.358 0.0000000000
89723  25.233  5.280  -31.103 0.0000000000
96977  20.460  13.321  -33.528 0.0000000000
96990  20.575  13.032  -34.060 0.0000000000
96223  20.787  12.571  -34.176 0.0000000000
96989  20.805  13.211  -34.436 0.0000000000
139481  22.071  14.502  -35.068 0.0000000000
78355  25.719  -6.458  -30.591 0.0000000000
78369  26.851  -6.578  -30.869 0.0000000000
78368  27.879  -6.960  -31.614 0.0000000000
89727  19.529  5.377  -31.008 0.0000000000
90716  20.537  6.112  -31.719 0.0000000000
69373  19.879  -15.053  -24.832 0.0000000000
69358  19.626  -15.662  -24.237 0.0000000000
67413  20.862  -16.936  -24.815 0.0000000000
66453  23.684  -18.681  -25.003 0.0000000000
147788  24.009  -18.115  -25.464 0.0000000000
69397  24.776  -15.575  -27.477 0.0000000000
68386  24.967  -16.173  -27.128 0.0000000000
69396  25.439  -15.549  -27.502 0.0000000000
76308  17.669  -8.448  -26.003 0.0000000000
76307  18.150  -8.351  -26.469 0.0000000000
77283  18.472  -7.542  -26.757 0.0000000000
80389  18.886  -4.688  -27.777 0.0000000000
80399  19.996  -4.726  -28.827 0.0000000000
79398  20.600  -5.120  -29.296 0.0000000000
79412  21.335  -5.450  -29.767 0.0000000000
80407  20.965  -4.605  -29.848 0.0000000000
80421  21.851  -4.052  -30.775 0.0000000000
85015  16.629  0.864  -27.727 0.0000000000
85075  21.196  0.663  -32.196 0.0000000000
85063  19.747  0.091  -31.144 0.0000000000
84165  21.545  -0.172  -32.143 0.0000000000
84154  21.018  -0.835  -31.741 0.0000000000
83255  22.606  -1.233  -32.048 0.0000000000
83244  22.098  -1.884  -31.778 0.0000000000
144945  23.309  -1.514  -31.875 0.0000000000
133467  24.546  -1.214  -31.632 0.0000000000
83241  25.782  -1.490  -31.561 0.0000000000
83253  26.582  -1.537  -31.688 0.0000000000
84150  26.185  -0.826  -31.599 0.0000000000
85071  27.644  -0.023  -31.953 0.0000000000
138932  28.280  3.829  -31.644 0.0000000000
87909  28.132  3.101  -31.684 0.0000000000
87908  28.552  3.605  -32.338 0.0000000000
87922  28.723  3.395  -33.652 0.0000000000
93699  21.965  9.322  -33.341 0.0000000000
140424  22.315  8.202  -32.839 0.0000000000
93697  24.016  9.579  -32.547 0.0000000000
96209  27.575  12.544  -33.809 0.0000000000
95362  26.824  11.782  -32.559 0.0000000000
95370  27.791  11.824  -33.069 0.0000000000
94552  28.112  10.970  -32.824 0.0000000000
140690  27.887  9.809  -32.029 0.0000000000
93696  28.046  9.117  -31.865 0.0000000000
94541  28.389  10.119  -32.652 0.0000000000
151787  28.739  9.867  -33.276 0.0000000000
131645  21.374  -9.562  -27.988 0.0000000000
150104  21.703  -10.083  -28.077 0.0000000000
143699  22.227  -10.283  -28.319 0.0000000000
73423  23.847  -10.611  -28.867 0.0000000000
141389  27.149  -10.449  -30.425 0.0000000000
74471  28.002  -10.951  -30.597 0.0000000000
74461  28.210  -11.431  -30.253 0.0000000000
69371  21.845  -15.751  -25.770 0.0000000000
68376  22.739  -16.159  -26.228 0.0000000000
69386  23.326  -15.544  -26.717 0.0000000000
71447  21.932  -13.774  -26.614 0.0000000000
70406  23.466  -14.729  -27.215 0.0000000000
132597  24.381  -14.730  -27.670 0.0000000000
70416  25.021  -14.308  -28.291 0.0000000000
70415  25.819  -14.518  -28.394 0.0000000000
80377  18.131  -4.660  -26.799 0.0000000000
81359  18.002  -4.002  -26.876 0.0000000000
80376  18.385  -4.311  -27.322 0.0000000000
137943  18.628  -3.269  -28.257 0.0000000000
82322  18.688  -2.571  -28.663 0.0000000000
85984  17.543  1.921  -29.221 0.0000000000
85992  18.676  1.459  -30.388 0.0000000000
86002  20.121  1.518  -31.598 0.0000000000
86962  21.274  2.370  -32.300 0.0000000000
86012  20.826  1.476  -32.125 0.0000000000
86010  22.427  1.530  -32.187 0.0000000000
86001  23.735  1.351  -31.689 0.0000000000
86000  24.517  1.197  -31.584 0.0000000000
85999  25.419  1.122  -31.532 0.0000000000
139177  24.948  1.702  -31.483 0.0000000000
86942  26.150  2.650  -31.259 0.0000000000
87894  26.546  3.518  -31.039 0.0000000000
87893  27.602  3.678  -31.261 0.0000000000
88805  28.056  4.443  -31.340 0.0000000000
89737  28.583  5.260  -31.733 0.0000000000
90711  29.117  6.417  -32.812 0.0000000000
95382  20.955  11.942  -34.108 0.0000000000
134767  21.244  11.382  -33.952 0.0000000000
94553  21.606  10.864  -33.832 0.0000000000
95373  22.386  11.068  -33.727 0.0000000000
76363  23.210  -8.274  -29.724 0.0000000000
147820  23.746  -8.927  -29.620 0.0000000000
76362  24.050  -8.278  -29.970 0.0000000000
76376  25.027  -8.554  -29.967 0.0000000000
75414  26.041  -9.094  -30.188 0.0000000000
76375  26.793  -8.626  -30.639 0.0000000000
145284  27.081  -9.594  -30.646 0.0000000000
146405  28.136  -10.271  -31.018 0.0000000000
86918  17.362  2.822  -29.015 0.0000000000
87870  18.175  3.257  -30.117 0.0000000000
87899  19.519  3.633  -31.240 0.0000000000
88795  19.049  4.191  -30.746 0.0000000000
87898  20.315  3.841  -31.793 0.0000000000
88822  21.993  4.877  -32.619 0.0000000000
89738  22.854  5.521  -32.514 0.0000000000
90701  23.211  6.148  -32.508 0.0000000000
68373  25.062  -16.459  -26.540 0.0000000000
80415  27.438  -4.413  -31.804 0.0000000000
79419  27.587  -5.196  -31.676 0.0000000000
80429  28.153  -4.887  -32.278 0.0000000000
74434  19.316  -10.893  -26.570 0.0000000000
73402  20.041  -11.422  -26.586 0.0000000000
75383  20.633  -9.773  -27.581 0.0000000000
75384  19.276  -9.129  -27.085 0.0000000000
76327  20.112  -9.049  -27.522 0.0000000000
75394  21.561  -8.832  -28.395 0.0000000000
76364  21.731  -8.169  -28.868 0.0000000000
78319  18.431  -6.168  -26.821 0.0000000000
78335  19.599  -5.905  -28.055 0.0000000000
77296  19.781  -6.788  -27.887 0.0000000000
77306  21.351  -7.461  -28.806 0.0000000000
136341  21.875  -7.522  -29.337 0.0000000000
77305  22.342  -7.395  -29.690 0.0000000000
77318  23.200  -7.026  -30.337 0.0000000000
78357  23.630  -6.397  -30.651 0.0000000000
79411  21.996  -5.476  -30.349 0.0000000000
79409  24.079  -5.741  -30.930 0.0000000000
79408  25.024  -5.693  -30.776 0.0000000000
79421  25.240  -4.981  -30.999 0.0000000000
80417  25.463  -4.278  -31.269 0.0000000000
83195  16.994  -1.132  -27.349 0.0000000000
83194  17.377  -1.842  -27.440 0.0000000000
83213  18.217  -1.959  -28.480 0.0000000000
82321  19.213  -2.491  -29.273 0.0000000000
85032  17.644  0.186  -28.872 0.0000000000
141587  18.148  0.059  -29.383 0.0000000000
85051  19.332  -0.126  -30.573 0.0000000000
84134  18.541  -0.491  -29.583 0.0000000000
84135  18.073  -0.566  -29.030 0.0000000000
129434  18.450  -1.224  -29.162 0.0000000000
83224  19.402  -1.890  -29.758 0.0000000000
82331  19.742  -2.521  -29.797 0.0000000000
81390  20.728  -3.266  -30.329 0.0000000000
81401  21.382  -3.343  -30.784 0.0000000000
151315  21.948  -3.493  -31.161 0.0000000000
82340  22.549  -2.580  -31.643 0.0000000000
130849  23.011  -3.085  -31.613 0.0000000000
81399  23.083  -3.708  -31.488 0.0000000000
140532  24.670  -3.944  -31.448 0.0000000000
135421  26.105  -3.788  -31.382 0.0000000000
81408  26.921  -3.750  -31.662 0.0000000000
82350  27.275  -3.048  -32.087 0.0000000000
83252  27.446  -1.671  -32.162 0.0000000000
82349  28.202  -1.953  -32.984 0.0000000000
129655  26.519  1.065  -31.578 0.0000000000
85057  27.514  0.667  -31.840 0.0000000000
133545  28.243  2.023  -32.820 0.0000000000
137840  28.282  0.949  -33.881 0.0000000000
90703  20.237  6.541  -31.341 0.0000000000
90714  22.324  6.929  -32.656 0.0000000000
131052  21.978  6.241  -32.638 0.0000000000
136793  22.907  6.842  -32.641 0.0000000000
90713  23.563  6.788  -32.358 0.0000000000
133968  24.359  6.798  -31.745 0.0000000000
128021  23.304  14.602  -34.562 0.0000000000
96212  23.993  12.505  -33.293 0.0000000000
96986  25.769  14.162  -34.051 0.0000000000
96974  25.610  13.584  -33.579 0.0000000000
95364  24.524  11.221  -32.526 0.0000000000
94537  25.009  9.876  -31.900 0.0000000000
94543  26.605  10.881  -32.066 0.0000000000
91722  24.850  7.590  -31.493 0.0000000000
90699  25.354  6.842  -31.140 0.0000000000
129797  26.540  6.850  -30.924 0.0000000000
92737  28.241  8.290  -31.753 0.0000000000
90698  27.772  6.713  -31.192 0.0000000000
130964  28.992  6.981  -32.384 0.0000000000
90725  29.189  6.968  -33.312 0.0000000000
91749  29.035  7.470  -34.923 0.0000000000
128344  29.219  6.831  -34.567 0.0000000000
73415  20.660  -11.404  -26.925 0.0000000000
73425  22.367  -11.033  -28.120 0.0000000000
72427  22.598  -11.784  -27.920 0.0000000000
72415  22.957  -12.547  -27.755 0.0000000000
71471  23.818  -12.948  -28.138 0.0000000000
71470  24.870  -13.363  -28.514 0.0000000000
71468  26.352  -14.013  -28.808 0.0000000000
74464  24.378  -10.058  -29.317 0.0000000000
128650  24.938  -10.625  -29.337 0.0000000000
74462  26.510  -10.898  -29.932 0.0000000000
73435  25.819  -11.238  -29.551 0.0000000000
144345  26.179  -12.861  -29.303 0.0000000000
71467  27.026  -13.936  -28.813 0.0000000000
79418  28.421  -6.277  -32.138 0.0000000000
78367  28.966  -7.619  -32.507 0.0000000000
69384  25.491  -15.902  -26.947 0.0000000000
70396  20.669  -13.473  -25.883 0.0000000000
70413  26.787  -14.188  -28.140 0.0000000000
71469  25.609  -13.944  -28.626 0.0000000000
71476  27.375  -12.981  -29.364 0.0000000000
72405  20.195  -12.233  -26.168 0.0000000000
75405  24.406  -9.473  -29.564 0.0000000000
75407  22.451  -9.049  -28.973 0.0000000000
77304  22.842  -7.582  -29.897 0.0000000000
77319  22.577  -6.882  -30.098 0.0000000000
78358  22.891  -6.306  -30.529 0.0000000000
79420  26.728  -5.172  -31.193 0.0000000000
79422  24.465  -5.170  -31.040 0.0000000000
80419  23.855  -3.982  -31.502 0.0000000000
83243  24.052  -1.789  -31.710 0.0000000000
83256  21.806  -1.046  -32.035 0.0000000000
84144  18.958  -0.317  -30.075 0.0000000000
84156  19.850  -0.713  -30.880 0.0000000000
84160  28.332  -0.694  -33.698 0.0000000000
84166  20.862  -0.086  -31.902 0.0000000000
85061  24.067  0.670  -31.666 0.0000000000
85074  22.010  0.685  -32.314 0.0000000000
86009  23.072  1.471  -31.843 0.0000000000
86929  18.280  2.290  -30.129 0.0000000000
86963  20.523  2.286  -31.906 0.0000000000
87897  23.498  3.427  -31.629 0.0000000000
87912  21.689  3.372  -32.455 0.0000000000
88796  18.393  4.228  -30.301 0.0000000000
89739  22.280  5.559  -32.615 0.0000000000
91733  22.618  7.546  -32.702 0.0000000000
94542  27.634  10.519  -32.288 0.0000000000
94551  28.549  10.542  -33.358 0.0000000000
95376  20.665  12.496  -33.671 0.0000000000
130073  22.535  -17.262  -25.668 0.0000000000
131593  23.137  0.134  -32.050 0.0000000000
132871  22.628  -5.576  -30.640 0.0000000000
134155  18.447  0.960  -29.941 0.0000000000
135658  23.149  -4.462  -31.309 0.0000000000
136724  24.469  -3.366  -31.536 0.0000000000
140605  21.707  4.261  -32.528 0.0000000000
140755  19.711  0.876  -31.285 0.0000000000
141116  22.740  4.139  -32.285 0.0000000000
141553  23.088  2.871  -31.750 0.0000000000
141558  28.690  9.895  -34.073 0.0000000000
144547  20.897  -2.084  -31.145 0.0000000000
147597  24.669  -7.842  -30.199 0.0000000000
149067  19.532  -1.454  -30.179 0.0000000000
149444  22.787  -1.946  -31.840 0.0000000000
149508  24.291  0.190  -31.631 0.0000000000
149654  27.092  12.906  -33.571 0.0000000000
151230  28.357  9.448  -32.353 0.0000000000
151238  19.040  -3.011  -28.826 0.0000000000
151805  25.797  -16.276  -25.120 0.0000000000
