#!ascii label  , from subject sub-v1s11x0050155_ses-1 vox2ras=TkReg
1208
110309  -50.902  23.689  13.494 0.0000000000
122280  -51.907  40.250  11.097 0.0000000000
153433  -50.017  33.643  13.913 0.0000000000
154868  -56.085  28.343  5.853 0.0000000000
121742  -54.856  39.551  6.311 0.0000000000
117507  -55.057  33.743  5.544 0.0000000000
116752  -54.624  32.535  2.559 0.0000000000
114482  -49.106  30.106  5.910 0.0000000000
109406  -44.656  23.609  20.897 0.0000000000
111177  -49.501  25.556  15.898 0.0000000000
125779  -49.062  47.083  14.716 0.0000000000
144403  -50.185  43.483  10.037 0.0000000000
125284  -54.036  45.521  5.272 0.0000000000
113665  -55.601  28.580  14.466 0.0000000000
118276  -49.317  34.410  9.283 0.0000000000
115214  -56.121  30.195  9.796 0.0000000000
109532  -56.796  22.679  7.504 0.0000000000
140976  -48.868  24.947  0.226 0.0000000000
112962  -43.436  27.321  5.227 0.0000000000
111217  -49.909  25.044  11.095 0.0000000000
121775  -55.439  40.188  1.833 0.0000000000
120435  -56.450  36.953  3.020 0.0000000000
119729  -54.711  37.237  2.888 0.0000000000
145314  -52.321  33.917  4.529 0.0000000000
110270  -47.032  24.391  18.781 0.0000000000
111174  -46.502  25.663  15.945 0.0000000000
126297  -45.759  47.431  14.796 0.0000000000
124700  -52.059  44.373  7.655 0.0000000000
114399  -51.317  30.073  14.614 0.0000000000
115868  -53.321  32.432  15.455 0.0000000000
122839  -48.473  41.338  11.817 0.0000000000
121046  -49.913  38.312  9.649 0.0000000000
158916  -58.031  30.215  4.143 0.0000000000
115953  -55.643  31.069  7.052 0.0000000000
113716  -58.247  28.472  6.698 0.0000000000
112098  -58.034  26.378  9.971 0.0000000000
160976  -55.528  25.027  7.050 0.0000000000
110416  -52.992  23.695  4.731 0.0000000000
112954  -52.832  26.609  6.459 0.0000000000
112965  -46.600  27.328  5.038 0.0000000000
121718  -54.323  39.492  9.506 0.0000000000
120379  -53.139  37.411  8.757 0.0000000000
119717  -56.064  36.765  6.088 0.0000000000
117537  -57.366  33.450  2.705 0.0000000000
114519  -54.419  29.349  1.126 0.0000000000
114485  -52.752  29.826  5.500 0.0000000000
115999  -51.899  31.404  2.465 0.0000000000
116731  -48.415  32.701  4.492 0.0000000000
109408  -46.923  23.379  20.733 0.0000000000
109425  -49.178  23.686  18.462 0.0000000000
110287  -52.253  24.363  16.112 0.0000000000
125219  -43.148  45.453  13.578 0.0000000000
124654  -46.714  44.568  13.352 0.0000000000
124047  -49.522  43.267  13.278 0.0000000000
123423  -53.279  43.140  12.649 0.0000000000
155381  -53.385  42.410  8.870 0.0000000000
123492  -53.459  42.681  6.223 0.0000000000
123537  -54.508  43.292  1.752 0.0000000000
125306  -53.889  45.932  2.751 0.0000000000
112881  -48.677  27.600  13.290 0.0000000000
112073  -52.652  26.867  12.788 0.0000000000
158369  -55.504  24.200  13.357 0.0000000000
116668  -49.108  32.030  11.042 0.0000000000
118290  -52.288  34.522  7.689 0.0000000000
115940  -52.388  31.341  8.871 0.0000000000
115900  -53.817  32.173  12.599 0.0000000000
114428  -56.997  29.185  13.272 0.0000000000
110335  -58.609  23.884  12.389 0.0000000000
110360  -53.877  24.208  10.832 0.0000000000
111262  -51.640  25.120  8.075 0.0000000000
111306  -48.232  24.838  5.040 0.0000000000
154790  -44.901  24.882  3.215 0.0000000000
112977  -48.694  26.996  4.059 0.0000000000
112157  -44.863  26.816  1.422 0.0000000000
111314  -42.173  25.850  2.979 0.0000000000
109451  -50.113  23.035  15.220 0.0000000000
110308  -49.948  23.848  13.265 0.0000000000
110328  -50.535  24.111  12.629 0.0000000000
121774  -54.608  40.183  1.556 0.0000000000
121113  -55.140  38.573  1.838 0.0000000000
121106  -53.784  38.491  3.110 0.0000000000
119727  -53.059  36.833  4.733 0.0000000000
117436  -51.916  33.987  14.379 0.0000000000
122258  -50.129  40.918  11.451 0.0000000000
113743  -57.678  28.475  4.521 0.0000000000
114487  -58.407  29.168  5.316 0.0000000000
113728  -57.619  27.954  5.781 0.0000000000
112941  -57.274  27.196  7.077 0.0000000000
112939  -55.201  26.905  7.289 0.0000000000
112124  -53.559  25.683  6.370 0.0000000000
160323  -53.950  27.541  6.997 0.0000000000
157951  -54.737  39.414  8.267 0.0000000000
121077  -55.427  38.188  8.063 0.0000000000
121091  -55.893  38.155  6.633 0.0000000000
118341  -56.025  34.864  2.199 0.0000000000
159066  -56.759  35.487  2.710 0.0000000000
117543  -56.242  33.236  2.049 0.0000000000
148478  -56.362  30.756  1.895 0.0000000000
116012  -54.171  30.884  1.249 0.0000000000
115278  -52.926  30.191  1.474 0.0000000000
116751  -53.115  31.973  2.339 0.0000000000
156739  -50.093  33.048  3.981 0.0000000000
111159  -47.995  24.736  17.697 0.0000000000
154808  -48.713  24.283  18.402 0.0000000000
110282  -49.883  24.487  17.679 0.0000000000
109427  -50.538  23.939  17.676 0.0000000000
111169  -51.041  24.774  16.810 0.0000000000
125778  -47.620  46.914  14.604 0.0000000000
125785  -46.734  46.151  13.901 0.0000000000
125223  -47.211  45.425  13.683 0.0000000000
124033  -48.494  44.194  13.499 0.0000000000
124656  -49.640  44.975  13.898 0.0000000000
124052  -50.439  44.066  11.565 0.0000000000
124048  -52.067  44.500  12.846 0.0000000000
146858  -51.917  43.478  11.251 0.0000000000
123433  -53.441  42.772  10.519 0.0000000000
124066  -52.678  43.175  9.762 0.0000000000
125280  -53.073  45.698  6.590 0.0000000000
124702  -53.299  44.175  7.301 0.0000000000
124110  -53.941  43.946  5.344 0.0000000000
123509  -54.485  43.185  3.418 0.0000000000
124725  -54.402  44.670  3.452 0.0000000000
124735  -54.413  44.399  2.302 0.0000000000
125292  -54.119  46.160  3.577 0.0000000000
115151  -45.744  30.352  15.951 0.0000000000
114382  -44.338  29.817  15.233 0.0000000000
114394  -46.547  29.737  14.279 0.0000000000
112879  -46.921  27.962  13.621 0.0000000000
114411  -47.854  29.386  13.625 0.0000000000
114416  -52.776  29.589  13.930 0.0000000000
113679  -52.317  28.405  12.536 0.0000000000
138334  -53.849  27.913  12.504 0.0000000000
112063  -53.646  26.076  13.219 0.0000000000
112074  -55.249  26.395  12.653 0.0000000000
118980  -47.679  35.162  9.765 0.0000000000
117464  -47.595  33.570  10.344 0.0000000000
116682  -49.247  32.837  9.677 0.0000000000
140839  -54.445  35.139  6.498 0.0000000000
118997  -52.990  35.457  7.622 0.0000000000
117497  -53.516  33.661  6.625 0.0000000000
115221  -55.925  30.496  8.467 0.0000000000
115942  -54.311  31.033  8.038 0.0000000000
115212  -54.768  30.576  9.626 0.0000000000
137063  -53.130  31.150  10.877 0.0000000000
115914  -54.737  31.311  11.631 0.0000000000
115902  -55.676  31.249  12.787 0.0000000000
114433  -56.728  29.673  11.770 0.0000000000
110386  -58.419  23.226  8.336 0.0000000000
112092  -58.657  25.133  10.943 0.0000000000
109511  -58.468  22.660  10.414 0.0000000000
109498  -56.777  23.329  11.621 0.0000000000
109519  -55.760  23.388  9.477 0.0000000000
111249  -52.626  24.884  9.406 0.0000000000
110384  -54.247  23.269  7.064 0.0000000000
110448  -51.175  24.401  2.311 0.0000000000
111320  -49.787  24.432  4.223 0.0000000000
136118  -48.208  24.506  2.793 0.0000000000
111317  -46.652  24.705  4.198 0.0000000000
111333  -46.562  24.779  1.372 0.0000000000
140741  -50.921  29.646  6.006 0.0000000000
112952  -50.521  28.132  6.070 0.0000000000
113735  -49.572  28.593  5.834 0.0000000000
112964  -45.525  27.216  5.142 0.0000000000
112974  -45.612  27.082  3.873 0.0000000000
139322  -44.580  27.139  2.565 0.0000000000
111344  -43.773  26.211  1.486 0.0000000000
112140  -42.565  26.985  3.008 0.0000000000
112138  -41.346  26.401  3.848 0.0000000000
108620  -47.732  22.507  17.990 0.0000000000
111230  -48.531  25.551  10.438 0.0000000000
121750  -55.236  39.646  4.246 0.0000000000
121751  -55.605  38.845  4.780 0.0000000000
121114  -55.718  38.619  2.555 0.0000000000
119738  -55.807  37.188  2.323 0.0000000000
119038  -55.197  35.376  3.046 0.0000000000
117535  -53.759  33.109  3.375 0.0000000000
119037  -54.102  35.344  4.042 0.0000000000
159020  -45.518  24.207  19.702 0.0000000000
146300  -45.445  24.469  18.838 0.0000000000
111175  -47.423  25.657  15.935 0.0000000000
126826  -48.937  48.854  14.792 0.0000000000
124694  -51.185  43.872  8.195 0.0000000000
161563  -52.260  46.639  6.387 0.0000000000
125833  -53.030  47.239  5.665 0.0000000000
115170  -49.855  30.283  15.087 0.0000000000
115173  -52.845  30.564  15.659 0.0000000000
136402  -54.517  29.827  15.408 0.0000000000
158308  -49.513  36.386  9.305 0.0000000000
116723  -56.848  32.168  4.789 0.0000000000
115971  -55.374  31.990  5.759 0.0000000000
115964  -57.830  30.594  5.689 0.0000000000
115233  -58.044  29.959  6.930 0.0000000000
114456  -57.744  29.249  8.173 0.0000000000
113699  -57.262  28.385  10.013 0.0000000000
158654  -57.718  27.262  8.760 0.0000000000
140465  -57.679  25.128  8.237 0.0000000000
110402  -56.553  22.970  6.679 0.0000000000
110400  -54.195  23.273  5.890 0.0000000000
110419  -54.215  23.553  5.744 0.0000000000
111310  -52.962  24.093  4.436 0.0000000000
112161  -50.924  25.147  2.073 0.0000000000
145163  -48.065  28.938  5.774 0.0000000000
116643  -48.043  33.213  13.390 0.0000000000
121691  -53.661  39.763  10.822 0.0000000000
121048  -52.188  38.552  9.554 0.0000000000
121050  -54.246  38.527  9.213 0.0000000000
119691  -54.929  36.824  7.589 0.0000000000
118313  -55.326  35.279  5.915 0.0000000000
120418  -56.404  36.719  5.041 0.0000000000
118314  -56.608  35.910  4.691 0.0000000000
117522  -57.045  33.923  4.137 0.0000000000
137683  -57.615  32.115  3.546 0.0000000000
157068  -57.002  29.478  2.636 0.0000000000
142992  -55.545  28.904  3.174 0.0000000000
114474  -54.491  29.104  5.695 0.0000000000
114492  -54.084  29.570  3.661 0.0000000000
115256  -52.337  30.616  3.484 0.0000000000
115247  -50.214  31.027  5.186 0.0000000000
117534  -51.727  32.438  3.232 0.0000000000
115998  -50.529  32.209  3.735 0.0000000000
109419  -47.162  23.700  20.023 0.0000000000
162337  -47.646  23.544  19.675 0.0000000000
108621  -48.313  22.936  18.811 0.0000000000
108631  -48.976  22.728  17.712 0.0000000000
109438  -51.012  23.285  16.248 0.0000000000
109453  -52.169  23.383  15.321 0.0000000000
124029  -43.910  44.085  13.013 0.0000000000
124653  -45.171  44.634  13.184 0.0000000000
124030  -45.390  43.769  12.909 0.0000000000
123416  -47.447  42.562  12.588 0.0000000000
122829  -48.920  42.018  12.331 0.0000000000
122831  -51.073  41.909  12.541 0.0000000000
125788  -50.372  46.554  13.782 0.0000000000
151243  -50.930  45.448  13.689 0.0000000000
123407  -52.214  43.378  13.440 0.0000000000
122843  -52.983  41.469  12.451 0.0000000000
122851  -54.101  41.253  11.584 0.0000000000
149187  -53.813  41.515  9.691 0.0000000000
122881  -53.301  41.459  7.852 0.0000000000
124082  -52.962  43.878  8.021 0.0000000000
123477  -53.210  42.454  7.375 0.0000000000
122346  -53.920  40.943  5.904 0.0000000000
122898  -54.441  41.169  4.394 0.0000000000
122928  -55.054  41.317  1.561 0.0000000000
123535  -53.868  42.917  1.491 0.0000000000
124130  -53.321  43.640  1.986 0.0000000000
126371  -53.692  47.432  3.779 0.0000000000
149366  -47.688  26.621  14.487 0.0000000000
112048  -49.323  26.115  14.858 0.0000000000
114424  -50.431  29.305  12.951 0.0000000000
112883  -50.270  27.120  13.034 0.0000000000
112049  -50.797  26.069  14.526 0.0000000000
111194  -52.697  25.382  14.858 0.0000000000
110293  -54.035  24.219  14.805 0.0000000000
159226  -53.430  23.423  13.615 0.0000000000
116655  -49.194  32.192  12.435 0.0000000000
120367  -51.631  37.780  9.243 0.0000000000
119673  -50.839  36.050  8.828 0.0000000000
118281  -50.742  34.240  8.509 0.0000000000
115960  -54.067  31.862  6.751 0.0000000000
116692  -52.116  32.175  7.880 0.0000000000
116684  -50.347  32.450  9.023 0.0000000000
115930  -50.739  31.651  9.696 0.0000000000
115911  -51.270  31.449  11.472 0.0000000000
153123  -51.711  32.587  13.188 0.0000000000
138614  -53.437  33.246  14.096 0.0000000000
115879  -55.459  30.843  14.713 0.0000000000
114418  -56.345  29.051  14.930 0.0000000000
113690  -57.289  28.219  11.398 0.0000000000
112897  -57.732  26.950  13.202 0.0000000000
112076  -57.368  25.937  13.028 0.0000000000
110333  -57.524  23.967  12.615 0.0000000000
109497  -55.657  23.582  12.347 0.0000000000
110347  -52.831  24.109  12.015 0.0000000000
110358  -52.030  24.599  11.331 0.0000000000
146400  -51.073  25.407  10.040 0.0000000000
111260  -49.787  25.792  7.986 0.0000000000
111292  -51.980  23.884  5.582 0.0000000000
111275  -49.551  25.405  6.847 0.0000000000
111274  -47.622  25.724  7.663 0.0000000000
142466  -46.997  25.009  6.025 0.0000000000
110429  -45.292  24.688  5.586 0.0000000000
148003  -52.090  28.278  6.531 0.0000000000
112134  -50.575  26.429  4.509 0.0000000000
112160  -48.753  26.167  1.073 0.0000000000
157790  -47.447  27.363  4.636 0.0000000000
112143  -46.881  26.788  2.492 0.0000000000
112169  -46.601  26.183  0.059 0.0000000000
111346  -44.985  25.603  0.753 0.0000000000
151486  -43.966  25.330  2.212 0.0000000000
109474  -50.494  23.378  14.254 0.0000000000
109473  -49.324  23.508  14.015 0.0000000000
110329  -51.426  23.874  12.897 0.0000000000
121112  -54.465  38.775  2.199 0.0000000000
121760  -53.888  39.371  2.416 0.0000000000
117422  -50.805  34.245  14.765 0.0000000000
117435  -51.222  34.099  14.333 0.0000000000
122279  -50.694  40.301  10.869 0.0000000000
143924  -50.274  39.683  10.426 0.0000000000
121689  -51.216  39.702  10.430 0.0000000000
113737  -56.701  28.354  5.040 0.0000000000
113738  -57.578  28.194  5.074 0.0000000000
113727  -56.946  27.954  5.734 0.0000000000
112957  -57.072  27.610  6.405 0.0000000000
112956  -55.909  27.739  6.552 0.0000000000
112955  -54.659  27.672  6.890 0.0000000000
113726  -55.121  28.456  6.219 0.0000000000
122322  -54.239  39.996  7.724 0.0000000000
142929  -54.925  39.317  7.371 0.0000000000
121743  -55.403  38.895  6.611 0.0000000000
117536  -55.771  33.731  2.302 0.0000000000
148982  -56.342  34.242  2.169 0.0000000000
117542  -55.608  32.707  2.180 0.0000000000
116762  -55.833  32.176  1.981 0.0000000000
116761  -54.890  31.777  1.925 0.0000000000
116760  -53.649  31.439  1.707 0.0000000000
141176  -45.644  23.672  21.042 0.0000000000
111167  -49.205  25.104  16.851 0.0000000000
110281  -48.969  24.637  17.697 0.0000000000
111168  -50.171  24.952  16.930 0.0000000000
149281  -50.425  25.313  16.271 0.0000000000
125786  -47.987  46.208  14.221 0.0000000000
149771  -49.085  46.293  14.349 0.0000000000
153822  -48.370  45.576  13.941 0.0000000000
125224  -49.619  45.816  14.146 0.0000000000
124058  -49.803  43.653  10.544 0.0000000000
124051  -49.399  44.112  11.231 0.0000000000
124053  -51.532  44.038  11.961 0.0000000000
124059  -50.801  43.488  10.727 0.0000000000
124060  -52.696  43.208  10.818 0.0000000000
136342  -51.679  43.277  10.147 0.0000000000
163671  -53.473  45.458  6.395 0.0000000000
149628  -53.751  45.200  6.048 0.0000000000
147510  -54.123  44.766  5.026 0.0000000000
145612  -54.259  45.480  4.168 0.0000000000
150168  -54.058  46.147  4.799 0.0000000000
115152  -46.653  30.364  15.965 0.0000000000
115167  -47.009  30.177  14.992 0.0000000000
115166  -46.109  30.123  15.016 0.0000000000
114395  -47.401  29.874  14.149 0.0000000000
114410  -46.990  29.289  13.754 0.0000000000
114417  -54.165  29.245  14.289 0.0000000000
113664  -53.685  28.677  12.932 0.0000000000
139372  -55.115  27.856  13.016 0.0000000000
140664  -54.606  27.145  12.505 0.0000000000
112895  -55.896  27.053  12.949 0.0000000000
118981  -48.436  35.713  9.519 0.0000000000
146592  -48.570  34.837  9.496 0.0000000000
147237  -48.667  34.011  9.580 0.0000000000
117474  -49.277  33.586  9.396 0.0000000000
146344  -54.758  34.409  5.876 0.0000000000
118300  -54.048  34.260  6.323 0.0000000000
117498  -54.312  33.451  6.006 0.0000000000
147209  -56.600  30.085  9.075 0.0000000000
115213  -55.638  30.419  9.277 0.0000000000
142926  -55.487  30.432  10.057 0.0000000000
115203  -54.993  30.772  10.722 0.0000000000
115204  -55.798  30.481  10.793 0.0000000000
115197  -56.190  30.424  11.683 0.0000000000
115205  -56.355  30.053  10.727 0.0000000000
109533  -57.744  22.714  7.914 0.0000000000
109523  -58.882  22.809  9.076 0.0000000000
142001  -57.672  22.567  8.469 0.0000000000
109521  -57.856  22.539  9.647 0.0000000000
109531  -55.814  22.848  8.012 0.0000000000
110373  -55.039  23.491  8.719 0.0000000000
110385  -54.994  23.018  7.456 0.0000000000
110446  -49.820  24.602  1.190 0.0000000000
110437  -49.491  24.451  2.338 0.0000000000
111335  -48.620  24.562  1.286 0.0000000000
111334  -47.562  24.586  1.707 0.0000000000
111348  -47.511  24.918  0.322 0.0000000000
164012  -50.251  29.744  5.922 0.0000000000
114483  -50.274  29.078  6.132 0.0000000000
150453  -48.910  29.307  5.905 0.0000000000
112963  -44.479  27.250  5.205 0.0000000000
112133  -44.502  27.229  3.911 0.0000000000
112132  -43.377  27.340  3.922 0.0000000000
112141  -43.494  27.175  2.704 0.0000000000
112131  -42.420  27.281  4.063 0.0000000000
112961  -42.487  27.332  5.307 0.0000000000
108630  -48.101  22.504  17.228 0.0000000000
110343  -48.612  24.864  11.746 0.0000000000
111216  -49.033  25.191  11.102 0.0000000000
121761  -55.458  39.962  2.751 0.0000000000
121762  -55.623  39.136  3.352 0.0000000000
121776  -55.536  39.614  2.131 0.0000000000
120433  -55.205  37.778  2.167 0.0000000000
120440  -55.511  37.811  2.169 0.0000000000
119732  -55.574  37.088  2.380 0.0000000000
119039  -55.745  36.127  2.388 0.0000000000
119033  -54.962  36.311  3.117 0.0000000000
142986  -52.291  36.191  5.323 0.0000000000
110268  -44.526  24.653  18.406 0.0000000000
148298  -47.170  25.179  16.768 0.0000000000
153580  -48.795  48.423  15.259 0.0000000000
125279  -52.143  45.980  6.683 0.0000000000
126348  -51.283  47.360  6.175 0.0000000000
126347  -50.205  47.528  6.130 0.0000000000
115867  -52.600  32.217  15.849 0.0000000000
115158  -52.310  31.270  15.986 0.0000000000
115159  -53.220  31.419  15.791 0.0000000000
115174  -53.846  30.560  15.657 0.0000000000
115877  -54.102  31.548  15.445 0.0000000000
122838  -47.557  41.190  11.809 0.0000000000
120365  -49.721  37.404  9.439 0.0000000000
115974  -57.919  30.614  4.785 0.0000000000
115973  -57.322  31.308  5.216 0.0000000000
115251  -58.289  30.010  5.342 0.0000000000
114475  -58.468  29.191  6.331 0.0000000000
114464  -58.155  29.279  7.249 0.0000000000
115223  -57.589  29.893  7.788 0.0000000000
113712  -58.104  28.548  7.643 0.0000000000
113706  -57.704  28.346  8.687 0.0000000000
144075  -57.910  27.886  7.987 0.0000000000
153638  -56.575  26.434  7.432 0.0000000000
112115  -57.495  26.191  8.049 0.0000000000
111281  -56.337  25.247  7.397 0.0000000000
111282  -56.810  23.875  7.123 0.0000000000
139380  -55.857  23.602  6.590 0.0000000000
111280  -55.031  24.136  6.324 0.0000000000
163364  -53.106  25.634  6.046 0.0000000000
111293  -53.433  24.450  5.239 0.0000000000
112135  -52.269  25.158  4.603 0.0000000000
111322  -51.754  24.466  3.094 0.0000000000
112147  -51.697  25.222  3.897 0.0000000000
121692  -54.152  39.903  10.437 0.0000000000
142533  -53.800  39.387  10.157 0.0000000000
121705  -54.186  39.189  9.699 0.0000000000
162869  -55.525  37.822  7.899 0.0000000000
120381  -55.157  37.718  8.198 0.0000000000
119692  -55.491  37.423  7.604 0.0000000000
119011  -55.167  35.894  6.500 0.0000000000
119012  -55.747  36.117  6.054 0.0000000000
120434  -56.248  37.648  3.354 0.0000000000
120427  -56.297  37.535  4.863 0.0000000000
120428  -56.517  37.053  4.032 0.0000000000
118342  -57.364  34.341  2.898 0.0000000000
119034  -56.974  35.532  3.630 0.0000000000
118332  -57.263  34.604  3.648 0.0000000000
118331  -56.719  34.911  4.523 0.0000000000
117523  -57.416  33.714  3.462 0.0000000000
116734  -57.282  32.803  4.010 0.0000000000
116753  -57.574  32.552  2.901 0.0000000000
115280  -55.343  29.586  1.210 0.0000000000
154967  -57.064  30.527  2.369 0.0000000000
114521  -56.279  29.009  2.255 0.0000000000
114507  -55.874  28.838  2.554 0.0000000000
114506  -54.728  29.037  2.107 0.0000000000
153827  -54.638  29.203  3.051 0.0000000000
115268  -52.211  30.767  2.137 0.0000000000
115269  -52.818  30.260  2.492 0.0000000000
115267  -51.773  31.176  2.910 0.0000000000
115255  -51.548  31.075  4.032 0.0000000000
117521  -52.595  33.157  3.826 0.0000000000
159019  -52.595  32.404  3.016 0.0000000000
117520  -51.621  33.152  4.055 0.0000000000
116732  -49.288  32.699  4.257 0.0000000000
116747  -50.017  32.720  4.006 0.0000000000
110269  -46.366  24.380  18.994 0.0000000000
110258  -46.334  24.168  19.648 0.0000000000
110259  -47.007  24.132  19.460 0.0000000000
109423  -48.605  23.895  18.877 0.0000000000
109422  -48.005  23.635  19.282 0.0000000000
108616  -48.428  23.496  18.885 0.0000000000
108615  -47.838  23.291  19.472 0.0000000000
108622  -48.937  23.139  18.457 0.0000000000
108632  -49.572  23.275  18.048 0.0000000000
109431  -51.409  23.808  16.810 0.0000000000
109430  -50.867  23.592  17.163 0.0000000000
109439  -51.865  23.651  16.149 0.0000000000
109452  -51.242  23.185  15.289 0.0000000000
109440  -52.482  23.841  15.747 0.0000000000
125218  -42.449  45.502  13.725 0.0000000000
138766  -41.712  45.219  13.714 0.0000000000
124650  -42.546  44.808  13.422 0.0000000000
124028  -42.935  43.991  13.066 0.0000000000
124651  -43.471  44.764  13.291 0.0000000000
147840  -45.282  47.917  15.351 0.0000000000
125776  -45.136  46.750  14.182 0.0000000000
125222  -45.992  45.258  13.454 0.0000000000
163826  -45.897  44.396  13.186 0.0000000000
124031  -46.360  43.782  13.040 0.0000000000
124043  -46.061  43.032  12.724 0.0000000000
124044  -46.928  43.171  12.834 0.0000000000
124046  -48.767  43.488  13.257 0.0000000000
123417  -48.519  42.738  12.744 0.0000000000
149824  -49.402  42.613  12.782 0.0000000000
122830  -49.976  42.140  12.515 0.0000000000
123405  -50.265  42.915  13.215 0.0000000000
125226  -50.695  46.048  13.617 0.0000000000
124666  -51.177  45.543  13.343 0.0000000000
124038  -52.867  43.672  13.080 0.0000000000
124037  -52.475  43.851  13.331 0.0000000000
123408  -52.710  43.400  13.263 0.0000000000
122832  -52.271  42.055  12.802 0.0000000000
122833  -53.127  42.304  12.823 0.0000000000
122261  -53.650  40.888  11.979 0.0000000000
122844  -53.692  41.869  12.349 0.0000000000
123443  -53.482  42.463  9.658 0.0000000000
123434  -54.020  41.848  10.709 0.0000000000
149976  -53.687  40.919  8.851 0.0000000000
122870  -53.442  41.753  8.718 0.0000000000
124073  -52.203  43.720  8.280 0.0000000000
150828  -53.583  43.525  6.000 0.0000000000
148870  -53.356  43.459  7.071 0.0000000000
122889  -53.378  41.652  6.614 0.0000000000
122897  -53.896  41.914  5.288 0.0000000000
123523  -54.725  42.883  2.212 0.0000000000
122916  -54.941  42.090  1.980 0.0000000000
122915  -54.668  41.583  1.440 0.0000000000
150657  -54.568  42.363  1.645 0.0000000000
123536  -54.322  43.046  1.546 0.0000000000
124747  -54.037  44.943  2.261 0.0000000000
146884  -54.289  44.051  1.803 0.0000000000
124746  -53.598  44.609  2.025 0.0000000000
125320  -53.508  45.672  2.424 0.0000000000
126359  -53.452  47.576  4.791 0.0000000000
151971  -45.672  27.399  14.220 0.0000000000
112880  -47.781  27.808  13.464 0.0000000000
112867  -47.301  27.258  13.899 0.0000000000
112058  -48.159  27.103  13.856 0.0000000000
112047  -48.520  26.480  14.525 0.0000000000
112059  -49.129  26.776  13.891 0.0000000000
114398  -50.401  30.115  14.402 0.0000000000
114413  -49.781  29.671  13.467 0.0000000000
114414  -50.789  29.771  13.600 0.0000000000
112893  -51.782  27.581  12.605 0.0000000000
144998  -50.946  27.904  12.561 0.0000000000
112072  -51.720  26.760  13.142 0.0000000000
112071  -50.882  26.671  13.498 0.0000000000
112061  -51.728  26.089  14.145 0.0000000000
111184  -51.775  25.520  15.186 0.0000000000
112062  -52.619  26.132  13.695 0.0000000000
111195  -55.166  24.516  13.566 0.0000000000
144258  -54.243  24.917  14.240 0.0000000000
110312  -54.576  24.187  14.249 0.0000000000
109455  -53.801  23.785  14.864 0.0000000000
109477  -54.697  23.652  13.869 0.0000000000
116674  -47.873  32.909  10.804 0.0000000000
116654  -48.266  32.591  12.580 0.0000000000
120368  -52.669  37.946  9.177 0.0000000000
120378  -52.166  37.188  8.886 0.0000000000
118283  -52.253  35.471  8.065 0.0000000000
118282  -51.554  34.851  8.213 0.0000000000
142780  -50.890  35.184  8.560 0.0000000000
118289  -51.550  34.003  8.041 0.0000000000
115962  -55.951  31.340  6.226 0.0000000000
115961  -54.982  31.594  6.471 0.0000000000
115952  -54.651  31.297  7.255 0.0000000000
115941  -53.207  31.316  8.290 0.0000000000
115950  -52.818  31.838  7.720 0.0000000000
158400  -52.391  31.680  8.227 0.0000000000
116690  -50.974  32.482  8.554 0.0000000000
115939  -51.638  31.859  8.505 0.0000000000
152321  -50.350  31.995  9.425 0.0000000000
115931  -51.575  31.476  9.350 0.0000000000
147891  -53.083  31.686  12.064 0.0000000000
115912  -52.179  31.334  11.242 0.0000000000
115899  -52.170  31.953  12.515 0.0000000000
115898  -51.107  31.880  12.544 0.0000000000
153655  -53.128  32.575  12.943 0.0000000000
162181  -53.134  33.214  13.603 0.0000000000
116658  -53.770  32.788  13.405 0.0000000000
115190  -56.200  30.554  13.495 0.0000000000
115889  -55.672  31.133  13.862 0.0000000000
115183  -56.044  30.107  14.697 0.0000000000
113667  -56.991  28.475  14.390 0.0000000000
112919  -57.600  27.554  9.564 0.0000000000
112911  -57.640  27.340  10.764 0.0000000000
111234  -59.079  24.199  11.560 0.0000000000
112085  -58.645  25.188  12.148 0.0000000000
111219  -58.252  25.202  12.739 0.0000000000
112896  -57.319  26.961  13.388 0.0000000000
138009  -57.894  25.272  12.928 0.0000000000
111205  -57.416  24.778  12.824 0.0000000000
110334  -58.212  23.814  12.420 0.0000000000
109508  -55.689  23.545  10.936 0.0000000000
154053  -56.708  23.582  12.343 0.0000000000
110349  -54.652  23.787  11.479 0.0000000000
110331  -54.484  23.566  12.655 0.0000000000
110348  -53.705  23.975  11.814 0.0000000000
110359  -53.054  24.463  11.054 0.0000000000
111263  -52.590  24.621  8.148 0.0000000000
111248  -51.788  25.189  9.239 0.0000000000
155769  -51.058  25.435  9.179 0.0000000000
111261  -50.544  25.581  8.637 0.0000000000
155537  -53.517  23.456  5.106 0.0000000000
110399  -53.451  23.350  5.644 0.0000000000
110398  -52.837  23.508  5.601 0.0000000000
143620  -49.073  24.712  4.862 0.0000000000
111290  -49.815  24.880  5.810 0.0000000000
111289  -48.854  25.049  5.724 0.0000000000
137454  -48.393  25.474  6.755 0.0000000000
111288  -47.308  25.295  6.778 0.0000000000
153477  -47.810  25.125  5.964 0.0000000000
137041  -45.898  24.793  2.755 0.0000000000
163317  -45.776  24.716  4.121 0.0000000000
110436  -45.112  24.723  4.571 0.0000000000
114473  -53.391  29.232  6.094 0.0000000000
114472  -52.407  29.148  6.287 0.0000000000
141486  -49.945  27.536  5.380 0.0000000000
112969  -50.678  27.169  5.499 0.0000000000
112145  -49.954  26.453  3.602 0.0000000000
136427  -49.341  26.330  2.593 0.0000000000
112966  -47.440  28.069  5.417 0.0000000000
112142  -45.705  26.965  2.484 0.0000000000
112158  -45.992  26.624  1.142 0.0000000000
112159  -47.322  26.496  1.035 0.0000000000
111356  -45.695  25.896  0.108 0.0000000000
112168  -45.312  26.276  0.610 0.0000000000
111330  -42.849  26.041  2.110 0.0000000000
111331  -43.613  25.781  1.653 0.0000000000
146105  -43.029  25.638  2.449 0.0000000000
111315  -42.792  25.461  3.363 0.0000000000
137697  -49.234  22.913  15.520 0.0000000000
109450  -49.122  23.136  14.749 0.0000000000
142350  -48.294  23.720  13.546 0.0000000000
122385  -55.237  40.500  1.559 0.0000000000
121788  -55.321  39.993  1.677 0.0000000000
121123  -54.878  39.441  1.627 0.0000000000
120432  -54.527  38.057  2.539 0.0000000000
119728  -54.066  36.547  4.049 0.0000000000
120426  -53.759  37.588  3.807 0.0000000000
116623  -51.993  33.176  15.674 0.0000000000
116624  -52.762  33.101  15.410 0.0000000000
122257  -49.032  40.752  11.377 0.0000000000
122278  -49.565  40.114  10.775 0.0000000000
114496  -58.002  28.921  4.378 0.0000000000
158992  -58.068  28.478  4.941 0.0000000000
113729  -58.208  28.303  5.700 0.0000000000
112958  -57.842  27.826  6.395 0.0000000000
112942  -57.851  27.837  7.281 0.0000000000
112940  -56.313  27.038  7.094 0.0000000000
112113  -55.750  26.113  7.360 0.0000000000
112112  -54.927  25.733  7.106 0.0000000000
112938  -54.186  26.616  7.083 0.0000000000
138362  -53.348  27.309  6.833 0.0000000000
121051  -54.616  38.970  9.270 0.0000000000
121731  -55.140  38.826  8.208 0.0000000000
121090  -55.504  38.508  7.489 0.0000000000
119707  -55.948  37.431  6.748 0.0000000000
119740  -56.232  35.990  2.346 0.0000000000
119733  -56.615  36.213  2.889 0.0000000000
119044  -56.405  35.258  2.349 0.0000000000
118345  -56.637  34.556  2.286 0.0000000000
117544  -56.817  33.604  2.181 0.0000000000
116764  -57.186  32.580  2.411 0.0000000000
116763  -56.545  32.509  2.049 0.0000000000
116013  -55.195  31.178  1.578 0.0000000000
115290  -54.811  29.962  0.946 0.0000000000
160116  -53.745  29.504  1.448 0.0000000000
116011  -53.142  30.602  1.155 0.0000000000
116750  -52.072  31.669  2.312 0.0000000000
117519  -50.710  33.211  4.135 0.0000000000
109407  -46.349  23.379  21.291 0.0000000000
110271  -47.949  24.340  18.616 0.0000000000
110279  -49.500  24.089  18.334 0.0000000000
109426  -49.949  23.833  18.079 0.0000000000
110280  -50.179  24.118  17.957 0.0000000000
110284  -51.088  24.115  17.202 0.0000000000
110285  -51.622  24.312  16.627 0.0000000000
125774  -42.825  46.028  13.940 0.0000000000
126298  -47.100  47.672  15.124 0.0000000000
125777  -46.284  46.824  14.337 0.0000000000
124032  -47.314  43.920  13.233 0.0000000000
124655  -47.761  44.758  13.563 0.0000000000
124034  -49.644  44.121  13.657 0.0000000000
140480  -49.173  44.843  11.611 0.0000000000
145437  -51.619  44.895  13.237 0.0000000000
124673  -51.259  44.946  12.624 0.0000000000
124054  -52.377  43.918  12.276 0.0000000000
124055  -52.907  43.613  12.509 0.0000000000
123426  -53.351  43.078  11.749 0.0000000000
124067  -53.212  43.004  9.451 0.0000000000
125274  -52.597  45.148  7.088 0.0000000000
124701  -52.954  44.516  7.389 0.0000000000
124706  -53.336  44.986  6.832 0.0000000000
149157  -53.634  44.343  6.303 0.0000000000
123508  -54.025  43.053  4.891 0.0000000000
124122  -54.312  43.922  4.135 0.0000000000
124123  -54.582  43.785  2.561 0.0000000000
124131  -54.509  43.863  1.912 0.0000000000
124734  -54.253  45.335  2.933 0.0000000000
115858  -46.722  31.740  17.272 0.0000000000
115145  -46.276  30.841  16.765 0.0000000000
115150  -44.831  30.311  15.995 0.0000000000
114383  -45.223  30.007  15.109 0.0000000000
113659  -46.036  28.223  13.855 0.0000000000
113660  -46.701  28.668  13.681 0.0000000000
113661  -47.421  28.623  13.504 0.0000000000
113662  -48.386  28.571  13.222 0.0000000000
114415  -51.728  29.736  13.736 0.0000000000
114427  -52.986  29.012  12.989 0.0000000000
160702  -53.066  28.342  12.578 0.0000000000
137956  -53.590  27.016  12.529 0.0000000000
164357  -54.344  26.520  12.663 0.0000000000
111203  -54.773  25.644  13.073 0.0000000000
111204  -55.762  25.431  12.926 0.0000000000
118271  -47.254  34.375  10.158 0.0000000000
117472  -48.216  33.666  9.922 0.0000000000
116675  -48.668  32.679  10.359 0.0000000000
119690  -53.895  36.286  7.687 0.0000000000
119689  -52.918  36.155  8.083 0.0000000000
118998  -53.734  35.391  7.142 0.0000000000
118291  -53.056  34.770  7.281 0.0000000000
117491  -52.849  33.939  7.158 0.0000000000
115231  -56.286  30.640  7.663 0.0000000000
115230  -55.315  30.791  7.841 0.0000000000
115220  -55.018  30.615  8.659 0.0000000000
115219  -54.018  30.815  8.833 0.0000000000
115211  -53.772  30.790  9.587 0.0000000000
115932  -52.875  31.016  9.682 0.0000000000
115202  -53.615  30.873  10.257 0.0000000000
115924  -54.114  31.025  10.919 0.0000000000
115913  -53.917  31.520  11.763 0.0000000000
137508  -54.519  31.837  12.387 0.0000000000
141114  -55.141  31.535  12.303 0.0000000000
148311  -56.074  30.753  12.464 0.0000000000
115191  -56.518  30.089  12.789 0.0000000000
111250  -58.505  24.928  9.622 0.0000000000
111251  -59.043  23.951  10.395 0.0000000000
110362  -59.101  23.350  10.853 0.0000000000
109501  -58.807  23.063  11.155 0.0000000000
137784  -58.238  23.092  11.505 0.0000000000
109510  -57.774  22.867  10.993 0.0000000000
109509  -56.808  23.099  10.281 0.0000000000
110361  -54.670  24.009  10.004 0.0000000000
144025  -53.505  24.516  9.823 0.0000000000
110372  -54.279  23.827  8.580 0.0000000000
110371  -53.443  24.221  8.331 0.0000000000
110439  -51.578  24.172  3.076 0.0000000000
110415  -51.964  23.747  4.597 0.0000000000
110438  -50.475  24.304  3.020 0.0000000000
111319  -48.959  24.528  3.864 0.0000000000
111318  -47.700  24.660  4.120 0.0000000000
137580  -47.070  24.608  2.929 0.0000000000
138103  -45.590  25.048  1.221 0.0000000000
114484  -51.842  29.834  5.788 0.0000000000
114471  -51.544  28.992  6.357 0.0000000000
114470  -50.888  28.803  6.276 0.0000000000
139481  -49.071  27.762  5.169 0.0000000000
112167  -44.448  26.379  1.083 0.0000000000
112156  -43.929  26.781  1.767 0.0000000000
112155  -43.050  26.589  2.200 0.0000000000
111329  -42.302  26.297  2.825 0.0000000000
111313  -41.643  26.096  3.456 0.0000000000
112139  -41.867  26.672  3.452 0.0000000000
112130  -41.647  27.016  4.306 0.0000000000
122347  -54.609  40.173  5.255 0.0000000000
151170  -55.221  39.299  5.561 0.0000000000
121107  -55.982  38.304  4.017 0.0000000000
152657  -55.875  37.596  2.394 0.0000000000
141600  -55.367  38.642  2.025 0.0000000000
120441  -56.114  36.750  2.356 0.0000000000
119739  -55.974  36.511  2.261 0.0000000000
148887  -55.834  35.391  2.336 0.0000000000
141273  -54.944  33.617  3.022 0.0000000000
118339  -54.534  34.346  3.497 0.0000000000
118330  -53.430  34.078  4.175 0.0000000000
118329  -52.875  34.864  4.679 0.0000000000
148557  -53.165  35.865  4.764 0.0000000000
109417  -44.996  24.026  20.183 0.0000000000
110257  -44.565  24.347  19.190 0.0000000000
110277  -46.033  24.659  18.227 0.0000000000
110276  -44.946  24.855  17.809 0.0000000000
111158  -45.684  24.996  17.304 0.0000000000
110278  -46.857  24.779  17.719 0.0000000000
111166  -48.179  25.143  16.779 0.0000000000
111176  -48.393  25.680  15.830 0.0000000000
126299  -48.488  47.755  15.181 0.0000000000
126300  -49.383  48.109  14.783 0.0000000000
124065  -50.685  43.411  9.622 0.0000000000
125273  -51.489  45.189  7.172 0.0000000000
125830  -52.907  46.556  6.222 0.0000000000
125834  -53.592  46.756  5.343 0.0000000000
126349  -52.289  47.240  6.112 0.0000000000
126357  -51.926  47.982  5.766 0.0000000000
115157  -51.338  31.057  16.013 0.0000000000
114400  -52.311  29.980  14.909 0.0000000000
114401  -53.424  29.880  15.217 0.0000000000
114402  -55.377  29.336  15.162 0.0000000000
119663  -48.925  36.202  9.430 0.0000000000
118982  -49.397  35.455  9.255 0.0000000000
116722  -55.889  32.516  5.140 0.0000000000
116721  -55.057  32.892  5.531 0.0000000000
115972  -56.342  31.696  5.477 0.0000000000
115963  -56.978  31.082  6.015 0.0000000000
115954  -56.651  30.885  6.846 0.0000000000
115240  -58.320  29.965  6.059 0.0000000000
115239  -57.582  30.532  6.522 0.0000000000
115232  -57.238  30.438  7.388 0.0000000000
115222  -56.789  30.299  8.318 0.0000000000
114455  -57.137  29.797  8.680 0.0000000000
114449  -56.678  29.744  9.723 0.0000000000
114440  -56.935  29.192  10.191 0.0000000000
114450  -57.263  29.189  9.210 0.0000000000
112928  -57.696  27.144  8.044 0.0000000000
112105  -57.921  25.967  8.735 0.0000000000
111264  -58.225  24.428  8.607 0.0000000000
110403  -57.251  23.087  7.043 0.0000000000
109542  -56.396  22.843  6.763 0.0000000000
141682  -55.057  22.925  6.389 0.0000000000
139150  -55.760  22.924  6.485 0.0000000000
110401  -55.027  23.156  6.107 0.0000000000
110417  -53.503  23.654  4.973 0.0000000000
111279  -54.317  24.921  6.378 0.0000000000
111294  -53.899  24.027  5.245 0.0000000000
110432  -52.389  23.981  3.991 0.0000000000
110440  -51.969  24.178  3.418 0.0000000000
111337  -51.113  24.612  2.077 0.0000000000
111336  -50.499  25.005  1.351 0.0000000000
114480  -47.625  29.670  6.166 0.0000000000
113723  -47.285  28.838  6.041 0.0000000000
113733  -46.870  28.114  5.765 0.0000000000
112951  -46.188  27.720  5.948 0.0000000000
112950  -45.320  27.501  6.198 0.0000000000
112949  -44.377  27.354  6.348 0.0000000000
121690  -52.451  39.677  10.630 0.0000000000
121704  -52.874  39.200  10.075 0.0000000000
121049  -53.393  38.688  9.572 0.0000000000
120369  -53.561  38.049  9.082 0.0000000000
121060  -54.904  38.476  8.689 0.0000000000
120380  -54.218  37.740  8.648 0.0000000000
119677  -54.553  37.123  8.093 0.0000000000
118999  -54.641  36.040  7.073 0.0000000000
137979  -55.714  34.475  5.295 0.0000000000
163621  -55.656  38.656  5.871 0.0000000000
150380  -56.145  37.687  6.004 0.0000000000
120417  -56.209  37.221  5.848 0.0000000000
119730  -56.672  36.397  3.893 0.0000000000
156021  -56.195  36.235  5.473 0.0000000000
151538  -56.089  35.525  5.325 0.0000000000
155655  -56.363  34.019  4.707 0.0000000000
117508  -55.715  33.470  5.114 0.0000000000
116733  -56.531  33.151  4.602 0.0000000000
115984  -57.459  31.630  4.356 0.0000000000
115985  -57.785  31.058  3.852 0.0000000000
116000  -57.559  31.543  2.864 0.0000000000
115258  -57.687  30.199  3.318 0.0000000000
114509  -57.522  29.201  3.534 0.0000000000
114495  -57.314  28.737  3.889 0.0000000000
113742  -56.543  28.780  3.470 0.0000000000
114494  -56.184  28.771  4.228 0.0000000000
113736  -55.613  28.766  5.295 0.0000000000
114493  -54.939  29.175  4.315 0.0000000000
114486  -53.717  29.683  4.866 0.0000000000
114505  -53.692  29.606  2.419 0.0000000000
115257  -53.277  30.050  3.598 0.0000000000
115250  -52.863  30.167  4.521 0.0000000000
115249  -52.132  30.435  4.837 0.0000000000
115248  -51.192  30.620  5.206 0.0000000000
135964  -49.865  30.264  5.746 0.0000000000
116749  -51.208  32.041  3.102 0.0000000000
117533  -51.065  32.610  3.594 0.0000000000
115983  -51.145  31.692  3.348 0.0000000000
109418  -46.238  23.840  20.513 0.0000000000
109420  -47.780  23.916  19.407 0.0000000000
108609  -47.351  23.311  20.094 0.0000000000
108611  -47.424  22.948  20.101 0.0000000000
108614  -47.468  22.624  19.052 0.0000000000
157840  -48.497  22.695  18.117 0.0000000000
108641  -49.556  22.827  17.225 0.0000000000
109429  -50.200  23.427  17.581 0.0000000000
141487  -49.189  22.763  16.293 0.0000000000
149231  -51.491  23.333  14.422 0.0000000000
125782  -43.643  46.064  13.801 0.0000000000
125784  -45.569  46.109  13.745 0.0000000000
125783  -44.544  46.094  13.728 0.0000000000
125220  -43.993  45.445  13.466 0.0000000000
156478  -44.649  44.159  13.006 0.0000000000
124042  -44.505  43.484  12.796 0.0000000000
145635  -45.185  42.865  12.640 0.0000000000
123414  -45.905  42.150  12.447 0.0000000000
123415  -46.642  42.523  12.565 0.0000000000
142102  -47.941  41.919  12.272 0.0000000000
124045  -47.871  43.317  13.015 0.0000000000
122840  -49.423  41.458  11.888 0.0000000000
146938  -50.248  41.531  12.050 0.0000000000
122841  -50.887  41.324  11.915 0.0000000000
125787  -49.922  46.725  14.239 0.0000000000
125225  -50.346  46.208  13.981 0.0000000000
152157  -50.459  45.655  13.961 0.0000000000
124035  -50.753  43.943  13.706 0.0000000000
124036  -51.864  44.027  13.601 0.0000000000
123406  -51.317  43.250  13.463 0.0000000000
137674  -50.827  42.539  13.013 0.0000000000
122842  -51.852  41.339  12.236 0.0000000000
122260  -52.590  40.769  11.886 0.0000000000
122281  -53.267  40.221  11.421 0.0000000000
122282  -54.082  40.370  11.348 0.0000000000
122294  -54.247  40.789  10.785 0.0000000000
123427  -53.828  42.260  11.585 0.0000000000
122309  -54.174  40.341  9.832 0.0000000000
122310  -54.276  39.921  8.803 0.0000000000
160859  -53.741  40.596  8.075 0.0000000000
122333  -53.596  40.737  7.105 0.0000000000
136130  -51.642  43.382  9.002 0.0000000000
145031  -52.791  43.371  8.815 0.0000000000
124074  -53.253  43.138  8.672 0.0000000000
124083  -53.220  43.544  7.839 0.0000000000
123459  -53.288  42.957  8.060 0.0000000000
163821  -53.253  42.269  8.221 0.0000000000
122360  -55.016  40.501  3.562 0.0000000000
122905  -54.540  42.231  3.479 0.0000000000
146573  -55.028  41.380  2.620 0.0000000000
122373  -55.391  40.666  2.029 0.0000000000
122384  -55.013  40.809  1.384 0.0000000000
124139  -54.379  43.515  1.673 0.0000000000
125836  -53.924  46.858  4.221 0.0000000000
125847  -53.801  46.783  3.216 0.0000000000
112036  -45.906  26.185  15.266 0.0000000000
112866  -46.483  27.361  14.021 0.0000000000
158880  -46.934  26.743  14.429 0.0000000000
112037  -46.810  26.195  15.145 0.0000000000
112038  -47.603  26.132  15.202 0.0000000000
112040  -48.764  26.003  15.210 0.0000000000
114397  -49.196  30.041  14.141 0.0000000000
113663  -49.170  28.945  13.007 0.0000000000
112891  -49.261  28.132  12.861 0.0000000000
114425  -51.162  29.309  12.915 0.0000000000
112892  -50.167  27.820  12.699 0.0000000000
112882  -49.545  27.314  13.102 0.0000000000
112060  -50.046  26.671  13.661 0.0000000000
139853  -49.891  26.265  14.437 0.0000000000
111183  -50.276  25.727  15.355 0.0000000000
139831  -51.117  25.557  15.493 0.0000000000
111179  -51.734  25.047  16.181 0.0000000000
111180  -52.506  24.926  15.742 0.0000000000
140745  -53.362  25.446  14.258 0.0000000000
111186  -53.574  24.784  15.029 0.0000000000
110288  -52.866  24.270  15.700 0.0000000000
109454  -53.021  23.680  15.264 0.0000000000
157037  -53.288  23.423  14.478 0.0000000000
110311  -52.422  23.557  13.465 0.0000000000
155837  -47.583  32.880  12.591 0.0000000000
116644  -49.106  33.126  13.591 0.0000000000
144545  -50.027  32.752  13.439 0.0000000000
121703  -51.682  39.151  9.946 0.0000000000
120366  -50.607  37.600  9.342 0.0000000000
141457  -52.225  36.086  8.352 0.0000000000
119665  -51.185  36.963  8.994 0.0000000000
119664  -50.213  36.750  9.198 0.0000000000
118989  -50.269  35.385  8.868 0.0000000000
118280  -50.020  34.707  8.930 0.0000000000
116712  -54.514  32.357  6.105 0.0000000000
116711  -53.699  32.740  6.554 0.0000000000
116710  -52.936  33.029  7.032 0.0000000000
115951  -53.673  31.558  7.499 0.0000000000
116701  -52.603  32.460  7.468 0.0000000000
116700  -52.081  33.209  7.652 0.0000000000
117484  -51.203  33.261  8.237 0.0000000000
117483  -50.459  33.197  8.686 0.0000000000
117482  -49.915  33.860  8.958 0.0000000000
117475  -49.804  33.030  9.154 0.0000000000
116683  -49.845  32.359  9.541 0.0000000000
115921  -49.821  31.736  10.759 0.0000000000
115923  -51.364  31.370  10.334 0.0000000000
115922  -50.552  31.537  10.556 0.0000000000
115910  -50.401  31.595  11.586 0.0000000000
115897  -50.212  31.984  12.611 0.0000000000
116656  -50.914  32.652  13.334 0.0000000000
116645  -50.753  33.638  13.853 0.0000000000
116646  -51.721  33.591  13.798 0.0000000000
116647  -52.663  33.702  14.079 0.0000000000
116634  -53.813  32.698  14.822 0.0000000000
116659  -54.495  32.372  13.733 0.0000000000
116635  -54.481  32.129  14.683 0.0000000000
115175  -54.714  30.442  15.417 0.0000000000
114403  -55.803  29.489  15.150 0.0000000000
113666  -56.530  28.488  14.702 0.0000000000
113698  -56.947  29.090  11.126 0.0000000000
113689  -57.169  28.784  12.329 0.0000000000
152020  -58.240  26.248  11.549 0.0000000000
112904  -57.829  27.143  12.220 0.0000000000
164073  -57.330  28.389  13.556 0.0000000000
113681  -57.376  27.716  13.828 0.0000000000
148879  -57.041  27.700  14.175 0.0000000000
162356  -56.775  27.414  13.900 0.0000000000
112075  -56.322  26.191  12.830 0.0000000000
140206  -56.698  25.237  12.885 0.0000000000
110314  -55.841  24.018  13.081 0.0000000000
109499  -57.501  23.364  11.911 0.0000000000
109489  -56.037  23.796  12.785 0.0000000000
109478  -55.274  23.813  13.383 0.0000000000
109487  -54.270  23.433  13.540 0.0000000000
110330  -53.571  23.597  12.763 0.0000000000
161399  -52.824  23.710  12.815 0.0000000000
158064  -52.077  24.076  12.397 0.0000000000
110346  -51.178  24.393  12.016 0.0000000000
111218  -50.931  24.942  11.039 0.0000000000
160016  -52.579  24.790  10.408 0.0000000000
111233  -51.834  25.088  10.291 0.0000000000
111232  -50.355  25.330  10.444 0.0000000000
111231  -49.508  25.516  10.263 0.0000000000
111246  -49.621  25.799  9.186 0.0000000000
111278  -52.597  23.963  6.825 0.0000000000
111277  -51.815  24.363  6.738 0.0000000000
111308  -50.879  24.179  4.848 0.0000000000
111276  -51.137  24.660  6.625 0.0000000000
149383  -50.871  25.255  7.575 0.0000000000
137272  -48.671  25.893  7.776 0.0000000000
136621  -47.918  25.978  8.590 0.0000000000
111273  -46.641  25.379  7.507 0.0000000000
111305  -47.249  24.832  5.202 0.0000000000
110414  -46.178  24.747  5.399 0.0000000000
146726  -53.957  28.357  6.610 0.0000000000
158717  -52.577  27.602  6.628 0.0000000000
145291  -52.025  27.183  6.346 0.0000000000
113724  -51.351  28.163  6.353 0.0000000000
112953  -51.262  27.293  5.956 0.0000000000
112970  -51.367  26.270  5.095 0.0000000000
112146  -51.047  25.395  3.103 0.0000000000
146992  -50.025  25.674  1.635 0.0000000000
112171  -48.699  25.831  0.013 0.0000000000
113734  -48.741  28.557  5.594 0.0000000000
112975  -46.658  27.005  3.792 0.0000000000
112976  -47.628  26.980  3.736 0.0000000000
112144  -48.100  26.627  2.527 0.0000000000
112178  -48.045  25.895  -0.268 0.0000000000
111357  -47.010  25.732  -0.144 0.0000000000
111347  -46.139  25.380  0.381 0.0000000000
111332  -44.839  25.128  1.810 0.0000000000
111354  -44.296  26.120  1.002 0.0000000000
142825  -44.246  25.580  1.382 0.0000000000
109437  -50.117  23.002  16.532 0.0000000000
109456  -54.399  23.847  14.392 0.0000000000
109475  -52.388  23.378  14.500 0.0000000000
109476  -54.081  23.505  14.287 0.0000000000
109488  -54.983  23.590  13.194 0.0000000000
109490  -57.087  23.691  12.395 0.0000000000
109491  -57.892  23.544  12.158 0.0000000000
109500  -58.496  23.468  11.963 0.0000000000
109512  -58.930  22.822  10.034 0.0000000000
109520  -56.842  22.759  8.807 0.0000000000
109522  -58.429  22.511  9.054 0.0000000000
109534  -58.292  22.745  8.369 0.0000000000
109541  -55.786  22.745  6.881 0.0000000000
109543  -57.092  22.857  7.104 0.0000000000
110283  -50.558  24.335  17.489 0.0000000000
110292  -53.449  24.201  15.299 0.0000000000
110310  -51.698  23.542  13.720 0.0000000000
110313  -55.041  23.966  13.763 0.0000000000
110315  -56.760  24.195  12.792 0.0000000000
110332  -56.663  23.918  12.683 0.0000000000
110350  -58.916  23.643  11.817 0.0000000000
110374  -59.101  23.144  9.900 0.0000000000
110383  -53.424  23.576  6.846 0.0000000000
110404  -57.777  22.926  7.615 0.0000000000
110418  -53.688  23.475  5.243 0.0000000000
110430  -50.820  24.187  3.974 0.0000000000
110431  -51.870  23.861  3.812 0.0000000000
110447  -50.519  24.433  1.957 0.0000000000
110449  -51.474  24.392  2.780 0.0000000000
110454  -50.595  24.645  1.580 0.0000000000
111178  -50.963  25.327  16.089 0.0000000000
111185  -53.078  24.691  15.448 0.0000000000
111196  -56.088  24.474  13.008 0.0000000000
111206  -58.174  24.443  12.699 0.0000000000
111220  -58.744  24.388  12.373 0.0000000000
111245  -48.779  25.848  9.660 0.0000000000
111247  -50.352  25.572  9.666 0.0000000000
111265  -58.823  23.595  9.276 0.0000000000
111283  -57.693  23.893  7.703 0.0000000000
111291  -50.822  24.541  5.903 0.0000000000
111307  -49.828  24.556  4.983 0.0000000000
111309  -52.273  24.264  3.713 0.0000000000
111321  -51.419  24.657  2.495 0.0000000000
111345  -44.211  25.888  1.031 0.0000000000
111349  -49.859  24.915  0.723 0.0000000000
111355  -44.788  26.046  0.668 0.0000000000
111358  -47.963  25.474  -0.162 0.0000000000
111359  -48.468  25.571  -0.116 0.0000000000
111363  -47.736  25.831  -0.264 0.0000000000
111364  -48.046  25.739  -0.246 0.0000000000
112039  -48.177  26.190  15.033 0.0000000000
112046  -46.174  26.734  14.573 0.0000000000
112077  -57.755  26.034  12.961 0.0000000000
112084  -58.188  26.105  12.705 0.0000000000
112114  -57.073  26.266  7.602 0.0000000000
112123  -52.672  25.572  5.604 0.0000000000
112170  -47.844  26.183  -0.034 0.0000000000
112172  -49.138  25.317  0.172 0.0000000000
112894  -52.801  27.628  12.496 0.0000000000
112968  -49.607  27.069  4.585 0.0000000000
113651  -56.081  28.978  15.124 0.0000000000
113676  -49.870  28.762  12.773 0.0000000000
113677  -50.640  28.586  12.647 0.0000000000
113678  -51.446  28.492  12.565 0.0000000000
113680  -56.353  27.818  14.078 0.0000000000
113682  -57.505  27.950  12.825 0.0000000000
113725  -52.915  28.378  6.620 0.0000000000
114412  -48.753  29.489  13.502 0.0000000000
114426  -52.070  29.227  12.918 0.0000000000
114439  -56.695  29.620  10.682 0.0000000000
114508  -56.766  28.902  3.037 0.0000000000
114520  -55.455  29.012  1.733 0.0000000000
115172  -51.839  30.528  15.488 0.0000000000
115176  -55.422  30.222  15.189 0.0000000000
115184  -56.615  29.578  14.099 0.0000000000
115196  -55.541  30.991  11.751 0.0000000000
115254  -50.784  31.401  4.342 0.0000000000
115279  -53.515  29.898  1.025 0.0000000000
115281  -56.209  29.732  1.789 0.0000000000
115289  -54.013  30.160  0.893 0.0000000000
115291  -55.531  30.439  1.390 0.0000000000
115866  -51.750  31.984  16.132 0.0000000000
115878  -54.940  31.145  15.121 0.0000000000
115888  -55.087  31.674  14.247 0.0000000000
115901  -55.062  31.882  13.126 0.0000000000
115929  -50.076  31.847  9.972 0.0000000000
115933  -53.193  31.000  9.002 0.0000000000
115938  -50.877  31.906  9.023 0.0000000000
115997  -49.938  32.409  4.138 0.0000000000
116010  -52.310  30.943  1.600 0.0000000000
116014  -56.060  31.469  1.859 0.0000000000
116015  -56.898  31.592  2.141 0.0000000000
116020  -54.706  30.492  1.136 0.0000000000
116632  -52.370  33.753  14.834 0.0000000000
116633  -53.117  33.331  14.774 0.0000000000
116648  -54.026  32.772  14.133 0.0000000000
116657  -52.504  33.022  13.448 0.0000000000
116676  -49.432  32.214  10.176 0.0000000000
116691  -51.559  32.549  8.119 0.0000000000
116702  -53.252  32.208  7.132 0.0000000000
116735  -57.530  32.935  3.304 0.0000000000
116748  -50.571  32.573  3.763 0.0000000000
116759  -52.641  31.249  1.599 0.0000000000
117412  -51.486  34.062  14.988 0.0000000000
117433  -49.635  34.024  14.292 0.0000000000
117434  -50.465  34.097  14.323 0.0000000000
117465  -48.204  33.217  10.230 0.0000000000
117473  -48.685  33.311  9.790 0.0000000000
117518  -49.511  33.179  4.175 0.0000000000
118275  -47.978  34.264  9.827 0.0000000000
118299  -53.550  34.539  6.803 0.0000000000
118340  -55.486  34.590  2.687 0.0000000000
118346  -57.087  34.207  2.396 0.0000000000
118990  -51.575  35.677  8.453 0.0000000000
119040  -57.188  34.986  3.040 0.0000000000
119043  -56.101  35.640  2.238 0.0000000000
119045  -57.004  34.815  2.549 0.0000000000
119674  -51.752  36.436  8.657 0.0000000000
119675  -52.627  36.690  8.502 0.0000000000
119676  -53.567  36.895  8.300 0.0000000000
119706  -55.500  36.685  6.873 0.0000000000
120394  -55.723  37.913  7.506 0.0000000000
121100  -56.006  38.174  5.431 0.0000000000
121124  -55.220  39.512  1.701 0.0000000000
121125  -55.425  39.424  1.867 0.0000000000
121719  -54.786  39.171  8.874 0.0000000000
121787  -55.167  40.143  1.503 0.0000000000
122259  -51.317  40.835  11.535 0.0000000000
122334  -54.278  40.115  6.614 0.0000000000
122828  -46.896  41.798  12.263 0.0000000000
122834  -53.431  42.586  12.690 0.0000000000
123418  -51.739  42.631  13.185 0.0000000000
123419  -52.629  42.816  13.216 0.0000000000
123420  -53.134  43.027  13.066 0.0000000000
123424  -53.588  42.619  12.263 0.0000000000
124049  -52.615  44.124  12.963 0.0000000000
124057  -48.856  43.945  10.143 0.0000000000
124138  -54.135  43.608  1.570 0.0000000000
124652  -44.336  44.758  13.223 0.0000000000
124657  -50.661  44.936  13.925 0.0000000000
124658  -51.415  44.839  13.597 0.0000000000
124659  -52.134  44.328  13.249 0.0000000000
124660  -52.589  44.013  13.171 0.0000000000
124672  -50.182  44.704  11.910 0.0000000000
125221  -44.908  45.404  13.422 0.0000000000
125281  -53.648  45.946  5.939 0.0000000000
136042  -47.158  33.260  13.109 0.0000000000
136277  -49.532  25.418  0.717 0.0000000000
136814  -52.171  31.172  10.104 0.0000000000
136831  -56.968  26.906  13.497 0.0000000000
138366  -58.246  29.715  4.665 0.0000000000
138414  -50.344  25.868  2.578 0.0000000000
138467  -49.667  29.517  5.962 0.0000000000
139271  -54.264  30.732  10.228 0.0000000000
140880  -57.154  25.126  7.774 0.0000000000
141399  -50.922  27.317  12.825 0.0000000000
143251  -50.516  30.275  5.646 0.0000000000
144112  -57.510  27.025  7.600 0.0000000000
144701  -55.249  29.804  15.290 0.0000000000
147614  -56.251  30.299  8.993 0.0000000000
149008  -47.498  25.990  -0.249 0.0000000000
150463  -57.123  28.467  4.301 0.0000000000
154872  -49.801  30.098  14.247 0.0000000000
156563  -51.884  26.335  5.659 0.0000000000
157145  -50.038  36.010  9.052 0.0000000000
157155  -49.707  31.790  11.658 0.0000000000
157416  -52.723  43.492  11.705 0.0000000000
158800  -56.274  34.967  2.249 0.0000000000
159409  -50.404  25.226  7.055 0.0000000000
160278  -54.348  32.321  12.997 0.0000000000
160335  -49.589  36.893  9.366 0.0000000000
160434  -54.495  28.507  13.211 0.0000000000
160874  -57.995  29.581  4.007 0.0000000000
161484  -47.245  26.421  14.785 0.0000000000
161754  -48.743  45.046  13.814 0.0000000000
162260  -49.121  25.266  6.328 0.0000000000
162909  -48.576  23.019  14.919 0.0000000000
163033  -56.805  24.599  12.832 0.0000000000
163452  -57.077  28.763  10.637 0.0000000000
163651  -50.473  34.885  8.694 0.0000000000
163830  -47.989  27.352  4.407 0.0000000000
163927  -52.217  31.259  9.449 0.0000000000
164188  -55.120  37.282  7.928 0.0000000000
