#!ascii label  , from subject sub-v1s11x0050155_ses-1 vox2ras=TkReg
1732
8267  23.324  -75.203  -27.217 0.5000000000
12693  22.450  -70.788  -39.050 0.6000000238
13635  22.152  -69.710  -39.194 0.6000000238
13640  22.016  -69.000  -40.245 0.6000000238
14543  22.035  -69.026  -38.238 0.6999999881
14558  21.800  -68.482  -39.651 0.6000000238
14518  22.379  -68.443  -36.258 0.6999999881
15477  21.661  -67.893  -37.082 0.6000000238
11618  19.458  -71.205  -32.725 0.5000000000
13547  21.460  -69.312  -30.497 0.6000000238
12583  21.247  -69.964  -31.889 0.6000000238
12601  19.894  -70.603  -32.251 0.5000000000
14443  22.713  -68.629  -29.081 0.5000000000
13536  21.979  -68.919  -29.713 0.4000000060
13564  20.903  -69.631  -31.134 0.5000000000
12584  20.385  -70.085  -31.707 0.6000000238
7755  20.587  -77.030  -41.452 0.5000000000
155403  24.956  -71.978  -29.233 0.4000000060
7760  21.015  -76.677  -42.031 0.5000000000
7765  20.347  -76.637  -42.513 0.5000000000
8443  21.674  -75.494  -42.556 0.6000000238
10818  23.075  -73.100  -41.728 0.6000000238
12692  23.051  -71.314  -38.711 0.6000000238
12672  23.594  -70.842  -37.971 0.6999999881
11741  22.599  -71.766  -40.960 0.6000000238
12673  22.570  -70.410  -38.109 0.6999999881
137591  24.763  -67.863  -35.982 0.6000000238
14517  23.242  -68.763  -36.000 0.6999999881
16486  24.763  -66.045  -35.493 0.6000000238
15461  24.392  -67.206  -35.362 0.6000000238
15462  23.477  -67.459  -34.966 0.6999999881
18550  24.758  -64.665  -34.726 0.6999999881
15500  21.274  -67.531  -38.195 0.6000000238
10748  19.803  -72.481  -34.628 0.5000000000
11617  20.283  -70.957  -32.963 0.6000000238
11637  20.685  -71.358  -33.634 0.5000000000
13546  22.319  -69.189  -30.680 0.6000000238
13562  22.599  -69.492  -31.485 0.6999999881
12600  20.760  -70.447  -32.432 0.6000000238
14414  23.103  -68.870  -27.319 0.4000000060
7753  22.932  -76.005  -41.239 0.5000000000
142055  21.419  -76.660  -41.316 0.5000000000
9016  23.724  -75.361  -29.585 0.5000000000
7759  22.314  -76.023  -41.615 0.5000000000
10813  24.410  -73.203  -41.125 0.6999999881
8441  22.868  -75.074  -42.096 0.6000000238
11732  24.590  -72.247  -39.908 0.6999999881
10809  24.010  -72.736  -41.045 0.6000000238
161495  23.543  -73.350  -41.634 0.6000000238
11720  23.692  -71.803  -39.432 0.6999999881
11740  23.291  -72.306  -40.990 0.6000000238
12691  24.160  -71.370  -38.767 0.6999999881
14515  25.054  -68.429  -36.509 0.6000000238
13621  24.224  -70.108  -37.362 0.6000000238
144360  25.312  -66.571  -36.274 0.6000000238
14516  24.172  -68.795  -36.105 0.6000000238
154292  25.614  -64.720  -35.453 0.6000000238
18549  25.271  -64.492  -34.755 0.6999999881
137447  22.094  -66.376  -34.408 0.6999999881
15501  20.832  -67.290  -38.268 0.5000000000
16472  23.508  -65.902  -34.333 0.6999999881
16488  22.916  -66.750  -34.520 0.6999999881
150829  21.149  -67.179  -36.272 0.6000000238
11659  22.025  -71.758  -34.305 0.5000000000
11660  21.105  -71.774  -34.284 0.5000000000
10767  21.121  -72.711  -35.562 0.5000000000
12616  22.886  -70.764  -33.263 0.6999999881
11636  21.578  -71.279  -33.727 0.6000000238
14458  23.760  -68.695  -30.189 0.5000000000
13561  23.796  -69.223  -31.549 0.6999999881
13579  22.928  -69.815  -32.153 0.6999999881
12582  22.099  -69.893  -32.034 0.6000000238
12617  22.028  -70.767  -33.214 0.6000000238
14412  24.928  -68.862  -27.262 0.4000000060
14427  23.503  -68.560  -28.348 0.4000000060
14442  23.423  -68.585  -29.403 0.5000000000
8424  23.077  -75.864  -39.970 0.5000000000
9146  25.027  -74.754  -40.601 0.5000000000
8423  23.985  -75.735  -40.293 0.5000000000
8437  23.867  -75.186  -41.500 0.5000000000
11738  25.212  -72.489  -39.989 0.6000000238
9149  24.497  -74.571  -41.316 0.5000000000
159299  25.562  -71.831  -39.498 0.6999999881
13620  26.238  -69.996  -37.793 0.6000000238
13633  25.843  -70.549  -38.414 0.6999999881
158492  24.759  -71.663  -39.412 0.6999999881
14527  26.773  -67.864  -36.686 0.6000000238
144461  26.208  -68.866  -37.056 0.6000000238
135683  25.509  -69.734  -37.570 0.6999999881
136749  27.496  -64.818  -36.613 0.6999999881
136871  26.196  -67.594  -36.754 0.6000000238
14528  25.664  -68.569  -36.879 0.6000000238
18547  28.204  -64.942  -35.221 0.6000000238
18580  26.738  -64.752  -36.293 0.6999999881
16503  26.125  -65.168  -36.705 0.6999999881
137191  28.518  -65.119  -33.290 0.6000000238
143971  27.889  -65.077  -34.157 0.6000000238
150030  26.519  -64.765  -35.528 0.6999999881
16474  20.885  -66.625  -34.377 0.6000000238
154627  26.385  -64.790  -34.591 0.6999999881
161209  22.777  -66.059  -34.153 0.6999999881
16490  20.932  -67.013  -35.964 0.6000000238
155742  29.039  -65.062  -32.543 0.6999999881
137190  27.481  -65.075  -33.299 0.6000000238
137189  26.417  -64.775  -33.529 0.8000000119
18527  25.077  -64.147  -33.986 0.6999999881
18551  24.251  -64.432  -34.036 0.6999999881
158924  23.102  -65.459  -33.933 0.6999999881
10746  21.573  -72.242  -34.867 0.6000000238
12596  24.154  -70.054  -32.947 0.6999999881
12615  23.694  -70.629  -33.435 0.6999999881
11635  22.464  -71.273  -33.771 0.6000000238
14475  24.146  -68.896  -31.005 0.5000000000
13578  23.784  -69.596  -32.224 0.6999999881
145965  25.034  -68.440  -28.762 0.4000000060
14441  24.281  -68.506  -29.262 0.5000000000
8410  22.617  -75.250  -39.161 0.5000000000
9131  21.972  -74.612  -38.275 0.5000000000
8409  23.704  -75.462  -39.396 0.5000000000
9141  25.465  -74.186  -40.060 0.6000000238
11718  26.394  -71.703  -38.715 0.6000000238
10807  25.497  -72.864  -39.930 0.6999999881
9954  25.003  -73.829  -40.901 0.6999999881
12689  26.428  -71.074  -38.505 0.6999999881
11719  25.979  -71.804  -39.265 0.6999999881
14526  27.570  -68.151  -36.564 0.6000000238
157350  26.871  -69.283  -37.025 0.6000000238
13632  26.256  -70.702  -38.388 0.6999999881
18591  28.899  -64.987  -37.056 0.6999999881
163252  27.844  -65.325  -36.895 0.6999999881
140875  27.526  -66.998  -36.637 0.6999999881
16430  20.287  -66.884  -31.695 0.6000000238
18564  29.680  -64.738  -35.820 0.6000000238
150914  28.474  -64.811  -36.513 0.6999999881
16522  27.151  -66.072  -36.867 0.6999999881
19527  32.093  -63.824  -31.885 0.6000000238
18503  30.403  -64.652  -32.850 0.6000000238
18525  30.488  -64.674  -33.610 0.6000000238
148607  29.832  -64.910  -34.248 0.6000000238
18565  28.003  -64.784  -36.005 0.6999999881
17494  21.323  -66.248  -32.882 0.6000000238
143115  30.804  -64.456  -32.233 0.6000000238
143972  28.908  -65.066  -34.196 0.6000000238
18490  23.460  -64.504  -31.983 0.6999999881
18509  22.915  -64.782  -32.469 0.6000000238
17493  21.921  -65.833  -33.375 0.6999999881
16473  21.625  -66.255  -34.112 0.6000000238
143065  32.544  -63.378  -31.085 0.5000000000
18484  30.550  -64.508  -31.460 0.6000000238
18485  28.943  -64.990  -31.629 0.8000000119
18486  27.779  -64.985  -31.589 0.8000000119
18488  26.043  -64.373  -31.489 0.8000000119
138161  24.935  -64.051  -33.177 0.8000000119
18507  24.270  -64.096  -33.011 0.6999999881
18530  23.138  -64.730  -33.179 0.6999999881
153309  26.993  -64.901  -32.436 0.8000000119
18505  26.137  -64.564  -32.741 0.8000000119
140405  23.763  -71.625  -34.423 0.6999999881
10744  23.462  -72.368  -34.974 0.6999999881
161229  22.825  -72.658  -35.351 0.6999999881
158016  21.784  -72.982  -35.978 0.6000000238
13591  25.000  -69.808  -33.040 0.6999999881
9919  22.020  -73.457  -36.563 0.6000000238
13576  25.206  -69.268  -32.348 0.6000000238
9117  21.795  -74.042  -37.295 0.5000000000
9116  22.664  -74.350  -37.730 0.5000000000
21489  19.792  -61.814  -28.559 0.6000000238
135331  24.436  -74.755  -38.250 0.5000000000
20492  19.208  -62.877  -28.250 0.5000000000
9129  25.089  -74.916  -38.995 0.5000000000
18411  19.842  -64.189  -27.471 0.6000000238
9941  26.581  -73.351  -38.173 0.6999999881
9140  25.659  -73.978  -39.211 0.6000000238
12688  26.993  -71.346  -38.109 0.6999999881
9948  25.918  -73.329  -38.888 0.6999999881
17432  20.363  -65.786  -28.993 0.6000000238
149269  27.912  -69.226  -36.728 0.6999999881
155473  27.429  -70.045  -37.246 0.6000000238
135523  29.770  -64.824  -37.688 0.6999999881
16520  29.227  -66.372  -37.171 0.6999999881
15497  28.516  -67.069  -36.694 0.6999999881
153072  20.711  -66.236  -30.428 0.6000000238
17450  20.973  -65.907  -29.755 0.6000000238
18563  30.267  -64.534  -36.453 0.6000000238
162392  28.174  -65.869  -36.937 0.6999999881
18471  22.533  -65.130  -30.676 0.6000000238
16412  20.074  -66.709  -30.763 0.6000000238
18523  32.068  -64.102  -34.323 0.6000000238
18545  30.577  -64.670  -34.483 0.6000000238
153867  23.237  -64.810  -30.356 0.6999999881
18492  22.181  -65.378  -31.364 0.6000000238
17463  21.651  -65.791  -31.681 0.6000000238
19543  31.923  -64.012  -32.802 0.6000000238
18445  27.602  -64.633  -29.466 0.6000000238
143974  26.136  -64.447  -29.981 0.6000000238
18469  24.636  -64.298  -30.723 0.6999999881
152799  23.349  -64.661  -31.117 0.6000000238
17479  21.797  -65.770  -32.528 0.6000000238
143977  28.825  -64.759  -29.891 0.6000000238
18468  25.838  -64.341  -30.809 0.8000000119
18465  28.395  -64.892  -30.755 0.6000000238
18466  27.439  -64.742  -30.786 0.6999999881
144037  25.188  -64.171  -31.374 0.8000000119
11657  24.519  -71.261  -34.377 0.6999999881
10743  24.515  -72.111  -34.973 0.6999999881
10764  24.269  -72.925  -35.548 0.6999999881
12613  25.575  -70.201  -33.686 0.6999999881
12614  24.587  -70.524  -33.712 0.6999999881
148448  23.361  -73.367  -36.203 0.6000000238
9917  23.726  -73.938  -36.750 0.6000000238
21488  21.236  -61.022  -28.264 0.6000000238
22504  20.941  -60.465  -29.927 0.6000000238
21475  20.537  -61.692  -27.773 0.6000000238
21504  20.320  -61.102  -29.319 0.6000000238
9101  24.614  -74.439  -37.391 0.6000000238
161533  20.408  -62.224  -27.338 0.5000000000
9940  27.391  -73.441  -37.632 0.6999999881
9127  26.073  -73.857  -38.286 0.6999999881
19463  21.089  -63.714  -26.658 0.4000000060
20478  19.750  -63.331  -27.478 0.5000000000
11702  27.868  -71.624  -37.796 0.6999999881
9939  27.820  -72.878  -37.856 0.8000000119
18410  20.620  -64.388  -27.237 0.5000000000
13619  28.277  -70.147  -37.172 0.6000000238
143666  26.509  -72.361  -38.585 0.6999999881
144948  20.908  -64.944  -27.666 0.6000000238
15496  29.445  -67.505  -37.082 0.6999999881
157293  28.775  -69.299  -36.929 0.6999999881
18426  23.478  -64.912  -27.780 0.6999999881
18428  21.523  -65.265  -28.091 0.6000000238
18589  30.810  -64.161  -38.126 0.6999999881
18590  30.307  -64.782  -38.326 0.6999999881
18425  24.392  -64.791  -28.020 0.5000000000
17430  21.896  -65.492  -29.776 0.6000000238
19588  32.522  -63.833  -35.906 0.6000000238
18576  31.744  -64.133  -36.430 0.6000000238
18578  30.143  -64.475  -37.528 0.6999999881
137830  23.103  -65.033  -28.810 0.6999999881
19580  32.574  -63.831  -35.007 0.6000000238
18561  31.915  -64.174  -35.383 0.6000000238
137194  25.951  -64.461  -29.027 0.5000000000
137193  25.028  -64.544  -28.746 0.6000000238
19558  32.404  -63.786  -33.464 0.6000000238
18444  28.320  -64.698  -29.286 0.6000000238
18446  26.884  -64.558  -29.148 0.5000000000
18448  24.561  -64.489  -29.803 0.6999999881
18442  30.450  -64.358  -29.169 0.6000000238
144420  25.100  -71.535  -34.733 0.6999999881
10763  25.152  -72.923  -35.573 0.6999999881
9899  24.986  -73.629  -36.042 0.6000000238
9916  24.819  -74.131  -36.638 0.6000000238
137575  22.332  -59.949  -29.230 0.4000000060
22515  22.186  -59.585  -30.326 0.5000000000
9100  25.578  -74.365  -37.233 0.6000000238
21473  22.076  -61.151  -27.003 0.5000000000
22516  21.535  -59.859  -30.591 0.6000000238
9098  27.409  -74.168  -36.701 0.6999999881
136632  27.761  -74.052  -37.075 0.6999999881
9114  25.291  -74.512  -38.065 0.6000000238
20464  21.235  -62.683  -26.531 0.5000000000
11716  28.361  -72.314  -37.878 0.6999999881
19462  22.687  -63.589  -26.000 0.4000000060
15530  30.991  -66.538  -39.052 0.6999999881
14542  30.235  -68.050  -37.878 0.6999999881
13631  30.281  -69.300  -38.084 0.6999999881
18393  23.000  -64.269  -26.391 0.6000000238
18598  31.311  -64.391  -39.233 0.6999999881
17558  31.190  -65.140  -39.313 0.6999999881
15512  30.103  -66.814  -37.795 0.6999999881
14524  29.510  -68.744  -37.228 0.6999999881
18392  23.791  -64.384  -26.364 0.5000000000
18408  22.652  -64.749  -27.026 0.5000000000
147688  31.633  -63.809  -38.247 0.6000000238
18599  30.773  -64.432  -38.689 0.6999999881
17552  30.769  -64.774  -38.911 0.6999999881
16535  29.983  -65.687  -37.909 0.6999999881
18406  24.262  -64.661  -27.090 0.5000000000
20572  33.929  -62.916  -35.657 0.5000000000
19599  33.185  -63.359  -37.419 0.6000000238
19589  31.455  -64.016  -37.402 0.6000000238
11675  26.314  -72.130  -35.285 0.6999999881
10762  25.993  -72.935  -35.645 0.6999999881
23463  22.874  -59.558  -29.131 0.4000000060
10760  27.887  -73.299  -35.827 0.6999999881
9898  25.822  -73.677  -36.015 0.6999999881
23495  22.609  -59.150  -30.497 0.4000000060
156142  27.252  -73.921  -36.201 0.6999999881
23496  22.177  -59.348  -30.996 0.6000000238
10786  29.128  -73.290  -37.510 0.8000000119
9913  28.462  -74.066  -36.653 0.6999999881
146190  30.691  -71.421  -38.467 0.6000000238
10793  29.376  -72.658  -37.882 0.6000000238
25486  22.795  -56.750  -33.486 0.6000000238
14541  31.049  -68.634  -38.648 0.6999999881
13630  30.971  -69.757  -38.644 0.6999999881
12668  29.563  -71.258  -38.071 0.6000000238
16543  31.786  -65.673  -39.786 0.6000000238
19616  32.487  -63.629  -39.449 0.6000000238
27531  22.051  -56.010  -34.152 0.5000000000
157471  31.921  -63.598  -39.018 0.6999999881
20582  34.473  -62.619  -37.100 0.5000000000
9896  28.744  -73.817  -36.198 0.6999999881
24478  23.368  -58.030  -30.517 0.4000000060
9928  30.035  -73.623  -36.876 0.8000000119
24490  22.602  -58.761  -31.264 0.5000000000
155016  31.029  -72.365  -38.057 0.8000000119
150519  22.996  -56.637  -32.565 0.4000000060
25464  23.085  -57.351  -31.776 0.4000000060
10792  30.233  -72.760  -37.905 0.6999999881
26479  22.930  -55.956  -33.191 0.4000000060
25475  22.782  -57.437  -32.651 0.5000000000
17564  32.186  -65.175  -40.038 0.6000000238
14557  31.411  -67.596  -39.013 0.6000000238
14556  31.900  -68.543  -38.949 0.6999999881
28534  22.415  -54.549  -32.933 0.4000000060
18605  32.610  -64.017  -39.936 0.6000000238
18606  32.009  -64.384  -39.750 0.6000000238
27518  21.664  -55.437  -33.572 0.4000000060
26494  22.458  -56.498  -34.290 0.6000000238
20604  33.887  -62.913  -38.715 0.6000000238
20593  34.500  -62.528  -38.126 0.5000000000
21601  35.614  -61.853  -36.742 0.5000000000
25453  23.435  -57.255  -30.842 0.4000000060
10758  29.544  -73.440  -36.004 0.8000000119
26455  23.339  -56.377  -31.627 0.4000000060
10777  30.629  -73.163  -36.675 0.6999999881
27504  23.035  -55.159  -32.755 0.4000000060
13639  32.357  -69.053  -38.744 0.6000000238
12686  31.290  -70.589  -38.667 0.6999999881
15528  32.243  -66.423  -39.943 0.6000000238
143678  32.023  -67.721  -39.251 0.6000000238
146832  21.930  -53.574  -32.106 0.4000000060
28535  21.937  -54.626  -33.099 0.4000000060
20612  34.039  -63.132  -39.411 0.6000000238
27506  20.305  -55.773  -32.809 0.4000000060
20603  34.638  -62.579  -39.093 0.4000000060
26444  23.653  -56.167  -30.665 0.4000000060
11700  31.776  -71.902  -37.599 0.6999999881
27488  23.571  -54.988  -30.856 0.4000000060
12684  32.446  -70.436  -38.123 0.6999999881
11699  32.218  -71.143  -37.949 0.6000000238
29588  22.868  -53.584  -31.951 0.4000000060
16547  33.387  -65.950  -40.137 0.6000000238
139158  32.592  -67.251  -39.524 0.6000000238
136239  21.511  -54.285  -32.026 0.4000000060
19614  34.233  -63.424  -39.858 0.6000000238
26457  20.525  -56.186  -31.908 0.3000000119
20611  34.900  -62.773  -39.716 0.4000000060
146719  35.940  -61.793  -38.926 0.4000000060
21628  36.209  -61.867  -39.887 0.4000000060
29583  22.183  -53.332  -30.758 0.4000000060
27489  21.614  -54.468  -31.262 0.4000000060
17561  34.679  -65.139  -40.311 0.6000000238
154535  34.373  -63.879  -40.323 0.6000000238
18610  35.040  -64.442  -40.472 0.6000000238
20609  36.580  -62.145  -40.397 0.4000000060
20613  37.042  -62.729  -40.781 0.5000000000
21627  37.093  -61.649  -40.166 0.4000000060
24443  17.274  -58.695  -28.567 0.3000000119
20608  37.498  -62.046  -40.631 0.4000000060
29558  22.194  -53.541  -27.945 0.4000000060
24442  18.746  -58.811  -28.254 0.3000000119
23450  13.805  -59.490  -26.774 0.4000000060
29544  22.674  -53.506  -26.876 0.4000000060
143946  21.656  -55.278  -26.907 0.4000000060
24411  19.437  -58.777  -26.792 0.3000000119
137406  20.558  -57.790  -27.035 0.3000000119
23448  16.369  -59.582  -27.052 0.3000000119
23464  17.878  -59.224  -27.857 0.3000000119
145455  15.557  -59.372  -27.191 0.3000000119
27451  21.633  -55.226  -25.899 0.4000000060
145155  21.524  -56.008  -26.264 0.4000000060
25404  21.069  -57.110  -26.882 0.4000000060
23446  17.993  -59.421  -26.844 0.3000000119
147714  16.846  -59.681  -26.685 0.3000000119
25396  9.874  -57.729  -24.966 0.4000000060
26403  9.317  -56.754  -25.547 0.3000000119
26415  9.891  -55.711  -26.496 0.3000000119
137248  15.546  -59.669  -26.438 0.3000000119
159270  14.660  -59.652  -26.293 0.3000000119
26383  20.863  -56.299  -24.935 0.4000000060
25405  20.688  -57.534  -26.101 0.4000000060
153381  20.089  -58.257  -26.388 0.3000000119
24395  19.349  -58.562  -25.820 0.3000000119
23419  17.987  -59.346  -26.147 0.3000000119
23424  11.570  -59.750  -25.134 0.3000000119
23420  16.798  -59.414  -25.567 0.3000000119
26402  10.329  -56.627  -25.465 0.3000000119
140688  14.966  -59.654  -25.610 0.3000000119
141663  11.380  -56.515  -25.339 0.4000000060
26414  10.853  -55.749  -26.359 0.3000000119
27456  12.302  -55.026  -27.073 0.3000000119
27457  11.174  -54.905  -27.342 0.3000000119
161970  20.423  -57.453  -25.503 0.4000000060
25392  19.530  -57.930  -25.226 0.4000000060
25393  18.816  -58.191  -25.147 0.3000000119
25386  11.540  -58.280  -24.386 0.4000000060
24397  17.424  -58.920  -25.287 0.3000000119
24382  12.141  -58.921  -24.397 0.3000000119
25395  10.911  -57.489  -24.709 0.4000000060
26391  13.001  -57.266  -24.543 0.4000000060
28478  12.715  -54.354  -27.764 0.3000000119
147352  19.792  -56.720  -24.415 0.4000000060
25379  19.179  -57.410  -24.681 0.4000000060
152702  18.342  -57.641  -24.734 0.4000000060
24377  17.105  -58.331  -24.822 0.4000000060
24398  16.100  -59.158  -25.036 0.3000000119
25383  14.586  -57.945  -24.353 0.3000000119
25384  13.586  -58.194  -24.291 0.3000000119
26400  13.466  -56.408  -25.101 0.3000000119
27440  13.912  -55.693  -25.842 0.5000000000
26401  12.425  -56.443  -25.206 0.4000000060
27441  12.889  -55.706  -26.003 0.4000000060
28493  13.062  -53.592  -28.233 0.3000000119
152669  18.438  -57.056  -24.485 0.4000000060
155883  17.765  -56.822  -24.552 0.4000000060
26387  16.974  -56.822  -24.669 0.3000000119
26398  15.513  -56.311  -25.135 0.3000000119
27438  15.923  -55.543  -25.806 0.3000000119
28474  16.777  -53.707  -27.146 0.3000000119
25382  15.589  -57.933  -24.473 0.3000000119
26388  16.032  -56.982  -24.689 0.3000000119
27439  14.942  -55.685  -25.831 0.3000000119
27453  15.310  -54.997  -26.544 0.3000000119
141975  15.582  -54.344  -27.215 0.3000000119
26389  15.042  -57.110  -24.594 0.3000000119
27454  14.322  -55.064  -26.632 0.3000000119
28477  13.689  -54.401  -27.556 0.3000000119
139008  13.669  -52.516  -28.497 0.3000000119
29495  20.280  -53.580  -22.972 0.3000000119
29496  19.369  -53.753  -22.756 0.3000000119
28431  19.017  -54.520  -23.084 0.3000000119
28432  17.806  -54.216  -23.926 0.3000000119
154493  17.459  -53.509  -25.401 0.3000000119
151252  17.384  -53.116  -26.363 0.3000000119
28448  18.340  -54.995  -23.714 0.3000000119
144773  17.516  -54.216  -24.942 0.3000000119
27437  16.691  -55.286  -25.643 0.3000000119
29533  17.213  -53.979  -26.169 0.3000000119
29546  17.146  -53.345  -27.114 0.3000000119
29560  16.242  -53.396  -27.905 0.3000000119
28476  14.666  -54.403  -27.356 0.3000000119
29561  15.457  -53.116  -28.446 0.3000000119
28492  14.000  -53.653  -28.162 0.3000000119
29562  14.402  -52.868  -28.526 0.3000000119
30619  21.063  -52.028  -22.582 0.3000000119
29486  18.959  -53.072  -22.535 0.3000000119
146600  18.357  -54.187  -23.320 0.3000000119
29512  17.603  -53.457  -24.385 0.3000000119
150961  17.543  -52.652  -25.239 0.3000000119
31792  17.576  -51.889  -27.946 0.3000000119
30680  17.083  -52.272  -28.560 0.3000000119
30682  15.325  -52.355  -28.771 0.3000000119
30683  14.494  -52.159  -28.541 0.3000000119
31784  17.623  -51.700  -25.773 0.3000000119
145857  17.771  -51.617  -26.930 0.3000000119
31801  17.241  -51.542  -29.003 0.3000000119
31806  16.532  -51.457  -29.047 0.3000000119
31803  15.335  -51.891  -28.923 0.3000000119
32972  18.144  -50.267  -25.660 0.3000000119
32981  18.368  -50.303  -27.041 0.3000000119
32982  17.946  -51.081  -27.836 0.3000000119
34116  18.374  -49.545  -24.922 0.3000000119
34123  18.560  -49.545  -26.162 0.3000000119
34130  18.713  -49.394  -27.499 0.3000000119
32990  18.276  -50.229  -28.422 0.3000000119
32997  17.265  -50.735  -29.165 0.3000000119
32998  16.802  -50.601  -29.064 0.3000000119
151741  15.538  -51.327  -28.410 0.3000000119
8306  23.797  -75.808  -28.857 0.5000000000
9027  23.699  -74.468  -30.039 0.5000000000
10658  24.280  -72.491  -29.729 0.4000000060
13612  22.756  -69.120  -36.543 0.6999999881
15463  21.783  -67.588  -36.023 0.6999999881
13513  24.416  -69.367  -26.806 0.4000000060
9828  24.337  -74.296  -30.637 0.5000000000
15499  26.026  -66.577  -36.774 0.6000000238
9142  25.154  -74.925  -39.838 0.5000000000
16523  26.446  -65.836  -36.903 0.6000000238
10794  28.613  -72.941  -37.732 0.8000000119
9113  25.960  -74.171  -37.693 0.6999999881
13618  29.354  -70.046  -37.550 0.6000000238
156291  30.524  -66.302  -38.467 0.6999999881
27517  22.353  -55.485  -33.626 0.4000000060
21587  35.442  -61.658  -35.704 0.5000000000
18611  33.305  -64.409  -40.298 0.6000000238
21614  35.764  -61.839  -37.804 0.4000000060
14540  32.727  -68.723  -38.496 0.6000000238
16541  34.093  -66.363  -39.646 0.6000000238
26446  20.971  -56.627  -31.323 0.3000000119
19613  35.142  -63.102  -40.146 0.4000000060
19621  35.531  -63.666  -40.492 0.4000000060
28490  21.800  -54.051  -27.215 0.4000000060
27429  19.541  -56.082  -23.931 0.3000000119
29485  19.761  -52.959  -22.562 0.3000000119
14513  32.694  -68.960  -36.859 0.5000000000
12654  32.281  -70.568  -36.568 0.5000000000
139799  31.496  -71.839  -36.051 0.6999999881
11671  30.894  -71.871  -35.552 0.6999999881
10759  28.828  -72.981  -35.667 0.6000000238
13610  32.588  -69.825  -37.156 0.5000000000
11686  32.231  -71.374  -37.132 0.6000000238
11688  31.162  -72.504  -36.322 0.6000000238
12632  27.053  -70.588  -34.313 0.6000000238
12634  25.272  -70.880  -34.311 0.6000000238
12628  30.981  -70.579  -34.845 0.6999999881
12630  28.981  -70.704  -34.443 0.6000000238
11654  27.581  -71.332  -34.831 0.6000000238
11652  29.472  -71.533  -34.952 0.6999999881
153221  28.898  -72.102  -35.252 0.6000000238
11655  26.666  -71.338  -34.813 0.6000000238
147075  33.068  -68.560  -37.858 0.5000000000
13588  29.608  -69.712  -33.509 0.6999999881
12610  28.636  -69.932  -33.780 0.6999999881
153047  27.949  -69.440  -33.035 0.6000000238
12612  26.524  -70.029  -33.692 0.6000000238
13600  30.715  -69.874  -34.186 0.6000000238
157148  29.753  -70.812  -34.552 0.6999999881
12631  28.021  -70.577  -34.358 0.6000000238
14501  31.647  -68.945  -34.349 0.6000000238
15494  34.013  -67.096  -37.730 0.5000000000
13627  32.852  -69.075  -38.107 0.5000000000
137791  30.387  -69.517  -33.532 0.6999999881
136549  28.940  -69.398  -32.959 0.6000000238
13590  25.968  -69.505  -32.923 0.6000000238
16519  34.729  -66.531  -37.724 0.5000000000
15509  33.866  -67.279  -38.094 0.5000000000
17551  37.031  -65.715  -38.696 0.5000000000
15493  34.722  -66.634  -38.105 0.5000000000
17555  37.655  -65.421  -39.342 0.4000000060
13655  21.855  -69.530  -41.138 0.4000000060
12705  22.355  -70.046  -40.261 0.4000000060
12719  22.014  -70.446  -41.188 0.4000000060
11744  22.276  -72.119  -41.480 0.5000000000
10815  22.871  -72.661  -41.551 0.5000000000
10820  21.684  -72.575  -41.887 0.5000000000
141881  35.522  -66.051  -39.138 0.5000000000
9964  22.592  -73.430  -42.003 0.5000000000
8446  18.270  -75.776  -43.069 0.6000000238
17556  36.865  -65.543  -39.503 0.4000000060
147878  22.697  -74.081  -42.198 0.5000000000
9155  21.668  -74.793  -42.708 0.5000000000
8444  19.955  -76.094  -43.028 0.5000000000
11745  21.458  -71.141  -41.361 0.5000000000
11749  21.516  -71.989  -41.586 0.5000000000
10821  21.021  -72.472  -41.855 0.5000000000
9965  21.202  -73.334  -42.258 0.5000000000
9967  19.651  -73.616  -42.364 0.5000000000
138568  21.215  -74.288  -42.664 0.5000000000
9966  20.313  -74.082  -42.647 0.5000000000
8445  19.104  -75.644  -43.148 0.5000000000
17559  36.499  -65.163  -40.216 0.5000000000
9156  20.828  -75.198  -43.032 0.5000000000
18596  38.982  -64.926  -38.682 0.4000000060
18603  37.326  -65.076  -40.140 0.4000000060
18602  38.127  -64.832  -40.025 0.4000000060
16507  20.552  -67.184  -36.821 0.5000000000
9959  19.520  -73.102  -42.017 0.5000000000
16545  35.203  -65.699  -39.821 0.5000000000
19620  36.660  -63.694  -40.730 0.4000000060
139784  20.510  -66.875  -33.706 0.5000000000
15432  19.077  -67.625  -33.802 0.5000000000
15446  18.261  -67.676  -34.418 0.5000000000
15464  19.818  -67.189  -35.385 0.5000000000
19619  37.563  -63.482  -40.892 0.4000000060
16446  19.610  -67.390  -32.254 0.5000000000
15418  18.875  -67.677  -32.825 0.5000000000
16431  19.335  -67.185  -31.281 0.5000000000
16432  18.319  -66.952  -31.077 0.5000000000
15433  18.130  -67.728  -33.359 0.5000000000
15466  17.827  -67.602  -35.402 0.4000000060
16414  18.345  -66.348  -30.277 0.5000000000
15420  17.228  -67.285  -32.627 0.6000000238
15447  17.333  -67.687  -33.769 0.6000000238
158939  19.954  -66.310  -29.803 0.5000000000
17435  18.147  -65.174  -29.578 0.5000000000
16415  17.815  -66.335  -30.765 0.5000000000
17481  16.987  -66.016  -31.796 0.6000000238
16448  16.589  -66.923  -32.799 0.6000000238
15436  15.853  -67.362  -34.064 0.6000000238
15481  16.099  -67.848  -36.242 0.5000000000
15482  14.993  -67.907  -36.290 0.5000000000
15483  14.111  -67.835  -36.572 0.5000000000
17433  19.442  -65.791  -29.054 0.5000000000
18431  18.796  -64.397  -28.430 0.5000000000
18453  18.143  -64.422  -29.429 0.5000000000
18493  17.408  -64.867  -30.797 0.5000000000
19514  17.657  -63.996  -30.540 0.6000000238
18512  16.695  -65.324  -32.499 0.6000000238
16461  15.953  -66.997  -33.482 0.6000000238
15449  15.264  -67.401  -34.737 0.6000000238
15450  14.796  -67.156  -34.877 0.5000000000
20597  16.616  -62.544  -36.910 0.5000000000
15484  13.470  -67.523  -37.176 0.5000000000
18429  20.192  -64.880  -27.755 0.5000000000
19488  18.707  -63.665  -28.573 0.5000000000
19500  18.325  -63.629  -29.346 0.6000000238
20519  18.343  -62.577  -30.551 0.6000000238
20531  18.228  -62.422  -31.458 0.6000000238
18511  17.090  -64.460  -32.223 0.6000000238
19544  17.385  -63.663  -32.516 0.6000000238
18532  16.360  -64.947  -33.615 0.6000000238
18531  16.947  -64.259  -33.036 0.6000000238
17496  15.628  -66.510  -33.723 0.6000000238
16492  14.710  -66.677  -34.805 0.5000000000
16493  14.392  -66.969  -35.358 0.5000000000
17523  14.147  -66.347  -35.788 0.5000000000
18570  15.145  -64.853  -35.907 0.5000000000
17538  13.726  -65.925  -36.674 0.5000000000
18582  15.024  -64.374  -36.831 0.5000000000
20504  19.059  -62.316  -29.155 0.6000000238
21523  18.719  -61.826  -30.977 0.6000000238
21543  18.713  -61.760  -31.890 0.6000000238
21566  19.351  -61.252  -33.201 0.6000000238
20545  18.259  -62.349  -32.401 0.6000000238
20556  17.879  -62.838  -33.870 0.6000000238
158412  19.060  -61.684  -34.013 0.6000000238
19561  16.964  -63.915  -34.038 0.5000000000
20565  17.865  -62.838  -34.888 0.5000000000
18569  15.823  -64.514  -35.405 0.5000000000
20574  17.753  -62.736  -35.971 0.5000000000
21591  18.896  -61.962  -36.272 0.6000000238
19581  17.068  -63.097  -36.390 0.5000000000
20585  17.538  -62.443  -36.681 0.5000000000
151316  18.863  -61.583  -36.790 0.5000000000
23560  18.269  -60.443  -36.593 0.5000000000
22531  19.842  -60.638  -31.947 0.6000000238
22543  20.475  -60.201  -33.545 0.6000000238
22544  19.849  -60.897  -34.041 0.6000000238
21579  19.027  -61.896  -35.295 0.6000000238
21589  20.096  -60.785  -36.528 0.6000000238
22576  19.157  -61.039  -36.964 0.5000000000
22537  20.465  -60.159  -32.517 0.6000000238
22563  20.061  -61.009  -35.895 0.6000000238
23557  20.656  -59.774  -36.657 0.6000000238
23546  19.349  -59.588  -36.478 0.5000000000
24503  22.339  -58.231  -33.546 0.6000000238
137950  21.660  -59.215  -32.448 0.6000000238
24515  22.240  -58.321  -34.485 0.6000000238
22561  21.356  -59.720  -35.462 0.6000000238
22562  20.627  -60.430  -35.856 0.6000000238
24550  20.689  -59.115  -36.558 0.5000000000
24514  22.469  -57.779  -34.234 0.6000000238
24528  22.131  -58.445  -35.288 0.6000000238
151365  22.358  -57.358  -34.840 0.6000000238
23545  21.468  -59.412  -36.114 0.6000000238
25500  21.342  -57.114  -34.813 0.6000000238
25502  19.477  -57.579  -34.509 0.5000000000
149379  20.615  -56.729  -34.269 0.4000000060
11674  27.222  -72.181  -35.335 0.6000000238
11672  29.563  -72.523  -35.493 0.6999999881
15510  33.724  -67.287  -38.651 0.5000000000
15526  34.255  -66.703  -39.052 0.5000000000
17542  36.150  -65.901  -37.847 0.5000000000
16533  35.580  -66.184  -38.444 0.5000000000
9158  18.696  -74.762  -42.930 0.6000000238
135671  17.095  -65.076  -31.616 0.6000000238
19529  17.398  -64.015  -31.516 0.6000000238
18552  15.779  -65.105  -34.425 0.6000000238
19571  17.176  -63.424  -35.199 0.5000000000
23530  21.209  -59.612  -34.201 0.6000000238
22552  20.639  -60.318  -34.693 0.6000000238
25514  21.799  -58.198  -35.740 0.6000000238
25516  20.128  -58.073  -35.484 0.6000000238
8261  23.759  -74.719  -26.137 0.4000000060
147580  25.803  -73.186  -25.726 0.5000000000
9785  25.961  -73.684  -26.676 0.5000000000
9770  25.286  -73.843  -26.298 0.4000000060
8265  25.142  -74.808  -27.207 0.4000000060
8279  25.332  -75.638  -28.489 0.4000000060
150427  24.554  -75.683  -27.909 0.4000000060
159540  26.995  -73.842  -27.571 0.5000000000
9769  26.579  -72.950  -25.897 0.5000000000
8999  26.321  -75.397  -28.876 0.5000000000
8304  24.976  -75.950  -29.565 0.5000000000
146877  24.427  -76.000  -28.761 0.4000000060
8998  27.240  -74.446  -28.270 0.5000000000
9014  27.130  -75.505  -29.538 0.5000000000
154369  26.233  -75.812  -29.807 0.5000000000
8321  25.923  -75.519  -31.034 0.5000000000
8322  24.993  -75.550  -30.448 0.4000000060
9827  25.162  -74.269  -31.098 0.4000000060
9013  28.187  -75.413  -29.643 0.5000000000
8301  27.559  -75.949  -30.611 0.5000000000
8338  27.451  -75.867  -31.946 0.5000000000
8339  26.730  -75.608  -31.511 0.5000000000
9848  25.808  -74.753  -31.469 0.5000000000
10694  24.638  -73.303  -30.589 0.4000000060
14473  25.689  -68.650  -31.242 0.5000000000
14457  24.607  -68.596  -30.309 0.4000000060
143593  25.155  -68.442  -29.614 0.4000000060
14424  26.245  -68.401  -27.867 0.4000000060
14411  25.845  -68.804  -27.232 0.4000000060
13512  25.313  -69.348  -26.890 0.4000000060
9046  26.970  -75.380  -31.998 0.5000000000
11545  25.789  -70.701  -27.277 0.4000000060
11564  26.204  -71.305  -28.306 0.4000000060
11565  25.268  -71.421  -28.222 0.4000000060
9846  27.389  -74.546  -32.099 0.4000000060
9825  26.886  -73.654  -31.546 0.5000000000
136573  25.169  -72.444  -30.050 0.4000000060
9826  25.944  -73.934  -31.447 0.4000000060
154790  25.809  -68.380  -29.845 0.4000000060
14410  26.742  -68.728  -27.290 0.4000000060
13511  26.299  -69.320  -26.949 0.4000000060
9845  28.441  -74.359  -32.281 0.4000000060
11584  25.706  -71.830  -29.250 0.4000000060
9824  27.989  -73.328  -31.487 0.4000000060
10691  27.354  -72.726  -30.806 0.4000000060
10675  26.925  -72.210  -30.121 0.4000000060
10692  26.429  -72.924  -30.906 0.4000000060
13559  25.965  -68.945  -32.015 0.5000000000
161110  26.726  -68.458  -30.922 0.4000000060
14455  27.109  -68.265  -30.332 0.4000000060
14439  27.309  -68.114  -29.023 0.4000000060
13509  28.167  -68.909  -27.103 0.4000000060
12555  27.496  -70.537  -27.653 0.4000000060
11562  27.931  -71.184  -28.530 0.4000000060
11563  27.065  -71.204  -28.455 0.4000000060
10690  28.745  -72.801  -30.908 0.4000000060
11581  28.364  -71.810  -29.488 0.4000000060
11582  27.432  -71.708  -29.339 0.4000000060
13575  26.589  -69.165  -32.424 0.5000000000
14471  27.180  -68.570  -31.351 0.5000000000
13574  28.367  -69.022  -32.328 0.6000000238
14454  28.063  -68.307  -30.833 0.5000000000
14408  28.520  -68.430  -27.441 0.4000000060
12535  28.716  -69.562  -27.232 0.4000000060
12553  29.249  -70.428  -27.679 0.4000000060
11560  29.792  -71.140  -28.403 0.4000000060
139661  28.602  -68.002  -29.999 0.4000000060
143791  29.176  -68.981  -32.347 0.5000000000
14437  29.129  -67.836  -29.155 0.4000000060
13508  29.098  -68.818  -27.114 0.4000000060
14453  29.422  -68.017  -30.223 0.5000000000
148345  30.374  -67.712  -28.576 0.4000000060
155843  29.554  -68.253  -27.430 0.4000000060
13507  30.026  -68.802  -26.968 0.4000000060
14487  29.781  -68.692  -31.983 0.6000000238
13573  29.914  -69.213  -32.797 0.6000000238
15375  30.830  -67.703  -29.284 0.5000000000
15365  30.973  -67.607  -28.297 0.4000000060
11670  31.426  -71.148  -35.532 0.5000000000
21505  19.541  -61.554  -29.614 0.5000000000
22530  20.641  -60.112  -31.550 0.5000000000
23511  22.158  -59.034  -31.790 0.5000000000
21521  20.080  -60.864  -30.172 0.5000000000
23512  21.516  -59.567  -31.504 0.5000000000
21542  19.277  -61.228  -31.444 0.5000000000
8980  26.277  -74.458  -27.722 0.5000000000
157646  26.575  -68.243  -28.630 0.4000000060
145046  27.059  -68.281  -27.920 0.4000000060
158874  27.667  -72.166  -30.048 0.4000000060
137746  27.863  -68.058  -29.860 0.4000000060
14423  28.813  -67.923  -28.057 0.4000000060
12554  28.350  -70.483  -27.704 0.4000000060
11561  28.847  -71.184  -28.495 0.4000000060
13557  27.955  -68.690  -31.693 0.5000000000
12534  29.629  -69.518  -27.166 0.4000000060
14469  29.609  -68.336  -31.140 0.5000000000
14452  30.208  -68.060  -30.600 0.6000000238
14407  30.518  -68.366  -27.240 0.5000000000
14467  31.241  -68.195  -31.887 0.5000000000
19568  37.070  -62.865  -34.288 0.3000000119
18521  35.902  -63.879  -34.237 0.3000000119
18542  35.979  -63.967  -35.157 0.3000000119
145701  37.153  -63.126  -35.265 0.3000000119
159717  37.447  -62.724  -34.886 0.3000000119
21552  38.722  -61.813  -33.343 0.3000000119
21563  38.999  -61.708  -34.165 0.3000000119
18501  35.458  -64.430  -32.808 0.3000000119
17476  34.736  -65.033  -32.877 0.4000000060
141362  34.352  -65.380  -33.859 0.4000000060
18500  35.975  -63.883  -33.244 0.3000000119
17506  34.405  -65.428  -35.021 0.4000000060
17518  35.036  -65.014  -35.493 0.4000000060
15475  34.089  -66.867  -37.296 0.4000000060
15495  33.498  -67.568  -37.288 0.4000000060
19555  37.115  -62.972  -33.258 0.3000000119
18560  35.875  -64.609  -35.947 0.3000000119
17533  35.818  -65.742  -37.356 0.4000000060
19577  38.688  -63.388  -36.300 0.3000000119
19586  37.403  -64.253  -36.611 0.3000000119
16444  33.395  -66.299  -32.395 0.4000000060
16445  32.838  -66.776  -31.950 0.4000000060
14495  31.887  -68.039  -33.334 0.4000000060
139173  32.000  -68.250  -34.009 0.4000000060
17462  35.221  -64.767  -32.038 0.4000000060
16443  33.995  -65.690  -32.894 0.4000000060
16458  33.316  -66.411  -33.358 0.4000000060
15444  32.448  -67.750  -34.452 0.4000000060
15460  32.664  -67.927  -35.412 0.4000000060
150187  35.862  -64.356  -31.940 0.3000000119
16469  33.817  -65.930  -34.689 0.4000000060
15443  32.945  -67.196  -34.905 0.4000000060
12644  32.025  -70.151  -35.850 0.4000000060
19540  36.677  -63.503  -32.787 0.3000000119
16484  34.155  -66.362  -36.551 0.4000000060
14505  32.469  -68.740  -35.879 0.4000000060
19539  37.396  -63.186  -32.476 0.3000000119
16502  34.663  -66.404  -37.356 0.4000000060
142899  36.695  -65.665  -37.609 0.4000000060
16411  32.820  -66.692  -30.092 0.4000000060
155902  31.723  -67.580  -31.053 0.4000000060
16399  33.443  -66.240  -29.233 0.4000000060
16429  32.881  -66.706  -31.048 0.4000000060
15402  32.350  -67.223  -31.544 0.4000000060
14485  31.551  -68.172  -32.748 0.4000000060
17445  36.504  -64.924  -29.973 0.3000000119
158562  34.913  -65.031  -31.178 0.4000000060
17461  38.109  -64.598  -31.203 0.3000000119
18481  37.555  -64.139  -31.457 0.3000000119
13598  31.906  -69.417  -35.315 0.4000000060
19523  37.941  -63.489  -31.900 0.3000000119
15387  31.303  -67.666  -30.079 0.4000000060
15386  32.079  -67.196  -29.878 0.4000000060
17550  37.747  -65.602  -38.446 0.3000000119
18587  38.952  -65.002  -37.830 0.3000000119
139786  38.258  -65.170  -37.608 0.3000000119
12627  31.583  -70.301  -35.322 0.4000000060
14496  31.540  -68.545  -33.540 0.4000000060
14486  30.640  -68.688  -32.402 0.4000000060
15374  31.499  -67.395  -29.039 0.4000000060
18543  35.456  -64.409  -34.842 0.3000000119
20571  37.970  -62.752  -35.417 0.3000000119
20570  39.021  -62.633  -35.642 0.3000000119
17477  34.592  -65.250  -32.173 0.4000000060
138683  35.394  -65.362  -36.504 0.4000000060
144334  34.022  -65.948  -35.591 0.4000000060
17534  34.953  -65.916  -37.020 0.4000000060
161149  32.987  -68.013  -36.507 0.4000000060
154326  37.032  -65.298  -37.256 0.4000000060
16409  34.184  -65.594  -30.713 0.4000000060
144803  32.374  -67.278  -32.253 0.4000000060
15415  32.677  -66.972  -32.908 0.4000000060
18482  35.807  -64.564  -31.220 0.3000000119
16470  33.331  -66.527  -34.356 0.4000000060
145830  36.637  -64.254  -31.401 0.3000000119
17448  34.232  -65.637  -29.629 0.4000000060
17447  34.977  -65.172  -30.014 0.3000000119
18461  37.225  -64.672  -30.650 0.3000000119
7050  26.258  -77.660  -24.846 0.3000000119
141516  25.500  -77.977  -24.148 0.3000000119
7631  27.333  -76.302  -24.821 0.3000000119
7063  26.775  -77.882  -25.510 0.3000000119
7037  26.503  -76.667  -24.434 0.3000000119
7038  25.727  -77.013  -23.902 0.3000000119
7630  28.189  -76.389  -25.188 0.3000000119
7048  28.559  -77.102  -25.733 0.3000000119
7049  27.767  -77.061  -25.606 0.3000000119
7623  27.904  -75.535  -24.617 0.3000000119
7613  25.083  -76.341  -23.093 0.3000000119
8957  24.195  -73.843  -24.203 0.3000000119
160468  30.747  -77.510  -24.651 0.3000000119
7046  30.295  -77.753  -25.296 0.3000000119
7621  29.436  -76.332  -24.802 0.3000000119
7036  30.125  -76.973  -24.741 0.3000000119
7060  29.019  -77.723  -26.278 0.3000000119
7625  25.681  -74.811  -23.342 0.3000000119
157295  26.342  -72.754  -25.118 0.3000000119
9732  24.845  -73.655  -23.896 0.3000000119
8250  29.508  -75.379  -24.455 0.3000000119
138905  27.202  -75.307  -24.219 0.3000000119
8252  27.643  -74.605  -24.232 0.3000000119
8955  28.202  -73.882  -24.337 0.3000000119
9742  27.634  -73.008  -24.596 0.3000000119
8239  26.260  -74.005  -23.817 0.3000000119
9755  27.114  -72.626  -25.097 0.3000000119
9012  29.123  -75.246  -29.541 0.4000000060
9799  28.254  -73.918  -28.116 0.4000000060
5982  31.308  -79.865  -29.119 0.3000000119
4968  30.096  -80.886  -29.667 0.3000000119
7061  28.190  -77.710  -26.211 0.3000000119
6501  26.887  -78.402  -25.984 0.3000000119
5940  32.362  -79.346  -26.554 0.3000000119
6497  31.373  -79.049  -26.623 0.3000000119
5970  30.830  -79.506  -28.445 0.3000000119
5983  30.515  -79.746  -29.191 0.3000000119
5480  29.879  -80.477  -29.732 0.3000000119
6472  32.960  -78.764  -24.748 0.3000000119
6498  30.412  -78.718  -26.740 0.3000000119
5955  31.111  -79.299  -27.557 0.3000000119
5972  28.908  -79.289  -28.428 0.3000000119
5984  29.682  -79.726  -29.200 0.3000000119
6486  30.732  -78.469  -25.868 0.3000000119
6499  29.505  -78.400  -26.873 0.3000000119
6510  29.206  -78.774  -27.643 0.3000000119
138958  28.093  -79.254  -28.041 0.3000000119
6500  28.655  -78.255  -26.889 0.3000000119
6511  28.340  -78.801  -27.529 0.3000000119
153614  25.986  -75.887  -23.524 0.3000000119
160918  25.215  -75.430  -23.039 0.3000000119
7035  31.106  -78.192  -25.029 0.3000000119
8956  27.212  -73.695  -24.188 0.3000000119
4954  32.333  -80.560  -28.728 0.3000000119
5957  26.817  -79.126  -26.576 0.3000000119
6485  31.661  -78.816  -25.688 0.3000000119
5954  32.118  -79.550  -27.508 0.3000000119
5971  29.867  -79.314  -28.443 0.3000000119
5973  27.566  -79.714  -28.019 0.3000000119
9768  27.414  -72.777  -26.067 0.3000000119
9865  33.671  -74.677  -32.492 0.3000000119
9059  33.277  -75.459  -32.516 0.3000000119
8357  31.980  -76.035  -32.307 0.3000000119
9062  30.548  -75.735  -32.671 0.4000000060
9063  29.713  -75.707  -32.710 0.4000000060
9044  29.051  -75.231  -32.668 0.3000000119
9045  27.999  -75.528  -32.429 0.3000000119
9840  33.261  -74.033  -31.815 0.3000000119
9841  32.383  -74.085  -31.653 0.4000000060
9842  31.425  -74.061  -31.731 0.4000000060
10688  30.418  -72.841  -30.715 0.4000000060
9823  28.990  -73.390  -31.575 0.3000000119
11578  31.301  -71.680  -29.077 0.4000000060
10672  29.926  -72.250  -29.999 0.4000000060
11580  29.387  -71.730  -29.296 0.3000000119
11559  30.747  -71.098  -28.307 0.3000000119
8316  35.953  -76.186  -30.648 0.3000000119
158186  34.780  -76.479  -31.913 0.3000000119
7682  32.448  -76.383  -32.002 0.4000000060
7696  31.601  -76.309  -32.153 0.4000000060
156944  30.294  -76.558  -32.042 0.3000000119
8336  29.642  -76.538  -32.000 0.3000000119
8300  28.653  -76.086  -30.606 0.3000000119
9057  35.034  -75.284  -32.682 0.3000000119
9864  34.487  -74.474  -32.696 0.3000000119
9839  34.076  -73.858  -32.278 0.3000000119
10706  33.684  -73.267  -31.356 0.3000000119
9819  32.824  -73.373  -31.052 0.3000000119
9820  31.901  -73.381  -31.046 0.4000000060
11591  34.407  -71.718  -30.643 0.3000000119
11575  34.048  -71.345  -29.743 0.3000000119
10685  33.215  -72.603  -30.489 0.3000000119
10669  32.679  -72.210  -29.805 0.4000000060
10670  31.821  -72.267  -29.739 0.4000000060
12566  33.613  -70.899  -29.028 0.3000000119
11557  32.735  -70.899  -28.489 0.4000000060
11558  31.709  -71.039  -28.314 0.4000000060
151544  32.429  -68.196  -27.327 0.3000000119
12531  32.199  -69.600  -27.326 0.4000000060
12550  32.020  -70.305  -27.663 0.4000000060
12551  31.119  -70.367  -27.570 0.4000000060
15362  33.182  -66.933  -27.853 0.3000000119
15355  31.848  -68.022  -27.339 0.4000000060
15364  31.778  -67.388  -27.963 0.3000000119
11532  35.804  -71.730  -26.241 0.3000000119
10636  35.504  -72.343  -26.884 0.3000000119
157417  34.559  -73.968  -27.480 0.3000000119
8975  34.324  -74.653  -28.090 0.3000000119
8293  36.731  -75.842  -30.145 0.3000000119
158847  35.640  -75.158  -29.318 0.3000000119
9009  35.095  -75.661  -29.483 0.3000000119
8992  33.242  -75.181  -28.420 0.3000000119
9037  37.264  -75.136  -31.356 0.3000000119
8315  36.768  -75.963  -30.555 0.3000000119
138451  35.121  -76.182  -30.345 0.3000000119
138062  33.846  -76.340  -29.960 0.3000000119
8296  33.172  -76.184  -29.899 0.3000000119
8297  32.278  -75.955  -30.050 0.3000000119
8299  30.337  -75.804  -30.150 0.3000000119
151303  29.545  -75.796  -30.128 0.3000000119
8996  29.615  -74.483  -28.770 0.3000000119
9798  29.214  -73.789  -28.091 0.3000000119
9038  35.822  -74.647  -32.639 0.3000000119
12548  34.003  -69.989  -28.595 0.3000000119
139280  32.791  -70.032  -27.786 0.3000000119
13522  34.173  -69.196  -28.198 0.3000000119
13505  33.486  -68.666  -27.605 0.3000000119
16375  33.961  -66.972  -27.848 0.3000000119
16387  32.951  -66.682  -28.525 0.3000000119
15373  32.235  -67.047  -28.753 0.3000000119
12510  36.139  -70.691  -24.089 0.3000000119
10635  36.273  -72.058  -27.067 0.3000000119
9778  35.660  -73.360  -28.238 0.3000000119
9779  35.046  -73.983  -28.188 0.3000000119
9809  36.783  -74.427  -29.231 0.3000000119
139416  35.064  -74.898  -28.774 0.3000000119
9783  28.771  -73.122  -27.124 0.3000000119
12501  36.566  -70.515  -23.372 0.3000000119
12509  36.522  -70.878  -24.894 0.3000000119
11531  36.600  -71.604  -26.372 0.3000000119
10646  36.942  -72.589  -27.821 0.3000000119
9796  36.641  -73.429  -28.571 0.3000000119
9008  37.446  -75.373  -29.663 0.3000000119
12508  37.000  -70.671  -24.151 0.3000000119
11514  37.683  -71.243  -24.845 0.3000000119
162443  38.047  -72.446  -26.880 0.3000000119
9777  37.822  -73.457  -28.360 0.3000000119
8997  28.729  -74.571  -28.821 0.3000000119
8337  28.147  -76.122  -32.172 0.3000000119
9844  29.438  -74.175  -32.194 0.3000000119
10689  29.495  -72.772  -30.807 0.4000000060
13506  30.942  -68.859  -26.950 0.4000000060
16398  34.299  -65.857  -28.778 0.3000000119
9058  34.117  -75.402  -32.640 0.3000000119
9040  32.822  -74.785  -32.266 0.3000000119
8335  34.181  -76.534  -31.866 0.3000000119
9041  31.898  -74.834  -32.194 0.4000000060
9042  30.941  -74.850  -32.404 0.4000000060
159363  30.415  -73.337  -31.301 0.4000000060
11577  32.257  -71.666  -29.104 0.4000000060
9039  35.873  -75.632  -31.991 0.3000000119
159132  35.117  -76.508  -31.285 0.3000000119
7668  32.364  -76.518  -31.445 0.3000000119
7667  33.283  -76.537  -31.428 0.3000000119
7670  30.649  -76.359  -30.922 0.4000000060
141933  29.660  -76.398  -31.014 0.3000000119
9863  35.279  -74.082  -32.807 0.3000000119
10727  34.885  -73.588  -32.673 0.3000000119
10705  34.531  -73.091  -31.880 0.3000000119
11576  33.198  -71.641  -29.421 0.4000000060
14404  33.731  -67.761  -27.654 0.3000000119
8991  34.426  -75.417  -28.948 0.3000000119
8275  33.720  -75.758  -29.208 0.3000000119
8276  32.804  -75.553  -29.212 0.3000000119
152297  34.364  -67.531  -27.936 0.3000000119
7764  20.959  -76.140  -42.619 0.4000000060
4955  30.910  -81.083  -29.293 0.3000000119
5468  31.839  -80.107  -29.076 0.3000000119
5953  33.107  -79.770  -27.445 0.3000000119
5956  27.540  -79.115  -27.403 0.3000000119
5974  26.949  -79.740  -27.309 0.3000000119
5985  29.000  -79.916  -29.234 0.3000000119
5992  30.156  -80.072  -29.618 0.3000000119
5993  29.530  -80.203  -29.664 0.3000000119
6473  31.984  -78.554  -24.812 0.3000000119
6487  29.843  -78.070  -26.077 0.3000000119
6488  26.412  -78.272  -25.430 0.3000000119
6509  30.123  -79.001  -27.599 0.3000000119
7047  29.415  -77.212  -25.484 0.3000000119
7062  27.387  -77.796  -25.889 0.3000000119
7183  20.122  -77.056  -42.118 0.5000000000
7622  28.717  -75.682  -24.736 0.3000000119
7624  26.722  -75.844  -24.118 0.3000000119
7629  28.832  -76.557  -25.240 0.3000000119
7669  31.680  -76.442  -30.980 0.4000000060
7671  30.197  -76.552  -31.550 0.3000000119
7681  33.340  -76.379  -32.079 0.4000000060
7683  31.627  -76.502  -31.809 0.4000000060
7684  30.862  -76.543  -31.648 0.4000000060
7697  30.874  -76.411  -32.209 0.3000000119
7763  21.667  -76.110  -42.104 0.5000000000
7766  19.568  -76.854  -42.593 0.5000000000
7767  18.046  -76.594  -42.806 0.6000000238
8253  26.501  -75.024  -23.726 0.3000000119
8266  24.069  -75.270  -27.034 0.4000000060
8278  25.666  -75.834  -29.443 0.5000000000
8280  23.917  -75.764  -27.984 0.5000000000
8294  35.807  -75.730  -29.976 0.3000000119
8295  34.439  -76.094  -29.740 0.3000000119
8298  31.294  -75.817  -30.137 0.3000000119
8302  26.562  -75.901  -30.677 0.5000000000
8303  25.667  -75.775  -30.234 0.5000000000
8305  24.292  -75.813  -29.624 0.4000000060
8317  33.486  -76.427  -30.560 0.3000000119
8318  32.729  -76.427  -30.733 0.3000000119
8319  27.917  -76.165  -31.504 0.3000000119
8320  27.197  -75.949  -31.363 0.5000000000
8333  36.692  -75.870  -31.202 0.3000000119
8334  35.979  -76.260  -31.237 0.3000000119
8353  35.247  -76.237  -32.005 0.3000000119
8354  34.520  -76.112  -32.383 0.3000000119
8355  33.734  -76.085  -32.387 0.3000000119
8356  32.888  -76.054  -32.297 0.3000000119
8358  31.159  -76.106  -32.454 0.4000000060
8359  30.096  -76.220  -32.407 0.3000000119
8360  29.021  -76.017  -32.403 0.3000000119
8408  24.601  -75.351  -39.630 0.5000000000
8422  24.734  -75.317  -40.259 0.5000000000
8430  24.426  -75.369  -40.897 0.5000000000
8431  23.667  -75.800  -41.057 0.5000000000
8432  23.132  -76.039  -40.750 0.5000000000
8438  23.070  -75.563  -41.636 0.5000000000
8442  22.337  -75.539  -42.089 0.6000000238
8447  17.397  -76.006  -42.869 0.6000000238
8972  24.535  -74.358  -26.260 0.4000000060
8990  35.862  -74.278  -28.864 0.3000000119
9015  24.244  -75.196  -30.290 0.5000000000
9026  25.465  -75.118  -31.166 0.4000000060
9043  29.990  -74.952  -32.606 0.4000000060
9047  26.184  -75.265  -31.571 0.5000000000
9060  32.388  -75.505  -32.423 0.3000000119
9061  31.468  -75.573  -32.514 0.4000000060
9099  26.438  -74.276  -36.991 0.6999999881
9112  26.795  -73.942  -37.376 0.6999999881
9115  23.581  -74.406  -37.581 0.6000000238
9128  25.561  -74.326  -38.623 0.6999999881
9130  23.325  -74.835  -38.481 0.5000000000
9150  23.751  -74.419  -41.785 0.6000000238
9153  23.068  -74.484  -42.084 0.6000000238
9154  22.375  -74.798  -42.395 0.5000000000
9157  19.704  -75.002  -43.122 0.5000000000
9743  26.555  -73.027  -24.411 0.3000000119
9744  25.576  -73.396  -24.079 0.3000000119
9756  25.672  -73.015  -24.861 0.3000000119
9757  24.885  -73.451  -24.613 0.3000000119
9771  25.035  -73.513  -25.482 0.3000000119
9784  27.661  -73.375  -27.216 0.4000000060
9810  23.877  -73.468  -30.165 0.4000000060
9821  30.995  -73.375  -31.161 0.4000000060
9822  29.857  -73.351  -31.443 0.4000000060
9843  30.428  -73.957  -31.890 0.4000000060
9847  26.459  -74.706  -31.763 0.5000000000
9895  29.364  -73.790  -36.548 0.8000000119
9897  28.007  -74.035  -36.359 0.6999999881
9900  24.104  -73.510  -36.116 0.6000000238
9901  22.627  -73.039  -35.976 0.6999999881
9912  30.011  -73.496  -36.427 0.8000000119
9914  26.587  -74.121  -36.457 0.6999999881
9915  25.757  -74.161  -36.578 0.6999999881
9918  22.894  -73.512  -36.521 0.6000000238
9929  29.314  -73.833  -37.022 0.8000000119
9930  28.398  -73.588  -37.323 0.8000000119
9931  22.765  -73.924  -37.080 0.6000000238
9949  25.633  -73.452  -39.689 0.6000000238
9953  25.390  -73.468  -40.263 0.6999999881
9958  24.097  -73.687  -41.524 0.6000000238
9963  23.296  -73.759  -41.889 0.6000000238
9968  18.950  -73.782  -42.416 0.6000000238
10634  37.201  -72.106  -27.068 0.3000000119
10647  35.956  -72.641  -27.774 0.3000000119
10668  33.199  -72.132  -29.931 0.3000000119
10671  30.872  -72.267  -29.843 0.4000000060
10673  29.026  -72.291  -30.157 0.4000000060
10674  28.200  -72.484  -30.484 0.4000000060
10676  26.047  -72.312  -30.145 0.4000000060
10684  34.086  -72.491  -30.972 0.3000000119
10686  32.312  -72.754  -30.411 0.4000000060
10687  31.390  -72.794  -30.468 0.4000000060
10693  25.509  -73.136  -30.853 0.4000000060
10735  20.227  -71.902  -34.159 0.5000000000
10745  22.488  -72.263  -34.841 0.6999999881
10747  20.654  -72.316  -34.816 0.5000000000
10757  30.351  -72.836  -35.907 0.6000000238
10761  26.849  -73.065  -35.720 0.6999999881
10765  23.447  -72.960  -35.682 0.6000000238
10766  22.070  -72.623  -35.435 0.6000000238
10776  31.274  -72.645  -37.135 0.6999999881
10784  30.608  -73.111  -37.365 0.6999999881
10785  29.855  -73.312  -37.463 0.6999999881
10795  26.923  -72.826  -38.169 0.8000000119
10802  26.266  -72.804  -38.712 0.6999999881
10803  25.843  -72.787  -39.369 0.6999999881
10808  24.924  -72.994  -40.562 0.6999999881
10814  23.626  -72.982  -41.458 0.6000000238
10817  19.439  -72.646  -41.576 0.5000000000
10819  22.355  -72.690  -41.782 0.5000000000
10822  20.307  -73.121  -42.122 0.5000000000
11515  35.806  -71.022  -24.772 0.3000000119
11522  37.072  -71.296  -25.676 0.3000000119
11523  36.135  -71.254  -25.579 0.3000000119
11530  37.610  -71.833  -26.372 0.3000000119
11579  30.341  -71.700  -29.164 0.4000000060
11583  26.574  -71.736  -29.298 0.4000000060
11592  33.696  -71.991  -30.171 0.3000000119
11633  23.952  -71.011  -34.007 0.6999999881
11634  23.280  -71.208  -33.854 0.6999999881
11638  19.815  -71.532  -33.463 0.5000000000
11651  30.397  -71.227  -34.926 0.6999999881
11653  28.499  -71.368  -34.861 0.6000000238
11656  25.807  -71.402  -34.793 0.6999999881
11658  22.920  -71.778  -34.335 0.6999999881
11673  28.141  -72.184  -35.317 0.6000000238
11676  25.459  -72.141  -35.192 0.6999999881
11687  31.774  -72.046  -36.748 0.6999999881
11701  28.698  -71.683  -37.825 0.6999999881
11714  31.613  -71.434  -38.364 0.8000000119
11715  29.237  -72.006  -38.017 0.6999999881
11717  27.183  -72.186  -38.094 0.6999999881
11721  22.763  -71.409  -39.648 0.6000000238
11730  26.117  -72.251  -39.130 0.6000000238
11731  25.737  -72.275  -39.571 0.6999999881
11733  23.293  -72.101  -40.304 0.6000000238
11734  22.415  -71.160  -40.636 0.6000000238
11739  24.310  -72.559  -40.534 0.6000000238
11743  23.050  -72.466  -41.308 0.5000000000
11748  21.938  -72.203  -41.677 0.5000000000
11750  21.074  -71.706  -41.498 0.5000000000
12492  36.211  -70.479  -22.691 0.3000000119
12532  31.458  -69.568  -27.167 0.4000000060
12533  30.552  -69.539  -27.116 0.4000000060
12536  27.828  -69.630  -27.191 0.4000000060
12537  26.980  -69.780  -27.062 0.4000000060
12538  25.603  -69.895  -26.743 0.4000000060
12549  33.428  -70.340  -28.418 0.3000000119
12552  30.177  -70.388  -27.612 0.3000000119
12556  26.670  -70.629  -27.528 0.4000000060
12597  23.327  -70.210  -32.771 0.6999999881
12598  22.483  -70.303  -32.670 0.6000000238
12599  21.628  -70.356  -32.571 0.6000000238
12609  29.577  -70.232  -34.103 0.6999999881
12611  27.507  -69.947  -33.739 0.6000000238
12618  21.151  -70.810  -33.129 0.6000000238
12629  30.302  -70.442  -34.406 0.6999999881
12633  26.132  -70.669  -34.317 0.6000000238
12645  31.906  -70.732  -35.858 0.5000000000
12655  31.926  -71.332  -36.282 0.6999999881
12667  32.490  -70.612  -37.510 0.6000000238
12669  28.557  -70.976  -37.623 0.6000000238
12670  27.617  -70.827  -37.603 0.6999999881
12671  26.744  -70.515  -37.862 0.6999999881
12685  32.069  -70.572  -38.512 0.6000000238
12687  30.347  -70.420  -38.369 0.6999999881
12690  26.049  -71.219  -38.913 0.6999999881
12716  22.159  -70.045  -41.032 0.4000000060
12720  21.673  -70.213  -41.352 0.5000000000
13510  27.271  -69.078  -27.055 0.4000000060
13523  33.473  -69.600  -27.926 0.3000000119
13524  32.780  -69.221  -27.419 0.4000000060
13545  23.255  -69.094  -30.958 0.6999999881
13548  20.640  -69.435  -30.281 0.5000000000
13558  27.376  -69.026  -32.258 0.6000000238
13560  24.519  -69.123  -31.804 0.5000000000
13563  21.764  -69.567  -31.305 0.6000000238
13577  24.533  -69.549  -32.482 0.6999999881
13586  31.075  -69.215  -33.745 0.6999999881
13587  30.651  -69.073  -33.100 0.6999999881
13589  26.972  -69.483  -33.033 0.5000000000
13599  31.298  -69.724  -34.610 0.4000000060
13601  30.151  -69.940  -33.941 0.6999999881
13604  32.359  -69.627  -36.274 0.4000000060
13609  32.844  -69.153  -37.620 0.5000000000
13611  23.518  -69.509  -36.659 0.6000000238
13617  32.702  -69.871  -37.902 0.5000000000
13622  23.222  -70.209  -37.349 0.6999999881
13628  32.446  -69.687  -38.394 0.6999999881
13629  31.800  -69.635  -38.814 0.6000000238
13634  24.886  -70.585  -38.254 0.6999999881
13651  21.945  -69.121  -40.790 0.4000000060
14405  33.057  -67.985  -27.383 0.3000000119
14406  31.950  -68.786  -27.091 0.4000000060
14409  27.610  -68.593  -27.373 0.4000000060
14413  24.008  -68.853  -27.320 0.4000000060
14420  34.984  -67.861  -28.356 0.3000000119
14421  34.307  -68.309  -27.956 0.3000000119
14422  30.339  -67.850  -27.736 0.5000000000
14425  25.398  -68.480  -27.937 0.4000000060
14426  24.522  -68.536  -28.088 0.4000000060
14436  30.060  -67.825  -29.478 0.5000000000
14438  28.261  -67.937  -28.988 0.4000000060
14440  26.468  -68.270  -29.564 0.4000000060
14451  30.949  -67.967  -30.911 0.4000000060
14456  25.399  -68.514  -30.481 0.4000000060
14459  22.891  -68.779  -30.033 0.6000000238
14468  30.431  -68.346  -31.506 0.5000000000
14470  28.839  -68.603  -31.608 0.5000000000
14472  26.407  -68.630  -31.353 0.4000000060
14474  24.927  -68.711  -31.133 0.5000000000
14488  26.694  -68.852  -31.891 0.5000000000
14497  31.115  -68.681  -33.021 0.4000000060
14506  23.817  -68.166  -35.497 0.6999999881
14507  22.850  -68.111  -35.457 0.6999999881
14514  28.049  -67.549  -36.535 0.6999999881
14523  33.390  -67.823  -37.769 0.5000000000
14525  28.587  -68.212  -36.627 0.6999999881
14529  24.723  -69.244  -36.863 0.6000000238
14530  22.170  -68.779  -37.092 0.6999999881
14531  21.751  -68.082  -37.924 0.6000000238
14539  33.162  -68.073  -38.203 0.5000000000
14544  21.571  -67.897  -38.965 0.6000000238
14554  33.099  -67.792  -38.866 0.6000000238
14555  32.501  -68.225  -38.920 0.6000000238
14573  21.614  -68.438  -40.407 0.6000000238
15353  33.300  -67.416  -27.646 0.3000000119
15354  32.594  -67.546  -27.586 0.3000000119
15356  31.103  -67.906  -27.528 0.5000000000
15363  32.520  -67.029  -28.043 0.3000000119
15388  30.691  -67.863  -30.116 0.5000000000
15403  18.612  -67.461  -31.926 0.5000000000
15404  17.768  -67.184  -31.921 0.6000000238
15416  32.112  -67.636  -32.813 0.4000000060
15417  31.891  -67.700  -32.060 0.4000000060
15419  17.957  -67.578  -32.569 0.5000000000
15430  32.754  -67.022  -33.934 0.4000000060
15431  32.295  -67.611  -33.568 0.4000000060
15434  17.412  -67.582  -33.079 0.5000000000
15435  16.651  -67.376  -33.377 0.6000000238
15445  19.230  -67.460  -34.684 0.5000000000
15448  16.516  -67.614  -34.186 0.6000000238
15459  33.540  -67.146  -36.537 0.4000000060
15468  15.492  -67.727  -35.364 0.5000000000
15469  14.648  -67.454  -35.565 0.5000000000
15476  25.594  -67.542  -36.558 0.6000000238
15478  21.088  -67.333  -37.222 0.6000000238
15498  26.668  -66.729  -36.768 0.6000000238
15511  30.739  -67.314  -38.524 0.6999999881
15525  34.895  -66.448  -38.723 0.5000000000
15527  33.492  -66.909  -39.464 0.6000000238
15529  31.687  -66.761  -39.572 0.6000000238
15536  32.846  -66.493  -39.967 0.6000000238
16385  34.468  -66.353  -28.321 0.3000000119
16386  33.727  -66.446  -28.328 0.3000000119
16400  32.692  -66.747  -29.276 0.4000000060
16401  18.940  -66.202  -29.672 0.5000000000
16410  33.496  -66.154  -30.350 0.4000000060
16413  19.149  -66.717  -30.427 0.5000000000
16427  34.085  -65.676  -31.808 0.4000000060
16428  33.474  -66.208  -31.404 0.4000000060
16433  17.527  -66.587  -31.415 0.5000000000
16447  17.123  -66.794  -32.137 0.6000000238
16457  33.725  -65.951  -33.801 0.4000000060
16459  21.161  -66.413  -33.577 0.6000000238
16460  19.815  -67.400  -33.270 0.5000000000
16471  24.361  -65.539  -34.780 0.6999999881
16475  20.015  -67.191  -34.368 0.5000000000
16476  15.245  -67.004  -34.212 0.6000000238
16485  33.510  -66.624  -35.511 0.4000000060
16487  23.973  -66.576  -34.746 0.6999999881
16489  21.709  -66.998  -35.201 0.6999999881
16491  20.338  -67.097  -36.129 0.5000000000
16501  35.343  -66.153  -37.641 0.4000000060
16504  25.885  -65.807  -36.727 0.6000000238
16505  25.485  -65.457  -36.252 0.6000000238
16506  20.812  -67.187  -36.807 0.5000000000
16510  13.835  -67.122  -36.238 0.5000000000
16517  36.306  -65.926  -38.238 0.5000000000
16518  35.520  -66.218  -37.974 0.5000000000
16521  28.151  -66.242  -36.828 0.6999999881
16524  20.654  -67.230  -37.514 0.5000000000
16532  36.274  -65.846  -38.894 0.4000000060
16534  30.690  -65.503  -38.822 0.6999999881
16540  36.057  -65.658  -39.677 0.5000000000
16542  32.522  -65.774  -40.134 0.6000000238
16544  31.229  -65.872  -39.353 0.6000000238
16546  34.317  -65.776  -39.985 0.6000000238
17416  20.679  -65.366  -28.253 0.6000000238
17417  19.833  -65.343  -28.378 0.5000000000
17418  19.030  -65.144  -28.595 0.5000000000
17419  18.502  -64.818  -28.997 0.5000000000
17429  35.748  -65.159  -29.547 0.3000000119
17431  21.281  -65.607  -28.921 0.6000000238
17434  18.679  -65.526  -29.230 0.5000000000
17446  35.756  -64.801  -30.342 0.3000000119
17449  21.569  -65.756  -30.703 0.6000000238
17451  17.800  -65.616  -30.268 0.5000000000
17464  20.911  -66.295  -31.222 0.6000000238
17465  17.396  -65.772  -31.082 0.6000000238
17478  22.450  -65.235  -32.898 0.6000000238
17480  21.074  -66.273  -32.130 0.6000000238
17482  16.658  -66.307  -32.410 0.6000000238
17490  34.926  -64.771  -33.529 0.4000000060
17491  23.495  -64.814  -33.713 0.6999999881
17492  22.728  -65.284  -33.496 0.6999999881
17495  16.121  -66.164  -33.069 0.6000000238
17505  34.873  -64.836  -34.406 0.4000000060
17507  23.919  -65.041  -34.223 0.6999999881
17508  22.350  -65.840  -33.894 0.6999999881
17509  15.736  -65.768  -33.744 0.6000000238
17510  15.180  -66.070  -34.342 0.5000000000
17519  34.618  -65.648  -36.059 0.4000000060
17520  25.731  -64.785  -36.039 0.6000000238
17521  25.048  -65.079  -35.538 0.6000000238
17522  14.657  -65.859  -35.254 0.5000000000
17532  37.592  -65.507  -37.738 0.3000000119
17535  28.092  -65.041  -36.753 0.6999999881
17536  27.472  -65.066  -36.878 0.6999999881
17537  14.439  -65.315  -36.323 0.5000000000
17541  36.998  -65.817  -38.036 0.4000000060
17543  29.592  -65.146  -37.614 0.6999999881
17544  28.393  -65.402  -36.986 0.6999999881
17545  26.880  -65.207  -36.958 0.6000000238
17553  30.292  -65.069  -38.402 0.6999999881
17557  31.682  -64.839  -39.634 0.6000000238
17560  35.613  -65.138  -40.281 0.6000000238
17562  33.717  -65.130  -40.357 0.6000000238
17563  32.779  -65.063  -40.277 0.6000000238
18391  24.548  -64.360  -26.245 0.5000000000
18394  22.107  -64.079  -26.488 0.4000000060
18407  23.428  -64.676  -26.893 0.5000000000
18409  21.583  -64.692  -27.187 0.6000000238
18427  22.442  -65.109  -27.942 0.5000000000
18430  19.407  -64.679  -27.990 0.5000000000
18447  25.386  -64.416  -29.600 0.6000000238
18449  23.615  -64.773  -29.693 0.6999999881
18450  22.766  -65.091  -29.707 0.6999999881
18451  22.182  -65.321  -28.861 0.6000000238
18452  18.436  -64.191  -28.907 0.5000000000
18462  36.450  -64.610  -30.622 0.3000000119
18464  29.491  -64.769  -30.578 0.6000000238
18467  26.567  -64.493  -30.773 0.8000000119
18470  23.933  -64.513  -30.537 0.6000000238
18472  17.761  -64.687  -30.035 0.5000000000
18483  31.321  -64.176  -31.571 0.5000000000
18487  26.853  -64.678  -31.521 0.8000000119
18489  24.710  -64.084  -32.319 0.8000000119
18491  22.778  -64.927  -31.631 0.6000000238
18502  31.154  -64.355  -33.029 0.6000000238
18504  29.899  -64.800  -32.181 0.6000000238
18506  25.535  -64.242  -32.373 0.8000000119
18508  23.579  -64.371  -32.786 0.6999999881
18510  22.314  -65.317  -32.105 0.6000000238
18522  35.410  -64.358  -33.812 0.3000000119
18524  31.241  -64.426  -33.947 0.6000000238
18526  29.612  -64.948  -33.250 0.6000000238
18528  24.547  -64.141  -33.702 0.6999999881
18529  23.862  -64.340  -33.455 0.6999999881
18544  31.268  -64.445  -34.880 0.6000000238
18546  29.259  -64.950  -35.083 0.6000000238
18548  27.201  -64.898  -34.933 0.6999999881
18553  15.251  -65.242  -34.995 0.5000000000
18562  31.135  -64.425  -35.904 0.6000000238
18566  27.320  -64.772  -35.874 0.6999999881
18567  26.094  -64.708  -35.906 0.6999999881
18568  25.326  -64.699  -35.327 0.6000000238
18573  37.613  -64.962  -37.182 0.3000000119
18574  36.772  -64.696  -36.673 0.3000000119
18575  36.248  -65.249  -36.951 0.4000000060
18577  30.881  -64.236  -36.999 0.6999999881
18579  29.315  -64.694  -36.889 0.6999999881
18581  15.782  -64.050  -36.446 0.5000000000
18588  38.388  -65.366  -38.155 0.3000000119
18597  38.368  -65.217  -39.078 0.4000000060
18601  38.851  -64.539  -39.732 0.4000000060
18604  33.510  -63.877  -40.070 0.6000000238
18607  37.548  -64.326  -40.647 0.4000000060
18608  36.847  -64.597  -40.578 0.4000000060
18609  36.034  -64.442  -40.532 0.6000000238
18612  32.527  -64.520  -40.101 0.6000000238
18613  32.223  -64.759  -40.016 0.6000000238
19464  20.437  -62.866  -27.003 0.5000000000
19476  20.310  -63.742  -27.090 0.4000000060
19477  19.168  -63.870  -27.901 0.5000000000
19501  17.912  -64.002  -29.866 0.6000000238
19513  18.064  -63.349  -30.151 0.6000000238
19524  37.067  -63.740  -32.007 0.3000000119
19526  32.818  -63.301  -31.852 0.6000000238
19528  17.834  -63.187  -31.014 0.6000000238
19538  38.026  -62.878  -32.314 0.3000000119
19542  32.575  -63.574  -32.645 0.6000000238
19556  36.493  -63.416  -33.724 0.3000000119
19559  31.770  -64.160  -33.503 0.6000000238
19560  17.400  -63.454  -33.434 0.6000000238
19569  36.462  -63.457  -34.777 0.3000000119
19570  33.034  -63.445  -34.219 0.6000000238
19572  16.440  -64.254  -34.759 0.5000000000
19579  33.188  -63.448  -35.301 0.5000000000
19582  16.476  -63.776  -35.913 0.5000000000
19587  33.208  -63.445  -36.335 0.6000000238
19591  16.343  -63.359  -36.770 0.5000000000
19600  32.346  -63.783  -37.132 0.6000000238
19608  33.178  -63.197  -38.422 0.6000000238
19609  32.446  -63.484  -38.259 0.6999999881
19610  31.247  -63.980  -38.929 0.6999999881
19612  38.431  -63.846  -40.629 0.4000000060
19615  33.292  -63.581  -39.695 0.6000000238
19617  31.844  -63.977  -39.445 0.6000000238
20491  19.936  -62.401  -27.661 0.5000000000
20493  18.719  -63.041  -28.968 0.6000000238
20505  18.527  -62.803  -29.686 0.6000000238
20518  18.900  -62.049  -30.077 0.6000000238
20532  17.745  -63.033  -31.965 0.6000000238
20546  17.794  -62.896  -32.919 0.6000000238
20555  18.448  -62.341  -34.480 0.5000000000
20559  39.404  -62.016  -34.985 0.3000000119
20560  38.520  -62.170  -34.796 0.3000000119
20561  37.762  -62.419  -34.505 0.3000000119
20564  18.412  -62.360  -35.630 0.5000000000
20573  18.294  -62.185  -36.545 0.5000000000
20580  39.805  -63.302  -36.484 0.3000000119
20581  35.092  -62.229  -37.433 0.5000000000
20583  33.878  -63.024  -36.732 0.5000000000
20584  18.024  -61.966  -36.850 0.5000000000
20592  35.180  -62.153  -38.532 0.4000000060
20594  33.857  -62.928  -37.750 0.6000000238
20595  17.681  -61.916  -36.883 0.5000000000
20596  17.301  -62.255  -36.839 0.5000000000
20602  35.403  -62.207  -39.501 0.4000000060
20610  35.715  -62.395  -40.076 0.4000000060
20614  36.083  -62.832  -40.495 0.4000000060
21474  21.344  -61.408  -27.384 0.6000000238
21487  21.929  -60.747  -27.938 0.6000000238
21503  21.160  -60.733  -29.118 0.6000000238
21522  19.373  -61.348  -30.542 0.5000000000
21555  19.278  -61.209  -32.353 0.6000000238
21556  18.843  -61.776  -32.853 0.6000000238
21562  39.530  -61.495  -33.463 0.3000000119
21578  19.634  -61.330  -35.094 0.6000000238
21590  19.503  -61.426  -36.255 0.6000000238
21602  34.953  -62.215  -36.436 0.5000000000
21603  19.554  -61.087  -36.822 0.6000000238
21615  17.100  -62.136  -36.892 0.5000000000
21622  37.615  -61.209  -39.632 0.4000000060
21626  38.050  -61.586  -40.344 0.4000000060
22489  22.444  -60.153  -28.525 0.4000000060
22490  21.862  -60.456  -28.826 0.4000000060
22503  21.837  -60.078  -29.706 0.5000000000
22517  20.689  -60.285  -30.709 0.5000000000
22518  19.915  -60.683  -31.037 0.5000000000
22538  19.821  -60.695  -32.907 0.6000000238
22553  20.157  -60.812  -35.106 0.6000000238
22573  21.143  -59.965  -36.217 0.6000000238
22574  20.635  -60.202  -36.529 0.6000000238
22575  19.956  -60.472  -36.793 0.6000000238
22577  17.898  -61.075  -36.855 0.5000000000
22578  17.027  -61.258  -36.597 0.5000000000
22584  18.305  -61.482  -36.870 0.5000000000
23408  12.016  -59.406  -24.698 0.3000000119
23433  17.294  -59.614  -26.309 0.3000000119
23434  16.469  -59.713  -26.270 0.3000000119
23435  14.066  -59.667  -25.706 0.3000000119
23447  17.220  -59.569  -27.119 0.3000000119
23449  14.794  -59.379  -27.021 0.3000000119
23465  16.849  -59.202  -27.839 0.3000000119
23476  22.982  -59.066  -29.908 0.4000000060
23477  22.502  -59.556  -29.821 0.5000000000
23494  23.004  -58.573  -30.630 0.4000000060
23522  22.174  -58.675  -32.659 0.5000000000
23523  21.800  -58.903  -33.611 0.6000000238
23524  21.094  -59.605  -33.068 0.6000000238
23529  21.871  -59.003  -34.864 0.6000000238
23556  21.074  -59.743  -36.474 0.6000000238
23558  20.015  -59.720  -36.742 0.5000000000
23559  19.209  -60.330  -36.834 0.5000000000
24376  17.942  -58.281  -25.016 0.4000000060
24378  16.296  -58.495  -24.714 0.3000000119
24381  12.939  -58.810  -24.354 0.3000000119
24383  11.186  -59.089  -24.614 0.3000000119
24384  10.695  -58.344  -24.609 0.4000000060
24394  20.085  -57.930  -25.621 0.3000000119
24396  18.285  -58.890  -25.640 0.3000000119
24410  20.016  -58.361  -27.316 0.3000000119
24412  18.683  -59.129  -26.374 0.3000000119
24424  19.417  -58.684  -27.734 0.3000000119
24425  18.734  -59.108  -27.319 0.3000000119
24489  23.125  -58.012  -31.136 0.4000000060
24501  22.772  -58.119  -31.808 0.5000000000
24502  22.533  -58.124  -32.691 0.5000000000
24527  22.373  -57.808  -34.871 0.6000000238
24541  22.207  -58.025  -35.413 0.6000000238
24542  21.844  -58.712  -35.941 0.6000000238
24543  21.312  -58.614  -36.188 0.6000000238
24549  21.236  -59.243  -36.421 0.6000000238
25378  20.070  -57.364  -24.989 0.4000000060
25380  17.549  -57.530  -24.659 0.4000000060
25381  16.585  -57.662  -24.614 0.4000000060
25385  12.522  -58.168  -24.291 0.3000000119
25394  11.946  -57.336  -24.575 0.4000000060
25476  22.619  -57.569  -33.527 0.6000000238
25501  20.422  -57.375  -34.785 0.6000000238
25515  21.167  -57.901  -35.631 0.6000000238
26384  20.394  -56.678  -24.753 0.4000000060
26385  19.010  -56.651  -24.204 0.3000000119
26386  18.173  -56.383  -24.359 0.4000000060
26390  14.035  -57.206  -24.552 0.3000000119
26395  21.285  -56.183  -25.556 0.4000000060
26396  20.751  -56.922  -25.395 0.4000000060
26399  14.493  -56.389  -25.092 0.3000000119
26413  21.222  -56.738  -26.155 0.4000000060
26427  21.429  -56.319  -26.910 0.4000000060
26445  21.292  -56.415  -30.747 0.3000000119
26456  21.287  -55.590  -31.566 0.3000000119
26467  23.150  -55.893  -32.445 0.4000000060
26480  22.744  -56.150  -33.817 0.4000000060
26481  20.241  -56.242  -33.602 0.4000000060
26495  22.052  -56.771  -34.670 0.5000000000
27417  19.307  -55.348  -23.526 0.3000000119
27427  21.264  -55.606  -24.917 0.4000000060
27430  18.691  -55.901  -23.923 0.4000000060
27431  17.851  -55.590  -24.404 0.3000000119
27442  11.846  -55.693  -26.199 0.4000000060
27452  16.171  -54.795  -26.470 0.3000000119
27455  13.318  -55.064  -26.810 0.3000000119
27487  23.866  -55.456  -30.135 0.4000000060
27494  23.333  -55.211  -31.858 0.4000000060
27505  21.312  -55.116  -33.011 0.4000000060
27516  22.753  -55.291  -33.266 0.4000000060
27519  20.761  -55.705  -33.303 0.4000000060
27532  21.308  -56.235  -34.070 0.5000000000
28449  17.716  -54.851  -24.442 0.3000000119
28461  21.851  -54.044  -26.215 0.4000000060
28462  17.278  -54.983  -25.326 0.3000000119
28463  16.748  -54.466  -26.344 0.3000000119
28475  16.300  -54.111  -27.153 0.3000000119
28479  11.880  -54.324  -27.797 0.3000000119
28491  14.975  -53.703  -27.966 0.3000000119
28494  12.132  -53.483  -28.179 0.3000000119
28500  21.868  -53.906  -28.224 0.4000000060
28516  23.245  -54.038  -31.546 0.4000000060
28517  21.890  -53.610  -31.401 0.4000000060
28522  23.045  -54.284  -32.310 0.4000000060
28523  22.551  -53.830  -32.378 0.4000000060
28524  22.120  -53.913  -32.518 0.4000000060
28533  22.771  -54.573  -32.774 0.4000000060
29497  18.650  -53.708  -22.846 0.3000000119
29545  22.233  -53.631  -27.059 0.4000000060
29559  16.789  -52.926  -28.030 0.3000000119
29563  13.389  -52.991  -28.529 0.3000000119
29589  22.520  -53.369  -31.871 0.4000000060
29590  22.272  -53.257  -31.486 0.4000000060
29597  22.250  -53.439  -32.103 0.4000000060
30620  20.155  -52.159  -22.295 0.3000000119
30634  20.652  -52.755  -22.827 0.3000000119
30636  17.660  -52.622  -23.891 0.3000000119
30659  17.541  -52.297  -26.625 0.3000000119
30672  17.346  -52.715  -27.509 0.3000000119
30674  13.570  -52.021  -27.824 0.3000000119
30681  16.073  -52.702  -28.694 0.3000000119
30684  12.886  -52.543  -28.214 0.3000000119
30688  16.677  -51.942  -29.093 0.3000000119
30689  16.028  -52.023  -29.130 0.3000000119
31743  21.505  -51.404  -22.286 0.3000000119
31802  16.174  -51.097  -28.818 0.3000000119
32965  17.756  -50.986  -25.093 0.3000000119
32973  17.904  -50.983  -26.377 0.3000000119
32991  17.718  -50.865  -28.957 0.3000000119
32996  17.906  -49.946  -29.265 0.3000000119
135513  15.865  -59.598  -25.594 0.3000000119
135608  29.916  -64.481  -28.580 0.6000000238
135756  27.647  -65.605  -36.928 0.6999999881
135993  14.612  -68.139  -37.327 0.5000000000
136019  28.923  -65.667  -37.150 0.6999999881
136097  24.813  -64.276  -34.254 0.6999999881
136198  21.311  -66.682  -34.895 0.6000000238
136260  26.818  -73.431  -26.881 0.5000000000
136343  18.951  -76.436  -42.965 0.5000000000
136464  25.558  -64.338  -33.365 0.6999999881
136636  27.667  -78.399  -26.694 0.3000000119
136650  26.290  -70.019  -26.894 0.4000000060
137169  26.308  -64.533  -32.097 0.8000000119
137170  28.123  -65.108  -32.447 0.8000000119
137192  24.040  -64.762  -28.828 0.6000000238
137195  27.780  -64.650  -28.747 0.5000000000
137197  28.679  -64.659  -28.419 0.6000000238
137243  35.116  -73.162  -27.447 0.3000000119
137392  32.156  -68.499  -34.906 0.4000000060
137740  28.801  -76.381  -31.743 0.3000000119
138092  25.388  -74.501  -39.382 0.6000000238
138170  36.374  -75.168  -29.564 0.3000000119
139052  22.267  -76.312  -41.145 0.5000000000
139463  34.168  -64.568  -40.408 0.6000000238
139952  21.881  -71.219  -41.288 0.4000000060
139991  19.859  -58.899  -36.191 0.5000000000
140264  27.925  -74.771  -28.853 0.3000000119
140283  21.983  -73.972  -42.377 0.5000000000
140608  17.470  -63.292  -34.269 0.5000000000
141119  29.681  -67.793  -28.291 0.4000000060
141269  25.644  -64.488  -34.265 0.6999999881
142039  24.044  -64.227  -32.335 0.6999999881
142127  18.383  -62.320  -33.396 0.6000000238
142406  21.718  -76.370  -41.659 0.5000000000
142463  28.910  -68.256  -30.781 0.5000000000
142838  26.983  -77.214  -25.260 0.3000000119
142839  30.173  -72.037  -35.303 0.6999999881
143033  24.803  -74.942  -30.822 0.4000000060
143182  22.328  -71.688  -41.207 0.5000000000
143670  25.855  -64.665  -35.105 0.6000000238
143956  12.696  -53.005  -28.431 0.3000000119
143973  25.288  -64.321  -30.390 0.6999999881
143975  27.098  -64.553  -30.042 0.6000000238
143976  27.943  -64.735  -30.046 0.6000000238
144036  28.846  -64.820  -35.917 0.6999999881
144038  17.277  -67.695  -34.548 0.4000000060
144044  21.805  -71.749  -41.466 0.5000000000
144098  20.667  -58.498  -36.140 0.5000000000
144305  32.368  -67.109  -30.757 0.4000000060
144805  36.261  -63.996  -32.327 0.3000000119
145016  20.595  -66.875  -35.252 0.6000000238
145045  25.808  -68.316  -28.879 0.4000000060
145047  27.915  -68.099  -27.985 0.4000000060
145566  34.772  -66.224  -39.404 0.5000000000
145659  26.417  -64.790  -36.501 0.6999999881
145885  33.067  -68.374  -37.415 0.5000000000
146044  24.195  -64.290  -31.489 0.6999999881
146729  18.652  -60.922  -36.957 0.5000000000
147964  30.324  -64.557  -38.208 0.6999999881
148028  23.354  -74.944  -41.883 0.6000000238
148374  34.247  -76.450  -30.755 0.3000000119
148379  21.846  -59.066  -35.636 0.6000000238
148494  20.589  -61.267  -28.599 0.6000000238
149018  14.444  -66.507  -35.242 0.5000000000
149130  26.977  -74.486  -23.981 0.3000000119
149236  30.063  -72.130  -38.270 0.6000000238
149243  23.319  -75.019  -26.483 0.4000000060
149364  22.645  -69.626  -37.208 0.6999999881
149386  25.388  -71.155  -38.981 0.6999999881
150230  21.108  -55.382  -32.514 0.4000000060
150939  31.263  -68.410  -27.185 0.4000000060
151131  31.462  -64.177  -32.305 0.6000000238
151293  30.510  -64.639  -35.400 0.6000000238
151557  19.423  -74.202  -42.715 0.5000000000
151647  28.273  -74.870  -24.434 0.3000000119
152073  24.336  -75.141  -38.969 0.5000000000
152205  15.633  -58.762  -24.670 0.3000000119
152243  26.225  -68.441  -30.561 0.4000000060
152305  23.272  -69.435  -31.687 0.6999999881
152394  15.862  -67.627  -34.637 0.6000000238
152643  22.597  -57.102  -34.288 0.6000000238
153111  20.563  -66.841  -32.775 0.5000000000
153850  18.340  -65.818  -29.764 0.5000000000
154075  34.392  -62.609  -36.270 0.5000000000
154190  32.730  -68.566  -27.326 0.3000000119
154749  33.193  -63.288  -39.197 0.6000000238
154966  29.838  -64.746  -31.337 0.6000000238
155069  27.047  -64.981  -34.085 0.6999999881
155401  21.963  -57.584  -35.276 0.6000000238
155808  25.258  -68.900  -31.729 0.6000000238
155999  21.058  -59.691  -32.195 0.5000000000
156007  33.861  -75.144  -28.476 0.3000000119
156106  26.969  -64.853  -36.750 0.6999999881
156958  30.004  -64.859  -34.988 0.6000000238
156966  26.499  -73.673  -35.984 0.6999999881
157517  36.449  -75.091  -31.932 0.3000000119
157826  15.869  -51.618  -29.056 0.3000000119
158157  29.132  -64.679  -29.045 0.6000000238
158502  17.574  -59.305  -25.771 0.3000000119
158836  21.728  -54.308  -32.574 0.4000000060
158855  34.298  -66.844  -38.466 0.5000000000
158960  21.281  -56.698  -27.507 0.4000000060
159111  22.122  -71.010  -41.105 0.5000000000
159349  21.981  -73.141  -42.108 0.5000000000
159739  21.728  -54.596  -26.548 0.4000000060
160207  19.565  -54.846  -23.307 0.3000000119
160264  15.745  -53.757  -27.744 0.3000000119
160345  33.107  -67.380  -35.786 0.4000000060
160457  16.752  -58.928  -25.045 0.3000000119
160687  23.492  -55.737  -31.240 0.4000000060
160769  31.165  -68.448  -32.523 0.4000000060
161031  30.953  -71.222  -35.175 0.6999999881
161147  29.307  -64.599  -28.471 0.6000000238
161282  22.519  -67.418  -35.056 0.6999999881
161473  17.652  -51.377  -28.572 0.3000000119
161482  22.447  -58.545  -32.012 0.5000000000
161942  38.249  -64.035  -31.538 0.3000000119
161958  22.865  -58.387  -31.197 0.5000000000
162174  18.029  -57.245  -24.607 0.4000000060
162303  33.853  -70.463  -28.846 0.3000000119
162308  32.570  -63.365  -38.968 0.6999999881
162699  21.091  -59.906  -31.069 0.6000000238
162726  31.208  -64.724  -39.238 0.6999999881
163090  16.539  -52.344  -28.833 0.3000000119
163201  30.654  -76.167  -32.490 0.4000000060
163258  10.539  -55.268  -26.997 0.3000000119
