#!ascii label  , from subject sub-v1s11x0050167_ses-1 vox2ras=TkReg
1211
75762  -17.951  -1.919  -19.695 0.5555555820
75763  -18.517  -1.955  -20.310 0.6666666865
76640  -18.695  -1.304  -20.821 0.7777777910
76651  -19.480  -1.382  -21.435 0.7777777910
78458  -18.913  1.137  -22.465 0.8888888955
76666  -21.778  -1.752  -22.697 0.8888888955
75736  -17.149  -2.834  -18.515 0.5555555820
76629  -17.288  -1.163  -19.543 0.5555555820
78438  -17.016  1.079  -20.809 0.6666666865
78450  -17.881  0.917  -21.329 0.8888888955
77568  -19.671  -0.671  -21.961 0.8888888955
129428  -19.806  -0.144  -22.413 0.8888888955
78474  -20.248  0.591  -23.159 1.0000000000
75793  -22.484  -1.951  -22.792 0.8888888955
76675  -22.800  -1.401  -23.069 1.0000000000
80292  -15.849  3.186  -20.995 0.7777777910
131468  -16.393  4.557  -22.169 1.0000000000
82054  -16.490  5.425  -22.565 1.0000000000
81165  -17.585  3.490  -22.656 1.0000000000
80324  -19.507  2.752  -23.748 1.0000000000
81175  -17.425  4.157  -22.812 1.0000000000
79431  -20.664  1.057  -23.542 1.0000000000
81177  -18.871  3.425  -23.642 1.0000000000
80325  -20.203  2.010  -23.746 1.0000000000
79432  -21.700  0.724  -23.676 1.0000000000
77598  -23.400  -0.690  -23.258 1.0000000000
80333  -20.865  2.373  -24.119 1.0000000000
78482  -22.595  0.398  -23.594 1.0000000000
133560  -24.275  -1.034  -22.902 1.0000000000
78479  -24.068  0.056  -23.253 1.0000000000
77584  -25.937  -0.745  -22.093 0.7777777910
83802  -16.529  6.163  -22.968 0.8888888955
82055  -17.244  4.913  -22.961 1.0000000000
80332  -20.268  2.889  -24.101 1.0000000000
82918  -18.018  5.138  -23.619 1.0000000000
81189  -20.419  3.678  -24.399 1.0000000000
80335  -22.584  1.855  -23.859 1.0000000000
133044  -23.231  0.530  -23.534 1.0000000000
78461  -24.588  0.563  -22.938 1.0000000000
143117  -25.432  -0.410  -22.416 1.0000000000
77570  -27.209  -0.558  -21.319 0.8888888955
77569  -26.702  -0.277  -21.707 1.0000000000
77559  -27.706  -0.116  -20.912 0.7777777910
77550  -28.366  -0.262  -19.645 0.7777777910
84717  -17.584  7.523  -23.956 0.5555555820
82934  -21.665  5.799  -24.561 0.7777777910
135118  -19.372  5.904  -24.393 0.8888888955
81190  -21.193  3.857  -24.548 1.0000000000
134909  -21.010  3.050  -24.358 1.0000000000
81191  -21.937  3.971  -24.466 0.8888888955
127443  -22.413  3.016  -24.145 1.0000000000
148110  -23.479  2.018  -23.622 1.0000000000
79419  -26.114  0.922  -22.091 1.0000000000
78454  -27.357  0.157  -21.335 0.8888888955
148427  -27.459  0.699  -21.301 1.0000000000
78444  -27.802  0.633  -20.988 0.8888888955
124182  -28.912  1.439  -19.196 0.7777777910
127111  -29.109  0.822  -18.267 0.6666666865
123764  -29.306  1.690  -18.366 0.6666666865
84721  -21.140  8.444  -24.652 0.4444444478
143285  -21.223  6.427  -24.665 0.7777777910
82935  -22.417  6.278  -24.194 0.6666666865
82058  -23.285  4.261  -23.624 0.7777777910
81179  -23.815  3.580  -23.329 0.8888888955
80311  -24.475  2.553  -23.013 0.8888888955
79417  -24.524  1.488  -23.015 1.0000000000
80312  -25.224  2.133  -22.511 1.0000000000
80313  -25.971  1.833  -22.108 1.0000000000
124074  -27.546  1.397  -21.263 1.0000000000
124005  -28.192  1.415  -20.599 0.8888888955
124198  -28.598  1.729  -20.006 0.7777777910
130714  -29.562  1.925  -17.690 0.5555555820
124001  -29.505  2.460  -18.293 0.7777777910
82920  -24.629  5.573  -22.422 0.6666666865
82936  -23.186  6.106  -23.592 0.6666666865
139476  -24.042  4.629  -23.017 0.7777777910
82042  -24.835  4.613  -22.501 0.7777777910
81166  -24.563  3.638  -22.814 0.8888888955
149460  -25.831  2.601  -22.158 0.8888888955
148331  -26.092  3.430  -21.943 1.0000000000
80299  -26.474  2.506  -21.801 1.0000000000
80300  -27.223  2.389  -21.452 1.0000000000
123761  -28.762  2.406  -19.836 0.8888888955
124135  -29.142  2.347  -19.104 0.8888888955
123766  -28.872  3.114  -19.808 0.8888888955
125636  -29.306  3.106  -19.002 0.7777777910
123733  -29.847  3.235  -18.078 0.7777777910
81102  -30.602  3.608  -17.674 0.6666666865
82043  -25.424  5.280  -21.873 0.6666666865
83804  -23.721  7.050  -23.143 0.5555555820
81167  -25.423  4.095  -22.275 0.8888888955
139231  -26.832  3.165  -21.588 0.8888888955
124187  -27.457  3.157  -21.271 1.0000000000
141289  -28.324  2.604  -20.513 1.0000000000
123916  -29.469  3.876  -18.820 0.7777777910
81981  -29.728  4.659  -18.712 0.7777777910
81982  -30.692  4.747  -18.312 0.6666666865
81983  -31.704  4.699  -18.222 0.5555555820
81969  -31.098  4.132  -17.823 0.5555555820
124191  -26.420  4.839  -21.446 0.6666666865
81153  -26.591  3.988  -21.615 0.8888888955
141431  -27.922  3.356  -20.964 1.0000000000
123910  -28.494  3.272  -20.421 1.0000000000
124018  -28.936  3.766  -19.731 0.8888888955
81996  -29.059  4.457  -19.534 0.8888888955
82853  -30.230  5.467  -18.696 0.7777777910
83736  -30.903  6.411  -18.784 0.7777777910
82854  -31.327  5.488  -18.476 0.5555555820
82867  -29.770  6.089  -19.083 0.7777777910
136124  -31.718  6.935  -19.206 0.5555555820
83737  -31.988  6.152  -18.809 0.5555555820
141445  -26.836  5.112  -21.022 0.4444444478
141288  -26.618  4.644  -21.376 0.5555555820
141446  -27.726  3.791  -21.073 0.7777777910
123886  -27.474  3.738  -21.212 0.8888888955
124065  -28.394  3.929  -20.445 1.0000000000
124154  -28.679  5.030  -19.960 0.8888888955
82866  -29.270  5.288  -19.322 0.8888888955
144983  -31.024  7.267  -19.091 0.6666666865
84654  -32.195  7.263  -19.880 0.5555555820
125760  -27.635  5.387  -20.628 0.6666666865
123785  -27.622  5.012  -20.760 0.6666666865
127829  -27.714  5.148  -20.664 0.7777777910
124185  -28.196  5.057  -20.412 0.8888888955
82878  -28.165  5.381  -20.372 0.7777777910
82865  -28.735  5.631  -19.845 0.8888888955
137900  -28.581  6.976  -19.702 0.7777777910
134612  -29.205  5.827  -19.474 0.8888888955
84651  -29.473  7.543  -19.412 0.7777777910
83748  -29.109  6.439  -19.517 0.7777777910
83749  -30.166  7.002  -19.137 0.6666666865
85554  -29.208  8.373  -19.571 0.6666666865
85555  -30.015  8.416  -19.494 0.6666666865
84652  -30.671  7.969  -19.402 0.6666666865
86459  -30.452  9.560  -20.312 0.6666666865
85569  -31.678  8.626  -20.845 0.5555555820
84668  -31.945  7.948  -20.359 0.4444444478
85568  -31.161  9.171  -20.554 0.5555555820
123778  -27.448  6.699  -20.415 0.3333333433
83761  -27.636  6.367  -20.414 0.5555555820
123774  -27.720  5.635  -20.530 0.6666666865
131161  -27.273  7.712  -20.465 0.5555555820
83747  -28.204  6.186  -20.188 0.7777777910
85567  -28.354  8.282  -19.784 0.6666666865
84650  -28.652  7.681  -19.660 0.6666666865
86447  -28.937  9.115  -19.723 0.6666666865
86457  -28.574  9.859  -20.090 0.6666666865
87322  -29.411  10.559  -20.537 0.6666666865
127745  -30.879  9.839  -21.038 0.5555555820
87333  -30.499  10.430  -21.564 0.5555555820
87323  -30.221  10.268  -20.775 0.6666666865
84665  -26.784  7.867  -20.645 0.4444444478
124119  -26.901  7.602  -20.578 0.4444444478
84666  -27.240  7.120  -20.460 0.4444444478
84667  -27.888  7.282  -20.135 0.6666666865
85566  -27.626  8.253  -20.223 0.6666666865
87331  -29.225  11.329  -20.901 0.6666666865
88192  -29.587  11.601  -21.684 0.5555555820
87343  -30.165  11.057  -22.095 0.6666666865
85583  -26.093  8.466  -21.088 0.4444444478
86455  -26.539  9.071  -20.733 0.6666666865
86456  -27.467  9.206  -20.278 0.6666666865
138023  -27.010  9.944  -20.495 0.6666666865
133395  -28.140  8.973  -19.906 0.6666666865
87321  -28.570  10.785  -20.421 0.6666666865
78451  -18.515  0.776  -21.790 0.8888888955
80293  -16.427  3.317  -21.572 1.0000000000
80309  -17.381  3.072  -22.277 1.0000000000
145938  -18.879  1.939  -22.988 1.0000000000
78475  -21.098  0.135  -23.317 1.0000000000
83824  -22.526  7.700  -24.438 0.5555555820
82025  -26.061  5.436  -21.428 0.5555555820
141448  -27.009  4.821  -20.569 0.5555555820
141313  -26.909  4.175  -21.449 0.7777777910
146784  -28.190  3.389  -20.711 1.0000000000
84653  -31.552  7.697  -19.611 0.6666666865
85565  -26.908  8.339  -20.594 0.6666666865
83825  -23.002  7.258  -23.813 0.4444444478
83805  -24.468  6.813  -22.359 0.4444444478
87344  -30.554  10.368  -22.465 0.5555555820
88201  -29.750  11.659  -22.635 0.5555555820
73017  -18.704  -5.585  -18.498 0.5555555820
73028  -19.125  -5.000  -19.085 0.5555555820
75750  -18.481  -2.623  -19.893 0.6666666865
145709  -18.923  -2.528  -20.416 0.5555555820
75764  -19.561  -2.780  -20.816 0.5555555820
74875  -21.650  -2.896  -22.038 0.7777777910
74876  -22.368  -3.081  -22.200 0.8888888955
73016  -18.037  -5.171  -18.187 0.5555555820
74866  -20.357  -3.135  -21.238 0.6666666865
75778  -20.109  -2.247  -21.492 0.6666666865
76652  -20.310  -1.423  -22.037 0.8888888955
75789  -22.718  -2.597  -22.510 0.7777777910
133939  -23.218  -2.712  -22.464 0.7777777910
75791  -23.913  -2.363  -22.566 0.8888888955
74829  -16.946  -3.402  -17.987 0.4444444478
78425  -16.216  0.467  -19.460 0.5555555820
76676  -23.293  -1.464  -23.005 1.0000000000
81137  -14.892  4.012  -20.410 0.2222222239
82019  -15.510  4.653  -21.425 0.6666666865
76668  -25.682  -1.499  -22.082 0.8888888955
75781  -27.088  -1.254  -21.164 0.6666666865
130298  -27.512  -0.730  -20.869 0.7777777910
139058  -27.965  -1.080  -19.824 0.6666666865
83784  -15.540  6.043  -21.964 0.5555555820
85602  -15.855  8.093  -23.040 0.4444444478
124126  -29.866  2.453  -17.481 0.5555555820
86505  -17.900  9.009  -24.188 0.2222222239
83823  -21.878  8.163  -24.747 0.4444444478
141350  -24.493  7.553  -22.076 0.3333333433
81984  -32.605  4.425  -18.438 0.5555555820
124022  -26.101  5.692  -21.289 0.4444444478
82868  -32.723  5.689  -19.260 0.4444444478
141298  -25.585  5.820  -20.222 0.3333333433
82879  -32.945  5.999  -19.975 0.5555555820
84669  -32.385  7.361  -20.703 0.4444444478
124771  -26.864  5.821  -20.452 0.3333333433
86482  -31.368  9.157  -22.230 0.4444444478
87355  -30.494  10.128  -23.494 0.2222222239
123781  -26.037  8.160  -20.953 0.3333333433
139917  -26.232  9.736  -20.931 0.6666666865
87320  -27.629  10.913  -20.432 0.6666666865
88180  -27.118  11.408  -20.567 0.6666666865
88190  -28.145  12.284  -20.924 0.6666666865
88182  -28.430  11.570  -20.693 0.6666666865
88191  -28.934  12.037  -21.283 0.6666666865
88200  -29.258  12.301  -22.148 0.4444444478
87354  -30.184  10.956  -23.053 0.3333333433
86469  -25.997  9.068  -21.154 0.5555555820
76639  -17.991  -1.247  -20.206 0.6666666865
75749  -18.061  -2.679  -19.386 0.5555555820
74840  -18.572  -3.447  -19.500 0.6666666865
74854  -19.063  -3.146  -20.191 0.6666666865
77557  -18.172  -0.556  -20.771 0.7777777910
75777  -19.201  -2.043  -20.896 0.7777777910
77556  -17.632  0.212  -20.762 0.7777777910
77567  -18.932  -0.599  -21.390 0.8888888955
78459  -19.668  0.508  -22.702 1.0000000000
79416  -18.390  1.868  -22.460 1.0000000000
78452  -19.151  0.188  -21.977 0.8888888955
79415  -17.754  2.223  -22.134 1.0000000000
77582  -21.031  -0.636  -22.887 1.0000000000
77581  -20.328  -0.698  -22.465 0.8888888955
75779  -21.134  -2.149  -22.200 0.8888888955
74839  -18.203  -3.561  -19.010 0.5555555820
138802  -18.176  -4.287  -18.626 0.4444444478
149679  -17.052  -1.309  -19.201 0.5555555820
77542  -16.776  -0.329  -19.544 0.5555555820
78437  -16.489  0.895  -20.113 0.6666666865
77555  -16.944  0.290  -20.137 0.6666666865
124707  -16.517  2.219  -21.101 0.8888888955
79392  -16.336  1.508  -20.419 0.5555555820
79405  -17.412  1.752  -21.510 0.8888888955
78460  -20.340  -0.024  -22.821 1.0000000000
76674  -22.212  -1.301  -23.028 1.0000000000
79430  -19.665  1.308  -23.209 1.0000000000
75794  -23.013  -2.080  -22.793 1.0000000000
77597  -23.011  -0.774  -23.296 1.0000000000
80282  -15.229  3.193  -20.334 0.5555555820
81146  -15.377  4.009  -20.974 0.6666666865
79391  -15.710  2.199  -20.223 0.6666666865
80308  -16.799  3.468  -22.026 1.0000000000
82037  -15.677  5.108  -21.738 0.8888888955
82038  -16.181  5.044  -22.120 0.8888888955
81147  -15.927  4.056  -21.496 1.0000000000
82039  -16.695  4.722  -22.482 1.0000000000
81176  -18.164  3.418  -23.135 1.0000000000
82056  -18.161  4.229  -23.450 1.0000000000
79429  -19.384  2.118  -23.430 1.0000000000
78476  -22.135  -0.088  -23.496 1.0000000000
82057  -19.032  4.163  -23.911 1.0000000000
128431  -22.753  -0.260  -23.444 1.0000000000
76667  -24.269  -1.730  -22.699 0.8888888955
78477  -23.092  -0.071  -23.473 1.0000000000
79440  -22.152  1.285  -23.844 1.0000000000
80334  -21.696  2.345  -24.137 1.0000000000
78478  -23.540  -0.019  -23.413 1.0000000000
77599  -23.880  -0.570  -23.185 1.0000000000
129263  -25.026  -1.128  -22.545 0.8888888955
76653  -26.525  -1.054  -21.690 0.7777777910
142426  -17.124  6.211  -23.465 1.0000000000
133729  -16.418  6.798  -23.139 0.5555555820
136890  -15.448  6.680  -22.165 0.6666666865
82917  -17.103  5.618  -23.219 1.0000000000
84701  -15.649  7.286  -22.587 0.5555555820
82069  -19.061  4.983  -24.140 1.0000000000
82931  -17.803  5.939  -23.730 0.8888888955
82070  -19.796  4.328  -24.348 1.0000000000
79433  -23.257  1.415  -23.631 1.0000000000
78462  -25.370  0.304  -22.484 1.0000000000
78445  -28.156  0.323  -20.430 0.8888888955
124121  -28.738  0.344  -18.943 0.6666666865
85604  -17.095  8.232  -23.763 0.5555555820
84703  -16.722  7.420  -23.514 0.5555555820
84718  -18.674  7.291  -24.324 0.6666666865
83803  -16.911  6.768  -23.512 0.7777777910
83820  -18.609  6.380  -24.202 0.7777777910
83821  -20.420  6.427  -24.631 0.7777777910
82073  -22.778  5.088  -23.881 0.8888888955
82071  -20.907  5.509  -24.670 0.8888888955
81192  -22.618  4.068  -24.132 0.8888888955
82933  -20.038  5.257  -24.538 0.8888888955
135188  -20.628  4.540  -24.577 1.0000000000
81178  -23.161  3.307  -23.795 0.8888888955
80326  -23.732  2.667  -23.495 1.0000000000
78433  -28.570  0.819  -19.842 0.8888888955
123749  -29.408  1.235  -17.585 0.5555555820
137227  -21.829  7.015  -24.548 0.5555555820
123985  -20.773  8.447  -24.751 0.3333333433
124123  -20.250  8.303  -24.614 0.3333333433
84720  -20.440  7.614  -24.657 0.4444444478
138793  -19.541  6.876  -24.489 0.6666666865
134025  -23.416  5.143  -23.441 0.6666666865
147794  -24.163  3.100  -23.207 0.8888888955
80288  -27.849  2.417  -21.007 1.0000000000
123757  -30.223  4.028  -18.219 0.7777777910
123796  -24.015  7.474  -22.763 0.4444444478
143043  -27.094  3.652  -21.436 0.8888888955
82855  -32.338  5.276  -18.643 0.5555555820
83750  -32.417  6.505  -19.521 0.5555555820
141295  -27.318  4.003  -21.256 0.5555555820
123771  -27.853  4.578  -20.757 0.7777777910
123889  -28.062  3.980  -20.874 0.7777777910
141430  -28.463  4.411  -20.283 0.8888888955
123773  -28.128  4.409  -20.619 0.7777777910
83762  -32.628  6.705  -20.268 0.5555555820
124710  -27.620  5.656  -20.173 0.5555555820
123809  -26.629  5.091  -20.176 0.5555555820
123791  -26.761  4.630  -20.123 0.6666666865
123777  -27.910  4.764  -20.679 0.7777777910
86458  -29.591  9.793  -20.130 0.6666666865
86448  -29.817  9.068  -19.722 0.6666666865
85556  -30.645  8.843  -19.838 0.5555555820
85557  -31.390  8.468  -20.036 0.5555555820
86471  -31.354  9.261  -21.344 0.4444444478
84681  -32.126  8.014  -21.192 0.4444444478
86470  -30.953  9.819  -21.880 0.5555555820
123789  -27.551  5.834  -20.514 0.4444444478
87332  -29.942  10.954  -21.223 0.6666666865
136098  -27.855  10.163  -20.266 0.6666666865
88181  -27.729  11.720  -20.612 0.6666666865
82904  -25.842  6.327  -21.226 0.4444444478
84723  -22.772  7.759  -24.267 0.4444444478
86481  -30.921  9.636  -22.799 0.3333333433
88208  -29.779  11.571  -23.729 0.3333333433
73904  -18.409  -4.008  -18.959 0.5555555820
73932  -22.615  -3.724  -21.876 0.6666666865
73007  -18.003  -5.912  -17.822 0.5555555820
126450  -24.536  -2.407  -22.388 0.7777777910
73885  -16.973  -4.194  -17.555 0.3333333433
76628  -16.740  -0.779  -19.212 0.4444444478
76641  -27.538  -1.224  -20.502 0.6666666865
82887  -15.352  5.502  -21.612 0.7777777910
138844  -18.339  7.880  -24.330 0.3333333433
138318  -17.434  8.981  -23.997 0.3333333433
123819  -17.108  9.964  -23.670 0.1111111119
124147  -18.191  8.202  -24.490 0.1111111119
124200  -23.907  7.616  -22.793 0.4444444478
123788  -25.138  6.763  -21.616 0.3333333433
123811  -26.956  5.578  -19.381 0.3333333433
127154  -28.546  12.727  -21.668 0.6666666865
89078  -28.800  13.000  -22.667 0.4444444478
70185  -22.415  -8.330  -19.538 0.4444444478
69208  -24.750  -9.549  -16.617 0.2222222239
71188  -19.753  -7.256  -18.618 0.4444444478
133550  -20.620  -7.869  -18.989 0.4444444478
146583  -19.662  -5.229  -19.477 0.4444444478
72160  -20.653  -6.318  -19.783 0.4444444478
70197  -22.004  -7.408  -19.975 0.4444444478
71216  -23.003  -7.061  -20.027 0.4444444478
70172  -24.940  -7.892  -17.934 0.2222222239
73043  -20.703  -4.830  -20.630 0.4444444478
73044  -21.357  -5.341  -20.805 0.4444444478
148948  -21.897  -5.678  -20.872 0.4444444478
127651  -25.463  -7.504  -17.752 0.1111111119
71181  -26.392  -7.188  -16.963 0.1111111119
72182  -22.541  -5.444  -21.024 0.4444444478
72176  -23.428  -6.235  -20.419 0.3333333433
73918  -20.677  -3.983  -21.041 0.4444444478
73052  -21.370  -4.581  -21.162 0.4444444478
72183  -22.922  -5.653  -20.867 0.3333333433
72177  -24.064  -6.026  -20.352 0.3333333433
72148  -25.649  -6.827  -18.247 0.2222222239
73926  -22.085  -4.215  -21.552 0.4444444478
72184  -23.261  -5.594  -20.849 0.3333333433
73925  -21.467  -3.932  -21.463 0.4444444478
133641  -25.379  -5.281  -20.017 0.2222222239
73031  -26.098  -5.197  -19.424 0.1111111119
73011  -27.025  -4.941  -18.168 0.1111111119
73056  -23.872  -4.682  -21.340 0.3333333433
73057  -24.336  -4.531  -21.217 0.3333333433
133979  -23.503  -3.329  -22.153 0.4444444478
74869  -24.397  -3.585  -21.855 0.5555555820
74870  -25.207  -3.567  -21.439 0.6666666865
142605  -27.007  -3.889  -19.239 0.4444444478
74878  -24.873  -2.970  -21.995 0.6666666865
74832  -27.993  -2.877  -18.210 0.3333333433
74871  -25.695  -2.761  -21.568 0.6666666865
75751  -27.668  -2.320  -19.383 0.5555555820
75792  -25.350  -2.263  -22.068 0.6666666865
76634  -27.614  -1.786  -19.952 0.5555555820
75743  -28.039  -2.228  -18.711 0.5555555820
76624  -28.337  -1.498  -18.605 0.3333333433
75766  -27.044  -1.986  -20.696 0.5555555820
123734  -28.847  -0.111  -18.027 0.4444444478
133917  -28.273  -1.036  -19.211 0.4444444478
87330  -25.912  10.470  -21.119 0.5555555820
88189  -26.416  11.423  -20.759 0.5555555820
139414  -26.315  12.195  -20.901 0.5555555820
89061  -27.192  12.208  -20.734 0.5555555820
89901  -27.304  13.543  -21.605 0.5555555820
69247  -21.944  -8.839  -19.260 0.4444444478
69235  -23.961  -8.887  -18.194 0.2222222239
74841  -19.288  -3.883  -19.919 0.4444444478
124423  -25.082  -6.890  -18.884 0.2222222239
72162  -25.429  -5.835  -19.464 0.2222222239
72149  -26.064  -5.959  -18.618 0.1111111119
73048  -25.635  -4.694  -20.273 0.4444444478
73895  -26.760  -4.666  -18.947 0.3333333433
73930  -24.539  -4.015  -21.484 0.4444444478
74856  -26.112  -3.195  -20.897 0.6666666865
132491  -27.283  -3.036  -19.536 0.4444444478
124039  -29.058  -0.490  -17.159 0.3333333433
124795  -29.238  0.399  -17.432 0.4444444478
123763  -30.494  3.002  -17.321 0.4444444478
88188  -25.586  11.410  -21.279 0.5555555820
89076  -24.905  11.889  -21.684 0.5555555820
73917  -20.001  -4.324  -20.340 0.4444444478
74823  -27.821  -3.674  -17.843 0.2222222239
89070  -27.732  12.944  -21.245 0.5555555820
147322  -21.071  -9.812  -18.287 0.4444444478
69232  -21.323  -9.299  -18.689 0.4444444478
68272  -22.167  -10.257  -18.315 0.4444444478
68256  -23.968  -9.939  -16.990 0.2222222239
68239  -25.215  -9.903  -15.936 0.2222222239
68222  -25.624  -10.299  -15.314 0.1111111119
71187  -18.894  -7.215  -17.904 0.4444444478
70168  -19.912  -8.789  -18.112 0.4444444478
70157  -25.300  -8.127  -17.360 0.1111111119
71169  -26.322  -7.880  -16.454 0.1111111119
69195  -25.915  -9.518  -15.593 0.1111111119
71170  -26.768  -7.279  -16.242 0.1111111119
72141  -26.390  -6.461  -17.611 0.1111111119
73000  -27.312  -5.943  -16.411 0.1111111119
140493  -27.783  -4.608  -16.737 0.1111111119
73890  -27.524  -4.555  -17.520 0.1111111119
75731  -28.385  -2.150  -17.969 0.1111111119
74824  -28.365  -2.963  -17.217 0.2222222239
76610  -28.645  -1.176  -17.769 0.2222222239
123735  -29.389  0.114  -16.615 0.3333333433
123762  -29.734  1.664  -16.886 0.4444444478
123742  -30.347  2.349  -16.718 0.3333333433
81103  -31.356  3.401  -17.360 0.3333333433
84690  -32.081  7.900  -22.085 0.3333333433
138315  -25.447  8.825  -21.568 0.4444444478
89077  -28.123  13.449  -22.077 0.5555555820
86468  -25.573  9.482  -21.439 0.5555555820
87329  -25.181  10.162  -21.670 0.5555555820
89068  -25.772  12.714  -21.272 0.5555555820
89900  -26.469  13.575  -21.466 0.5555555820
88199  -24.846  10.847  -21.828 0.5555555820
147269  -19.167  -6.808  -18.302 0.4444444478
72147  -19.307  -6.359  -18.601 0.4444444478
73018  -19.485  -5.716  -19.047 0.4444444478
125240  -20.912  -2.762  -21.721 0.5555555820
74868  -21.950  -3.536  -21.826 0.5555555820
74877  -22.963  -3.232  -22.218 0.6666666865
132392  -24.077  -3.045  -22.240 0.6666666865
123753  -28.538  -0.628  -18.700 0.4444444478
81970  -31.980  3.944  -17.873 0.4444444478
85584  -31.740  8.596  -21.700 0.3333333433
73906  -19.511  -4.618  -19.668 0.4444444478
73928  -23.569  -4.522  -21.494 0.3333333433
73927  -22.762  -4.510  -21.522 0.3333333433
70184  -21.944  -8.077  -19.641 0.4444444478
70170  -23.516  -8.516  -19.022 0.4444444478
69234  -23.246  -9.314  -18.585 0.3333333433
70199  -22.794  -7.849  -19.695 0.4444444478
69248  -22.466  -8.982  -19.200 0.4444444478
69218  -24.340  -9.221  -17.389 0.3333333433
69219  -25.054  -8.809  -16.995 0.1111111119
71189  -20.046  -8.142  -18.494 0.4444444478
71200  -20.569  -7.065  -19.377 0.4444444478
70183  -21.335  -8.419  -19.161 0.4444444478
73030  -20.716  -5.595  -20.233 0.4444444478
71201  -21.360  -7.531  -19.631 0.4444444478
71213  -21.156  -6.817  -19.909 0.4444444478
72173  -21.398  -6.151  -20.393 0.4444444478
71215  -22.425  -6.786  -20.280 0.4444444478
71202  -23.310  -7.787  -19.569 0.4444444478
71203  -23.925  -7.756  -19.272 0.4444444478
139044  -22.939  -6.235  -20.532 0.4444444478
70171  -24.369  -8.048  -18.546 0.2222222239
71217  -23.844  -6.974  -19.812 0.4444444478
71204  -24.511  -7.280  -19.123 0.2222222239
71159  -26.753  -7.978  -15.745 0.1111111119
72178  -24.767  -5.654  -20.203 0.3333333433
73055  -23.579  -5.080  -21.153 0.3333333433
127050  -25.407  -6.400  -18.958 0.2222222239
124677  -26.697  -5.620  -17.952 0.1111111119
124969  -27.444  -5.230  -16.902 0.1111111119
73929  -23.988  -4.140  -21.643 0.3333333433
73920  -25.858  -3.962  -20.609 0.4444444478
74842  -26.616  -3.554  -20.090 0.4444444478
74831  -27.542  -3.423  -18.683 0.3333333433
141980  -26.390  -4.370  -19.799 0.4444444478
73896  -27.324  -4.216  -18.410 0.3333333433
75742  -27.724  -2.786  -18.896 0.4444444478
75765  -26.390  -2.520  -21.036 0.5555555820
74857  -26.808  -2.772  -20.380 0.5555555820
75752  -27.990  -1.661  -19.266 0.5555555820
124562  -29.468  0.889  -16.887 0.4444444478
89069  -26.803  12.943  -21.075 0.5555555820
68289  -22.014  -9.542  -18.842 0.4444444478
69233  -22.599  -9.542  -18.753 0.4444444478
73010  -26.971  -5.842  -17.188 0.1111111119
88198  -24.280  11.024  -22.277 0.5555555820
68271  -21.521  -10.017  -18.363 0.4444444478
70169  -20.634  -8.687  -18.597 0.4444444478
68255  -23.282  -10.393  -17.476 0.4444444478
68238  -24.422  -10.391  -16.237 0.2222222239
69217  -23.607  -9.637  -17.815 0.4444444478
70167  -19.433  -8.043  -18.047 0.4444444478
135626  -18.752  -8.039  -17.500 0.4444444478
70146  -25.729  -8.382  -16.676 0.1111111119
70147  -26.250  -8.679  -15.911 0.1111111119
72131  -26.826  -6.564  -16.732 0.1111111119
61317  -23.542  -17.241  -11.238 0.1111111119
63283  -19.719  -14.811  -14.767 0.3333333433
62296  -22.508  -15.975  -13.227 0.2222222239
61330  -23.144  -16.818  -11.797 0.2222222239
62268  -23.892  -16.558  -11.538 0.1111111119
62281  -23.514  -16.176  -12.161 0.1111111119
66259  -18.259  -12.142  -15.276 0.3333333433
64248  -18.786  -13.857  -14.779 0.3333333433
64231  -18.993  -14.540  -14.531 0.3333333433
64250  -20.621  -14.343  -15.415 0.3333333433
64232  -21.826  -14.586  -14.992 0.3333333433
137930  -22.580  -15.321  -13.770 0.2222222239
63264  -22.964  -14.715  -14.008 0.2222222239
62297  -23.186  -15.875  -12.741 0.2222222239
63227  -23.844  -15.511  -12.557 0.1111111119
63242  -23.279  -15.246  -13.286 0.2222222239
68234  -17.783  -10.010  -15.771 0.2222222239
68220  -17.949  -10.740  -15.626 0.2222222239
67236  -17.804  -11.508  -15.167 0.2222222239
66260  -18.764  -12.743  -15.382 0.3333333433
65279  -19.275  -13.416  -15.384 0.3333333433
65280  -20.038  -13.904  -15.547 0.3333333433
64217  -23.711  -14.449  -13.632 0.1111111119
70145  -18.076  -8.706  -16.473 0.2222222239
135977  -18.531  -10.822  -16.062 0.3333333433
69215  -19.060  -9.385  -17.155 0.3333333433
68253  -19.412  -10.016  -17.138 0.3333333433
67249  -18.942  -11.221  -16.165 0.3333333433
67250  -19.667  -11.307  -16.614 0.3333333433
66283  -20.972  -12.356  -16.800 0.3333333433
67251  -20.516  -11.604  -16.968 0.3333333433
65305  -22.042  -13.115  -16.163 0.3333333433
66285  -22.474  -12.446  -16.389 0.3333333433
66262  -22.908  -12.937  -15.702 0.3333333433
139160  -23.820  -13.340  -14.539 0.1111111119
143441  -23.573  -12.986  -15.123 0.2222222239
71178  -17.639  -7.377  -16.720 0.2222222239
129719  -17.585  -8.007  -16.295 0.2222222239
72138  -17.697  -6.850  -17.083 0.3333333433
70155  -19.243  -8.743  -17.601 0.3333333433
133122  -19.722  -10.574  -17.031 0.3333333433
67292  -20.866  -10.312  -17.883 0.3333333433
66304  -21.616  -11.897  -17.072 0.3333333433
67273  -21.572  -11.297  -17.514 0.3333333433
66286  -23.193  -12.120  -16.113 0.3333333433
66263  -23.704  -12.365  -15.476 0.1111111119
72127  -17.228  -6.747  -16.619 0.3333333433
129789  -17.476  -6.285  -17.206 0.3333333433
72146  -18.691  -6.407  -18.113 0.3333333433
69231  -20.515  -9.519  -18.124 0.3333333433
67274  -22.239  -11.437  -17.322 0.3333333433
68254  -22.573  -10.719  -17.753 0.3333333433
67275  -23.006  -11.125  -17.133 0.3333333433
124098  -30.295  1.669  -16.073 0.2222222239
81997  -33.053  4.818  -18.997 0.3333333433
63262  -20.745  -15.470  -14.604 0.3333333433
63241  -21.932  -15.686  -13.956 0.3333333433
63243  -24.128  -14.822  -12.985 0.1111111119
69206  -17.935  -9.404  -16.101 0.3333333433
67237  -18.403  -11.414  -15.713 0.3333333433
132036  -20.598  -12.962  -16.359 0.3333333433
65304  -21.524  -13.586  -15.945 0.3333333433
65281  -22.204  -13.778  -15.472 0.3333333433
65282  -23.093  -13.569  -14.988 0.3333333433
68252  -18.888  -9.900  -16.740 0.3333333433
71179  -18.208  -7.359  -17.288 0.3333333433
67253  -23.399  -11.409  -16.447 0.3333333433
61316  -22.828  -17.501  -11.459 0.1111111119
61299  -23.935  -17.773  -10.750 0.1111111119
63259  -18.519  -14.986  -14.073 0.3333333433
63260  -19.268  -15.258  -14.348 0.3333333433
62312  -19.463  -15.982  -14.111 0.3333333433
62313  -20.311  -16.146  -14.193 0.3333333433
140796  -21.663  -16.448  -13.536 0.3333333433
61343  -22.105  -16.795  -12.832 0.3333333433
146786  -25.036  -18.130  -10.321 0.1111111119
62255  -25.110  -16.908  -10.689 0.1111111119
65262  -18.129  -12.869  -14.836 0.3333333433
62269  -24.708  -16.345  -11.283 0.1111111119
136690  -17.513  -10.942  -15.056 0.2222222239
63228  -24.736  -15.113  -12.316 0.1111111119
69194  -17.468  -9.411  -15.490 0.2222222239
64218  -24.454  -14.175  -13.334 0.1111111119
65264  -24.521  -13.128  -14.147 0.1111111119
148937  -24.880  -12.579  -14.273 0.1111111119
67238  -23.846  -11.641  -15.844 0.1111111119
67254  -23.966  -11.058  -16.190 0.1111111119
73005  -16.278  -4.830  -16.375 0.1111111119
80253  -31.081  2.802  -16.687 0.2222222239
82869  -33.276  5.060  -19.803 0.2222222239
74828  -16.341  -2.461  -17.690 0.2222222239
73006  -17.472  -5.749  -17.435 0.3333333433
72139  -18.139  -6.640  -17.557 0.4444444478
61300  -24.732  -17.662  -10.538 0.1111111119
61329  -22.462  -17.145  -12.118 0.1111111119
63261  -19.996  -15.468  -14.535 0.3333333433
145841  -20.064  -14.455  -15.185 0.3333333433
64249  -19.490  -14.173  -15.048 0.3333333433
62314  -21.155  -16.036  -14.165 0.3333333433
65278  -18.595  -13.293  -14.998 0.3333333433
66248  -17.510  -12.291  -14.593 0.2222222239
126292  -18.143  -13.562  -14.529 0.2222222239
64230  -18.273  -14.261  -14.270 0.3333333433
63285  -21.077  -14.838  -15.075 0.3333333433
63263  -22.237  -14.999  -14.362 0.3333333433
65302  -19.995  -13.215  -15.998 0.3333333433
65303  -20.758  -13.647  -15.954 0.3333333433
64233  -22.617  -14.281  -14.697 0.2222222239
66261  -19.401  -12.742  -15.822 0.3333333433
131882  -19.042  -11.998  -15.929 0.3333333433
65263  -23.383  -14.016  -14.295 0.1111111119
70137  -17.542  -8.688  -15.860 0.2222222239
70154  -18.160  -8.029  -16.893 0.3333333433
68236  -19.084  -10.563  -16.553 0.3333333433
66282  -20.015  -12.354  -16.416 0.3333333433
66284  -21.764  -12.529  -16.653 0.3333333433
67271  -20.319  -10.847  -17.280 0.3333333433
66305  -22.156  -12.037  -16.848 0.3333333433
65250  -24.817  -13.538  -13.573 0.1111111119
71168  -17.143  -7.343  -16.146 0.2222222239
68270  -20.076  -10.140  -17.552 0.3333333433
60303  -22.608  -18.317  -11.113 0.1111111119
146042  -18.828  -15.633  -13.965 0.3333333433
63240  -18.166  -15.517  -13.613 0.2222222239
62294  -19.687  -16.815  -13.702 0.3333333433
62295  -20.766  -16.838  -13.683 0.3333333433
61342  -21.381  -17.188  -13.127 0.3333333433
65261  -17.558  -13.183  -14.279 0.2222222239
80240  -31.700  2.531  -16.097 0.1111111119
79348  -30.928  2.309  -16.015 0.1111111119
135837  -31.926  2.855  -16.834 0.1111111119
81105  -33.181  2.702  -17.854 0.1111111119
81116  -32.832  3.585  -18.152 0.1111111119
81117  -33.322  3.127  -18.470 0.1111111119
83773  -32.723  6.667  -21.134 0.2222222239
81985  -33.207  3.910  -18.750 0.1111111119
84691  -32.273  7.138  -22.526 0.1111111119
84682  -32.436  7.289  -21.623 0.2222222239
85593  -31.628  8.383  -22.665 0.1111111119
83787  -32.720  6.374  -22.144 0.1111111119
84705  -31.859  7.017  -23.305 0.1111111119
86495  -31.247  8.923  -23.058 0.1111111119
86479  -24.463  9.140  -22.428 0.4444444478
85617  -30.595  8.473  -24.294 0.1111111119
89084  -29.377  12.321  -23.145 0.2222222239
150012  -30.468  9.673  -24.053 0.1111111119
87367  -30.128  10.063  -24.447 0.1111111119
89075  -24.277  12.200  -22.189 0.4444444478
89905  -23.653  13.641  -22.661 0.4444444478
133267  -24.963  12.966  -21.728 0.4444444478
89907  -24.994  13.831  -21.839 0.4444444478
89899  -25.671  13.685  -21.587 0.4444444478
90723  -26.535  14.648  -22.162 0.4444444478
90731  -26.960  15.107  -22.763 0.4444444478
90724  -27.314  14.446  -22.490 0.2222222239
89922  -28.256  14.155  -23.802 0.2222222239
89923  -28.606  13.447  -24.274 0.2222222239
88217  -28.934  12.606  -24.690 0.2222222239
143435  -26.118  17.423  -27.544 0.1111111119
91647  -26.780  15.824  -26.330 0.1111111119
89101  -28.142  12.167  -26.309 0.1111111119
87341  -23.716  10.103  -22.967 0.4444444478
88207  -23.163  10.298  -23.653 0.4444444478
89082  -23.034  11.517  -23.372 0.3333333433
89074  -23.615  12.501  -22.664 0.4444444478
128304  -23.766  14.531  -22.787 0.4444444478
90730  -24.282  15.284  -22.719 0.4444444478
91607  -25.191  15.356  -22.389 0.4444444478
90722  -25.611  14.544  -21.964 0.4444444478
91608  -26.112  15.328  -22.402 0.4444444478
91613  -23.988  15.945  -23.272 0.3333333433
91616  -26.591  15.852  -23.027 0.3333333433
91627  -27.025  16.187  -23.827 0.1111111119
91628  -27.521  15.606  -24.562 0.1111111119
90750  -27.601  14.770  -25.395 0.1111111119
129300  -28.187  14.091  -24.815 0.2222222239
127233  -27.211  14.238  -26.373 0.1111111119
87353  -23.248  9.546  -23.710 0.2222222239
89913  -22.993  12.819  -23.234 0.3333333433
90728  -23.062  14.062  -23.384 0.3333333433
90729  -23.528  15.086  -23.257 0.3333333433
91614  -24.831  16.140  -22.790 0.4444444478
92462  -24.483  16.912  -23.395 0.2222222239
92463  -25.376  16.814  -23.080 0.2222222239
92476  -26.740  16.797  -24.105 0.2222222239
125737  -26.808  17.118  -24.787 0.1111111119
93317  -24.768  17.757  -23.811 0.1111111119
93318  -25.524  17.817  -23.800 0.1111111119
94145  -25.966  18.214  -24.388 0.1111111119
92486  -26.926  16.523  -25.609 0.1111111119
94144  -25.173  18.407  -24.221 0.1111111119
94158  -26.340  18.348  -25.328 0.1111111119
93334  -26.664  17.450  -25.660 0.1111111119
89081  -22.442  11.896  -23.864 0.3333333433
89089  -21.219  12.081  -24.654 0.3333333433
89921  -21.771  13.157  -24.575 0.3333333433
90739  -22.902  14.917  -23.963 0.3333333433
91626  -23.340  15.628  -23.768 0.3333333433
92461  -23.475  16.488  -24.001 0.2222222239
93316  -23.944  17.456  -24.102 0.2222222239
94143  -24.282  18.290  -24.386 0.1111111119
94927  -25.263  19.545  -25.296 0.1111111119
94169  -26.359  18.446  -26.300 0.1111111119
147996  -25.748  19.761  -27.797 0.1111111119
89086  -18.333  11.404  -24.235 0.1111111119
89926  -19.364  13.223  -25.034 0.1111111119
89927  -20.688  14.019  -25.392 0.2222222239
90747  -20.269  14.530  -25.561 0.2222222239
90737  -21.539  14.118  -25.063 0.3333333433
91637  -21.267  15.478  -25.749 0.2222222239
91625  -22.797  15.700  -24.402 0.3333333433
90749  -21.657  14.978  -25.309 0.3333333433
92484  -21.530  16.263  -25.885 0.2222222239
93332  -22.584  17.327  -25.351 0.1111111119
93343  -22.005  17.862  -26.077 0.1111111119
94154  -22.748  18.319  -25.518 0.1111111119
94155  -23.656  18.923  -25.048 0.1111111119
94156  -24.724  19.043  -24.708 0.1111111119
94926  -24.313  19.731  -25.213 0.1111111119
95664  -24.895  20.234  -25.710 0.1111111119
94168  -26.047  19.130  -25.711 0.1111111119
93351  -25.777  17.684  -28.288 0.1111111119
93350  -25.844  16.900  -28.081 0.1111111119
89919  -19.029  12.959  -24.471 0.1111111119
137490  -18.972  14.692  -23.782 0.1111111119
90746  -19.627  14.272  -25.326 0.1111111119
91624  -19.328  15.049  -25.102 0.1111111119
137935  -19.314  17.027  -25.603 0.1111111119
92490  -19.680  16.543  -26.100 0.1111111119
91646  -20.684  16.034  -26.186 0.2222222239
93341  -20.280  17.550  -26.468 0.1111111119
93342  -21.229  17.604  -26.414 0.1111111119
148448  -20.360  19.674  -27.162 0.1111111119
94167  -22.073  18.728  -26.203 0.1111111119
94937  -22.185  19.695  -26.354 0.1111111119
94925  -23.352  19.766  -25.602 0.1111111119
92460  -18.488  16.385  -23.164 0.1111111119
93300  -18.570  17.037  -23.719 0.1111111119
132822  -18.969  17.698  -25.021 0.1111111119
94153  -19.292  18.419  -25.246 0.1111111119
93330  -19.380  17.827  -25.726 0.1111111119
94923  -19.579  19.174  -25.651 0.1111111119
94935  -20.046  19.368  -26.894 0.1111111119
94135  -19.432  18.429  -23.166 0.1111111119
94128  -19.995  18.358  -22.258 0.1111111119
94901  -19.751  18.965  -23.834 0.1111111119
80254  -32.755  2.605  -17.080 0.1111111119
147726  -33.531  4.289  -20.131 0.1111111119
81998  -33.479  3.932  -19.506 0.1111111119
131401  -33.484  4.466  -20.764 0.1111111119
84704  -31.441  7.812  -23.454 0.1111111119
87342  -24.445  9.837  -22.359 0.4444444478
89909  -27.568  13.932  -22.168 0.4444444478
89914  -28.041  14.002  -22.821 0.3333333433
89083  -28.992  12.894  -23.694 0.2222222239
89091  -29.357  12.272  -23.994 0.1111111119
88218  -29.407  11.791  -24.642 0.1111111119
86507  -30.334  9.210  -24.468 0.1111111119
89906  -24.308  13.288  -22.161 0.4444444478
89928  -28.366  13.240  -25.213 0.2222222239
92477  -27.159  16.362  -24.743 0.1111111119
91639  -27.243  15.702  -25.518 0.1111111119
93344  -26.413  17.567  -26.673 0.1111111119
91636  -20.468  15.306  -25.855 0.2222222239
93331  -21.799  17.045  -26.016 0.1111111119
93314  -18.912  16.774  -24.748 0.1111111119
94164  -19.563  18.535  -25.955 0.1111111119
95672  -20.854  20.025  -27.347 0.1111111119
94912  -19.548  18.990  -24.792 0.1111111119
94136  -20.179  18.901  -22.994 0.1111111119
80242  -33.265  2.304  -16.496 0.1111111119
80241  -32.510  2.515  -16.255 0.1111111119
82880  -33.228  5.460  -20.710 0.2222222239
85605  -31.059  8.439  -23.667 0.1111111119
86480  -24.941  9.204  -21.928 0.4444444478
90721  -24.511  14.398  -22.269 0.4444444478
91615  -25.733  16.094  -22.731 0.4444444478
91612  -18.613  15.564  -23.445 0.1111111119
91602  -18.661  16.183  -22.335 0.1111111119
93288  -19.180  17.858  -22.529 0.1111111119
137372  -18.763  17.573  -24.236 0.1111111119
94142  -19.111  18.319  -24.245 0.1111111119
80234  -32.346  2.413  -15.424 0.1111111119
141428  -29.744  0.834  -16.107 0.1111111119
79342  -31.549  2.231  -15.326 0.1111111119
80235  -33.110  2.377  -15.633 0.1111111119
130285  -33.728  1.979  -17.874 0.1111111119
80278  -33.975  1.678  -19.216 0.1111111119
81129  -33.612  2.979  -18.957 0.1111111119
82010  -33.720  3.225  -20.637 0.1111111119
82891  -33.304  4.756  -21.742 0.1111111119
82905  -32.739  5.490  -22.823 0.1111111119
83806  -31.860  6.091  -23.721 0.1111111119
84726  -31.323  6.906  -24.088 0.1111111119
145765  -30.699  7.185  -24.527 0.1111111119
87381  -29.557  10.250  -25.229 0.1111111119
84738  -29.756  7.653  -25.294 0.1111111119
133230  -23.814  9.356  -22.978 0.4444444478
87393  -28.383  10.412  -26.673 0.1111111119
89100  -27.544  12.589  -26.755 0.1111111119
129032  -22.643  9.752  -24.264 0.2222222239
88206  -22.549  10.558  -24.161 0.3333333433
87352  -21.874  9.899  -24.622 0.2222222239
88216  -21.735  11.045  -24.492 0.2222222239
143361  -26.665  13.849  -27.205 0.1111111119
123812  -19.218  10.299  -24.663 0.1111111119
89088  -20.245  11.766  -24.852 0.2222222239
92498  -25.937  16.119  -27.856 0.1111111119
92503  -25.426  16.360  -28.719 0.1111111119
123975  -18.818  10.258  -24.493 0.1111111119
88183  -18.552  11.448  -23.035 0.1111111119
134357  -18.627  14.971  -23.309 0.1111111119
136777  -18.953  14.936  -21.693 0.1111111119
94176  -25.698  18.497  -28.532 0.1111111119
91596  -19.282  15.438  -21.380 0.1111111119
92442  -19.571  16.175  -21.216 0.1111111119
95673  -22.066  20.608  -26.786 0.1111111119
96372  -23.338  21.582  -26.663 0.1111111119
95683  -25.002  21.189  -26.982 0.1111111119
95684  -25.535  20.457  -27.704 0.1111111119
92446  -19.178  17.060  -21.840 0.1111111119
93278  -19.653  17.727  -21.755 0.1111111119
95661  -19.620  19.974  -26.191 0.1111111119
95681  -19.699  20.786  -27.541 0.1111111119
94913  -19.983  19.537  -24.422 0.1111111119
83763  -32.922  6.177  -20.679 0.1111111119
138817  -30.160  10.784  -23.888 0.1111111119
89908  -26.921  14.085  -21.904 0.4444444478
81104  -32.349  3.208  -17.481 0.1111111119
147991  -31.883  7.677  -22.830 0.2222222239
88197  -23.622  11.295  -22.768 0.4444444478
83774  -33.028  5.866  -21.442 0.1111111119
83807  -32.376  6.315  -23.048 0.1111111119
84724  -30.370  7.757  -24.707 0.1111111119
135394  -29.762  10.960  -24.586 0.1111111119
86506  -29.745  9.306  -25.174 0.1111111119
91617  -27.351  15.432  -23.566 0.2222222239
90732  -27.685  14.700  -23.265 0.2222222239
90740  -27.903  14.859  -24.253 0.1111111119
89096  -28.521  12.449  -25.589 0.2222222239
150254  -29.025  11.976  -25.289 0.1111111119
92499  -26.264  16.763  -27.289 0.1111111119
94172  -26.106  18.268  -27.420 0.1111111119
90757  -26.725  14.562  -26.848 0.1111111119
92493  -26.595  16.660  -26.462 0.1111111119
91652  -26.402  15.968  -27.098 0.1111111119
90765  -26.315  14.592  -27.486 0.1111111119
88233  -28.321  11.380  -26.540 0.1111111119
124441  -28.750  10.993  -26.097 0.1111111119
89095  -27.936  12.940  -26.046 0.2222222239
128051  -27.752  13.767  -25.741 0.2222222239
89912  -22.439  13.101  -23.907 0.3333333433
93303  -25.729  17.280  -23.473 0.2222222239
134315  -26.487  17.797  -24.767 0.1111111119
94157  -25.630  18.850  -24.866 0.1111111119
89090  -21.943  12.293  -24.251 0.3333333433
88215  -20.752  11.099  -24.724 0.1111111119
89920  -20.701  13.057  -25.098 0.3333333433
133498  -22.385  14.065  -24.286 0.3333333433
92475  -22.720  16.497  -24.826 0.2222222239
93315  -23.214  17.148  -24.586 0.1111111119
93333  -23.396  17.924  -24.800 0.1111111119
94939  -25.654  19.800  -26.115 0.1111111119
94940  -26.116  19.146  -26.752 0.1111111119
95676  -25.305  20.445  -26.551 0.1111111119
94944  -25.893  19.170  -27.854 0.1111111119
123816  -18.544  10.994  -24.404 0.1111111119
124165  -19.307  11.275  -24.747 0.1111111119
124171  -18.457  11.943  -24.137 0.1111111119
89087  -19.712  12.512  -24.994 0.1111111119
89094  -20.014  13.622  -25.334 0.1111111119
90748  -21.005  14.706  -25.605 0.3333333433
90738  -22.257  14.917  -24.720 0.3333333433
91638  -22.099  15.750  -25.236 0.2222222239
143570  -21.329  18.352  -26.495 0.1111111119
94924  -22.811  19.119  -25.680 0.1111111119
95675  -24.573  20.858  -26.199 0.1111111119
95663  -23.994  20.461  -25.649 0.1111111119
90736  -19.271  13.967  -24.874 0.1111111119
90735  -19.079  13.842  -24.142 0.1111111119
92473  -18.723  16.165  -24.021 0.1111111119
90727  -18.893  13.841  -23.651 0.1111111119
92483  -19.462  16.036  -25.573 0.1111111119
92474  -19.070  15.871  -24.824 0.1111111119
138782  -19.683  17.945  -26.203 0.1111111119
91645  -19.970  15.910  -26.148 0.1111111119
92491  -20.166  16.654  -26.349 0.1111111119
94165  -19.915  18.513  -26.486 0.1111111119
94166  -20.655  18.135  -26.569 0.1111111119
94936  -21.084  19.183  -26.789 0.1111111119
95671  -19.971  20.078  -27.429 0.1111111119
148491  -22.899  21.059  -26.425 0.1111111119
94938  -23.027  20.496  -26.035 0.1111111119
91606  -18.460  15.860  -22.847 0.1111111119
93277  -19.033  17.293  -22.184 0.1111111119
93287  -18.701  17.196  -22.843 0.1111111119
93301  -18.859  17.800  -23.414 0.1111111119
94934  -19.750  19.326  -26.370 0.1111111119
95670  -19.784  20.102  -26.950 0.1111111119
123736  -30.844  1.753  -15.326 0.1111111119
128672  -33.490  2.207  -17.292 0.1111111119
88224  -29.207  11.151  -25.403 0.1111111119
89932  -27.350  13.399  -26.592 0.1111111119
89938  -26.948  12.963  -27.295 0.1111111119
96370  -21.055  20.931  -27.802 0.1111111119
135077  -18.841  16.492  -22.068 0.1111111119
83788  -33.017  5.473  -22.180 0.1111111119
82922  -32.357  5.354  -23.480 0.1111111119
87380  -29.005  10.312  -25.909 0.1111111119
89107  -27.232  12.191  -27.377 0.1111111119
90773  -25.986  13.980  -28.009 0.1111111119
88214  -19.834  10.717  -24.770 0.1111111119
123815  -19.454  9.225  -23.542 0.1111111119
129335  -26.106  15.337  -27.676 0.1111111119
89911  -18.728  12.848  -23.895 0.1111111119
96371  -22.372  21.417  -27.085 0.1111111119
96373  -24.206  21.491  -26.674 0.1111111119
96360  -19.610  20.713  -26.769 0.1111111119
96369  -19.446  21.447  -27.322 0.1111111119
95682  -19.994  20.700  -27.953 0.1111111119
61340  -19.608  -17.527  -13.290 0.2222222239
85578  -14.595  7.922  -21.327 0.2222222239
86477  -15.275  8.951  -22.267 0.2222222239
125592  -15.117  2.505  -19.682 0.3333333433
83770  -14.964  5.886  -21.405 0.3333333433
84689  -15.099  7.384  -21.914 0.4444444478
139221  -15.102  8.348  -22.023 0.3333333433
85582  -25.304  8.334  -21.497 0.2222222239
123799  -23.298  8.604  -23.387 0.1111111119
131688  -22.806  9.412  -24.202 0.1111111119
124117  -23.315  9.081  -23.680 0.2222222239
127939  -14.631  5.782  -20.969 0.2222222239
123740  -26.803  7.366  -20.262 0.1111111119
123967  -24.790  8.471  -21.995 0.1111111119
85564  -23.667  7.914  -20.973 0.1111111119
124024  -22.655  9.067  -24.201 0.1111111119
123741  -26.030  7.254  -20.037 0.1111111119
78424  -15.545  1.050  -19.102 0.2222222239
82875  -14.629  5.430  -20.674 0.2222222239
82886  -14.886  5.448  -21.145 0.3333333433
141291  -21.023  8.944  -23.741 0.2222222239
123888  -19.979  8.505  -24.906 0.1111111119
124068  -23.202  7.764  -23.808 0.3333333433
124183  -24.825  8.659  -22.043 0.3333333433
125128  -24.035  8.892  -22.826 0.1111111119
83769  -14.577  6.294  -21.082 0.2222222239
141369  -25.385  8.329  -21.636 0.1111111119
125763  -24.088  8.461  -22.554 0.1111111119
123755  -25.173  8.054  -20.021 0.1111111119
124104  -24.919  8.271  -20.107 0.1111111119
84664  -24.329  8.240  -20.436 0.1111111119
74813  -28.066  -3.958  -17.048 0.1111111119
139424  -20.775  -17.483  -13.261 0.1111111119
60319  -21.520  -18.208  -12.119 0.1111111119
61325  -17.484  -17.091  -12.258 0.1111111119
62292  -17.820  -16.049  -13.143 0.1111111119
64216  -17.707  -14.748  -13.683 0.1111111119
65248  -17.137  -13.546  -13.772 0.1111111119
64229  -17.616  -13.919  -14.006 0.1111111119
77531  -15.503  -0.260  -17.498 0.1111111119
87337  -15.101  10.054  -21.489 0.1111111119
86463  -14.778  8.510  -21.515 0.1111111119
84677  -14.556  7.077  -21.224 0.1111111119
141357  -25.567  6.566  -21.348 0.2222222239
123793  -25.746  6.606  -21.221 0.2222222239
141452  -25.753  6.404  -19.625 0.2222222239
62279  -18.151  -16.788  -12.908 0.1111111119
149929  -15.786  9.522  -22.791 0.1111111119
86478  -15.624  8.880  -22.776 0.1111111119
60315  -17.834  -18.009  -12.029 0.1111111119
61327  -19.196  -17.958  -12.905 0.1111111119
60318  -20.418  -18.410  -12.777 0.1111111119
126361  -21.782  -17.519  -12.464 0.1111111119
62277  -16.884  -16.398  -12.210 0.1111111119
63226  -17.086  -15.764  -12.687 0.1111111119
63238  -16.976  -14.978  -13.064 0.1111111119
64215  -17.034  -14.205  -13.443 0.1111111119
65260  -16.986  -12.874  -13.903 0.1111111119
66247  -16.795  -11.974  -14.092 0.1111111119
68219  -17.409  -10.215  -15.167 0.1111111119
76601  -15.597  -0.895  -17.229 0.1111111119
80274  -14.966  2.255  -19.234 0.1111111119
83759  -14.529  5.939  -20.712 0.1111111119
86450  -14.450  9.858  -20.091 0.1111111119
124124  -25.747  6.947  -19.846 0.2222222239
141292  -25.928  5.625  -19.567 0.2222222239
123895  -26.093  4.845  -19.606 0.1111111119
60320  -22.158  -17.835  -11.765 0.1111111119
60317  -19.615  -18.725  -12.574 0.1111111119
141455  -25.582  5.023  -19.967 0.2222222239
123898  -25.935  4.927  -20.172 0.1111111119
123943  -24.955  6.943  -21.651 0.2222222239
137868  -16.216  9.704  -23.142 0.1111111119
77532  -16.253  -0.116  -19.161 0.1111111119
68218  -17.040  -10.116  -14.638 0.1111111119
70136  -17.106  -8.671  -15.155 0.1111111119
71154  -17.169  -7.971  -15.668 0.1111111119
76614  -16.041  -1.508  -18.019 0.1111111119
67224  -17.249  -11.446  -14.634 0.1111111119
62293  -18.710  -16.316  -13.564 0.1111111119
61339  -18.950  -17.198  -13.212 0.1111111119
61341  -20.459  -17.909  -13.131 0.1111111119
133455  -14.342  7.563  -20.939 0.1111111119
79381  -15.254  1.760  -19.328 0.1111111119
84662  -14.396  6.768  -20.877 0.1111111119
61326  -18.391  -17.599  -12.631 0.1111111119
60316  -18.671  -18.452  -12.388 0.1111111119
62278  -17.477  -16.421  -12.644 0.1111111119
63239  -17.535  -15.406  -13.242 0.1111111119
77521  -15.648  -0.305  -16.797 0.1111111119
65247  -16.644  -13.595  -13.337 0.1111111119
75725  -15.978  -2.430  -16.713 0.1111111119
76602  -15.770  -1.616  -16.815 0.1111111119
80273  -14.855  3.250  -19.830 0.1111111119
123732  -26.542  5.639  -19.462 0.1111111119
141356  -24.659  7.567  -22.221 0.1111111119
123739  -27.207  6.329  -19.861 0.1111111119
60304  -23.236  -17.827  -10.977 0.1111111119
60329  -19.909  -18.072  -13.117 0.1111111119
61318  -24.311  -17.057  -10.963 0.1111111119
61328  -21.056  -17.927  -12.803 0.1111111119
62280  -22.819  -16.468  -12.481 0.2222222239
62282  -24.264  -15.852  -11.874 0.1111111119
63284  -20.398  -14.900  -14.927 0.3333333433
64251  -21.337  -14.168  -15.536 0.3333333433
65249  -24.114  -13.762  -13.908 0.1111111119
66249  -24.267  -12.602  -14.778 0.1111111119
66303  -21.109  -11.671  -17.209 0.3333333433
67252  -22.730  -11.761  -16.697 0.3333333433
67272  -20.987  -11.103  -17.522 0.3333333433
67293  -21.534  -10.662  -17.923 0.3333333433
67294  -22.011  -10.924  -17.847 0.4444444478
68221  -24.484  -11.116  -15.715 0.1111111119
68235  -18.353  -10.135  -16.237 0.3333333433
68237  -23.662  -10.712  -16.732 0.1111111119
68273  -22.897  -10.032  -18.206 0.4444444478
69207  -18.502  -9.386  -16.631 0.3333333433
69209  -25.504  -9.136  -16.283 0.1111111119
69216  -19.695  -9.449  -17.637 0.3333333433
69249  -22.944  -9.027  -19.112 0.3333333433
70156  -24.654  -8.485  -17.723 0.2222222239
70186  -22.895  -8.467  -19.433 0.4444444478
70198  -22.440  -7.587  -19.855 0.4444444478
71180  -25.881  -7.699  -17.115 0.1111111119
71190  -25.011  -7.410  -18.411 0.2222222239
71214  -21.767  -6.850  -20.184 0.4444444478
72140  -25.988  -7.144  -17.541 0.1111111119
72159  -19.986  -6.422  -19.169 0.4444444478
72161  -24.731  -6.461  -19.588 0.2222222239
72174  -22.120  -6.199  -20.611 0.4444444478
72175  -22.620  -6.064  -20.654 0.4444444478
73019  -26.551  -5.287  -18.624 0.1111111119
73029  -20.112  -5.728  -19.600 0.4444444478
73042  -20.119  -5.055  -19.972 0.4444444478
73045  -23.642  -5.591  -20.777 0.3333333433
73046  -24.111  -5.207  -20.887 0.3333333433
73047  -24.849  -4.927  -20.625 0.3333333433
73053  -22.035  -4.992  -21.241 0.4444444478
73054  -23.150  -5.010  -21.258 0.3333333433
73894  -18.502  -4.683  -18.732 0.5555555820
73905  -18.873  -4.262  -19.301 0.5555555820
73919  -25.029  -4.275  -20.986 0.4444444478
73933  -23.160  -3.851  -21.876 0.6666666865
73934  -23.569  -3.963  -21.794 0.3333333433
73935  -23.883  -3.637  -21.976 0.4444444478
74855  -19.801  -3.553  -20.616 0.5555555820
74867  -21.187  -3.375  -21.581 0.5555555820
75780  -26.262  -1.906  -21.507 0.5555555820
75788  -22.050  -2.442  -22.483 0.8888888955
75790  -23.617  -2.749  -22.416 0.6666666865
75795  -23.445  -2.211  -22.676 0.8888888955
76613  -15.738  -0.808  -18.019 0.1111111119
76615  -17.470  -1.823  -19.324 0.5555555820
76665  -21.034  -1.332  -22.561 0.8888888955
76673  -21.592  -1.148  -22.876 1.0000000000
76677  -23.753  -1.231  -22.998 1.0000000000
77543  -17.444  -0.493  -20.170 0.6666666865
77560  -27.896  -0.508  -20.373 0.7777777910
77566  -18.372  0.145  -21.323 0.8888888955
77583  -24.634  -0.345  -22.841 1.0000000000
77595  -21.793  -0.659  -23.207 1.0000000000
77596  -22.530  -0.753  -23.285 1.0000000000
78413  -15.302  0.418  -17.749 0.1111111119
78453  -26.911  0.636  -21.640 1.0000000000
78463  -26.118  0.033  -22.090 1.0000000000
79382  -15.909  1.272  -19.717 0.5555555820
79404  -17.080  2.683  -21.750 1.0000000000
79406  -18.167  1.447  -21.932 0.8888888955
79409  -26.751  1.612  -21.711 1.0000000000
79418  -25.303  1.215  -22.505 1.0000000000
79434  -23.836  0.799  -23.389 1.0000000000
79439  -21.215  1.634  -23.888 1.0000000000
79441  -22.830  0.926  -23.668 1.0000000000
80310  -18.161  2.662  -22.714 1.0000000000
80323  -18.796  2.675  -23.350 1.0000000000
80336  -23.099  2.339  -23.784 1.0000000000
81152  -26.012  4.537  -21.745 0.8888888955
81163  -16.380  4.077  -21.966 1.0000000000
81164  -16.888  3.986  -22.350 1.0000000000
81188  -19.637  3.514  -24.077 1.0000000000
82006  -15.048  4.629  -20.925 0.3333333433
82018  -14.804  5.061  -20.813 0.2222222239
82020  -16.031  4.664  -21.810 0.8888888955
82072  -22.139  4.959  -24.379 0.8888888955
82901  -15.892  5.512  -22.041 0.8888888955
82903  -25.107  6.228  -21.813 0.4444444478
82919  -23.882  5.891  -22.979 0.6666666865
82932  -18.567  5.649  -24.053 0.8888888955
83783  -15.010  6.498  -21.619 0.5555555820
83785  -16.108  5.935  -22.366 1.0000000000
83801  -15.998  6.567  -22.573 0.8888888955
83819  -17.731  6.684  -23.865 0.7777777910
83822  -21.219  7.454  -24.692 0.5555555820
84702  -16.159  7.335  -23.073 0.5555555820
84719  -19.673  7.666  -24.547 0.4444444478
84722  -22.440  7.962  -24.566 0.2222222239
84725  -30.914  7.773  -24.150 0.1111111119
85592  -15.432  7.994  -22.524 0.4444444478
85603  -16.480  8.183  -23.458 0.5555555820
85614  -17.843  8.430  -24.207 0.3333333433
85615  -18.539  8.338  -24.413 0.3333333433
85616  -30.065  8.471  -24.931 0.1111111119
86492  -16.829  9.809  -23.566 0.1111111119
86493  -17.464  9.713  -23.873 0.2222222239
86494  -30.759  9.220  -23.708 0.1111111119
86515  -29.251  9.661  -25.671 0.1111111119
87319  -26.673  10.655  -20.637 0.5555555820
87338  -15.515  10.342  -22.088 0.1111111119
87351  -16.653  10.125  -23.372 0.1111111119
88223  -28.676  11.694  -25.884 0.1111111119
89915  -28.560  13.527  -23.329 0.3333333433
89918  -18.743  12.889  -23.984 0.1111111119
90717  -26.243  14.158  -21.741 0.4444444478
90758  -27.034  15.043  -26.267 0.1111111119
91623  -19.026  15.324  -24.250 0.1111111119
91635  -19.818  15.180  -25.672 0.1111111119
92452  -18.712  16.576  -22.372 0.1111111119
92464  -26.247  16.709  -23.359 0.2222222239
92485  -22.169  16.561  -25.494 0.2222222239
92492  -20.988  16.823  -26.355 0.1111111119
93302  -25.166  17.359  -23.445 0.2222222239
93304  -26.275  17.480  -23.992 0.1111111119
93340  -19.658  17.248  -26.189 0.1111111119
95652  -20.092  20.251  -24.934 0.1111111119
95674  -23.710  21.068  -26.132 0.1111111119
124095  -18.647  10.870  -24.501 0.1111111119
124253  -23.424  7.675  -23.345 0.4444444478
124623  -28.631  -2.000  -17.241 0.1111111119
125337  -21.277  -13.079  -16.378 0.3333333433
129248  -26.553  15.197  -26.950 0.1111111119
129845  -23.880  1.792  -23.449 1.0000000000
130031  -27.345  -2.403  -20.021 0.5555555820
131712  -25.272  3.071  -22.441 0.8888888955
132213  -25.743  19.765  -27.124 0.1111111119
133216  -18.703  14.840  -22.305 0.1111111119
134067  -21.480  -15.282  -14.553 0.3333333433
134154  -23.280  -4.362  -21.606 0.3333333433
134789  -18.580  12.166  -24.182 0.1111111119
135214  -21.425  4.751  -24.582 0.8888888955
136085  -20.188  -17.472  -13.403 0.1111111119
136653  -18.904  12.013  -24.604 0.1111111119
136948  -21.652  3.248  -24.372 1.0000000000
137225  -19.209  8.013  -24.495 0.3333333433
137500  -15.183  5.085  -21.319 0.6666666865
137748  -16.969  9.057  -23.736 0.3333333433
138167  -16.289  9.013  -23.344 0.1111111119
138527  -19.169  14.589  -24.482 0.1111111119
141293  -18.801  8.431  -24.475 0.1111111119
141294  -21.638  8.356  -24.802 0.2222222239
141449  -19.510  8.449  -24.593 0.3333333433
141450  -18.077  8.896  -24.309 0.1111111119
141514  -23.699  -1.817  -22.795 1.0000000000
143450  -18.529  12.049  -23.127 0.1111111119
143871  -18.629  -8.725  -17.071 0.3333333433
145603  -31.369  8.409  -23.226 0.1111111119
146682  -27.154  -5.245  -17.548 0.1111111119
147128  -18.520  10.683  -23.319 0.1111111119
147284  -24.965  -1.843  -22.427 0.8888888955
147626  -26.542  17.993  -25.985 0.1111111119
147904  -28.403  13.510  -22.717 0.3333333433
148242  -20.572  18.698  -26.680 0.1111111119
149324  -15.857  0.402  -19.070 0.1111111119
149522  -22.976  0.411  -23.561 1.0000000000
149570  -18.575  4.616  -23.776 1.0000000000
