#!ascii label  , from subject sub-v1s11x0050167_ses-1 vox2ras=TkReg
1853
30461  -30.034  -48.473  -13.306 0.5000000000
29479  -30.726  -49.201  -12.547 0.4000000060
30449  -31.058  -48.380  -11.802 0.6000000238
31392  -30.487  -47.475  -12.118 0.6000000238
31404  -29.320  -47.252  -13.862 0.6000000238
140090  -29.373  -47.128  -14.128 0.6000000238
30435  -31.599  -48.541  -10.730 0.6999999881
32372  -29.557  -46.936  -13.060 0.6999999881
32371  -29.101  -46.475  -13.769 0.6999999881
33288  -29.464  -45.500  -14.417 0.5000000000
33287  -28.851  -45.124  -14.130 0.6999999881
32385  -29.690  -47.032  -14.450 0.5000000000
26638  -26.111  -52.382  -4.649 0.5000000000
31378  -30.962  -47.001  -10.874 0.6999999881
32362  -30.353  -46.373  -11.534 0.6999999881
131461  -29.898  -45.626  -11.460 0.6999999881
33272  -28.952  -45.622  -13.366 0.6999999881
32361  -29.510  -46.038  -12.609 0.6999999881
34137  -28.841  -44.683  -12.640 0.6999999881
34160  -28.965  -44.337  -14.246 0.6000000238
29413  -29.563  -49.093  -7.599 0.6999999881
30397  -28.995  -48.297  -7.796 0.6999999881
31366  -31.007  -47.386  -9.933 0.6999999881
26654  -25.558  -52.403  -5.098 0.6000000238
150192  -24.826  -52.986  -6.063 0.4000000060
33280  -28.811  -45.780  -13.958 0.6999999881
34159  -28.667  -44.372  -14.008 0.6999999881
35086  -28.330  -43.817  -13.597 0.6999999881
35102  -29.197  -43.467  -14.283 0.6000000238
133517  -30.311  -48.372  -5.917 0.6999999881
146065  -29.612  -48.674  -6.900 0.6999999881
30409  -29.080  -48.302  -8.187 0.6999999881
31330  -29.020  -47.890  -7.277 0.6999999881
28453  -26.003  -51.181  -4.129 0.6000000238
136647  -28.198  -47.267  -8.081 0.6999999881
32339  -29.268  -46.277  -9.478 0.6999999881
31352  -28.770  -47.608  -8.416 0.6999999881
31339  -28.400  -47.553  -7.914 0.6999999881
32318  -28.649  -47.185  -7.553 0.6999999881
27531  -24.409  -51.700  -5.849 0.5000000000
26653  -24.938  -52.373  -5.695 0.5000000000
34126  -28.948  -44.473  -11.150 0.6999999881
33256  -29.427  -45.108  -10.722 0.6999999881
144493  -28.409  -46.631  -7.779 0.6999999881
26667  -24.409  -52.422  -6.447 0.4000000060
34136  -28.426  -44.145  -12.999 0.6999999881
33247  -28.763  -45.562  -9.645 0.6999999881
32330  -28.143  -46.596  -8.215 0.6999999881
26685  -24.102  -52.782  -7.213 0.4000000060
33236  -28.141  -45.751  -8.748 0.6999999881
33237  -28.320  -45.560  -8.461 0.6999999881
34150  -28.593  -44.535  -13.770 0.6999999881
35057  -28.021  -43.557  -12.052 0.6999999881
34111  -27.564  -44.008  -9.823 0.6999999881
34099  -27.771  -44.254  -9.432 0.6999999881
36124  -28.161  -43.091  -13.833 0.6999999881
144218  -27.470  -43.717  -10.286 0.6999999881
36136  -29.361  -42.537  -14.213 0.6000000238
147748  -27.830  -41.975  -13.853 0.6999999881
36123  -27.589  -42.444  -13.476 0.6999999881
38972  -29.058  -39.594  -12.962 0.5000000000
38027  -29.599  -40.752  -13.647 0.5000000000
37077  -31.027  -41.035  -12.882 0.4000000060
38008  -30.658  -40.170  -12.801 0.5000000000
32304  -30.402  -46.537  -6.407 0.6999999881
144814  -25.963  -49.777  -3.505 0.6000000238
32338  -28.203  -46.117  -8.884 0.6999999881
27532  -25.045  -51.626  -5.141 0.5000000000
33225  -28.788  -45.969  -7.848 0.6999999881
34125  -28.415  -43.983  -11.650 0.6999999881
33255  -28.288  -44.871  -9.811 0.6999999881
35070  -27.993  -43.550  -12.894 0.6999999881
35042  -27.233  -43.346  -10.686 0.6999999881
38989  -27.623  -40.000  -13.109 0.6999999881
36135  -28.634  -42.888  -14.193 0.6999999881
38025  -28.150  -40.507  -13.498 0.6999999881
37089  -27.802  -41.252  -13.638 0.6999999881
38990  -28.416  -39.937  -13.242 0.6999999881
30314  -29.377  -48.583  -2.496 0.6999999881
147526  -30.100  -47.354  -2.813 0.6999999881
149866  -30.429  -47.102  -3.555 0.8000000119
32277  -30.591  -46.787  -4.355 0.8000000119
30313  -28.529  -48.505  -2.409 0.6000000238
31280  -29.054  -47.961  -2.373 0.6000000238
32251  -29.801  -46.972  -2.670 0.6000000238
134415  -30.802  -46.458  -5.406 0.8000000119
30312  -27.649  -48.368  -2.476 0.6000000238
30311  -26.922  -48.218  -2.628 0.6000000238
29353  -26.688  -49.846  -3.092 0.6000000238
29337  -26.995  -49.039  -2.671 0.6000000238
28452  -25.388  -50.367  -4.086 0.6000000238
28433  -25.376  -49.561  -3.753 0.6000000238
33226  -30.104  -45.492  -7.460 0.6999999881
138380  -24.407  -51.132  -5.362 0.5000000000
28471  -24.801  -50.822  -4.791 0.6000000238
33218  -30.591  -45.883  -6.879 0.6999999881
142945  -28.664  -44.771  -8.543 0.6999999881
34117  -27.866  -43.632  -11.078 0.6999999881
34100  -27.890  -44.792  -8.932 0.6999999881
38024  -26.885  -41.021  -13.168 0.8000000119
37088  -27.243  -41.708  -13.325 0.6999999881
35056  -27.368  -43.248  -11.474 0.6999999881
35030  -27.612  -43.581  -9.759 0.6999999881
38988  -26.616  -40.261  -12.943 0.8000000119
36110  -27.222  -42.637  -12.724 0.6999999881
35055  -26.751  -42.970  -11.118 0.6999999881
38991  -29.772  -40.168  -13.265 0.5000000000
139192  -30.653  -39.566  -12.341 0.5000000000
39882  -30.259  -39.094  -11.990 0.5000000000
38974  -31.344  -39.764  -12.221 0.4000000060
136065  -29.014  -47.198  -2.373 0.6000000238
31292  -30.241  -46.955  -3.032 0.6999999881
148910  -30.259  -45.830  -3.373 0.8000000119
139569  -30.445  -46.306  -3.647 0.8999999762
31279  -28.293  -47.776  -2.377 0.6000000238
128360  -30.865  -45.942  -4.546 0.8000000119
130679  -31.258  -45.555  -5.396 0.8000000119
33208  -31.571  -45.051  -6.070 0.8000000119
30334  -26.270  -48.468  -3.008 0.6000000238
29352  -25.735  -49.043  -3.430 0.6000000238
33227  -31.201  -45.116  -6.965 0.8000000119
28492  -23.705  -50.979  -5.895 0.6000000238
28451  -24.548  -50.069  -4.536 0.6000000238
30355  -24.971  -48.906  -3.800 0.6000000238
27550  -23.871  -51.693  -6.546 0.5000000000
34102  -29.675  -44.213  -8.390 0.6999999881
35020  -30.519  -43.541  -8.238 0.6999999881
27567  -23.498  -51.741  -7.315 0.5000000000
28491  -23.175  -51.121  -6.775 0.5000000000
34101  -28.710  -44.065  -8.814 0.6999999881
38987  -25.650  -40.213  -12.672 0.8000000119
37087  -26.447  -41.412  -12.798 0.8000000119
35068  -27.051  -42.821  -11.957 0.6999999881
36091  -26.482  -42.531  -11.049 0.6999999881
36082  -27.508  -42.654  -9.961 0.6999999881
36121  -26.231  -41.749  -12.426 0.6999999881
38973  -29.986  -39.579  -12.681 0.5000000000
32250  -28.380  -46.472  -2.447 0.6999999881
33166  -28.577  -45.561  -2.589 0.6999999881
129955  -29.250  -46.340  -2.542 0.6999999881
33180  -29.954  -45.419  -3.161 0.8000000119
33181  -30.566  -45.384  -3.839 0.8000000119
31278  -27.355  -47.518  -2.501 0.6999999881
33167  -29.446  -45.683  -2.757 0.8000000119
34054  -31.450  -44.342  -4.809 0.8000000119
31277  -26.494  -47.652  -2.771 0.6000000238
144536  -25.916  -47.795  -3.120 0.6000000238
34080  -31.745  -44.366  -6.590 0.6999999881
28470  -24.107  -50.478  -5.169 0.6000000238
29391  -23.872  -49.696  -4.915 0.6000000238
35006  -31.253  -43.614  -7.667 0.8000000119
35007  -31.812  -43.686  -7.051 0.6999999881
28469  -23.383  -50.105  -5.541 0.6000000238
133591  -31.626  -42.255  -7.616 0.8000000119
28503  -22.917  -51.232  -7.695 0.4000000060
145757  -28.138  -43.416  -9.457 0.6999999881
35031  -28.831  -43.204  -9.216 0.6999999881
36072  -30.346  -42.839  -8.526 0.6999999881
27587  -23.634  -51.715  -9.312 0.4000000060
37051  -28.220  -41.964  -9.762 0.6999999881
35019  -29.678  -43.385  -8.691 0.6999999881
38023  -25.988  -40.805  -12.754 0.8000000119
36108  -25.955  -41.852  -12.026 0.8000000119
36083  -28.202  -42.844  -9.579 0.6999999881
36081  -26.875  -42.421  -10.530 0.6999999881
134931  -27.053  -39.456  -12.738 0.8000000119
39897  -27.591  -38.748  -12.246 0.6999999881
134629  -28.556  -38.942  -12.291 0.5000000000
134899  -30.650  -38.668  -11.392 0.5000000000
38959  -31.877  -39.299  -11.574 0.4000000060
34022  -29.293  -44.931  -2.888 0.6999999881
34040  -30.846  -44.466  -4.146 0.8000000119
32248  -26.707  -46.847  -2.671 0.6999999881
31291  -25.963  -47.088  -3.047 0.6999999881
34981  -32.098  -43.435  -5.603 0.8000000119
31290  -25.378  -47.492  -3.433 0.6000000238
34967  -31.781  -43.560  -4.928 0.8000000119
31306  -24.299  -47.590  -4.204 0.6000000238
36049  -32.317  -42.830  -6.065 0.8000000119
34995  -32.084  -43.634  -6.305 0.8000000119
29370  -23.747  -48.872  -4.720 0.6000000238
36059  -31.089  -42.707  -8.081 0.8999999762
36048  -32.139  -42.351  -6.913 0.8000000119
37042  -29.839  -41.534  -9.108 0.8000000119
37043  -30.501  -42.082  -8.584 0.8000000119
145779  -22.923  -50.393  -6.266 0.5000000000
37972  -28.679  -40.515  -9.616 0.8000000119
36070  -29.024  -42.221  -9.419 0.6999999881
38969  -24.939  -39.686  -12.467 0.8000000119
136321  -25.163  -40.849  -12.172 0.8000000119
38000  -25.028  -40.812  -11.950 0.8000000119
37060  -26.214  -41.984  -10.982 0.8000000119
38970  -25.937  -39.590  -12.707 0.8000000119
36100  -26.052  -41.912  -11.526 0.8000000119
137615  -27.458  -41.729  -10.198 0.6999999881
37059  -25.715  -41.364  -11.361 0.8000000119
127642  -26.469  -38.820  -12.418 0.8000000119
37989  -24.553  -40.007  -11.792 0.8000000119
39881  -28.931  -38.414  -11.686 0.6000000238
141122  -28.227  -38.428  -11.864 0.6000000238
126125  -29.875  -38.397  -11.421 0.5000000000
34021  -28.374  -44.531  -2.920 0.6000000238
34039  -30.047  -44.481  -3.452 0.6999999881
33165  -26.976  -46.016  -2.661 0.6000000238
131954  -30.478  -43.730  -3.772 0.6999999881
34041  -31.163  -43.641  -4.304 0.6999999881
32261  -26.162  -46.230  -3.044 0.6000000238
143956  -27.449  -45.135  -2.774 0.6000000238
131833  -28.330  -43.599  -3.341 0.6000000238
32260  -25.296  -46.548  -3.575 0.6000000238
36032  -32.148  -42.845  -5.154 0.8000000119
30353  -23.734  -48.026  -4.646 0.6000000238
32259  -24.813  -47.252  -3.798 0.6000000238
36018  -32.179  -42.139  -4.682 0.6999999881
29403  -22.755  -49.628  -5.913 0.5000000000
143133  -32.350  -42.081  -6.218 0.8000000119
29402  -22.232  -49.163  -6.372 0.3000000119
37965  -30.901  -40.703  -8.242 0.8000000119
37033  -31.821  -41.607  -7.369 0.8000000119
37974  -30.201  -40.664  -8.795 0.8000000119
127441  -30.555  -41.313  -8.586 0.8000000119
38942  -28.223  -39.718  -9.612 0.8000000119
37999  -24.689  -40.096  -12.140 0.8000000119
37050  -26.604  -41.513  -10.659 0.8000000119
37983  -28.008  -40.409  -9.892 0.8000000119
37041  -28.944  -41.326  -9.563 0.6999999881
37981  -26.256  -40.675  -10.703 0.8000000119
37979  -24.925  -39.627  -11.016 0.8000000119
40859  -26.969  -38.120  -11.827 0.6999999881
40861  -29.237  -37.671  -11.046 0.6000000238
39871  -32.089  -38.194  -10.586 0.3000000119
34947  -28.954  -43.348  -3.386 0.6000000238
34948  -29.734  -43.507  -3.450 0.6999999881
147532  -30.254  -43.266  -3.562 0.6999999881
35999  -31.317  -42.325  -3.445 0.6999999881
33217  -22.809  -44.468  -7.038 0.5000000000
142012  -26.491  -45.361  -3.064 0.6000000238
33179  -26.776  -44.609  -3.228 0.6000000238
34950  -31.648  -42.780  -4.300 0.6999999881
31321  -23.281  -47.602  -5.163 0.5000000000
32275  -24.421  -46.626  -4.280 0.5000000000
33178  -25.685  -45.530  -3.565 0.6000000238
36988  -32.227  -41.471  -4.362 0.6999999881
30386  -22.282  -48.291  -6.239 0.3000000119
30374  -23.234  -48.434  -5.189 0.5000000000
37007  -32.377  -41.455  -5.109 0.8000000119
37942  -31.980  -40.081  -6.201 0.8000000119
37021  -32.382  -41.473  -5.939 0.8000000119
136218  -29.785  -40.069  -8.916 0.8999999762
38921  -31.173  -40.038  -7.653 0.8999999762
37966  -31.527  -40.877  -7.627 0.8000000119
37956  -31.764  -40.363  -7.011 0.8000000119
28490  -22.442  -50.460  -7.168 0.4000000060
132315  -29.118  -39.884  -9.262 0.8999999762
37973  -29.473  -40.657  -9.274 0.8999999762
38931  -30.404  -39.816  -8.353 0.8999999762
39895  -24.394  -38.811  -12.327 0.8000000119
38968  -24.117  -39.210  -12.155 0.8000000119
133972  -26.904  -39.943  -10.312 0.8000000119
37982  -27.321  -40.741  -10.279 0.8000000119
39896  -25.353  -38.906  -12.492 0.8000000119
128503  -26.514  -37.421  -11.537 0.6999999881
40860  -28.344  -37.849  -11.449 0.6000000238
135111  -30.121  -37.024  -10.458 0.6000000238
40862  -30.688  -37.968  -10.731 0.6000000238
35997  -29.164  -42.857  -3.394 0.6000000238
35998  -30.041  -42.820  -3.330 0.6999999881
34037  -27.440  -43.991  -3.322 0.6000000238
138979  -30.691  -42.522  -3.211 0.6999999881
34035  -26.097  -44.656  -3.607 0.6000000238
36967  -31.634  -41.534  -2.938 0.8000000119
133005  -23.542  -45.942  -5.389 0.6000000238
32291  -24.148  -45.717  -4.805 0.5000000000
131039  -25.376  -44.691  -4.188 0.6000000238
148650  -22.642  -46.949  -6.051 0.4000000060
37929  -32.339  -40.663  -4.631 0.6999999881
29389  -22.702  -48.814  -5.735 0.4000000060
37943  -32.321  -40.733  -5.623 0.8000000119
38920  -30.699  -39.196  -7.556 0.8000000119
38928  -27.896  -38.843  -9.349 0.8999999762
38919  -30.028  -38.913  -8.108 0.8000000119
38911  -31.389  -39.439  -6.774 0.8000000119
38929  -28.758  -39.052  -9.087 0.8000000119
38948  -24.148  -39.222  -11.309 0.8000000119
38939  -25.507  -38.954  -10.262 0.8000000119
135639  -27.602  -40.024  -10.021 0.6999999881
39894  -23.758  -38.568  -12.094 0.8000000119
38940  -26.533  -39.200  -10.046 0.8000000119
37980  -25.922  -39.826  -10.584 0.8000000119
40873  -25.962  -38.139  -12.036 0.8000000119
38947  -23.544  -38.961  -11.298 0.8000000119
146307  -27.925  -36.646  -10.810 0.6999999881
41929  -28.445  -37.163  -10.946 0.6999999881
43865  -29.116  -34.650  -10.427 0.6000000238
133120  -29.798  -35.407  -10.239 0.6000000238
42929  -30.786  -35.389  -10.073 0.6000000238
34945  -27.029  -43.187  -3.795 0.6000000238
36951  -30.581  -41.826  -2.066 0.8000000119
35980  -30.274  -42.278  -2.751 0.6999999881
34979  -24.177  -42.687  -6.326 0.5000000000
126962  -25.905  -43.766  -4.221 0.5000000000
36987  -31.881  -41.906  -3.879 0.6999999881
33206  -23.879  -44.955  -5.549 0.5000000000
37894  -31.753  -40.914  -2.217 0.8000000119
37914  -32.045  -40.831  -2.888 0.8000000119
32302  -23.228  -45.265  -6.166 0.5000000000
36968  -32.164  -41.039  -3.662 0.8000000119
38885  -32.215  -39.745  -4.457 0.8000000119
38898  -32.183  -39.918  -5.307 0.8000000119
38884  -31.928  -39.152  -4.946 0.8000000119
39856  -29.227  -38.559  -8.414 0.8000000119
38937  -23.733  -38.534  -10.774 0.8000000119
39853  -26.706  -37.951  -9.067 0.8000000119
39864  -26.156  -38.455  -9.640 0.8999999762
40872  -24.909  -38.149  -12.130 0.8000000119
40855  -23.254  -37.833  -11.553 0.8000000119
41928  -26.814  -36.828  -11.134 0.6999999881
41927  -26.107  -36.736  -11.227 0.6999999881
42928  -28.867  -35.598  -10.401 0.6999999881
41912  -26.564  -36.213  -10.808 0.6999999881
41913  -27.278  -36.424  -10.810 0.6999999881
43864  -27.583  -34.867  -10.557 0.6999999881
133723  -28.348  -35.071  -10.461 0.6999999881
36923  -28.178  -41.276  -1.859 0.8000000119
35978  -28.511  -42.348  -3.279 0.6000000238
36949  -28.649  -41.803  -2.653 0.6000000238
36925  -30.077  -41.531  -1.473 0.8000000119
36013  -23.723  -41.409  -4.893 0.6000000238
148354  -24.503  -40.879  -5.441 0.5000000000
36017  -27.086  -42.435  -4.008 0.6000000238
34944  -22.762  -43.564  -3.575 0.6000000238
149651  -23.856  -42.361  -3.886 0.6000000238
35993  -24.925  -41.435  -3.927 0.6000000238
37006  -25.078  -40.938  -5.160 0.5000000000
34965  -25.767  -42.562  -4.828 0.5000000000
130708  -21.266  -41.268  -2.517 0.5000000000
143179  -22.462  -43.029  -2.631 0.5000000000
36944  -23.711  -42.291  -2.103 0.6000000238
35992  -24.148  -42.323  -3.411 0.6000000238
36015  -25.724  -41.519  -4.645 0.5000000000
37915  -32.261  -40.278  -3.242 0.8000000119
139100  -22.070  -41.428  -2.173 0.5000000000
34964  -25.265  -43.690  -4.820 0.5000000000
36963  -20.532  -41.196  -2.874 0.4000000060
33192  -24.594  -44.628  -4.903 0.5000000000
38869  -32.256  -39.594  -3.655 0.6999999881
39816  -30.854  -38.100  -5.721 0.8000000119
39800  -32.059  -38.977  -4.119 0.6999999881
39855  -28.282  -38.178  -8.642 0.8000000119
39845  -29.603  -38.215  -7.687 0.8000000119
39817  -31.419  -38.588  -5.337 0.8000000119
39833  -30.682  -38.525  -6.686 0.8000000119
39832  -29.910  -37.952  -6.892 0.8000000119
41925  -23.844  -36.800  -11.193 0.8999999762
140363  -23.192  -37.642  -10.425 0.8999999762
39863  -25.185  -38.286  -9.708 0.8000000119
39854  -27.480  -38.222  -9.025 0.8000000119
39862  -24.190  -38.233  -10.000 1.0000000000
40837  -25.743  -37.739  -9.161 0.8000000119
40858  -25.517  -37.397  -11.654 0.8000000119
41911  -25.880  -36.133  -10.835 0.6999999881
36924  -29.131  -41.466  -1.657 0.8000000119
37877  -29.563  -41.082  -0.854 0.8000000119
142963  -24.336  -42.059  -1.978 0.6000000238
36948  -27.711  -41.491  -2.736 0.6000000238
36926  -30.807  -41.413  -1.508 0.8000000119
37878  -30.516  -41.017  -0.907 0.8000000119
35975  -22.921  -42.516  -2.343 0.5000000000
35976  -23.669  -42.655  -2.840 0.6000000238
36964  -25.419  -41.527  -3.302 0.6000000238
36966  -26.575  -41.521  -3.779 0.6000000238
37879  -31.368  -40.834  -1.357 0.8000000119
37880  -31.920  -40.333  -1.774 0.8000000119
38853  -32.256  -39.606  -1.934 0.6999999881
137825  -22.898  -41.592  -1.787 0.5000000000
36946  -25.920  -41.418  -2.682 0.6000000238
127348  -27.317  -41.693  -3.456 0.6000000238
37891  -20.769  -40.440  -2.743 0.4000000060
37893  -22.194  -40.551  -1.883 0.4000000060
37871  -22.996  -40.703  -1.442 0.4000000060
124679  -32.334  -39.584  -2.851 0.6999999881
38852  -21.669  -39.615  -2.125 0.4000000060
38838  -22.405  -39.709  -1.583 0.4000000060
37873  -24.619  -41.019  -0.887 0.4000000060
131113  -22.710  -38.887  -1.283 0.4000000060
38827  -23.527  -39.008  -0.570 0.5000000000
39799  -31.632  -38.413  -4.526 0.6999999881
38837  -21.957  -38.796  -1.854 0.3000000119
37855  -24.007  -40.142  -0.599 0.5000000000
39844  -28.852  -37.818  -7.899 0.8000000119
40819  -29.171  -37.527  -7.087 0.8000000119
40808  -30.198  -37.635  -6.052 0.8000000119
40792  -31.035  -37.742  -4.786 0.8000000119
40791  -30.321  -37.267  -5.124 0.8000000119
41924  -23.209  -37.151  -11.104 0.8000000119
128907  -23.576  -37.447  -9.686 1.0000000000
40828  -25.224  -37.086  -8.575 0.8000000119
40829  -26.280  -37.238  -8.457 0.8000000119
40831  -28.127  -37.507  -7.932 0.8000000119
40818  -28.387  -37.187  -7.182 0.8000000119
40843  -23.257  -36.848  -10.262 1.0000000000
41889  -27.216  -36.253  -6.927 0.8000000119
40857  -24.440  -37.413  -11.715 0.8000000119
40827  -24.257  -36.945  -8.852 0.8000000119
40816  -26.774  -36.724  -7.672 0.8000000119
41926  -25.061  -36.556  -11.147 0.8999999762
42925  -26.204  -35.496  -10.658 0.6999999881
42926  -27.014  -35.565  -10.619 0.6999999881
44729  -27.548  -33.938  -10.757 0.6999999881
140897  -28.258  -34.458  -10.568 0.6999999881
44730  -28.673  -33.839  -10.707 0.6999999881
43866  -30.182  -34.584  -10.323 0.6000000238
44743  -29.254  -33.142  -11.188 0.6999999881
44732  -30.631  -33.897  -10.642 0.6000000238
44731  -29.692  -33.827  -10.638 0.6000000238
37876  -28.620  -41.013  -0.969 0.8000000119
35977  -24.508  -42.147  -2.759 0.5000000000
37874  -26.866  -40.883  -0.972 0.8000000119
37858  -27.311  -40.557  -0.248 0.8000000119
37859  -28.182  -40.585  -0.244 0.8000000119
37861  -30.051  -40.566  -0.186 0.8000000119
36918  -23.690  -41.583  -1.575 0.5000000000
36945  -25.023  -41.783  -2.271 0.6000000238
137794  -25.458  -41.039  -0.818 0.5000000000
37875  -27.726  -40.926  -1.040 0.8000000119
37862  -31.028  -40.342  -0.456 0.6999999881
37857  -26.454  -40.535  -0.183 0.6999999881
36921  -26.248  -41.220  -1.622 0.6999999881
38840  -31.870  -39.895  -1.002 0.6999999881
38841  -32.272  -39.221  -1.238 0.6999999881
126060  -32.391  -38.773  -1.774 0.6999999881
39777  -32.349  -38.271  -2.391 0.6999999881
40760  -32.100  -37.789  -3.012 0.6999999881
40711  -23.707  -37.956  -0.381 0.5000000000
40759  -31.619  -37.204  -3.546 0.6999999881
40729  -22.687  -37.235  -1.413 0.4000000060
40790  -29.695  -36.798  -5.457 0.8000000119
141249  -31.422  -37.745  -4.151 0.6999999881
40807  -29.426  -37.178  -6.222 0.8000000119
41871  -28.426  -36.104  -6.086 0.8000000119
42854  -29.432  -35.854  -5.695 0.6999999881
41897  -24.980  -36.432  -8.349 0.8000000119
41890  -27.975  -36.446  -6.648 0.8000000119
41909  -23.527  -36.436  -10.577 0.8999999762
41910  -24.285  -36.042  -10.677 0.8999999762
42915  -23.538  -36.004  -10.005 0.8999999762
42906  -23.798  -35.741  -9.404 0.8000000119
41885  -24.175  -35.748  -8.796 0.8000000119
42888  -25.561  -35.588  -7.953 0.8000000119
42924  -25.265  -35.567  -10.666 0.8999999762
141915  -24.628  -35.303  -10.372 0.8000000119
43863  -25.793  -34.827  -10.618 0.8999999762
43876  -25.808  -34.015  -10.914 0.8000000119
42930  -31.731  -35.039  -10.302 0.4000000060
127116  -26.640  -34.615  -10.673 0.8000000119
45612  -27.122  -33.146  -11.373 0.6999999881
44742  -28.190  -33.189  -11.224 0.6999999881
45624  -30.179  -32.389  -12.735 0.5000000000
37850  -28.634  -40.088  0.378 0.6999999881
37860  -29.085  -40.628  -0.179 0.8000000119
38809  -27.324  -39.517  0.988 0.6999999881
38812  -29.783  -39.124  0.762 0.6999999881
38807  -25.702  -39.016  0.925 0.6000000238
38810  -28.255  -39.436  0.941 0.6999999881
38830  -31.451  -39.497  -0.104 0.6999999881
38831  -32.087  -39.023  -0.542 0.6999999881
149050  -32.399  -38.621  -1.077 0.6999999881
40712  -24.464  -37.837  0.318 0.5000000000
40747  -32.375  -37.404  -2.278 0.6999999881
136067  -23.978  -37.057  -0.245 0.4000000060
138733  -32.114  -36.881  -2.831 0.6999999881
41791  -23.028  -36.477  -1.252 0.3000000119
41780  -23.606  -36.393  -0.717 0.3000000119
41769  -24.692  -36.798  0.312 0.5000000000
41872  -29.093  -36.364  -5.798 0.6999999881
40770  -30.519  -36.998  -4.559 0.6999999881
41829  -31.909  -36.237  -3.325 0.6999999881
41855  -29.501  -36.131  -5.400 0.6999999881
41839  -30.750  -36.428  -4.434 0.6999999881
41856  -30.115  -36.433  -4.905 0.6999999881
42873  -28.995  -35.656  -6.244 0.6999999881
41886  -24.852  -35.936  -8.276 0.8000000119
41887  -25.667  -36.043  -7.788 0.8000000119
41870  -26.981  -35.878  -6.868 0.8000000119
150262  -27.412  -35.684  -6.788 0.8000000119
42889  -26.318  -35.767  -7.383 0.8000000119
42916  -24.090  -35.330  -9.788 0.8000000119
43875  -25.156  -33.702  -10.778 0.8000000119
43861  -24.730  -34.457  -10.167 0.8000000119
42923  -24.046  -35.704  -10.198 0.8999999762
43862  -25.169  -34.610  -10.542 0.8999999762
44740  -25.485  -33.326  -11.274 0.8000000119
130393  -26.444  -32.849  -11.684 0.8000000119
45614  -29.834  -32.507  -11.813 0.6000000238
45621  -27.103  -32.379  -12.010 0.6999999881
45613  -27.886  -32.597  -11.659 0.6999999881
46624  -26.128  -31.603  -13.174 0.6999999881
146597  -29.017  -39.541  0.726 0.6999999881
39716  -27.365  -38.182  1.465 0.6000000238
39717  -27.992  -38.146  1.454 0.6000000238
145303  -28.319  -38.735  1.302 0.6999999881
39730  -30.310  -38.220  0.956 0.6999999881
39748  -30.910  -38.925  0.520 0.6999999881
38806  -24.794  -38.793  0.460 0.5000000000
38808  -26.498  -39.527  0.914 0.6000000238
39731  -31.268  -38.056  0.596 0.6999999881
146041  -31.782  -38.614  0.169 0.6999999881
39726  -26.760  -38.723  1.304 0.6000000238
40699  -25.258  -37.404  0.818 0.5000000000
125186  -25.931  -38.050  1.231 0.5000000000
40692  -27.534  -37.493  1.518 0.6000000238
40731  -32.548  -36.929  -1.551 0.6999999881
42775  -24.963  -35.879  0.245 0.4000000060
41770  -25.480  -36.466  0.784 0.5000000000
41763  -26.964  -36.860  1.478 0.6000000238
139602  -32.412  -36.669  -2.212 0.6999999881
42827  -31.899  -35.662  -3.881 0.6999999881
42843  -31.334  -35.699  -4.493 0.6999999881
42787  -24.484  -35.315  -0.239 0.3000000119
42875  -30.925  -35.300  -6.081 0.6999999881
42890  -26.884  -35.472  -7.193 0.8000000119
135141  -27.586  -35.194  -7.268 0.8000000119
42892  -28.968  -35.264  -7.061 0.6999999881
42893  -29.605  -35.261  -6.994 0.6999999881
43807  -25.482  -34.940  -8.369 0.8000000119
44679  -27.913  -34.557  -8.096 0.8000000119
44728  -24.698  -33.560  -10.190 0.8000000119
42907  -24.289  -35.094  -9.232 0.8000000119
43806  -24.837  -34.777  -8.845 0.8000000119
145268  -26.238  -34.370  -8.476 0.8000000119
44738  -24.826  -33.326  -10.738 0.8000000119
46580  -25.053  -32.208  -9.991 0.8000000119
45561  -26.064  -33.005  -9.307 0.8000000119
46582  -26.820  -31.839  -9.994 0.8000000119
46597  -26.173  -31.300  -10.417 0.8000000119
45623  -29.247  -32.105  -12.422 0.6000000238
45631  -28.673  -31.811  -13.077 0.6999999881
46614  -25.500  -32.049  -12.700 0.8000000119
47612  -25.489  -30.996  -13.562 0.6999999881
46625  -27.197  -31.576  -13.265 0.6000000238
39728  -28.643  -38.219  1.385 0.6000000238
40704  -31.606  -37.226  0.543 0.6999999881
39749  -31.947  -37.893  0.288 0.6999999881
41765  -28.320  -36.627  1.504 0.6000000238
41782  -31.932  -36.449  0.393 0.6999999881
40713  -32.254  -37.252  0.116 0.6999999881
40714  -32.540  -37.151  -0.684 0.6999999881
42776  -25.731  -35.552  0.697 0.4000000060
41771  -26.363  -36.182  1.188 0.4000000060
42769  -27.999  -35.969  1.478 0.5000000000
41775  -31.095  -36.522  0.889 0.6999999881
41792  -32.626  -36.321  -0.930 0.6999999881
42768  -27.229  -35.996  1.382 0.5000000000
41810  -32.567  -36.142  -1.712 0.6999999881
41830  -32.377  -36.007  -2.567 0.6999999881
42788  -25.187  -35.001  0.203 0.3000000119
43714  -25.940  -34.708  0.569 0.3000000119
43715  -26.652  -35.193  1.039 0.4000000060
42855  -30.148  -35.789  -5.376 0.6999999881
42828  -32.362  -35.510  -3.274 0.6999999881
43728  -25.414  -34.144  0.162 0.3000000119
42857  -31.778  -35.151  -5.024 0.6999999881
42844  -32.138  -35.138  -4.443 0.6999999881
43786  -31.709  -34.919  -5.746 0.6999999881
147408  -32.526  -34.468  -5.151 0.6999999881
43809  -26.996  -34.830  -7.864 0.8000000119
44681  -30.496  -34.316  -7.965 0.6999999881
42874  -30.053  -35.437  -6.373 0.6999999881
44662  -32.985  -33.818  -5.865 0.6999999881
131711  -31.103  -34.492  -7.364 0.6999999881
43813  -31.987  -34.001  -7.247 0.6999999881
44699  -25.091  -33.682  -9.413 0.8000000119
132133  -26.598  -33.562  -8.954 0.8000000119
43811  -29.528  -34.733  -7.712 0.6999999881
44682  -31.319  -33.853  -7.975 0.6999999881
136581  -32.024  -33.347  -7.948 0.6999999881
44719  -24.693  -33.666  -9.810 0.8000000119
44700  -25.763  -33.625  -9.041 0.8000000119
44701  -27.247  -34.077  -8.524 0.8000000119
44702  -28.172  -33.777  -8.663 0.8000000119
44704  -30.644  -33.532  -8.458 0.8000000119
144887  -32.212  -32.146  -8.533 0.6999999881
45579  -24.609  -33.095  -10.011 0.8000000119
140567  -26.826  -32.975  -9.332 0.8000000119
140712  -28.540  -32.227  -9.655 0.8000000119
45585  -30.156  -32.371  -9.363 0.8000000119
45599  -24.670  -32.911  -10.669 0.8000000119
140587  -24.668  -32.182  -10.768 0.8000000119
46581  -25.817  -31.976  -10.013 0.8000000119
45583  -27.485  -32.500  -9.560 0.8000000119
46584  -29.456  -31.846  -9.730 0.8000000119
45619  -24.390  -32.310  -11.889 0.8000000119
46596  -25.170  -31.572  -10.432 0.8000000119
46598  -27.238  -31.159  -10.378 0.8000000119
46583  -27.837  -31.723  -10.017 0.8000000119
46600  -29.089  -30.811  -10.340 0.8000000119
46612  -23.646  -31.573  -12.437 0.8000000119
47580  -26.664  -30.583  -10.742 0.8000000119
46613  -24.282  -31.981  -12.721 0.8000000119
45632  -29.654  -32.053  -13.467 0.5000000000
46626  -28.231  -31.545  -13.486 0.6000000238
46622  -23.350  -31.456  -12.935 0.8000000119
47627  -28.507  -30.629  -14.403 0.6000000238
47613  -26.822  -31.059  -13.629 0.6000000238
46636  -27.875  -31.127  -13.803 0.6000000238
144470  -28.963  -37.667  1.415 0.6999999881
40702  -29.686  -37.410  1.334 0.6999999881
41764  -27.730  -36.711  1.519 0.6000000238
42780  -30.365  -35.778  1.238 0.6999999881
42781  -31.435  -35.680  0.653 0.6999999881
42789  -32.241  -35.603  0.148 0.6999999881
42779  -29.277  -35.523  1.369 0.5000000000
146857  -26.490  -34.512  0.751 0.4000000060
43716  -27.181  -34.278  0.903 0.4000000060
131706  -28.265  -34.354  1.106 0.5000000000
42798  -32.704  -35.484  -1.134 0.6999999881
126228  -32.723  -35.139  -2.536 0.6999999881
44610  -26.381  -33.047  0.208 0.3000000119
45458  -27.598  -32.799  0.377 0.3000000119
43740  -33.059  -34.090  -1.762 0.6999999881
43761  -32.803  -34.790  -3.307 0.6999999881
44608  -24.909  -33.567  -0.246 0.3000000119
45472  -27.913  -32.139  0.077 0.3000000119
43762  -33.217  -34.076  -3.531 0.6999999881
45471  -26.977  -32.365  0.067 0.3000000119
44663  -33.446  -33.388  -5.523 0.6999999881
144297  -29.788  -33.931  -8.397 0.8000000119
44683  -32.786  -33.643  -6.745 0.6999999881
44705  -31.398  -33.137  -8.439 0.6999999881
45545  -32.651  -32.702  -7.919 0.6999999881
45560  -25.338  -33.087  -9.440 0.8000000119
45562  -27.463  -33.336  -9.086 0.8000000119
45564  -29.969  -33.130  -8.914 0.6999999881
45566  -31.516  -32.433  -8.785 0.8000000119
45580  -24.930  -32.742  -9.775 0.8000000119
46586  -31.121  -31.234  -9.474 0.8000000119
46579  -24.758  -32.634  -10.190 0.8000000119
138908  -28.738  -31.518  -10.046 0.8000000119
47565  -29.805  -31.121  -10.064 0.8000000119
47578  -24.430  -31.328  -11.192 0.8000000119
46607  -24.153  -31.920  -11.717 0.8000000119
47579  -25.378  -30.734  -10.934 0.8000000119
47581  -27.631  -30.494  -10.664 0.8000000119
133707  -27.978  -29.941  -10.882 0.8000000119
47583  -29.872  -30.181  -10.270 0.8000000119
47591  -23.176  -30.988  -12.068 0.8000000119
48604  -26.221  -29.975  -11.238 0.8000000119
48607  -29.392  -29.339  -10.556 0.8000000119
47611  -24.110  -30.307  -13.654 0.8000000119
41772  -28.727  -36.131  1.461 0.6000000238
42777  -27.621  -35.162  1.292 0.5000000000
43719  -30.940  -34.858  0.775 0.6000000238
132178  -29.266  -34.087  0.871 0.5000000000
43720  -31.841  -34.930  0.377 0.6999999881
43730  -32.608  -34.506  -0.634 0.6999999881
143377  -29.450  -33.449  0.561 0.6000000238
44601  -31.468  -34.142  0.388 0.6999999881
43729  -32.236  -34.430  -0.038 0.6999999881
43739  -32.866  -34.284  -1.151 0.6999999881
128891  -26.032  -32.453  -0.219 0.3000000119
45459  -28.330  -32.805  0.413 0.3000000119
45477  -32.332  -33.106  -0.721 0.6999999881
46481  -28.988  -30.899  -1.063 0.3000000119
44623  -33.221  -33.514  -2.124 0.6999999881
44631  -33.392  -33.450  -2.952 0.6999999881
47483  -27.368  -30.082  -2.554 0.3000000119
47461  -27.726  -30.427  -1.838 0.3000000119
47485  -29.559  -30.075  -2.381 0.3000000119
48508  -26.993  -29.520  -3.652 0.3000000119
44672  -33.458  -33.157  -6.269 0.6999999881
44684  -33.188  -33.000  -7.177 0.6999999881
46565  -31.700  -31.679  -9.057 0.8000000119
47566  -30.540  -30.743  -9.823 0.8000000119
48591  -30.801  -29.812  -9.842 0.8000000119
48602  -24.168  -30.517  -11.592 0.8000000119
48603  -25.101  -29.882  -11.455 0.8000000119
48617  -25.795  -29.271  -11.619 0.8000000119
48618  -26.872  -29.330  -11.469 0.8000000119
48619  -27.900  -29.282  -11.230 0.8000000119
48620  -28.781  -28.894  -10.997 0.8000000119
47609  -21.875  -30.222  -12.978 0.8000000119
49641  -26.433  -28.721  -11.882 0.8000000119
47610  -22.715  -30.763  -13.211 0.8000000119
48641  -23.618  -29.263  -13.693 0.6999999881
48654  -24.811  -29.203  -13.904 0.6000000238
128501  -30.342  -33.939  0.618 0.6000000238
45476  -31.589  -32.784  -0.353 0.6000000238
44614  -32.526  -33.898  -0.618 0.6999999881
46467  -29.321  -31.569  -0.467 0.4000000060
45487  -32.650  -32.680  -1.370 0.6999999881
44622  -32.868  -33.503  -1.341 0.6999999881
46484  -31.648  -31.513  -1.263 0.4000000060
45498  -33.349  -32.780  -2.445 0.6999999881
44640  -33.562  -33.347  -3.831 0.6999999881
48511  -30.134  -29.447  -3.263 0.3000000119
46496  -32.155  -31.042  -1.852 0.4000000060
46498  -33.481  -31.928  -2.773 0.6000000238
46522  -34.126  -31.763  -4.213 0.6999999881
44655  -33.644  -33.209  -4.763 0.6999999881
146720  -33.911  -32.570  -6.098 0.6999999881
46529  -34.411  -31.402  -5.677 0.6999999881
46538  -33.975  -31.749  -7.022 0.6999999881
46552  -33.559  -31.245  -7.745 0.6999999881
46585  -30.356  -31.570  -9.642 0.8000000119
47567  -31.173  -30.510  -9.570 0.8000000119
139411  -29.096  -30.051  -10.530 0.8000000119
49620  -30.790  -28.809  -9.865 0.8000000119
48605  -27.238  -29.954  -11.065 0.8000000119
49643  -29.039  -28.151  -11.237 0.8000000119
145006  -23.114  -29.147  -11.973 0.8000000119
49640  -25.296  -28.603  -12.043 0.8000000119
134793  -26.957  -28.240  -12.178 0.8000000119
49642  -27.385  -28.674  -11.706 0.8000000119
50762  -26.064  -28.057  -12.348 0.8000000119
47625  -26.517  -30.224  -13.881 0.6000000238
48640  -21.954  -29.610  -13.121 0.8000000119
49683  -25.326  -28.288  -14.226 0.6000000238
49672  -22.853  -28.885  -13.413 0.6999999881
49682  -23.948  -28.169  -13.783 0.6999999881
44611  -30.053  -32.961  0.376 0.6000000238
44612  -31.093  -33.256  0.298 0.6000000238
45486  -32.035  -32.314  -0.926 0.6000000238
47464  -30.332  -30.691  -1.486 0.3000000119
45497  -33.044  -32.285  -1.989 0.6000000238
47486  -30.299  -30.265  -2.089 0.3000000119
47465  -31.160  -30.647  -1.716 0.3000000119
47487  -31.824  -30.401  -2.356 0.3000000119
149919  -32.339  -30.127  -2.754 0.5000000000
46507  -33.802  -31.356  -3.489 0.6999999881
49541  -29.006  -28.892  -3.956 0.3000000119
49543  -30.697  -28.888  -3.452 0.3000000119
48530  -33.920  -29.719  -3.941 0.4000000060
127463  -34.350  -31.105  -4.747 0.6999999881
50674  -29.216  -27.519  -4.357 0.3000000119
47519  -34.499  -30.471  -5.325 0.6000000238
47543  -33.881  -30.311  -7.588 0.6000000238
47544  -34.365  -30.125  -6.842 0.6000000238
47554  -32.588  -30.483  -8.702 0.8000000119
47555  -33.276  -30.415  -8.218 0.6999999881
48572  -34.090  -29.493  -7.384 0.6000000238
47553  -31.833  -30.719  -9.209 0.8000000119
48581  -32.860  -29.680  -8.537 0.6999999881
48582  -33.524  -29.607  -8.042 0.6999999881
140832  -31.500  -29.995  -9.467 0.8000000119
49613  -31.988  -28.695  -9.050 0.6999999881
130123  -32.505  -29.037  -8.713 0.6999999881
138059  -33.087  -28.930  -8.351 0.6999999881
48608  -30.143  -29.236  -10.235 0.8000000119
48592  -31.443  -29.210  -9.472 0.8000000119
49621  -31.402  -28.314  -9.488 0.6999999881
50730  -31.993  -27.733  -9.091 0.6999999881
49629  -29.471  -28.564  -10.723 0.8000000119
49630  -30.160  -28.384  -10.344 0.8000000119
50736  -31.379  -27.587  -9.595 0.6999999881
51828  -31.712  -26.868  -9.539 0.6999999881
150035  -23.931  -29.695  -11.695 0.8000000119
48616  -24.531  -29.138  -11.768 0.8000000119
137570  -28.257  -28.452  -11.510 0.8000000119
50745  -30.382  -27.495  -10.452 0.8000000119
50763  -27.723  -27.996  -12.074 0.8000000119
50765  -29.336  -27.414  -11.475 0.8000000119
48615  -22.144  -29.461  -12.365 0.8000000119
131818  -23.890  -28.482  -12.242 0.8000000119
50783  -26.904  -27.474  -12.651 0.8000000119
50784  -28.087  -27.313  -12.542 0.8000000119
49657  -22.256  -29.168  -12.748 0.8000000119
50760  -23.584  -27.846  -12.875 0.8000000119
50780  -23.819  -27.355  -13.445 0.6999999881
48655  -26.093  -29.281  -14.070 0.6000000238
50803  -27.095  -27.705  -14.638 0.6000000238
142884  -22.633  -28.764  -13.141 0.8000000119
50800  -23.953  -27.295  -13.810 0.6999999881
51891  -24.388  -26.675  -14.062 0.6999999881
47488  -33.335  -31.024  -2.893 0.5000000000
146451  -30.696  -29.726  -2.948 0.3000000119
48513  -32.496  -29.593  -3.134 0.4000000060
47506  -33.734  -30.445  -3.608 0.5000000000
46508  -34.138  -30.977  -4.047 0.6000000238
49558  -31.408  -28.144  -3.528 0.3000000119
47513  -34.253  -30.223  -4.408 0.5000000000
50676  -31.095  -27.319  -3.703 0.3000000119
49559  -32.456  -28.165  -3.591 0.3000000119
48545  -34.474  -29.495  -5.088 0.6000000238
146686  -34.570  -29.176  -5.858 0.6000000238
51764  -28.919  -26.810  -4.606 0.3000000119
51765  -30.813  -26.564  -4.076 0.3000000119
50678  -33.158  -27.435  -4.034 0.3000000119
130548  -30.076  -26.556  -4.364 0.3000000119
48573  -34.458  -29.328  -6.596 0.6000000238
51792  -28.635  -26.140  -4.943 0.3000000119
139478  -33.701  -28.839  -7.806 0.6999999881
49614  -32.577  -28.317  -8.636 0.6999999881
51851  -29.676  -26.693  -11.748 0.8000000119
51837  -30.631  -26.719  -10.639 0.6999999881
51838  -31.286  -26.377  -10.241 0.6999999881
50766  -29.998  -27.070  -11.047 0.6999999881
51850  -28.970  -27.025  -12.209 0.8000000119
52920  -29.993  -25.538  -12.404 0.6999999881
51867  -27.493  -26.710  -13.167 0.6999999881
51869  -29.374  -26.209  -12.514 0.6000000238
49700  -28.083  -27.625  -14.916 0.6000000238
50781  -24.364  -27.232  -13.201 0.6999999881
51864  -24.309  -26.747  -13.739 0.6999999881
149194  -25.008  -26.757  -13.444 0.6999999881
50801  -24.666  -27.157  -14.233 0.6999999881
50802  -25.919  -27.554  -14.506 0.6999999881
51879  -24.524  -26.466  -14.015 0.6999999881
58473  -26.639  -20.637  -15.934 0.5000000000
58483  -26.754  -20.467  -16.210 0.5000000000
49584  -34.488  -28.627  -5.332 0.6000000238
49597  -34.496  -28.519  -6.264 0.6000000238
50718  -34.439  -27.656  -6.310 0.6000000238
50724  -34.147  -27.449  -7.121 0.6000000238
49615  -33.278  -28.174  -8.168 0.6999999881
137276  -33.318  -26.854  -8.203 0.6999999881
147683  -32.300  -26.996  -8.997 0.6999999881
53910  -27.144  -23.999  -7.138 0.3000000119
52880  -31.912  -25.983  -9.844 0.6999999881
51824  -32.809  -26.610  -8.671 0.6999999881
51829  -32.353  -26.328  -9.239 0.6999999881
51868  -28.526  -26.596  -12.919 0.6999999881
52891  -30.912  -25.955  -10.923 0.6999999881
52906  -30.004  -26.084  -11.948 0.6999999881
50782  -25.552  -27.306  -12.898 0.6999999881
51866  -26.099  -26.584  -13.390 0.6999999881
52919  -28.045  -25.996  -13.473 0.6999999881
52931  -28.665  -25.331  -13.628 0.6000000238
52917  -25.745  -25.764  -13.924 0.6999999881
148964  -26.396  -27.019  -14.710 0.6000000238
50819  -27.250  -26.915  -14.931 0.5000000000
52945  -25.427  -25.659  -14.583 0.6999999881
53978  -25.572  -24.955  -14.901 0.6999999881
53991  -25.771  -24.673  -15.075 0.6999999881
55080  -26.501  -23.481  -15.629 0.6000000238
132314  -34.482  -27.967  -5.586 0.5000000000
50702  -34.375  -27.127  -5.396 0.4000000060
135454  -34.408  -26.747  -6.390 0.5000000000
51818  -34.402  -25.902  -6.635 0.6000000238
51825  -33.440  -26.139  -8.223 0.6000000238
53891  -27.832  -23.789  -6.953 0.3000000119
52876  -32.919  -25.870  -8.850 0.6999999881
52881  -32.505  -25.548  -9.444 0.6000000238
52892  -31.536  -25.571  -10.503 0.6000000238
53952  -30.034  -24.850  -12.852 0.6000000238
52908  -31.204  -25.164  -11.212 0.6000000238
52918  -26.878  -25.921  -13.684 0.6999999881
52932  -29.442  -25.445  -13.077 0.6000000238
52921  -30.438  -25.028  -12.287 0.6000000238
53965  -28.426  -24.577  -14.151 0.6999999881
55055  -28.958  -23.942  -14.146 0.6000000238
53963  -25.791  -24.815  -14.742 0.6999999881
52962  -26.220  -24.765  -15.376 0.6999999881
50818  -26.107  -26.239  -15.025 0.6000000238
52964  -27.970  -25.387  -15.893 0.5000000000
51904  -25.988  -25.414  -15.213 0.6000000238
52977  -27.182  -24.619  -15.872 0.6000000238
54006  -27.945  -24.251  -16.365 0.5000000000
55068  -26.410  -23.738  -15.376 0.6000000238
55091  -26.528  -23.351  -16.028 0.5000000000
53992  -26.207  -24.250  -15.220 0.5000000000
146971  -26.675  -21.772  -16.338 0.5000000000
56293  -27.515  -21.897  -16.699 0.5000000000
57417  -26.548  -21.210  -16.198 0.5000000000
59426  -26.999  -19.725  -16.702 0.5000000000
52840  -34.262  -25.656  -5.462 0.4000000060
140871  -34.511  -26.004  -5.955 0.4000000060
53872  -34.328  -24.858  -5.728 0.4000000060
53869  -32.130  -24.544  -4.638 0.4000000060
52872  -34.085  -25.496  -7.478 0.6000000238
54968  -28.113  -23.218  -7.400 0.3000000119
56150  -28.857  -22.930  -7.042 0.3000000119
127148  -29.638  -23.065  -6.484 0.3000000119
53918  -33.070  -25.203  -9.065 0.6000000238
57321  -28.220  -21.335  -8.506 0.3000000119
53922  -32.800  -24.694  -9.609 0.6000000238
53942  -31.455  -24.341  -11.448 0.5000000000
52893  -32.143  -25.164  -10.082 0.6000000238
53953  -30.540  -24.368  -12.486 0.6000000238
55040  -30.134  -24.039  -13.115 0.6000000238
53966  -29.384  -24.569  -13.577 0.6000000238
55056  -30.324  -23.117  -13.184 0.6000000238
52930  -27.514  -25.206  -14.061 0.6999999881
56242  -28.882  -23.064  -14.338 0.6000000238
55053  -26.337  -24.248  -14.869 0.6999999881
128135  -26.384  -22.834  -15.817 0.5000000000
134294  -26.375  -22.049  -16.024 0.5000000000
59417  -26.949  -19.686  -16.469 0.5000000000
53870  -33.127  -24.448  -4.901 0.4000000060
52860  -34.514  -25.486  -6.005 0.4000000060
53871  -33.788  -24.309  -5.413 0.4000000060
54972  -33.266  -23.046  -5.605 0.4000000060
150114  -34.408  -24.703  -7.037 0.4000000060
53911  -34.101  -24.610  -7.832 0.4000000060
52877  -33.530  -25.307  -8.400 0.5000000000
56163  -29.130  -22.216  -7.461 0.3000000119
57309  -29.460  -21.491  -7.637 0.3000000119
56151  -30.277  -22.462  -6.511 0.4000000060
53919  -33.569  -24.452  -8.820 0.4000000060
57299  -30.831  -21.782  -6.590 0.4000000060
55018  -32.627  -23.602  -10.429 0.5000000000
53923  -33.254  -24.029  -9.515 0.6000000238
55017  -32.060  -23.837  -11.026 0.5000000000
140186  -31.607  -23.631  -11.635 0.5000000000
139752  -30.600  -23.691  -12.681 0.6000000238
55031  -31.974  -23.033  -11.523 0.5000000000
134486  -29.597  -23.561  -13.690 0.6000000238
56244  -30.278  -22.324  -13.392 0.6000000238
56241  -27.701  -22.938  -14.839 0.6000000238
56257  -29.227  -22.141  -14.234 0.6000000238
56255  -27.296  -22.152  -15.164 0.5000000000
56240  -26.731  -22.875  -15.427 0.5000000000
57397  -27.176  -21.431  -15.355 0.5000000000
58462  -27.161  -20.078  -15.708 0.5000000000
60361  -27.018  -19.197  -16.418 0.5000000000
61397  -27.356  -17.869  -17.385 0.5000000000
54959  -33.236  -23.774  -5.331 0.4000000060
53895  -34.406  -24.360  -6.372 0.4000000060
54974  -34.285  -23.497  -6.311 0.4000000060
53912  -34.462  -23.986  -7.073 0.4000000060
135644  -33.898  -22.890  -6.006 0.4000000060
55001  -34.301  -23.657  -8.041 0.4000000060
55000  -33.811  -23.515  -9.067 0.4000000060
57322  -29.004  -21.021  -8.170 0.3000000119
147765  -32.878  -23.003  -10.443 0.4000000060
58381  -28.470  -20.479  -8.598 0.3000000119
56220  -32.396  -22.347  -11.359 0.4000000060
56219  -31.785  -22.223  -12.037 0.5000000000
135098  -32.403  -21.448  -11.697 0.4000000060
56226  -30.771  -22.420  -12.928 0.6000000238
56227  -31.245  -22.531  -12.460 0.5000000000
148681  -29.435  -21.598  -14.139 0.6000000238
57368  -30.559  -21.640  -13.276 0.5000000000
129931  -31.083  -21.031  -12.934 0.5000000000
57398  -27.916  -21.634  -14.890 0.5000000000
56256  -28.329  -22.230  -14.629 0.6000000238
149223  -30.129  -21.313  -13.631 0.6000000238
58465  -28.926  -20.438  -14.604 0.6000000238
57396  -27.167  -20.753  -15.507 0.5000000000
60362  -27.500  -18.526  -16.187 0.5000000000
131412  -27.476  -17.163  -17.826 0.5000000000
58463  -27.948  -20.250  -15.220 0.5000000000
146593  -26.999  -17.281  -9.872 0.3000000119
126843  -28.209  -18.013  -9.335 0.4000000060
61287  -29.183  -17.140  -9.149 0.4000000060
58452  -29.863  -20.205  -14.047 0.5000000000
63207  -26.833  -15.738  -10.633 0.4000000060
59394  -29.414  -19.541  -14.464 0.5000000000
59380  -31.256  -18.861  -13.369 0.5000000000
60321  -31.824  -18.632  -12.987 0.5000000000
127056  -29.024  -18.876  -14.793 0.5000000000
60331  -30.585  -18.571  -13.817 0.5000000000
60345  -28.185  -18.920  -15.422 0.5000000000
61377  -28.722  -17.665  -15.517 0.6000000238
63315  -27.642  -15.470  -18.507 0.5000000000
61391  -27.442  -17.782  -16.761 0.6000000238
62332  -27.990  -17.086  -16.552 0.5000000000
63301  -27.730  -15.887  -17.689 0.6000000238
64278  -27.602  -14.719  -18.676 0.4000000060
62241  -28.717  -16.575  -9.505 0.4000000060
61278  -30.561  -17.465  -8.481 0.4000000060
60330  -29.790  -18.754  -14.358 0.5000000000
61358  -29.359  -17.690  -14.968 0.5000000000
61378  -29.206  -16.963  -15.424 0.5000000000
62334  -29.428  -16.169  -15.614 0.5000000000
133150  -29.884  -17.116  -14.772 0.5000000000
61376  -28.060  -17.736  -16.113 0.5000000000
130028  -28.527  -17.167  -15.931 0.5000000000
65319  -27.981  -13.954  -18.567 0.4000000060
63302  -28.467  -15.688  -16.830 0.5000000000
64265  -28.182  -15.304  -17.528 0.5000000000
62242  -29.489  -16.351  -9.245 0.4000000060
63208  -27.437  -15.312  -10.590 0.4000000060
60348  -30.042  -17.891  -14.386 0.5000000000
60332  -31.311  -18.141  -13.443 0.4000000060
146220  -29.105  -15.783  -16.143 0.4000000060
63303  -29.263  -15.166  -16.431 0.4000000060
64266  -28.741  -14.917  -17.129 0.5000000000
65320  -28.929  -13.440  -17.973 0.3000000119
130803  -31.036  -16.893  -14.024 0.4000000060
63286  -29.718  -15.467  -15.781 0.4000000060
65306  -28.801  -14.195  -17.530 0.5000000000
65307  -29.559  -13.776  -17.119 0.4000000060
64252  -30.039  -14.713  -16.101 0.4000000060
68274  -29.378  -10.504  -19.864 0.4000000060
64267  -29.411  -14.460  -16.772 0.4000000060
66287  -29.819  -13.027  -17.429 0.4000000060
65285  -31.216  -14.007  -15.562 0.4000000060
66308  -30.281  -12.220  -17.748 0.4000000060
67276  -29.754  -11.469  -18.690 0.4000000060
128708  -29.784  -9.534  -20.573 0.4000000060
65284  -30.572  -14.035  -16.117 0.4000000060
65308  -30.306  -13.507  -16.703 0.3000000119
66265  -31.146  -13.330  -16.202 0.4000000060
130174  -31.706  -13.445  -15.578 0.4000000060
67255  -31.313  -11.872  -17.187 0.3000000119
67277  -30.750  -11.436  -17.997 0.4000000060
68275  -30.380  -9.663  -19.789 0.4000000060
66288  -30.712  -12.766  -16.922 0.3000000119
66289  -31.457  -12.564  -16.514 0.4000000060
67239  -32.087  -11.887  -16.343 0.4000000060
32349  -29.960  -45.773  -10.478 0.6999999881
140419  -30.566  -47.351  -5.062 0.6999999881
138126  -25.395  -51.166  -4.550 0.6000000238
32262  -29.998  -46.209  -2.951 0.6999999881
34091  -31.405  -44.276  -7.249 0.8000000119
33194  -31.514  -44.893  -5.329 0.8000000119
34038  -29.150  -44.039  -3.244 0.6000000238
130189  -31.969  -41.033  -7.072 0.8000000119
136788  -22.354  -46.744  -6.551 0.4000000060
38957  -24.009  -39.323  -11.930 0.8000000119
36950  -29.699  -41.930  -2.237 0.6000000238
34980  -24.763  -41.892  -5.919 0.5000000000
133274  -32.276  -40.261  -3.937 0.8000000119
38897  -31.712  -39.315  -5.802 0.8000000119
36952  -31.245  -41.495  -2.056 0.8000000119
37892  -21.455  -40.447  -2.347 0.4000000060
36922  -27.259  -41.148  -1.894 0.6000000238
37872  -23.787  -40.847  -1.108 0.5000000000
138486  -25.651  -40.512  -0.230 0.6000000238
38829  -30.487  -39.815  0.251 0.6999999881
42891  -28.153  -35.581  -6.682 0.6999999881
39750  -32.326  -38.085  -0.407 0.6999999881
41773  -29.550  -36.417  1.396 0.6999999881
47582  -28.435  -30.320  -10.603 0.8000000119
148316  -32.268  -34.994  0.093 0.6999999881
45546  -33.388  -32.207  -7.513 0.6999999881
46567  -32.976  -31.082  -8.351 0.6999999881
46497  -32.879  -31.502  -2.250 0.6000000238
45536  -34.181  -32.004  -6.301 0.6999999881
46553  -34.193  -30.948  -7.042 0.6000000238
45475  -30.694  -32.443  -0.079 0.6000000238
47505  -33.038  -30.247  -3.050 0.5000000000
50679  -34.326  -27.934  -4.931 0.4000000060
53928  -31.782  -24.741  -10.749 0.6000000238
54973  -33.865  -23.576  -5.725 0.4000000060
62350  -27.528  -17.035  -17.349 0.5000000000
128182  -34.516  -22.842  -7.650 0.4000000060
63265  -30.152  -15.922  -15.241 0.4000000060
30469  -29.571  -48.172  -14.056 0.5000000000
31414  -29.452  -47.668  -14.123 0.5000000000
29449  -31.880  -49.435  -10.535 0.6999999881
34161  -29.603  -44.125  -14.268 0.5000000000
26639  -26.697  -52.655  -4.331 0.5000000000
35101  -28.655  -43.720  -14.056 0.6999999881
31331  -29.779  -47.956  -6.415 0.6999999881
32303  -29.586  -47.294  -6.816 0.6999999881
133229  -27.353  -43.471  -10.178 0.6999999881
34112  -27.899  -44.693  -9.299 0.6999999881
131580  -28.553  -41.025  -13.844 0.6999999881
38028  -30.220  -40.797  -13.353 0.5000000000
38026  -28.981  -40.391  -13.602 0.6000000238
39898  -29.428  -39.015  -12.193 0.5000000000
136327  -26.333  -49.238  -3.141 0.6000000238
34089  -29.382  -45.081  -8.102 0.6999999881
135605  -27.414  -40.601  -13.290 0.6999999881
29338  -27.935  -49.128  -2.502 0.6000000238
33207  -31.086  -45.766  -6.203 0.8000000119
34090  -30.593  -44.478  -7.752 0.6999999881
38958  -31.037  -39.194  -11.760 0.4000000060
33193  -31.189  -45.145  -4.678 0.8000000119
30332  -24.838  -47.999  -3.748 0.6000000238
30354  -24.305  -48.453  -4.213 0.6000000238
38007  -25.263  -40.531  -12.437 0.8000000119
32249  -27.523  -46.654  -2.501 0.6999999881
34067  -31.841  -44.216  -5.640 0.6999999881
37032  -31.217  -41.640  -8.097 0.8000000119
31305  -23.790  -47.177  -4.696 0.6000000238
139541  -32.353  -42.156  -5.508 0.8000000119
145621  -27.515  -37.322  -11.297 0.6999999881
147426  -29.939  -37.786  -10.879 0.6000000238
34949  -30.808  -43.014  -3.700 0.6999999881
32276  -24.879  -45.632  -4.176 0.6000000238
38941  -27.388  -39.398  -9.823 0.8999999762
38938  -24.560  -38.876  -10.567 0.8000000119
40844  -29.163  -36.912  -10.656 0.6000000238
136473  -31.294  -37.047  -10.173 0.4000000060
32300  -22.004  -46.137  -7.257 0.3000000119
125001  -23.814  -46.448  -4.837 0.5000000000
32290  -23.361  -46.792  -5.264 0.5000000000
30373  -22.773  -47.979  -5.648 0.5000000000
31328  -21.967  -47.614  -6.705 0.4000000060
38930  -29.577  -39.372  -8.716 0.8999999762
40871  -24.008  -38.102  -12.119 0.8000000119
35996  -28.396  -42.893  -3.529 0.6000000238
34946  -27.679  -43.030  -3.669 0.6000000238
35979  -29.376  -42.353  -2.987 0.6000000238
35981  -31.031  -42.063  -2.671 0.8000000119
32289  -22.936  -46.375  -5.958 0.4000000060
39846  -30.218  -38.563  -7.429 0.8000000119
42927  -27.947  -35.807  -10.557 0.6999999881
128637  -30.993  -34.586  -10.295 0.4000000060
35995  -27.704  -42.290  -3.647 0.6000000238
34993  -23.332  -41.929  -7.007 0.5000000000
34079  -23.572  -43.815  -6.548 0.5000000000
34966  -26.475  -42.774  -4.296 0.5000000000
128669  -24.735  -43.343  -5.537 0.5000000000
37895  -32.154  -40.278  -2.476 0.6999999881
147590  -27.966  -41.891  -3.236 0.6000000238
36983  -24.153  -40.859  -5.378 0.5000000000
36985  -25.444  -41.331  -4.399 0.6000000238
36030  -24.581  -41.034  -5.692 0.5000000000
36984  -24.790  -40.914  -4.936 0.6000000238
34994  -23.886  -41.187  -6.372 0.5000000000
35994  -27.038  -41.888  -3.912 0.5000000000
34931  -23.033  -43.241  -2.959 0.6000000238
34932  -23.431  -42.933  -3.395 0.6000000238
36986  -26.068  -41.390  -4.227 0.6000000238
36965  -26.021  -41.325  -3.726 0.6000000238
141483  -25.251  -42.599  -5.386 0.5000000000
36016  -26.478  -41.819  -4.288 0.5000000000
39788  -32.226  -38.767  -3.206 0.6999999881
39787  -31.832  -38.187  -3.758 0.6999999881
40830  -27.352  -37.517  -8.344 0.8000000119
40836  -24.644  -37.645  -9.260 0.8999999762
36919  -24.465  -41.572  -1.476 0.5000000000
36920  -25.311  -41.481  -1.536 0.6000000238
148692  -26.346  -41.394  -3.328 0.6000000238
144087  -26.140  -40.893  -0.744 0.6000000238
38839  -23.192  -39.860  -1.085 0.4000000060
37856  -25.169  -40.016  0.106 0.5000000000
128878  -24.865  -40.429  -0.352 0.5000000000
40730  -23.016  -38.042  -1.016 0.4000000060
39747  -24.146  -38.623  -0.015 0.5000000000
148085  -24.472  -39.519  -0.037 0.5000000000
40826  -23.623  -36.638  -9.279 0.8000000119
136382  -28.810  -32.503  -11.691 0.6999999881
38828  -29.514  -40.004  0.364 0.6999999881
37849  -27.768  -40.090  0.408 0.6999999881
41840  -31.361  -36.361  -3.909 0.6999999881
133337  -23.316  -37.188  -0.834 0.4000000060
127109  -26.215  -33.373  -11.360 0.8000000119
39727  -27.694  -38.815  1.318 0.6000000238
38811  -28.921  -38.936  1.146 0.6999999881
37847  -25.886  -39.954  0.449 0.6000000238
141698  -25.172  -39.477  0.415 0.5000000000
41781  -24.266  -36.176  -0.242 0.3000000119
42842  -30.583  -35.904  -4.786 0.6999999881
143651  -32.406  -35.147  -3.827 0.6999999881
44739  -24.999  -33.130  -11.156 0.8999999762
45611  -25.851  -32.964  -11.629 0.8000000119
45610  -25.147  -32.743  -11.623 0.8000000119
46615  -26.561  -32.015  -12.698 0.6000000238
45622  -28.186  -32.092  -12.155 0.6000000238
136602  -25.099  -31.662  -13.092 0.8000000119
39715  -26.782  -37.733  1.461 0.6000000238
39729  -29.385  -38.296  1.248 0.6999999881
40703  -30.713  -37.395  0.992 0.6999999881
40700  -26.117  -37.109  1.264 0.5000000000
42856  -31.080  -35.491  -5.242 0.6999999881
43810  -28.497  -34.938  -7.535 0.8000000119
43798  -31.497  -34.689  -6.617 0.6999999881
139567  -24.587  -32.521  -11.357 0.8000000119
136797  -25.006  -32.310  -12.192 0.8000000119
42778  -28.444  -35.301  1.378 0.5000000000
43748  -32.849  -34.781  -1.690 0.6999999881
44609  -25.682  -33.289  0.030 0.3000000119
43778  -32.755  -34.614  -4.143 0.6999999881
43799  -32.283  -34.285  -6.266 0.6999999881
43787  -33.199  -33.789  -5.156 0.6999999881
149480  -32.562  -33.368  -7.434 0.6999999881
45563  -28.361  -33.014  -9.225 0.8000000119
44703  -29.086  -33.456  -8.804 0.8000000119
45584  -29.281  -32.691  -9.322 0.8000000119
137626  -32.535  -35.775  -0.509 0.6999999881
44598  -27.028  -33.300  0.508 0.3000000119
44599  -27.852  -33.500  0.669 0.5000000000
131637  -32.787  -34.832  -0.988 0.6999999881
43749  -33.100  -34.260  -2.547 0.6999999881
43779  -33.218  -33.947  -4.439 0.6999999881
46464  -26.534  -31.670  -0.599 0.3000000119
45526  -34.186  -32.194  -5.578 0.6999999881
46482  -29.880  -31.011  -0.970 0.3000000119
47463  -29.627  -30.508  -1.645 0.3000000119
47484  -28.973  -29.911  -2.631 0.3000000119
46469  -31.224  -31.959  -0.625 0.6000000238
46485  -32.453  -31.893  -1.563 0.6000000238
46483  -30.793  -31.220  -1.023 0.4000000060
45505  -33.621  -32.699  -3.259 0.6999999881
134735  -33.879  -32.595  -4.054 0.6999999881
45517  -34.069  -32.416  -4.832 0.6999999881
47532  -34.469  -30.717  -6.252 0.6000000238
50735  -30.827  -27.935  -9.917 0.8000000119
50744  -29.695  -27.814  -10.820 0.8000000119
50764  -28.583  -27.720  -11.828 0.8000000119
48497  -30.940  -30.080  -2.465 0.3000000119
46468  -30.308  -31.715  -0.494 0.5000000000
144664  -32.636  -30.728  -2.511 0.5000000000
49556  -29.528  -28.245  -4.040 0.3000000119
49557  -30.401  -28.171  -3.721 0.3000000119
48531  -34.173  -29.409  -4.377 0.5000000000
48561  -34.576  -29.889  -5.999 0.6000000238
48580  -32.130  -29.682  -9.067 0.8000000119
139371  -34.251  -28.736  -7.129 0.6000000238
50746  -31.018  -27.149  -10.034 0.6999999881
51903  -25.337  -25.853  -14.713 0.6999999881
49544  -31.728  -28.983  -3.287 0.3000000119
50675  -30.067  -27.339  -4.095 0.3000000119
127308  -33.263  -28.289  -3.825 0.3000000119
51793  -29.530  -26.059  -4.642 0.3000000119
131041  -31.223  -25.133  -4.532 0.3000000119
49606  -34.304  -28.101  -6.904 0.6000000238
50723  -33.563  -27.438  -7.874 0.6000000238
52928  -25.428  -25.524  -14.447 0.6999999881
51817  -33.940  -26.587  -7.453 0.6000000238
53941  -30.894  -24.730  -11.885 0.6000000238
53964  -26.613  -24.756  -14.492 0.6999999881
51905  -27.295  -26.050  -15.403 0.5000000000
51794  -33.995  -26.238  -4.898 0.4000000060
55054  -28.127  -23.775  -14.523 0.6000000238
55092  -27.368  -23.432  -16.420 0.6000000238
57431  -27.027  -21.184  -16.632 0.4000000060
52839  -33.764  -25.186  -4.966 0.4000000060
54971  -31.527  -23.107  -5.532 0.4000000060
56162  -28.378  -22.536  -7.746 0.3000000119
57308  -28.687  -21.801  -8.012 0.3000000119
55007  -32.843  -24.016  -9.968 0.5000000000
55042  -31.471  -23.073  -12.085 0.5000000000
140739  -27.379  -24.375  -14.527 0.5000000000
56164  -29.887  -21.935  -7.073 0.4000000060
57310  -30.353  -21.230  -7.218 0.4000000060
55032  -32.458  -23.044  -10.919 0.5000000000
56179  -34.356  -22.807  -8.443 0.4000000060
56211  -32.870  -22.440  -10.764 0.4000000060
57362  -31.705  -21.290  -12.363 0.5000000000
59393  -28.560  -19.599  -14.962 0.6000000238
61285  -27.655  -17.546  -9.606 0.3000000119
61277  -29.665  -17.713  -8.696 0.4000000060
59378  -30.176  -19.409  -13.976 0.5000000000
61288  -29.991  -16.904  -8.782 0.4000000060
65283  -29.988  -14.095  -16.545 0.4000000060
64253  -30.697  -14.527  -15.616 0.4000000060
68257  -30.691  -10.423  -18.773 0.4000000060
68276  -31.229  -8.993  -19.413 0.3000000119
25750  -31.007  -53.494  -7.530 0.5000000000
26702  -31.008  -52.361  -9.029 0.5000000000
24712  -31.253  -54.529  -4.759 0.4000000060
25731  -31.671  -53.586  -5.833 0.5000000000
25740  -31.426  -53.495  -6.714 0.5000000000
26687  -31.187  -52.777  -7.208 0.5000000000
26686  -30.803  -52.267  -7.808 0.6000000238
137096  -30.839  -51.809  -8.416 0.6000000238
25720  -31.507  -53.679  -4.867 0.5000000000
26641  -31.170  -53.346  -4.299 0.5000000000
135721  -31.682  -52.958  -5.352 0.5000000000
26669  -31.594  -52.628  -6.219 0.5000000000
26627  -31.072  -52.880  -4.039 0.5000000000
27569  -30.750  -51.271  -7.458 0.6000000238
28517  -30.378  -50.343  -8.136 0.6000000238
146235  -30.732  -51.678  -7.787 0.6000000238
27580  -30.597  -51.105  -8.098 0.6000000238
148425  -30.946  -50.037  -8.703 0.6000000238
29425  -30.120  -49.624  -8.253 0.6000000238
145110  -31.594  -49.711  -9.488 0.6000000238
30424  -31.611  -48.806  -9.821 0.6000000238
29436  -30.985  -49.184  -8.971 0.6000000238
130469  -31.581  -51.954  -4.631 0.5000000000
126684  -31.561  -51.606  -6.035 0.5000000000
28493  -31.076  -51.088  -6.744 0.6000000238
135739  -30.486  -52.583  -3.662 0.5000000000
26628  -31.259  -52.221  -4.045 0.5000000000
28504  -30.465  -50.545  -7.471 0.6000000238
26625  -28.463  -52.671  -3.518 0.5000000000
26626  -29.433  -52.644  -3.462 0.5000000000
29414  -29.920  -49.733  -7.815 0.6000000238
30410  -30.007  -48.797  -8.534 0.6000000238
147550  -31.463  -48.096  -10.127 0.6000000238
27533  -31.643  -51.228  -5.083 0.5000000000
28473  -31.402  -50.739  -5.895 0.5000000000
27510  -30.853  -51.664  -3.641 0.5000000000
27522  -31.392  -51.426  -4.191 0.5000000000
144007  -30.811  -50.407  -6.610 0.6000000238
139191  -28.932  -51.977  -3.306 0.5000000000
27509  -29.930  -51.755  -3.334 0.5000000000
26624  -27.757  -52.601  -3.689 0.5000000000
139954  -28.052  -52.012  -3.456 0.5000000000
29424  -29.473  -49.037  -7.996 0.6000000238
30422  -29.902  -47.937  -8.888 0.6000000238
139457  -30.468  -51.079  -3.397 0.5000000000
29373  -31.272  -49.917  -4.431 0.5000000000
144091  -31.447  -50.270  -5.105 0.6000000238
29372  -31.053  -49.380  -5.007 0.6000000238
28437  -29.874  -50.870  -3.093 0.5000000000
28472  -30.981  -49.916  -5.927 0.6000000238
30375  -30.522  -49.090  -6.025 0.6000000238
141614  -27.203  -52.107  -3.793 0.5000000000
27521  -26.429  -51.900  -4.228 0.5000000000
31365  -29.693  -47.070  -9.229 0.6000000238
145907  -30.149  -49.577  -2.887 0.5000000000
28438  -30.463  -50.286  -3.248 0.5000000000
29355  -30.970  -49.341  -4.027 0.5000000000
139188  -30.642  -48.706  -5.273 0.6000000238
27507  -28.510  -51.331  -3.120 0.5000000000
131095  -27.610  -51.328  -3.319 0.5000000000
28435  -28.137  -50.531  -2.800 0.6000000238
135382  -30.124  -48.731  -2.830 0.6000000238
29341  -30.560  -49.454  -3.351 0.5000000000
30356  -30.738  -48.641  -4.463 0.5000000000
128807  -30.559  -48.097  -5.060 0.6000000238
28421  -28.960  -49.969  -2.576 0.6000000238
29340  -29.596  -49.359  -2.613 0.6000000238
28434  -26.305  -50.525  -3.591 0.5000000000
29354  -27.497  -49.827  -2.733 0.5000000000
28420  -28.253  -49.747  -2.566 0.6000000238
27520  -25.750  -51.784  -4.625 0.4000000060
29339  -28.791  -49.218  -2.470 0.6000000238
128645  -30.329  -47.742  -3.060 0.6000000238
30335  -30.548  -48.633  -3.530 0.5000000000
31307  -30.562  -47.765  -4.084 0.6000000238
127036  -30.346  -47.267  -5.969 0.6000000238
131884  -29.479  -36.245  -10.383 0.5000000000
43718  -29.891  -34.804  1.124 0.5000000000
46566  -32.381  -31.338  -8.691 0.6000000238
48642  -25.496  -30.015  -13.825 0.5000000000
134829  -27.310  -29.451  -14.297 0.5000000000
68258  -31.590  -9.480  -18.298 0.4000000060
69221  -32.656  -7.811  -17.717 0.3000000119
70148  -32.903  -7.358  -16.955 0.3000000119
136478  -31.402  -55.046  -5.227 0.4000000060
24738  -31.499  -54.319  -6.367 0.5000000000
24749  -31.158  -54.188  -7.203 0.5000000000
142267  -31.305  -51.557  -9.188 0.5000000000
25719  -30.926  -53.965  -4.270 0.4000000060
27581  -31.024  -51.166  -8.668 0.6000000238
135738  -31.457  -50.663  -9.199 0.5000000000
28527  -31.976  -50.297  -10.104 0.5000000000
24710  -29.798  -54.780  -3.915 0.4000000060
25706  -29.863  -53.386  -3.625 0.5000000000
25705  -28.902  -53.389  -3.559 0.5000000000
130618  -27.901  -53.326  -3.748 0.3000000119
26668  -25.351  -53.093  -5.540 0.4000000060
41916  -31.532  -36.001  -10.011 0.4000000060
41915  -30.822  -36.297  -10.088 0.4000000060
45474  -29.684  -32.218  0.046 0.4000000060
47626  -27.562  -30.434  -14.098 0.5000000000
144431  -28.049  -29.242  -14.520 0.5000000000
49685  -27.883  -28.554  -14.597 0.5000000000
49561  -34.238  -28.729  -4.640 0.4000000060
68259  -32.138  -8.727  -17.617 0.3000000119
70128  -33.156  -7.207  -15.803 0.3000000119
23670  -30.292  -55.394  -4.295 0.4000000060
29404  -30.166  -49.668  -6.980 0.6000000238
27506  -26.753  -51.295  -3.673 0.5000000000
128358  -27.136  -50.582  -3.160 0.6000000238
48656  -28.230  -29.831  -14.500 0.5000000000
26640  -27.309  -52.845  -3.987 0.4000000060
26701  -30.809  -52.481  -8.399 0.6000000238
24725  -31.554  -54.413  -5.496 0.4000000060
27570  -31.171  -51.897  -7.038 0.6000000238
26655  -31.691  -52.168  -5.330 0.5000000000
24701  -30.218  -54.070  -3.866 0.5000000000
28454  -31.394  -50.623  -4.350 0.5000000000
137366  -31.038  -50.085  -3.780 0.5000000000
27508  -29.280  -51.337  -3.116 0.5000000000
28422  -29.776  -50.124  -2.785 0.5000000000
143682  -31.861  -9.904  -17.460 0.4000000060
24700  -29.363  -54.110  -3.670 0.4000000060
126451  -31.870  -51.197  -10.061 0.4000000060
34992  -22.346  -41.492  -7.341 0.4000000060
34078  -22.722  -42.778  -7.451 0.3000000119
32301  -22.614  -45.714  -6.724 0.4000000060
37003  -23.003  -40.931  -6.505 0.4000000060
36047  -23.015  -40.952  -6.853 0.4000000060
34053  -22.036  -44.247  -4.513 0.4000000060
34962  -22.673  -43.279  -4.512 0.4000000060
36029  -22.582  -41.115  -6.250 0.4000000060
37004  -23.416  -40.856  -5.894 0.4000000060
34032  -20.985  -45.093  -3.494 0.3000000119
34033  -21.718  -44.807  -3.813 0.3000000119
150238  -20.275  -43.550  -3.007 0.4000000060
34963  -23.354  -42.812  -4.117 0.4000000060
34942  -21.234  -44.230  -3.155 0.4000000060
34943  -22.137  -44.133  -3.466 0.5000000000
35973  -20.824  -43.056  -2.788 0.4000000060
35974  -21.722  -43.011  -2.641 0.4000000060
34930  -22.417  -43.591  -3.041 0.5000000000
36942  -21.039  -42.101  -2.635 0.4000000060
45473  -28.781  -32.133  0.079 0.3000000119
48514  -33.347  -29.645  -3.525 0.3000000119
49545  -32.867  -28.940  -3.524 0.3000000119
49560  -33.754  -28.945  -3.951 0.3000000119
127019  -33.817  -28.071  -4.344 0.3000000119
136695  -30.464  -20.001  -13.637 0.4000000060
52812  -33.301  -25.930  -4.491 0.3000000119
134798  -32.589  -23.971  -5.054 0.3000000119
58436  -31.035  -20.214  -13.228 0.4000000060
59379  -30.860  -19.428  -13.497 0.4000000060
135733  -32.480  -23.348  -5.355 0.3000000119
54970  -30.526  -23.055  -5.936 0.3000000119
141924  -32.158  -20.743  -12.169 0.4000000060
59369  -31.595  -19.532  -12.934 0.3000000119
61359  -30.460  -17.211  -14.335 0.4000000060
62316  -30.499  -16.494  -14.634 0.3000000119
56154  -33.356  -22.388  -5.960 0.3000000119
56152  -31.225  -22.419  -6.045 0.3000000119
56153  -32.393  -22.490  -5.686 0.3000000119
57301  -32.837  -21.895  -6.088 0.3000000119
57302  -33.574  -21.795  -6.375 0.3000000119
56165  -34.454  -22.528  -7.092 0.3000000119
57312  -32.756  -21.162  -6.419 0.3000000119
57313  -33.890  -21.046  -6.759 0.3000000119
57314  -34.397  -21.404  -7.279 0.3000000119
56180  -34.552  -22.105  -7.650 0.3000000119
56193  -33.916  -22.637  -9.405 0.3000000119
57311  -31.499  -20.976  -6.661 0.3000000119
55008  -33.231  -23.354  -9.895 0.3000000119
58369  -29.839  -20.706  -7.737 0.3000000119
58383  -30.269  -19.889  -7.811 0.3000000119
56212  -33.350  -22.570  -10.190 0.3000000119
58382  -29.349  -20.174  -8.279 0.3000000119
59316  -29.769  -19.278  -8.294 0.3000000119
57355  -32.850  -21.856  -11.122 0.3000000119
58427  -32.835  -20.479  -11.671 0.3000000119
59356  -32.945  -19.556  -11.925 0.3000000119
61303  -27.367  -16.833  -9.887 0.3000000119
61286  -28.439  -17.333  -9.415 0.3000000119
58438  -32.239  -19.992  -12.322 0.3000000119
62258  -28.272  -16.054  -9.819 0.3000000119
61344  -30.795  -17.656  -13.878 0.3000000119
63287  -30.458  -15.176  -15.419 0.3000000119
57303  -34.227  -21.957  -6.778 0.3000000119
147084  -32.296  -20.619  -6.615 0.3000000119
57323  -34.607  -21.368  -8.021 0.3000000119
56194  -34.446  -22.044  -8.636 0.3000000119
136136  -34.205  -21.929  -9.357 0.3000000119
58370  -30.850  -20.452  -7.309 0.3000000119
58372  -33.088  -20.302  -6.739 0.3000000119
58373  -33.971  -20.304  -7.148 0.3000000119
58385  -34.676  -20.649  -8.351 0.3000000119
57336  -34.536  -21.358  -8.896 0.3000000119
57335  -34.128  -21.468  -9.769 0.3000000119
59304  -31.345  -19.700  -7.401 0.3000000119
59318  -31.911  -18.999  -7.470 0.3000000119
59306  -33.652  -19.656  -7.261 0.3000000119
57356  -33.438  -21.799  -10.513 0.3000000119
59315  -28.709  -19.483  -8.690 0.3000000119
59317  -30.781  -19.083  -7.838 0.3000000119
147986  -33.512  -20.536  -11.086 0.3000000119
128200  -33.599  -19.885  -11.291 0.3000000119
142679  -33.052  -18.779  -12.140 0.3000000119
63189  -28.944  -15.750  -9.631 0.3000000119
63190  -29.808  -15.507  -9.350 0.3000000119
130429  -32.342  -19.133  -12.479 0.3000000119
61331  -31.984  -17.846  -13.099 0.3000000119
61345  -31.478  -17.342  -13.533 0.3000000119
63244  -31.251  -16.143  -14.238 0.3000000119
64234  -31.284  -14.798  -15.019 0.3000000119
63266  -30.863  -15.655  -14.806 0.3000000119
58374  -34.402  -20.744  -7.502 0.3000000119
58384  -34.484  -19.883  -7.767 0.3000000119
137499  -34.823  -19.939  -8.780 0.3000000119
59319  -33.075  -18.950  -7.322 0.3000000119
59320  -34.112  -19.018  -7.641 0.3000000119
58405  -34.547  -20.723  -9.354 0.3000000119
60265  -30.351  -18.349  -8.315 0.3000000119
149636  -31.144  -17.807  -8.170 0.3000000119
60266  -31.383  -18.365  -7.824 0.3000000119
126959  -34.037  -20.183  -10.689 0.3000000119
60306  -33.986  -18.251  -11.515 0.3000000119
62243  -30.356  -16.084  -8.876 0.3000000119
146767  -33.489  -18.524  -11.854 0.3000000119
60322  -32.501  -18.320  -12.590 0.3000000119
64170  -30.065  -14.665  -9.499 0.3000000119
63191  -30.816  -15.148  -8.950 0.3000000119
61332  -32.666  -17.537  -12.705 0.3000000119
62283  -32.188  -17.094  -13.233 0.3000000119
62298  -31.735  -16.506  -13.650 0.3000000119
63267  -31.549  -15.430  -14.357 0.3000000119
59321  -34.735  -19.149  -8.390 0.3000000119
135517  -32.922  -17.603  -7.642 0.3000000119
60269  -34.453  -18.368  -8.105 0.3000000119
59340  -34.899  -19.284  -9.365 0.3000000119
58423  -34.553  -20.082  -9.871 0.3000000119
61281  -34.726  -17.732  -8.619 0.3000000119
60283  -34.966  -18.507  -8.976 0.3000000119
59348  -34.454  -19.416  -10.549 0.3000000119
62233  -30.934  -16.684  -8.542 0.3000000119
61280  -32.389  -17.056  -7.997 0.3000000119
62244  -31.369  -15.902  -8.562 0.3000000119
64171  -31.553  -14.435  -8.819 0.3000000119
62272  -34.093  -16.717  -11.856 0.3000000119
60305  -33.298  -18.021  -12.173 0.3000000119
144889  -30.801  -14.363  -9.245 0.3000000119
61333  -33.363  -17.157  -12.312 0.3000000119
149164  -32.385  -16.476  -13.298 0.3000000119
63246  -32.314  -15.849  -13.541 0.3000000119
63245  -31.752  -15.856  -13.906 0.3000000119
133926  -33.912  -17.626  -7.904 0.3000000119
132727  -33.348  -17.003  -7.964 0.3000000119
126480  -35.038  -17.849  -9.618 0.3000000119
149814  -34.876  -18.209  -10.290 0.3000000119
62234  -31.893  -16.524  -8.303 0.3000000119
62236  -33.707  -16.527  -8.284 0.3000000119
61289  -34.238  -17.032  -8.387 0.3000000119
60293  -34.533  -18.571  -10.793 0.3000000119
63178  -32.421  -15.849  -8.355 0.3000000119
63193  -33.051  -15.173  -8.407 0.3000000119
61320  -34.736  -16.917  -11.029 0.3000000119
65193  -30.562  -13.107  -9.718 0.3000000119
63192  -31.931  -15.156  -8.546 0.3000000119
64172  -32.511  -14.478  -8.565 0.3000000119
64192  -30.296  -13.898  -9.648 0.3000000119
137183  -31.330  -13.646  -9.230 0.3000000119
138648  -32.130  -13.896  -8.756 0.3000000119
139230  -32.983  -13.775  -8.617 0.3000000119
62285  -33.471  -16.391  -12.475 0.3000000119
62284  -32.916  -16.109  -13.055 0.3000000119
64221  -32.568  -15.141  -13.687 0.3000000119
64235  -32.118  -14.748  -14.302 0.3000000119
65265  -31.984  -13.940  -14.957 0.3000000119
60307  -34.740  -17.770  -10.738 0.3000000119
63194  -34.473  -16.258  -8.696 0.3000000119
62245  -35.005  -16.419  -9.394 0.3000000119
61304  -35.080  -17.021  -9.981 0.3000000119
132197  -34.221  -15.231  -8.618 0.3000000119
63195  -34.917  -15.692  -9.288 0.3000000119
62273  -34.643  -16.281  -11.321 0.3000000119
64173  -33.560  -14.439  -8.548 0.3000000119
63220  -34.210  -15.982  -11.989 0.3000000119
65194  -32.404  -13.204  -8.914 0.3000000119
63229  -33.591  -15.537  -12.669 0.3000000119
63247  -32.930  -15.517  -13.275 0.3000000119
64222  -33.278  -14.889  -13.252 0.3000000119
65253  -32.866  -14.440  -13.825 0.3000000119
66266  -31.885  -12.801  -15.921 0.3000000119
66251  -32.306  -13.102  -15.271 0.3000000119
138077  -35.025  -16.159  -10.337 0.3000000119
66199  -30.657  -12.315  -9.814 0.3000000119
140017  -34.848  -14.960  -9.280 0.3000000119
63211  -35.053  -15.227  -10.168 0.3000000119
63221  -34.786  -15.592  -11.185 0.3000000119
66176  -31.665  -12.607  -9.390 0.3000000119
66177  -32.877  -12.449  -9.054 0.3000000119
65195  -33.368  -13.064  -8.807 0.3000000119
64193  -35.070  -14.308  -9.888 0.3000000119
63230  -34.376  -15.261  -11.954 0.3000000119
64206  -34.132  -14.532  -12.468 0.3000000119
129325  -33.642  -13.205  -13.449 0.3000000119
131600  -33.541  -14.046  -13.299 0.3000000119
65267  -33.280  -12.904  -14.186 0.3000000119
145896  -33.135  -13.679  -13.981 0.3000000119
149696  -32.570  -14.046  -14.346 0.3000000119
66252  -32.827  -12.580  -14.821 0.3000000119
65266  -32.700  -13.378  -14.606 0.3000000119
142712  -30.575  -11.591  -10.011 0.3000000119
66200  -31.396  -11.718  -9.583 0.3000000119
67149  -32.460  -11.740  -9.315 0.3000000119
65196  -34.113  -13.032  -9.022 0.3000000119
65197  -34.683  -12.982  -9.546 0.3000000119
139407  -35.013  -13.843  -10.725 0.3000000119
140369  -34.693  -13.750  -11.688 0.3000000119
66180  -34.757  -12.373  -9.679 0.3000000119
66232  -34.541  -12.073  -12.301 0.3000000119
65238  -34.633  -12.889  -12.011 0.3000000119
65237  -34.152  -13.517  -12.678 0.3000000119
67206  -34.092  -11.893  -13.128 0.3000000119
66267  -32.450  -12.276  -15.514 0.3000000119
66253  -33.326  -12.074  -14.328 0.3000000119
68240  -31.979  -10.940  -16.992 0.3000000119
67278  -31.415  -10.777  -17.769 0.3000000119
147895  -31.149  -11.092  -9.711 0.3000000119
66178  -33.721  -12.459  -9.079 0.3000000119
67151  -34.256  -11.973  -9.341 0.3000000119
67170  -34.832  -11.696  -9.816 0.3000000119
66201  -35.084  -12.279  -10.295 0.3000000119
66220  -34.932  -12.226  -11.289 0.3000000119
67228  -32.928  -11.702  -14.983 0.3000000119
67256  -32.379  -10.901  -16.317 0.3000000119
67150  -33.471  -11.770  -9.202 0.3000000119
141632  -31.800  -49.631  -11.225 0.4000000060
33177  -21.090  -45.537  -3.909 0.3000000119
36012  -23.059  -41.836  -5.205 0.4000000060
37019  -23.427  -40.870  -6.328 0.4000000060
34034  -22.314  -44.168  -3.888 0.4000000060
36943  -21.909  -42.255  -2.397 0.4000000060
45460  -29.142  -32.817  0.392 0.3000000119
57300  -31.899  -21.739  -6.181 0.3000000119
58437  -31.619  -20.465  -12.645 0.4000000060
60264  -29.259  -18.563  -8.653 0.3000000119
60282  -28.833  -17.895  -9.022 0.3000000119
131406  -27.563  -16.070  -10.192 0.3000000119
63209  -28.279  -15.176  -10.245 0.3000000119
33205  -21.413  -45.128  -4.463 0.4000000060
34065  -21.296  -43.981  -5.605 0.4000000060
34977  -21.901  -42.775  -5.620 0.4000000060
34978  -22.347  -41.824  -5.773 0.4000000060
34941  -20.231  -44.324  -3.189 0.3000000119
34929  -21.733  -43.714  -2.954 0.4000000060
59357  -33.742  -19.020  -11.500 0.3000000119
58371  -31.905  -20.202  -6.879 0.3000000119
59305  -32.515  -19.594  -7.115 0.3000000119
58422  -33.924  -20.867  -10.393 0.3000000119
63210  -29.217  -14.932  -9.777 0.3000000119
64190  -28.329  -14.207  -10.674 0.3000000119
60267  -32.454  -18.296  -7.528 0.3000000119
60268  -33.532  -18.280  -7.573 0.3000000119
146245  -31.935  -17.687  -7.828 0.3000000119
61319  -34.046  -17.485  -11.674 0.3000000119
145494  -34.927  -18.651  -9.903 0.3000000119
61290  -34.937  -17.042  -9.035 0.3000000119
62235  -32.866  -16.455  -8.152 0.3000000119
65216  -29.666  -13.409  -10.243 0.3000000119
63179  -33.499  -15.913  -8.366 0.3000000119
64199  -34.845  -14.645  -11.178 0.3000000119
64174  -34.497  -14.353  -8.909 0.3000000119
130410  -34.628  -13.630  -9.306 0.3000000119
66179  -34.299  -12.551  -9.286 0.3000000119
65227  -35.029  -13.042  -10.866 0.3000000119
67240  -32.593  -11.328  -15.659 0.3000000119
137023  -35.045  -11.676  -10.556 0.3000000119
126828  -34.942  -10.934  -10.292 0.3000000119
33191  -20.865  -45.890  -4.449 0.4000000060
40845  -31.552  -37.874  -10.498 0.4000000060
27579  -23.387  -51.784  -8.223 0.3000000119
26684  -23.714  -52.319  -7.742 0.3000000119
28516  -23.041  -51.202  -8.749 0.3000000119
27568  -23.918  -52.211  -7.037 0.3000000119
35991  -19.815  -42.649  -3.146 0.3000000119
129324  -20.224  -41.917  -3.013 0.3000000119
150198  -19.953  -41.153  -3.206 0.3000000119
34990  -20.476  -41.856  -7.589 0.3000000119
36028  -21.812  -41.486  -6.568 0.3000000119
36045  -21.185  -41.520  -7.327 0.3000000119
143848  -20.596  -44.310  -6.207 0.3000000119
34991  -21.041  -42.098  -6.786 0.3000000119
39883  -31.462  -38.602  -11.021 0.3000000119
23671  -31.008  -55.237  -4.718 0.4000000060
24711  -30.590  -54.669  -4.275 0.4000000060
25707  -30.633  -53.386  -3.928 0.5000000000
25749  -24.059  -53.308  -7.340 0.4000000060
26642  -31.503  -52.745  -4.617 0.5000000000
26710  -23.987  -52.391  -9.446 0.4000000060
26711  -30.803  -53.021  -8.728 0.5000000000
28436  -29.110  -50.718  -2.819 0.5000000000
28439  -31.012  -50.864  -3.710 0.5000000000
29371  -24.373  -49.284  -4.353 0.6000000238
29390  -23.255  -49.274  -5.315 0.6000000238
30333  -25.514  -48.285  -3.413 0.6000000238
30396  -28.512  -47.794  -8.051 0.6999999881
30423  -30.963  -48.329  -9.369 0.6000000238
31281  -29.768  -47.779  -2.620 0.6999999881
31320  -22.885  -47.197  -5.671 0.5000000000
31322  -30.355  -47.819  -5.662 0.6000000238
31329  -22.474  -47.469  -6.123 0.4000000060
31364  -28.479  -46.854  -8.611 0.6999999881
31379  -31.302  -47.725  -10.857 0.6999999881
31405  -29.584  -47.708  -13.593 0.6000000238
31421  -29.648  -47.489  -14.350 0.5000000000
32317  -28.076  -46.973  -7.958 0.6999999881
32319  -29.529  -46.453  -7.256 0.6999999881
32350  -30.499  -46.499  -10.231 0.6999999881
33224  -28.152  -46.385  -8.163 0.6999999881
33246  -28.025  -45.500  -9.189 0.6999999881
33263  -29.413  -45.152  -12.072 0.6999999881
33271  -28.752  -45.064  -13.667 0.6999999881
34031  -20.029  -45.072  -3.387 0.3000000119
34036  -26.583  -43.853  -3.710 0.6000000238
34066  -24.226  -43.986  -5.769 0.5000000000
34118  -27.835  -44.157  -10.284 0.6999999881
35018  -27.996  -43.984  -9.284 0.6999999881
35029  -27.203  -43.053  -10.141 0.6999999881
35041  -26.949  -43.028  -10.589 0.6999999881
35069  -27.567  -43.168  -12.385 0.6999999881
35085  -27.764  -43.134  -13.246 0.6999999881
36014  -24.392  -41.400  -4.453 0.6000000238
36031  -25.257  -41.535  -5.349 0.5000000000
36046  -22.195  -41.271  -6.929 0.4000000060
36060  -31.733  -42.967  -7.403 0.8000000119
36071  -29.747  -42.532  -8.952 0.6999999881
36101  -26.420  -42.395  -11.594 0.6999999881
36109  -26.560  -42.252  -12.251 0.6999999881
36122  -26.867  -42.035  -12.849 0.8000000119
36134  -28.117  -42.474  -14.004 0.6999999881
36947  -26.794  -41.343  -2.845 0.6000000238
37005  -23.963  -40.816  -5.878 0.5000000000
37020  -32.198  -41.559  -6.677 0.8000000119
37068  -25.502  -41.365  -11.973 0.8000000119
37076  -25.667  -41.243  -12.356 0.8000000119
37100  -28.591  -41.897  -14.117 0.6999999881
37848  -26.869  -40.090  0.448 0.6999999881
37957  -32.173  -40.858  -6.451 0.8000000119
37990  -25.321  -40.468  -11.284 0.8000000119
38956  -23.612  -38.744  -11.910 0.8000000119
38971  -28.066  -39.440  -12.750 0.6999999881
39725  -25.171  -38.229  0.799 0.5000000000
39767  -32.481  -37.902  -1.455 0.6999999881
39834  -31.259  -38.777  -6.110 0.8000000119
39861  -23.431  -37.994  -10.335 0.8000000119
39865  -27.048  -38.676  -9.512 0.8000000119
39870  -23.217  -38.141  -10.910 0.8999999762
39879  -23.303  -38.257  -11.483 0.8000000119
39880  -27.721  -38.108  -11.721 0.6000000238
39893  -23.446  -38.318  -11.855 0.8000000119
40693  -28.294  -37.395  1.495 0.6000000238
40701  -28.903  -36.944  1.465 0.6999999881
40771  -31.032  -37.082  -4.157 0.6999999881
40806  -28.723  -36.771  -6.436 0.8000000119
40817  -27.606  -36.936  -7.377 0.8000000119
40856  -23.607  -37.564  -11.648 0.8000000119
40870  -23.538  -37.845  -12.131 0.8000000119
41774  -30.277  -36.708  1.280 0.6999999881
41783  -32.439  -36.423  -0.179 0.6999999881
41854  -28.931  -35.970  -5.768 0.6999999881
41888  -26.469  -36.118  -7.323 0.8000000119
41896  -24.205  -36.301  -8.714 0.8000000119
41898  -25.880  -36.528  -7.992 0.8000000119
41914  -28.618  -36.412  -10.589 0.6999999881
42790  -32.543  -35.090  -0.431 0.6999999881
42809  -32.672  -35.506  -1.916 0.6999999881
42872  -28.398  -35.933  -6.148 0.6999999881
42887  -24.803  -35.350  -8.514 0.8000000119
43717  -28.991  -34.795  1.266 0.5000000000
43797  -30.807  -34.995  -6.781 0.6999999881
43808  -26.231  -35.213  -7.779 0.8000000119
43812  -30.300  -34.908  -7.258 0.6999999881
43832  -24.744  -34.336  -9.398 0.8000000119
43833  -25.324  -34.274  -8.891 0.8000000119
43851  -24.541  -34.425  -9.781 0.8000000119
44600  -28.700  -33.500  0.642 0.5000000000
44613  -31.918  -33.588  -0.142 0.6999999881
44680  -28.862  -34.289  -8.288 0.8000000119
44741  -26.649  -33.797  -10.982 0.8000000119
44744  -30.257  -33.164  -11.223 0.6000000238
45518  -34.304  -31.789  -4.989 0.6999999881
45525  -33.818  -32.842  -5.519 0.6999999881
45535  -33.730  -32.479  -6.766 0.6999999881
45559  -24.835  -33.203  -9.707 0.8000000119
45565  -30.781  -32.780  -8.908 0.8000000119
45581  -25.553  -32.534  -9.638 0.8000000119
45582  -26.431  -32.450  -9.618 0.8000000119
45586  -30.968  -32.049  -9.292 0.8000000119
45609  -24.697  -32.803  -11.249 0.8000000119
45620  -25.942  -32.536  -12.142 0.8000000119
45630  -27.595  -31.865  -12.808 0.6000000238
45641  -29.201  -31.725  -13.930 0.5000000000
46539  -34.297  -31.384  -6.485 0.6999999881
46551  -32.910  -31.824  -8.183 0.6999999881
46599  -28.178  -31.025  -10.387 0.8000000119
46623  -24.075  -31.362  -13.206 0.8000000119
47504  -27.020  -29.807  -3.064 0.3000000119
47590  -22.791  -29.971  -11.958 0.8000000119
47598  -22.034  -30.154  -12.507 0.8000000119
47599  -22.652  -30.859  -12.747 0.8000000119
48496  -30.179  -29.883  -2.771 0.3000000119
48606  -28.607  -29.624  -10.785 0.8000000119
48629  -21.712  -29.758  -12.703 0.8000000119
49605  -33.871  -28.122  -7.522 0.6000000238
49639  -22.800  -28.645  -12.503 0.8000000119
49658  -23.121  -28.121  -13.084 0.8000000119
49673  -23.367  -28.043  -13.399 0.6999999881
49684  -26.652  -28.486  -14.390 0.6000000238
50731  -32.805  -27.441  -8.534 0.6999999881
50761  -24.793  -27.882  -12.562 0.6999999881
50791  -23.742  -27.514  -13.525 0.6999999881
50817  -25.451  -26.625  -14.571 0.6999999881
50820  -28.199  -26.889  -15.411 0.6000000238
51795  -34.393  -26.332  -5.549 0.4000000060
51852  -30.307  -26.352  -11.331 0.6999999881
51865  -24.920  -26.114  -13.927 0.6999999881
51878  -24.108  -26.973  -13.806 0.6999999881
51892  -24.878  -26.238  -14.259 0.6999999881
52809  -30.503  -25.863  -4.449 0.3000000119
52873  -34.459  -25.120  -6.515 0.5000000000
52907  -30.541  -25.555  -11.705 0.6000000238
52929  -26.193  -25.280  -14.241 0.6999999881
52961  -25.552  -24.998  -15.038 0.6999999881
52963  -26.926  -25.242  -15.542 0.6000000238
52976  -25.945  -24.552  -15.192 0.6999999881
53894  -34.199  -24.073  -5.851 0.4000000060
53929  -32.380  -24.354  -10.321 0.6000000238
53979  -25.914  -24.459  -15.003 0.6999999881
54005  -26.448  -24.083  -15.555 0.6999999881
54958  -31.788  -23.825  -5.095 0.4000000060
54986  -34.507  -23.180  -7.080 0.4000000060
55030  -31.096  -23.859  -12.133 0.5000000000
55041  -30.926  -23.111  -12.577 0.6000000238
56155  -34.229  -22.713  -6.553 0.3000000119
56178  -27.939  -22.129  -8.353 0.3000000119
56243  -29.713  -22.657  -13.756 0.6000000238
56254  -26.463  -21.937  -15.790 0.5000000000
56269  -26.358  -22.830  -15.974 0.5000000000
56279  -26.723  -22.582  -16.295 0.5000000000
57369  -31.203  -21.847  -12.668 0.5000000000
57385  -29.654  -21.069  -14.017 0.6000000238
57386  -29.865  -21.803  -13.757 0.6000000238
57399  -28.820  -21.434  -14.494 0.6000000238
57406  -26.402  -21.264  -16.013 0.5000000000
58428  -33.170  -21.185  -11.141 0.3000000119
58453  -30.398  -20.775  -13.521 0.5000000000
58464  -27.986  -20.984  -14.981 0.5000000000
58491  -26.956  -20.492  -16.597 0.5000000000
59392  -27.820  -19.636  -15.438 0.5000000000
59405  -27.294  -19.365  -15.877 0.5000000000
60346  -28.858  -18.278  -15.167 0.5000000000
60347  -29.418  -18.288  -14.709 0.5000000000
60363  -28.263  -18.216  -15.662 0.5000000000
60377  -26.968  -19.102  -16.821 0.5000000000
60378  -27.110  -18.530  -16.840 0.5000000000
60389  -27.160  -18.561  -17.144 0.5000000000
61279  -31.474  -17.216  -8.270 0.3000000119
62240  -27.986  -16.736  -9.708 0.3000000119
62315  -29.840  -16.535  -15.129 0.5000000000
62333  -28.643  -16.453  -16.187 0.5000000000
62351  -27.901  -16.419  -17.009 0.5000000000
62360  -27.513  -16.418  -17.967 0.5000000000
64220  -32.037  -15.402  -13.934 0.3000000119
64279  -28.164  -14.733  -17.923 0.5000000000
65198  -35.062  -12.822  -10.024 0.3000000119
65217  -35.052  -13.442  -10.024 0.3000000119
66231  -34.121  -12.672  -12.901 0.3000000119
66241  -33.672  -12.398  -13.623 0.3000000119
67217  -33.674  -11.595  -13.767 0.3000000119
128728  -27.715  -35.960  -6.428 0.6999999881
129310  -24.893  -38.593  -10.103 1.0000000000
129733  -30.799  -52.929  -7.987 0.5000000000
130931  -29.215  -46.224  -14.155 0.6000000238
133732  -33.805  -22.091  -9.888 0.3000000119
134079  -26.986  -23.926  -16.111 0.6000000238
134653  -24.994  -26.050  -14.209 0.6999999881
134784  -33.837  -32.062  -3.529 0.6999999881
136868  -20.548  -45.585  -3.652 0.3000000119
137414  -31.536  -49.136  -11.456 0.4000000060
137510  -27.004  -23.625  -14.902 0.6999999881
138306  -28.141  -41.100  -9.907 0.8000000119
138406  -33.903  -13.674  -8.731 0.3000000119
139409  -26.285  -33.891  0.474 0.3000000119
140294  -23.121  -37.652  -10.969 0.8999999762
141172  -32.368  -38.990  -2.462 0.6999999881
142000  -27.762  -45.962  -2.548 0.6000000238
142040  -26.551  -21.187  -15.814 0.5000000000
142313  -27.756  -15.257  -18.139 0.4000000060
142346  -23.759  -36.107  -9.079 0.8000000119
142470  -26.868  -19.912  -16.110 0.5000000000
142790  -32.814  -16.800  -12.850 0.3000000119
143052  -29.308  -44.817  -14.386 0.5000000000
143638  -31.979  -32.772  -8.356 0.6999999881
144700  -22.664  -29.895  -13.473 0.6999999881
144891  -33.892  -22.347  -6.321 0.3000000119
145151  -33.096  -32.942  -1.808 0.6999999881
145922  -24.849  -26.421  -14.321 0.6999999881
146045  -30.232  -36.071  -10.195 0.4000000060
146095  -22.393  -49.878  -6.517 0.3000000119
146132  -32.107  -43.113  -6.776 0.8000000119
147168  -28.861  -25.955  -13.174 0.6999999881
147360  -27.990  -24.816  -16.152 0.5000000000
147732  -23.552  -36.230  -9.618 0.8000000119
147939  -30.859  -50.691  -8.526 0.6000000238
148165  -27.623  -16.461  -17.534 0.6000000238
148270  -24.912  -49.651  -4.078 0.6000000238
148581  -29.287  -31.347  -10.065 0.8000000119
148602  -26.187  -42.083  -4.602 0.5000000000
149319  -29.795  -28.875  -10.463 0.8000000119
150131  -28.111  -47.123  -2.395 0.6000000238
150395  -22.058  -30.199  -13.261 0.8000000119
