#!ascii label  , from subject sub-v1s11x0050167_ses-1 vox2ras=TkReg
1042
62281  -23.514  -16.176  -12.161 0.4285714328
64217  -23.711  -14.449  -13.632 0.2857142985
63242  -23.279  -15.246  -13.286 0.4285714328
63243  -24.128  -14.822  -12.985 0.4285714328
64219  -25.107  -13.939  -13.002 0.4285714328
139160  -23.820  -13.340  -14.539 0.2857142985
65250  -24.817  -13.538  -13.573 0.4285714328
65251  -25.493  -13.307  -13.238 0.4285714328
67238  -23.846  -11.641  -15.844 0.4285714328
66250  -24.990  -11.989  -14.629 0.4285714328
67254  -23.966  -11.058  -16.190 0.4285714328
142240  -24.997  -10.565  -15.642 0.4285714328
69234  -23.246  -9.314  -18.585 0.5714285970
68256  -23.968  -9.939  -16.990 0.5714285970
68239  -25.215  -9.903  -15.936 0.4285714328
69195  -25.915  -9.518  -15.593 0.2857142985
69235  -23.961  -8.887  -18.194 0.7142857313
69219  -25.054  -8.809  -16.995 0.7142857313
71169  -26.322  -7.880  -16.454 0.7142857313
71159  -26.753  -7.978  -15.745 0.4285714328
70157  -25.300  -8.127  -17.360 0.7142857313
70146  -25.729  -8.382  -16.676 0.5714285970
72131  -26.826  -6.564  -16.732 0.5714285970
127651  -25.463  -7.504  -17.752 0.5714285970
71181  -26.392  -7.188  -16.963 0.5714285970
72141  -26.390  -6.461  -17.611 0.5714285970
72148  -25.649  -6.827  -18.247 0.5714285970
137859  -27.568  -6.144  -15.625 0.4285714328
124969  -27.444  -5.230  -16.902 0.5714285970
73868  -28.299  -4.407  -15.603 0.5714285970
73031  -26.098  -5.197  -19.424 0.7142857313
140493  -27.783  -4.608  -16.737 0.7142857313
73879  -28.157  -4.220  -16.295 0.7142857313
124677  -26.697  -5.620  -17.952 0.5714285970
73056  -23.872  -4.682  -21.340 0.5714285970
73890  -27.524  -4.555  -17.520 0.8571428657
74801  -28.552  -3.625  -15.793 0.7142857313
73895  -26.760  -4.666  -18.947 0.7142857313
73048  -25.635  -4.694  -20.273 0.5714285970
75705  -28.889  -2.799  -15.774 0.7142857313
74787  -28.941  -3.216  -15.036 0.5714285970
73896  -27.324  -4.216  -18.410 0.7142857313
74814  -28.365  -3.576  -16.557 0.7142857313
142542  -29.156  -2.173  -15.776 0.5714285970
74823  -27.821  -3.674  -17.843 0.7142857313
75706  -29.399  -1.722  -15.342 0.5714285970
74824  -28.365  -2.963  -17.217 0.7142857313
75719  -28.839  -2.283  -16.464 0.7142857313
76581  -29.511  -0.977  -15.585 0.7142857313
75731  -28.385  -2.150  -17.969 0.7142857313
124623  -28.631  -2.000  -17.241 0.7142857313
76595  -28.929  -1.380  -16.822 0.7142857313
125115  -29.562  -0.134  -15.811 0.7142857313
123730  -29.767  -0.427  -15.070 0.5714285970
75742  -27.724  -2.786  -18.896 0.5714285970
123969  -30.280  1.099  -15.363 0.5714285970
123736  -30.844  1.753  -15.326 0.5714285970
76610  -28.645  -1.176  -17.769 0.8571428657
124098  -30.295  1.669  -16.073 0.7142857313
141428  -29.744  0.834  -16.107 0.7142857313
124039  -29.058  -0.490  -17.159 0.8571428657
123735  -29.389  0.114  -16.615 0.7142857313
80253  -31.081  2.802  -16.687 0.8571428657
79348  -30.928  2.309  -16.015 0.5714285970
124562  -29.468  0.889  -16.887 0.8571428657
81103  -31.356  3.401  -17.360 0.8571428657
81970  -31.980  3.944  -17.873 0.8571428657
81997  -33.053  4.818  -18.997 0.8571428657
123742  -30.347  2.349  -16.718 0.8571428657
81969  -31.098  4.132  -17.823 1.0000000000
81984  -32.605  4.425  -18.438 1.0000000000
123763  -30.494  3.002  -17.321 0.8571428657
81983  -31.704  4.699  -18.222 1.0000000000
81102  -30.602  3.608  -17.674 1.0000000000
83737  -31.988  6.152  -18.809 1.0000000000
136124  -31.718  6.935  -19.206 0.7142857313
82855  -32.338  5.276  -18.643 1.0000000000
82854  -31.327  5.488  -18.476 1.0000000000
83750  -32.417  6.505  -19.521 1.0000000000
86470  -30.953  9.819  -21.880 1.0000000000
127745  -30.879  9.839  -21.038 0.8571428657
88192  -29.587  11.601  -21.684 0.8571428657
87343  -30.165  11.057  -22.095 1.0000000000
90724  -27.314  14.446  -22.490 0.8571428657
89077  -28.123  13.449  -22.077 0.8571428657
89078  -28.800  13.000  -22.667 1.0000000000
91616  -26.591  15.852  -23.027 0.8571428657
91617  -27.351  15.432  -23.566 0.8571428657
92463  -25.376  16.814  -23.080 0.7142857313
91607  -25.191  15.356  -22.389 0.5714285970
92462  -24.483  16.912  -23.395 0.7142857313
93318  -25.524  17.817  -23.800 0.5714285970
91625  -22.797  15.700  -24.402 0.5714285970
90729  -23.528  15.086  -23.257 0.5714285970
90738  -22.257  14.917  -24.720 0.4285714328
93332  -22.584  17.327  -25.351 0.4285714328
94154  -22.748  18.319  -25.518 0.4285714328
91645  -19.970  15.910  -26.148 0.2857142985
92483  -19.462  16.036  -25.573 0.2857142985
91636  -20.468  15.306  -25.855 0.2857142985
92474  -19.070  15.871  -24.824 0.2857142985
65263  -23.383  -14.016  -14.295 0.2857142985
73010  -26.971  -5.842  -17.188 0.5714285970
81104  -32.349  3.208  -17.481 0.8571428657
84668  -31.945  7.948  -20.359 0.8571428657
93288  -19.180  17.858  -22.529 0.1428571492
64233  -22.617  -14.281  -14.697 0.2857142985
66262  -22.908  -12.937  -15.702 0.2857142985
143441  -23.573  -12.986  -15.123 0.2857142985
148937  -24.880  -12.579  -14.273 0.4285714328
67226  -25.695  -11.516  -14.345 0.4285714328
66286  -23.193  -12.120  -16.113 0.2857142985
68238  -24.422  -10.391  -16.237 0.4285714328
66263  -23.704  -12.365  -15.476 0.4285714328
67225  -25.202  -11.159  -15.096 0.4285714328
68255  -23.282  -10.393  -17.476 0.5714285970
69218  -24.340  -9.221  -17.389 0.5714285970
70147  -26.250  -8.679  -15.911 0.4285714328
71202  -23.310  -7.787  -19.569 0.2857142985
70171  -24.369  -8.048  -18.546 0.7142857313
124423  -25.082  -6.890  -18.884 0.5714285970
146243  -27.985  -5.740  -15.025 0.4285714328
127050  -25.407  -6.400  -18.958 0.7142857313
72162  -25.429  -5.835  -19.464 0.7142857313
73000  -27.312  -5.943  -16.411 0.7142857313
72988  -27.820  -5.138  -15.950 0.5714285970
72989  -28.276  -4.929  -15.041 0.4285714328
74813  -28.066  -3.958  -17.048 0.7142857313
73057  -24.336  -4.531  -21.217 0.5714285970
76566  -29.666  -1.181  -14.830 0.5714285970
141980  -26.390  -4.370  -19.799 0.5714285970
130193  -29.491  -1.933  -14.553 0.5714285970
74831  -27.542  -3.423  -18.683 0.8571428657
124127  -29.310  -0.761  -16.346 0.7142857313
123762  -29.734  1.664  -16.886 1.0000000000
82868  -32.723  5.689  -19.260 1.0000000000
85557  -31.390  8.468  -20.036 0.7142857313
84681  -32.126  8.014  -21.192 1.0000000000
85568  -31.161  9.171  -20.554 0.7142857313
85569  -31.678  8.626  -20.845 1.0000000000
85556  -30.645  8.843  -19.838 0.7142857313
87333  -30.499  10.430  -21.564 0.8571428657
89909  -27.568  13.932  -22.168 0.8571428657
88200  -29.258  12.301  -22.148 1.0000000000
88201  -29.750  11.659  -22.635 1.0000000000
91615  -25.733  16.094  -22.731 0.7142857313
91638  -22.099  15.750  -25.236 0.7142857313
90730  -24.282  15.284  -22.719 0.5714285970
91613  -23.988  15.945  -23.272 0.7142857313
93316  -23.944  17.456  -24.102 0.7142857313
133498  -22.385  14.065  -24.286 0.4285714328
92491  -20.166  16.654  -26.349 0.2857142985
93331  -21.799  17.045  -26.016 0.4285714328
94143  -24.282  18.290  -24.386 0.4285714328
93343  -22.005  17.862  -26.077 0.4285714328
137935  -19.314  17.027  -25.603 0.2857142985
93342  -21.229  17.604  -26.414 0.4285714328
71217  -23.844  -6.974  -19.812 0.4285714328
72176  -23.428  -6.235  -20.419 0.4285714328
92484  -21.530  16.263  -25.885 0.4285714328
92475  -22.720  16.497  -24.826 0.7142857313
91646  -20.684  16.034  -26.186 0.2857142985
92490  -19.680  16.543  -26.100 0.2857142985
62297  -23.186  -15.875  -12.741 0.4285714328
63264  -22.964  -14.715  -14.008 0.2857142985
63263  -22.237  -14.999  -14.362 0.2857142985
146343  -24.747  -14.478  -12.800 0.4285714328
64218  -24.454  -14.175  -13.334 0.4285714328
65282  -23.093  -13.569  -14.988 0.2857142985
65264  -24.521  -13.128  -14.147 0.4285714328
67253  -23.399  -11.409  -16.447 0.2857142985
68221  -24.484  -11.116  -15.715 0.4285714328
67275  -23.006  -11.125  -17.133 0.4285714328
69217  -23.607  -9.637  -17.815 0.4285714328
70170  -23.516  -8.516  -19.022 0.2857142985
69208  -24.750  -9.549  -16.617 0.4285714328
70172  -24.940  -7.892  -17.934 0.5714285970
71204  -24.511  -7.280  -19.123 0.5714285970
72149  -26.064  -5.959  -18.618 0.5714285970
73011  -27.025  -4.941  -18.168 0.7142857313
133641  -25.379  -5.281  -20.017 0.7142857313
72178  -24.767  -5.654  -20.203 0.7142857313
75689  -29.216  -2.440  -15.158 0.5714285970
76596  -29.247  -1.571  -16.069 0.7142857313
142605  -27.007  -3.889  -19.239 0.7142857313
74832  -27.993  -2.877  -18.210 0.8571428657
75743  -28.039  -2.228  -18.711 0.8571428657
124795  -29.238  0.399  -17.432 0.8571428657
84653  -31.552  7.697  -19.611 0.8571428657
90731  -26.960  15.107  -22.763 0.8571428657
91608  -26.112  15.328  -22.402 0.8571428657
91614  -24.831  16.140  -22.790 0.7142857313
92461  -23.475  16.488  -24.001 0.5714285970
91626  -23.340  15.628  -23.768 0.5714285970
90737  -21.539  14.118  -25.063 0.4285714328
90749  -21.657  14.978  -25.309 0.4285714328
91624  -19.328  15.049  -25.102 0.2857142985
91637  -21.267  15.478  -25.749 0.2857142985
93314  -18.912  16.774  -24.748 0.2857142985
93287  -18.701  17.196  -22.843 0.1428571492
71203  -23.925  -7.756  -19.272 0.2857142985
93315  -23.214  17.148  -24.586 0.5714285970
96382  -21.608  22.073  -28.039 0.2857142985
96381  -20.124  21.581  -28.337 0.1428571492
94937  -22.185  19.695  -26.354 0.2857142985
96371  -22.372  21.417  -27.085 0.2857142985
95682  -19.994  20.700  -27.953 0.1428571492
96380  -19.447  21.501  -28.037 0.1428571492
94165  -19.915  18.513  -26.486 0.1428571492
94936  -21.084  19.183  -26.789 0.2857142985
94935  -20.046  19.368  -26.894 0.1428571492
96373  -24.206  21.491  -26.674 0.2857142985
148491  -22.899  21.059  -26.425 0.2857142985
93350  -25.844  16.900  -28.081 0.2857142985
94940  -26.116  19.146  -26.752 0.2857142985
96369  -19.446  21.447  -27.322 0.1428571492
94924  -22.811  19.119  -25.680 0.2857142985
94158  -26.340  18.348  -25.328 0.2857142985
95663  -23.994  20.461  -25.649 0.2857142985
90757  -26.725  14.562  -26.848 0.1428571492
94169  -26.359  18.446  -26.300 0.2857142985
94939  -25.654  19.800  -26.115 0.2857142985
95670  -19.784  20.102  -26.950 0.1428571492
94926  -24.313  19.731  -25.213 0.2857142985
94925  -23.352  19.766  -25.602 0.2857142985
149335  -27.477  11.555  -27.441 0.1428571492
89938  -26.948  12.963  -27.295 0.1428571492
92493  -26.595  16.660  -26.462 0.4285714328
94144  -25.173  18.407  -24.221 0.2857142985
150254  -29.025  11.976  -25.289 0.2857142985
90750  -27.601  14.770  -25.395 0.4285714328
134315  -26.487  17.797  -24.767 0.2857142985
93333  -23.396  17.924  -24.800 0.2857142985
139082  -29.174  9.035  -25.739 0.1428571492
89095  -27.936  12.940  -26.046 0.2857142985
125737  -26.808  17.118  -24.787 0.4285714328
129300  -28.187  14.091  -24.815 0.5714285970
91627  -27.025  16.187  -23.827 0.7142857313
84738  -29.756  7.653  -25.294 0.1428571492
87381  -29.557  10.250  -25.229 0.1428571492
91628  -27.521  15.606  -24.562 0.7142857313
93303  -25.729  17.280  -23.473 0.4285714328
88217  -28.934  12.606  -24.690 0.4285714328
83826  -30.741  6.404  -24.662 0.2857142985
84724  -30.370  7.757  -24.707 0.7142857313
89922  -28.256  14.155  -23.802 0.7142857313
87344  -30.554  10.368  -22.465 0.8571428657
138817  -30.160  10.784  -23.888 0.8571428657
89083  -28.992  12.894  -23.694 0.5714285970
83827  -31.389  5.691  -24.344 0.2857142985
89091  -29.357  12.272  -23.994 0.7142857313
89901  -27.304  13.543  -21.605 0.5714285970
89084  -29.377  12.321  -23.145 0.8571428657
82921  -32.010  4.919  -24.096 0.1428571492
85605  -31.059  8.439  -23.667 0.7142857313
82923  -32.689  4.368  -23.384 0.1428571492
124135  -29.142  2.347  -19.104 0.5714285970
81982  -30.692  4.747  -18.312 0.8571428657
82853  -30.230  5.467  -18.696 0.5714285970
86471  -31.354  9.261  -21.344 0.8571428657
83773  -32.723  6.667  -21.134 0.8571428657
86482  -31.368  9.157  -22.230 0.8571428657
82906  -33.048  4.519  -22.688 0.2857142985
147991  -31.883  7.677  -22.830 0.8571428657
86495  -31.247  8.923  -23.058 0.8571428657
88208  -29.779  11.571  -23.729 0.8571428657
82044  -33.309  3.396  -22.624 0.4285714328
83807  -32.376  6.315  -23.048 0.7142857313
84704  -31.441  7.812  -23.454 0.7142857313
124198  -28.598  1.729  -20.006 0.2857142985
123733  -29.847  3.235  -18.078 0.5714285970
83762  -32.628  6.705  -20.268 0.8571428657
84669  -32.385  7.361  -20.703 0.8571428657
84682  -32.436  7.289  -21.623 0.8571428657
84690  -32.081  7.900  -22.085 0.8571428657
82891  -33.304  4.756  -21.742 0.4285714328
83774  -33.028  5.866  -21.442 0.8571428657
84691  -32.273  7.138  -22.526 0.8571428657
82026  -33.529  3.369  -21.733 0.4285714328
75766  -27.044  -1.986  -20.696 0.7142857313
76653  -26.525  -1.054  -21.690 0.4285714328
76634  -27.614  -1.786  -19.952 0.7142857313
123753  -28.538  -0.628  -18.700 0.8571428657
77550  -28.366  -0.262  -19.645 0.5714285970
78433  -28.570  0.819  -19.842 0.5714285970
78444  -27.802  0.633  -20.988 0.4285714328
127111  -29.109  0.822  -18.267 0.8571428657
124121  -28.738  0.344  -18.943 0.5714285970
124182  -28.912  1.439  -19.196 0.5714285970
124126  -29.866  2.453  -17.481 0.8571428657
130714  -29.562  1.925  -17.690 0.7142857313
124001  -29.505  2.460  -18.293 0.5714285970
81985  -33.207  3.910  -18.750 0.7142857313
82880  -33.228  5.460  -20.710 0.7142857313
83763  -32.922  6.177  -20.679 0.8571428657
81140  -33.842  2.326  -19.815 0.2857142985
82010  -33.720  3.225  -20.637 0.4285714328
74842  -26.616  -3.554  -20.090 0.4285714328
74871  -25.695  -2.761  -21.568 0.4285714328
76668  -25.682  -1.499  -22.082 0.4285714328
133917  -28.273  -1.036  -19.211 0.7142857313
123734  -28.847  -0.111  -18.027 0.7142857313
123749  -29.408  1.235  -17.585 0.8571428657
81129  -33.612  2.979  -18.957 0.2857142985
81117  -33.322  3.127  -18.470 0.5714285970
81116  -32.832  3.585  -18.152 0.5714285970
73920  -25.858  -3.962  -20.609 0.4285714328
132392  -24.077  -3.045  -22.240 0.5714285970
74857  -26.808  -2.772  -20.380 0.5714285970
75765  -26.390  -2.520  -21.036 0.5714285970
76624  -28.337  -1.498  -18.605 0.7142857313
80240  -31.700  2.531  -16.097 0.4285714328
81105  -33.181  2.702  -17.854 0.4285714328
73055  -23.579  -5.080  -21.153 0.5714285970
75690  -29.292  -2.749  -14.349 0.4285714328
123989  -31.459  1.771  -14.570 0.4285714328
124033  -29.932  0.340  -15.284 0.4285714328
79342  -31.549  2.231  -15.326 0.4285714328
68209  -25.996  -10.713  -14.655 0.1428571492
77483  -30.014  -0.660  -14.377 0.4285714328
123729  -30.695  0.485  -14.131 0.4285714328
124060  -31.346  1.199  -13.936 0.4285714328
69184  -26.874  -9.559  -14.563 0.1428571492
70125  -27.067  -8.883  -14.776 0.1428571492
72108  -27.793  -6.565  -14.934 0.2857142985
74747  -29.406  -3.515  -12.552 0.2857142985
76537  -30.336  -1.484  -12.205 0.2857142985
146546  -29.822  -1.945  -12.675 0.2857142985
73855  -28.769  -4.310  -13.962 0.4285714328
77465  -30.680  -0.680  -12.674 0.2857142985
75673  -29.584  -2.148  -13.557 0.2857142985
74765  -29.358  -3.110  -13.465 0.2857142985
124028  -30.723  -0.058  -13.421 0.2857142985
123728  -30.283  -0.735  -13.638 0.4285714328
69185  -27.328  -9.877  -13.928 0.1428571492
68222  -25.624  -10.299  -15.314 0.1428571492
70126  -27.597  -8.671  -14.339 0.2857142985
70127  -27.796  -7.902  -14.320 0.2857142985
72087  -28.864  -5.855  -12.351 0.2857142985
72932  -29.131  -4.426  -12.445 0.2857142985
144467  -28.871  -4.559  -13.268 0.2857142985
72977  -28.334  -5.422  -14.314 0.2857142985
73831  -29.117  -3.920  -13.336 0.2857142985
69172  -27.892  -9.812  -13.334 0.1428571492
71104  -29.014  -7.468  -12.210 0.2857142985
69173  -28.151  -9.229  -13.288 0.2857142985
71132  -28.588  -7.307  -13.014 0.2857142985
71131  -28.231  -7.609  -13.626 0.2857142985
72085  -28.380  -6.797  -13.557 0.2857142985
67215  -26.586  -11.656  -13.433 0.1428571492
143359  -25.433  -12.251  -14.038 0.2857142985
67216  -27.111  -11.179  -13.319 0.1428571492
62268  -23.892  -16.558  -11.538 0.2857142985
61330  -23.144  -16.818  -11.797 0.2857142985
66239  -25.786  -12.603  -13.467 0.2857142985
62269  -24.708  -16.345  -11.283 0.1428571492
61329  -22.462  -17.145  -12.118 0.2857142985
61316  -22.828  -17.501  -11.459 0.1428571492
70111  -27.783  -9.244  -13.843 0.1428571492
70085  -28.506  -8.815  -12.809 0.2857142985
72086  -28.731  -6.653  -12.721 0.2857142985
72955  -28.815  -5.152  -12.870 0.2857142985
74766  -29.622  -2.659  -12.644 0.2857142985
76556  -30.058  -1.381  -13.149 0.2857142985
124007  -31.281  0.627  -13.350 0.2857142985
76641  -27.538  -1.224  -20.502 0.7142857313
123764  -29.306  1.690  -18.366 0.5714285970
124111  -30.757  1.202  -14.666 0.4285714328
135837  -31.926  2.855  -16.834 0.4285714328
80254  -32.755  2.605  -17.080 0.2857142985
80278  -33.975  1.678  -19.216 0.2857142985
88191  -28.934  12.037  -21.283 0.7142857313
131401  -33.484  4.466  -20.764 0.7142857313
90722  -25.611  14.544  -21.964 0.4285714328
90723  -26.535  14.648  -22.162 0.5714285970
89914  -28.041  14.002  -22.821 0.7142857313
86481  -30.921  9.636  -22.799 0.8571428657
84726  -31.323  6.906  -24.088 0.5714285970
94156  -24.724  19.043  -24.708 0.2857142985
88224  -29.207  11.151  -25.403 0.4285714328
89096  -28.521  12.449  -25.589 0.4285714328
95662  -19.697  20.493  -25.868 0.1428571492
91647  -26.780  15.824  -26.330 0.2857142985
127233  -27.211  14.238  -26.373 0.1428571492
95675  -24.573  20.858  -26.199 0.2857142985
63216  -25.082  -15.633  -11.608 0.1428571492
137930  -22.580  -15.321  -13.770 0.2857142985
64205  -26.071  -14.294  -12.151 0.1428571492
66240  -26.388  -12.259  -13.206 0.1428571492
66238  -25.164  -12.910  -13.794 0.2857142985
68211  -27.012  -10.562  -13.746 0.1428571492
68189  -28.064  -10.391  -12.831 0.1428571492
69153  -28.460  -9.654  -12.670 0.1428571492
71160  -27.168  -7.371  -15.567 0.2857142985
72109  -27.991  -7.081  -14.282 0.2857142985
72110  -28.551  -5.879  -13.409 0.2857142985
72933  -29.498  -4.800  -11.452 0.2857142985
74748  -29.776  -3.037  -11.716 0.2857142985
74870  -25.207  -3.567  -21.439 0.5714285970
131539  -28.510  -4.751  -14.385 0.2857142985
136872  -28.598  -5.002  -13.698 0.2857142985
76667  -24.269  -1.730  -22.699 0.2857142985
141408  -31.267  0.135  -12.667 0.2857142985
141426  -31.919  1.232  -13.190 0.2857142985
75752  -27.990  -1.661  -19.266 0.5714285970
77569  -26.702  -0.277  -21.707 0.4285714328
130298  -27.512  -0.730  -20.869 0.5714285970
124184  -30.161  0.022  -14.609 0.4285714328
80226  -32.215  2.198  -14.592 0.1428571492
80242  -33.265  2.304  -16.496 0.4285714328
80241  -32.510  2.515  -16.255 0.4285714328
82879  -32.945  5.999  -19.975 0.8571428657
130285  -33.728  1.979  -17.874 0.1428571492
82905  -32.739  5.490  -22.823 0.7142857313
87355  -30.494  10.128  -23.494 0.8571428657
82060  -33.053  2.881  -23.563 0.2857142985
82059  -32.715  2.954  -24.150 0.1428571492
93341  -20.280  17.550  -26.468 0.2857142985
82922  -32.357  5.354  -23.480 0.4285714328
82938  -31.626  3.986  -24.746 0.1428571492
87367  -30.128  10.063  -24.447 0.5714285970
82937  -30.822  5.313  -24.924 0.1428571492
84739  -30.213  6.986  -25.047 0.1428571492
85625  -29.423  8.411  -25.518 0.1428571492
94934  -19.750  19.326  -26.370 0.1428571492
88218  -29.407  11.791  -24.642 0.5714285970
87380  -29.005  10.312  -25.909 0.1428571492
92486  -26.926  16.523  -25.609 0.2857142985
89101  -28.142  12.167  -26.309 0.2857142985
88233  -28.321  11.380  -26.540 0.1428571492
87392  -27.921  11.086  -27.186 0.1428571492
89107  -27.232  12.191  -27.377 0.1428571492
92499  -26.264  16.763  -27.289 0.2857142985
92498  -25.937  16.119  -27.856 0.2857142985
129335  -26.106  15.337  -27.676 0.1428571492
90773  -25.986  13.980  -28.009 0.1428571492
64196  -26.419  -14.691  -11.593 0.1428571492
67204  -27.699  -11.005  -12.863 0.1428571492
75657  -29.992  -2.209  -11.874 0.2857142985
123825  -33.917  1.425  -20.887 0.2857142985
89114  -26.032  12.679  -28.600 0.1428571492
92503  -25.426  16.360  -28.719 0.2857142985
62296  -22.508  -15.975  -13.227 0.2857142985
63227  -23.844  -15.511  -12.557 0.2857142985
63228  -24.736  -15.113  -12.316 0.1428571492
63217  -25.642  -15.010  -11.817 0.1428571492
65235  -25.785  -13.768  -12.661 0.1428571492
65252  -26.221  -13.007  -12.848 0.1428571492
68223  -26.296  -9.938  -14.959 0.1428571492
70138  -26.782  -8.571  -15.328 0.2857142985
71170  -26.768  -7.279  -16.242 0.4285714328
70139  -27.288  -8.119  -15.029 0.2857142985
69196  -26.541  -9.193  -15.193 0.1428571492
72121  -27.458  -6.823  -15.425 0.2857142985
73854  -28.635  -4.116  -14.873 0.4285714328
75751  -27.668  -2.320  -19.383 0.5714285970
132491  -27.283  -3.036  -19.536 0.4285714328
82869  -33.276  5.060  -19.803 0.7142857313
123757  -30.223  4.028  -18.219 0.8571428657
84654  -32.195  7.263  -19.880 0.8571428657
89908  -26.921  14.085  -21.904 0.5714285970
90732  -27.685  14.700  -23.265 0.7142857313
92476  -26.740  16.797  -24.105 0.5714285970
93317  -24.768  17.757  -23.811 0.2857142985
94145  -25.966  18.214  -24.388 0.2857142985
94155  -23.656  18.923  -25.048 0.2857142985
67227  -26.455  -11.111  -13.935 0.1428571492
72177  -24.064  -6.026  -20.352 0.5714285970
72976  -28.170  -6.252  -14.260 0.2857142985
85584  -31.740  8.596  -21.700 0.8571428657
87354  -30.184  10.956  -23.053 0.8571428657
143570  -21.329  18.352  -26.495 0.2857142985
94167  -22.073  18.728  -26.203 0.2857142985
94166  -20.655  18.135  -26.569 0.2857142985
95673  -22.066  20.608  -26.786 0.2857142985
96370  -21.055  20.931  -27.802 0.2857142985
95681  -19.699  20.786  -27.541 0.1428571492
95672  -20.854  20.025  -27.347 0.2857142985
96372  -23.338  21.582  -26.663 0.2857142985
95671  -19.971  20.078  -27.429 0.1428571492
148448  -20.360  19.674  -27.162 0.1428571492
94938  -23.027  20.496  -26.035 0.2857142985
143435  -26.118  17.423  -27.544 0.2857142985
95676  -25.305  20.445  -26.551 0.2857142985
94168  -26.047  19.130  -25.711 0.2857142985
96360  -19.610  20.713  -26.769 0.1428571492
94157  -25.630  18.850  -24.866 0.2857142985
93344  -26.413  17.567  -26.673 0.2857142985
93334  -26.664  17.450  -25.660 0.2857142985
95664  -24.895  20.234  -25.710 0.2857142985
91639  -27.243  15.702  -25.518 0.2857142985
90765  -26.315  14.592  -27.486 0.1428571492
143361  -26.665  13.849  -27.205 0.1428571492
94927  -25.263  19.545  -25.296 0.2857142985
89106  -26.631  12.437  -27.923 0.1428571492
89932  -27.350  13.399  -26.592 0.1428571492
89951  -26.314  13.235  -27.920 0.1428571492
91652  -26.402  15.968  -27.098 0.1428571492
124441  -28.750  10.993  -26.097 0.1428571492
90740  -27.903  14.859  -24.253 0.5714285970
92477  -27.159  16.362  -24.743 0.5714285970
86514  -28.675  9.388  -26.274 0.1428571492
86506  -29.745  9.306  -25.174 0.1428571492
128051  -27.752  13.767  -25.741 0.2857142985
89100  -27.544  12.589  -26.755 0.2857142985
89928  -28.366  13.240  -25.213 0.4285714328
89923  -28.606  13.447  -24.274 0.5714285970
86507  -30.334  9.210  -24.468 0.4285714328
135394  -29.762  10.960  -24.586 0.5714285970
145765  -30.699  7.185  -24.527 0.5714285970
85617  -30.595  8.473  -24.294 0.7142857313
150012  -30.468  9.673  -24.053 0.7142857313
83806  -31.860  6.091  -23.721 0.5714285970
85593  -31.628  8.383  -22.665 0.8571428657
81981  -29.728  4.659  -18.712 0.4285714328
125636  -29.306  3.106  -19.002 0.4285714328
83787  -32.720  6.374  -22.144 0.8571428657
83788  -33.017  5.473  -22.180 0.4285714328
84705  -31.859  7.017  -23.305 0.8571428657
75792  -25.350  -2.263  -22.068 0.5714285970
75781  -27.088  -1.254  -21.164 0.4285714328
139058  -27.965  -1.080  -19.824 0.7142857313
77559  -27.706  -0.116  -20.912 0.4285714328
78445  -28.156  0.323  -20.430 0.5714285970
78454  -27.357  0.157  -21.335 0.2857142985
81998  -33.479  3.932  -19.506 0.5714285970
147726  -33.531  4.289  -20.131 0.7142857313
74856  -26.112  -3.195  -20.897 0.5714285970
74878  -24.873  -2.970  -21.995 0.5714285970
80266  -33.737  2.075  -18.493 0.2857142985
76555  -29.829  -1.343  -14.031 0.4285714328
141386  -30.355  0.628  -14.812 0.4285714328
80234  -32.346  2.413  -15.424 0.4285714328
142362  -30.375  -0.207  -14.048 0.4285714328
71146  -27.595  -7.324  -14.946 0.2857142985
74788  -29.034  -3.572  -14.189 0.2857142985
68199  -27.534  -10.467  -13.347 0.1428571492
70112  -28.101  -8.524  -13.624 0.2857142985
71103  -28.560  -8.017  -12.913 0.2857142985
62255  -25.110  -16.908  -10.689 0.1428571492
61317  -23.542  -17.241  -11.238 0.1428571492
62256  -25.922  -16.792  -10.471 0.1428571492
128672  -33.490  2.207  -17.292 0.2857142985
95661  -19.620  19.974  -26.191 0.1428571492
62270  -25.551  -16.093  -11.029 0.1428571492
149746  -26.620  -14.116  -11.883 0.1428571492
94923  -19.579  19.174  -25.651 0.1428571492
88190  -28.145  12.284  -20.924 0.5714285970
87322  -29.411  10.559  -20.537 0.4285714328
87321  -28.570  10.785  -20.421 0.4285714328
88182  -28.430  11.570  -20.693 0.5714285970
87331  -29.225  11.329  -20.901 0.5714285970
127154  -28.546  12.727  -21.668 0.4285714328
84652  -30.671  7.969  -19.402 0.4285714328
86459  -30.452  9.560  -20.312 0.4285714328
86448  -29.817  9.068  -19.722 0.4285714328
87323  -30.221  10.268  -20.775 0.5714285970
87332  -29.942  10.954  -21.223 0.5714285970
83736  -30.903  6.411  -18.784 0.5714285970
75659  -31.456  -1.385  -10.955 0.1428571492
77466  -31.314  -0.314  -12.011 0.1428571492
77467  -31.942  0.299  -11.952 0.1428571492
69248  -22.466  -8.982  -19.200 0.2857142985
76504  -32.587  -1.522  -10.629 0.1428571492
76517  -33.404  -1.273  -10.958 0.1428571492
76516  -32.154  -1.027  -10.879 0.1428571492
77448  -34.059  -0.649  -11.478 0.1428571492
69233  -22.599  -9.542  -18.753 0.2857142985
73809  -30.133  -3.447  -10.803 0.1428571492
74732  -30.863  -3.090  -10.307 0.1428571492
75627  -31.705  -2.772  -10.245 0.1428571492
75642  -33.802  -2.020  -10.951 0.1428571492
75628  -32.330  -2.198  -10.400 0.1428571492
75661  -36.467  -2.840  -12.809 0.1428571492
76519  -35.023  -1.898  -11.859 0.1428571492
134816  -36.358  -1.921  -12.868 0.1428571492
68272  -22.167  -10.257  -18.315 0.2857142985
69232  -21.323  -9.299  -18.689 0.2857142985
72030  -29.711  -6.472  -11.094 0.1428571492
72031  -30.008  -6.032  -10.653 0.1428571492
73791  -30.005  -4.320  -10.708 0.1428571492
74720  -31.348  -3.709  -9.871 0.1428571492
73780  -31.080  -4.581  -9.706 0.1428571492
74711  -32.694  -3.378  -10.117 0.1428571492
75630  -33.771  -2.841  -10.768 0.1428571492
132202  -35.049  -2.800  -11.835 0.1428571492
68254  -22.573  -10.719  -17.753 0.2857142985
67273  -21.572  -11.297  -17.514 0.2857142985
66304  -21.616  -11.897  -17.072 0.2857142985
130521  -29.440  -8.011  -11.627 0.1428571492
130229  -30.224  -6.726  -10.439 0.1428571492
72018  -30.604  -5.986  -9.932 0.1428571492
73781  -31.934  -4.346  -9.608 0.1428571492
72900  -30.664  -5.168  -9.896 0.1428571492
73782  -33.444  -4.438  -10.240 0.1428571492
133953  -34.432  -3.097  -11.344 0.1428571492
74723  -34.050  -3.713  -10.909 0.1428571492
74767  -37.300  -3.172  -13.286 0.1428571492
70086  -29.027  -8.377  -12.213 0.1428571492
70048  -29.823  -8.055  -10.973 0.1428571492
128962  -30.927  -6.927  -9.779 0.1428571492
71060  -30.385  -7.676  -10.248 0.1428571492
125892  -32.917  -5.968  -9.503 0.1428571492
72903  -33.171  -5.265  -9.717 0.1428571492
72901  -31.322  -5.459  -9.590 0.1428571492
72890  -32.700  -4.654  -9.692 0.1428571492
74750  -35.692  -3.307  -12.353 0.1428571492
73783  -34.315  -4.582  -11.297 0.1428571492
74751  -36.555  -3.857  -12.730 0.1428571492
69087  -30.258  -9.193  -10.415 0.1428571492
70026  -31.917  -8.392  -9.490 0.1428571492
143201  -30.159  -8.466  -10.533 0.1428571492
133359  -31.720  -7.079  -9.545 0.1428571492
71061  -31.330  -7.735  -9.641 0.1428571492
130753  -33.636  -5.954  -9.823 0.1428571492
72021  -33.506  -6.626  -9.635 0.1428571492
72904  -33.848  -5.255  -10.399 0.1428571492
73793  -34.785  -3.715  -11.820 0.1428571492
126447  -33.530  -8.845  -9.489 0.1428571492
145411  -31.643  -8.982  -9.538 0.1428571492
70025  -30.906  -8.547  -9.794 0.1428571492
70028  -33.701  -7.989  -9.627 0.1428571492
133821  -34.263  -8.689  -9.808 0.1428571492
72022  -34.043  -6.523  -10.051 0.1428571492
71063  -33.993  -7.223  -9.781 0.1428571492
72914  -34.309  -5.429  -11.331 0.1428571492
71062  -32.492  -7.662  -9.470 0.1428571492
72020  -32.522  -6.710  -9.482 0.1428571492
148411  -31.610  -4.904  -9.565 0.1428571492
72055  -29.021  -5.178  -12.064 0.1428571492
74768  -37.555  -4.009  -13.224 0.1428571492
74769  -38.195  -3.340  -13.716 0.1428571492
133072  -33.072  -2.960  -10.346 0.1428571492
75658  -30.679  -1.771  -11.283 0.1428571492
76515  -31.754  -0.565  -11.376 0.1428571492
66305  -22.156  -12.037  -16.848 0.2857142985
73810  -34.796  -4.483  -12.116 0.1428571492
73811  -35.514  -4.166  -12.343 0.1428571492
144983  -31.024  7.267  -19.091 0.4285714328
75675  -37.792  -2.569  -13.849 0.1428571492
75660  -35.713  -2.377  -12.377 0.1428571492
75674  -37.045  -2.307  -13.367 0.1428571492
141423  -31.802  0.693  -12.727 0.1428571492
89061  -27.192  12.208  -20.734 0.4285714328
89900  -26.469  13.575  -21.466 0.4285714328
138944  -24.752  15.875  -29.384 0.1428571492
89070  -27.732  12.944  -21.245 0.4285714328
67274  -22.239  -11.437  -17.322 0.2857142985
93356  -25.386  17.194  -29.004 0.1428571492
76538  -31.021  -0.995  -11.659 0.1428571492
72053  -29.194  -6.578  -11.820 0.1428571492
69154  -28.937  -9.086  -12.205 0.1428571492
73808  -29.581  -3.909  -11.596 0.1428571492
141412  -32.101  1.731  -13.845 0.1428571492
74749  -30.376  -2.586  -10.978 0.1428571492
75641  -31.867  -1.815  -10.542 0.1428571492
77428  -32.779  -0.843  -10.927 0.1428571492
75629  -33.076  -2.195  -10.504 0.1428571492
75615  -32.471  -2.842  -10.248 0.1428571492
75640  -31.127  -2.192  -10.577 0.1428571492
77446  -32.542  -0.216  -11.338 0.1428571492
76518  -34.283  -1.510  -11.382 0.1428571492
73779  -30.483  -4.647  -10.126 0.1428571492
73792  -30.632  -3.955  -10.127 0.1428571492
75643  -34.408  -2.369  -11.363 0.1428571492
74721  -32.089  -3.499  -9.894 0.1428571492
71073  -29.658  -7.285  -11.179 0.1428571492
72054  -29.474  -5.737  -11.422 0.1428571492
72913  -30.064  -5.242  -10.546 0.1428571492
74722  -33.287  -3.571  -10.354 0.1428571492
73769  -32.675  -3.976  -9.876 0.1428571492
72902  -32.255  -5.229  -9.521 0.1428571492
69118  -29.561  -8.844  -11.382 0.1428571492
126809  -32.094  -5.951  -9.494 0.1428571492
72019  -31.480  -6.354  -9.577 0.1428571492
70027  -32.858  -8.384  -9.442 0.1428571492
135471  -34.037  -5.883  -10.449 0.1428571492
72934  -34.613  -5.094  -12.180 0.1428571492
143181  -33.359  -7.245  -9.563 0.1428571492
60319  -21.520  -18.208  -12.119 0.1428571492
139424  -20.775  -17.483  -13.261 0.1428571492
61342  -21.381  -17.188  -13.127 0.1428571492
61343  -22.105  -16.795  -12.832 0.1428571492
140796  -21.663  -16.448  -13.536 0.1428571492
63241  -21.932  -15.686  -13.956 0.1428571492
64232  -21.826  -14.586  -14.992 0.1428571492
64250  -20.621  -14.343  -15.415 0.1428571492
65304  -21.524  -13.586  -15.945 0.1428571492
65281  -22.204  -13.778  -15.472 0.1428571492
65305  -22.042  -13.115  -16.163 0.1428571492
65280  -20.038  -13.904  -15.547 0.1428571492
132036  -20.598  -12.962  -16.359 0.1428571492
66283  -20.972  -12.356  -16.800 0.1428571492
66284  -21.764  -12.529  -16.653 0.1428571492
133122  -19.722  -10.574  -17.031 0.1428571492
68270  -20.076  -10.140  -17.552 0.1428571492
70169  -20.634  -8.687  -18.597 0.1428571492
147322  -21.071  -9.812  -18.287 0.1428571492
68289  -22.014  -9.542  -18.842 0.1428571492
69247  -21.944  -8.839  -19.260 0.1428571492
70185  -22.415  -8.330  -19.538 0.1428571492
70183  -21.335  -8.419  -19.161 0.2857142985
71216  -23.003  -7.061  -20.027 0.2857142985
74877  -22.963  -3.232  -22.218 0.4285714328
73930  -24.539  -4.015  -21.484 0.4285714328
74869  -24.397  -3.585  -21.855 0.4285714328
82867  -29.770  6.089  -19.083 0.2857142985
136098  -27.855  10.163  -20.266 0.2857142985
88181  -27.729  11.720  -20.612 0.2857142985
88180  -27.118  11.408  -20.567 0.4285714328
68271  -21.521  -10.017  -18.363 0.1428571492
133550  -20.620  -7.869  -18.989 0.1428571492
71201  -21.360  -7.531  -19.631 0.2857142985
70199  -22.794  -7.849  -19.695 0.1428571492
63262  -20.745  -15.470  -14.604 0.1428571492
65302  -19.995  -13.215  -15.998 0.1428571492
67250  -19.667  -11.307  -16.614 0.1428571492
69231  -20.515  -9.519  -18.124 0.1428571492
70168  -19.912  -8.789  -18.112 0.1428571492
71189  -20.046  -8.142  -18.494 0.1428571492
72160  -20.653  -6.318  -19.783 0.2857142985
70197  -22.004  -7.408  -19.975 0.2857142985
71213  -21.156  -6.817  -19.909 0.2857142985
72173  -21.398  -6.151  -20.393 0.2857142985
71215  -22.425  -6.786  -20.280 0.2857142985
139044  -22.939  -6.235  -20.532 0.2857142985
72184  -23.261  -5.594  -20.849 0.4285714328
73927  -22.762  -4.510  -21.522 0.4285714328
74876  -22.368  -3.081  -22.200 0.2857142985
123916  -29.469  3.876  -18.820 0.2857142985
81996  -29.059  4.457  -19.534 0.2857142985
134612  -29.205  5.827  -19.474 0.2857142985
83749  -30.166  7.002  -19.137 0.2857142985
85555  -30.015  8.416  -19.494 0.2857142985
86447  -28.937  9.115  -19.723 0.2857142985
85567  -28.354  8.282  -19.784 0.2857142985
86457  -28.574  9.859  -20.090 0.2857142985
148948  -21.897  -5.678  -20.872 0.2857142985
82866  -29.270  5.288  -19.322 0.2857142985
124018  -28.936  3.766  -19.731 0.2857142985
83748  -29.109  6.439  -19.517 0.2857142985
84650  -28.652  7.681  -19.660 0.2857142985
84651  -29.473  7.543  -19.412 0.2857142985
86458  -29.591  9.793  -20.130 0.2857142985
82865  -28.735  5.631  -19.845 0.2857142985
73928  -23.569  -4.522  -21.494 0.4285714328
73929  -23.988  -4.140  -21.643 0.4285714328
66285  -22.474  -12.446  -16.389 0.1428571492
72183  -22.922  -5.653  -20.867 0.4285714328
62314  -21.155  -16.036  -14.165 0.1428571492
85554  -29.208  8.373  -19.571 0.2857142985
70184  -21.944  -8.077  -19.641 0.1428571492
67292  -20.866  -10.312  -17.883 0.1428571492
67271  -20.319  -10.847  -17.280 0.1428571492
126361  -21.782  -17.519  -12.464 0.1428571492
63285  -21.077  -14.838  -15.075 0.1428571492
65303  -20.758  -13.647  -15.954 0.1428571492
66282  -20.015  -12.354  -16.416 0.1428571492
67251  -20.516  -11.604  -16.968 0.1428571492
71200  -20.569  -7.065  -19.377 0.2857142985
73932  -22.615  -3.724  -21.876 0.4285714328
73926  -22.085  -4.215  -21.552 0.4285714328
137900  -28.581  6.976  -19.702 0.2857142985
75794  -23.013  -2.080  -22.793 0.2857142985
133939  -23.218  -2.712  -22.464 0.2857142985
126450  -24.536  -2.407  -22.388 0.2857142985
96395  -25.442  21.623  -30.767 0.1428571492
95694  -25.325  20.597  -30.983 0.1428571492
95689  -25.514  20.839  -29.240 0.1428571492
94948  -25.605  19.185  -28.857 0.1428571492
94176  -25.698  18.497  -28.532 0.1428571492
96397  -25.760  21.720  -31.841 0.1428571492
128174  -25.640  19.806  -28.519 0.1428571492
97097  -23.310  23.879  -29.038 0.1428571492
75791  -23.913  -2.363  -22.566 0.2857142985
76676  -23.293  -1.464  -23.005 0.2857142985
134679  -25.289  18.037  -29.350 0.1428571492
133288  -24.865  19.162  -31.070 0.1428571492
93351  -25.777  17.684  -28.288 0.1428571492
94172  -26.106  18.268  -27.420 0.1428571492
95683  -25.002  21.189  -26.982 0.1428571492
94944  -25.893  19.170  -27.854 0.1428571492
96391  -24.695  22.482  -28.552 0.1428571492
96384  -24.483  21.905  -27.459 0.1428571492
134146  -22.917  22.082  -27.230 0.1428571492
96383  -23.693  22.120  -27.194 0.1428571492
147996  -25.748  19.761  -27.797 0.1428571492
95684  -25.535  20.457  -27.704 0.1428571492
133979  -23.503  -3.329  -22.153 0.2857142985
140000  -25.344  22.596  -30.564 0.1428571492
94954  -25.341  19.770  -30.020 0.1428571492
97103  -25.419  23.584  -31.286 0.1428571492
96385  -25.221  21.499  -28.079 0.1428571492
125380  -25.249  18.858  -29.705 0.1428571492
84667  -27.888  7.282  -20.135 0.1428571492
123766  -28.872  3.114  -19.808 0.1428571492
85565  -26.908  8.339  -20.594 0.1428571492
86455  -26.539  9.071  -20.733 0.1428571492
77570  -27.209  -0.558  -21.319 0.2857142985
143117  -25.432  -0.410  -22.416 0.1428571492
123761  -28.762  2.406  -19.836 0.1428571492
81168  -33.568  1.752  -22.972 0.1428571492
124154  -28.679  5.030  -19.960 0.1428571492
133395  -28.140  8.973  -19.906 0.1428571492
138023  -27.010  9.944  -20.495 0.1428571492
139917  -26.232  9.736  -20.931 0.1428571492
88188  -25.586  11.410  -21.279 0.2857142985
89081  -22.442  11.896  -23.864 0.2857142985
89921  -21.771  13.157  -24.575 0.2857142985
138782  -19.683  17.945  -26.203 0.1428571492
91612  -18.613  15.564  -23.445 0.1428571492
139414  -26.315  12.195  -20.901 0.2857142985
87330  -25.912  10.470  -21.119 0.2857142985
89076  -24.905  11.889  -21.684 0.2857142985
89907  -24.994  13.831  -21.839 0.2857142985
89075  -24.277  12.200  -22.189 0.2857142985
89082  -23.034  11.517  -23.372 0.2857142985
128304  -23.766  14.531  -22.787 0.2857142985
89913  -22.993  12.819  -23.234 0.2857142985
90739  -22.902  14.917  -23.963 0.2857142985
90747  -20.269  14.530  -25.561 0.1428571492
88215  -20.752  11.099  -24.724 0.2857142985
132822  -18.969  17.698  -25.021 0.1428571492
93301  -18.859  17.800  -23.414 0.1428571492
88206  -22.549  10.558  -24.161 0.1428571492
87353  -23.248  9.546  -23.710 0.1428571492
86469  -25.997  9.068  -21.154 0.2857142985
88216  -21.735  11.045  -24.492 0.2857142985
89927  -20.688  14.019  -25.392 0.1428571492
89088  -20.245  11.766  -24.852 0.2857142985
90746  -19.627  14.272  -25.326 0.1428571492
89926  -19.364  13.223  -25.034 0.1428571492
84665  -26.784  7.867  -20.645 0.2857142985
123812  -19.218  10.299  -24.663 0.1428571492
134357  -18.627  14.971  -23.309 0.1428571492
89086  -18.333  11.404  -24.235 0.1428571492
124119  -26.901  7.602  -20.578 0.1428571492
136234  -33.309  2.325  -23.337 0.1428571492
124016  -34.282  0.643  -20.150 0.1428571492
124005  -28.192  1.415  -20.599 0.1428571492
141289  -28.324  2.604  -20.513 0.1428571492
123910  -28.494  3.272  -20.421 0.1428571492
141430  -28.463  4.411  -20.283 0.1428571492
124185  -28.196  5.057  -20.412 0.1428571492
82878  -28.165  5.381  -20.372 0.1428571492
123774  -27.720  5.635  -20.530 0.1428571492
86456  -27.467  9.206  -20.278 0.1428571492
85583  -26.093  8.466  -21.088 0.2857142985
87329  -25.181  10.162  -21.670 0.1428571492
88199  -24.846  10.847  -21.828 0.1428571492
88198  -24.280  11.024  -22.277 0.2857142985
87341  -23.716  10.103  -22.967 0.1428571492
88197  -23.622  11.295  -22.768 0.1428571492
123975  -18.818  10.258  -24.493 0.1428571492
123805  -20.041  9.895  -24.735 0.2857142985
124165  -19.307  11.275  -24.747 0.1428571492
89919  -19.029  12.959  -24.471 0.1428571492
90727  -18.893  13.841  -23.651 0.1428571492
137490  -18.972  14.692  -23.782 0.1428571492
81154  -33.701  1.797  -21.804 0.1428571492
124080  -34.009  0.518  -22.732 0.1428571492
90721  -24.511  14.398  -22.269 0.2857142985
90728  -23.062  14.062  -23.384 0.2857142985
92473  -18.723  16.165  -24.021 0.1428571492
89912  -22.439  13.101  -23.907 0.2857142985
89920  -20.701  13.057  -25.098 0.2857142985
90748  -21.005  14.706  -25.605 0.2857142985
90736  -19.271  13.967  -24.874 0.1428571492
137372  -18.763  17.573  -24.236 0.1428571492
89069  -26.803  12.943  -21.075 0.2857142985
148427  -27.459  0.699  -21.301 0.1428571492
89899  -25.671  13.685  -21.587 0.2857142985
124163  -34.514  0.799  -19.148 0.1428571492
89068  -25.772  12.714  -21.272 0.2857142985
87320  -27.629  10.913  -20.432 0.1428571492
88189  -26.416  11.423  -20.759 0.1428571492
83747  -28.204  6.186  -20.188 0.1428571492
124065  -28.394  3.929  -20.445 0.1428571492
131161  -27.273  7.712  -20.465 0.1428571492
85566  -27.626  8.253  -20.223 0.1428571492
86468  -25.573  9.482  -21.439 0.2857142985
89090  -21.943  12.293  -24.251 0.2857142985
87352  -21.874  9.899  -24.622 0.1428571492
89089  -21.219  12.081  -24.654 0.2857142985
91606  -18.460  15.860  -22.847 0.1428571492
133267  -24.963  12.966  -21.728 0.2857142985
89906  -24.308  13.288  -22.161 0.2857142985
89074  -23.615  12.501  -22.664 0.2857142985
89905  -23.653  13.641  -22.661 0.2857142985
88207  -23.163  10.298  -23.653 0.1428571492
89094  -20.014  13.622  -25.334 0.1428571492
88214  -19.834  10.717  -24.770 0.2857142985
94142  -19.111  18.319  -24.245 0.1428571492
89087  -19.712  12.512  -24.994 0.2857142985
90735  -19.079  13.842  -24.142 0.1428571492
73028  -19.125  -5.000  -19.085 0.1428571492
73030  -20.716  -5.595  -20.233 0.1428571492
73043  -20.703  -4.830  -20.630 0.1428571492
75750  -18.481  -2.623  -19.893 0.1428571492
77557  -18.172  -0.556  -20.771 0.1428571492
76640  -18.695  -1.304  -20.821 0.1428571492
75764  -19.561  -2.780  -20.816 0.1428571492
77567  -18.932  -0.599  -21.390 0.1428571492
74866  -20.357  -3.135  -21.238 0.1428571492
73052  -21.370  -4.581  -21.162 0.1428571492
78452  -19.151  0.188  -21.977 0.1428571492
76652  -20.310  -1.423  -22.037 0.1428571492
74868  -21.950  -3.536  -21.826 0.1428571492
75779  -21.134  -2.149  -22.200 0.1428571492
74875  -21.650  -2.896  -22.038 0.1428571492
78451  -18.515  0.776  -21.790 0.1428571492
129428  -19.806  -0.144  -22.413 0.1428571492
76666  -21.778  -1.752  -22.697 0.1428571492
76674  -22.212  -1.301  -23.028 0.1428571492
77598  -23.400  -0.690  -23.258 0.1428571492
133560  -24.275  -1.034  -22.902 0.1428571492
138315  -25.447  8.825  -21.568 0.1428571492
73918  -20.677  -3.983  -21.041 0.1428571492
72182  -22.541  -5.444  -21.024 0.1428571492
72147  -19.307  -6.359  -18.601 0.1428571492
74840  -18.572  -3.447  -19.500 0.1428571492
145709  -18.923  -2.528  -20.416 0.1428571492
128680  -20.940  10.080  -24.758 0.1428571492
129263  -25.026  -1.128  -22.545 0.1428571492
75789  -22.718  -2.597  -22.510 0.1428571492
73906  -19.511  -4.618  -19.668 0.1428571492
146583  -19.662  -5.229  -19.477 0.1428571492
73044  -21.357  -5.341  -20.805 0.1428571492
73925  -21.467  -3.932  -21.463 0.1428571492
75793  -22.484  -1.951  -22.792 0.1428571492
74841  -19.288  -3.883  -19.919 0.1428571492
73917  -20.001  -4.324  -20.340 0.1428571492
74854  -19.063  -3.146  -20.191 0.1428571492
76639  -17.991  -1.247  -20.206 0.1428571492
75777  -19.201  -2.043  -20.896 0.1428571492
76651  -19.480  -1.382  -21.435 0.1428571492
77568  -19.671  -0.671  -21.961 0.1428571492
75778  -20.109  -2.247  -21.492 0.1428571492
78458  -18.913  1.137  -22.465 0.1428571492
125240  -20.912  -2.762  -21.721 0.1428571492
77581  -20.328  -0.698  -22.465 0.1428571492
79405  -17.412  1.752  -21.510 0.1428571492
73017  -18.704  -5.585  -18.498 0.1428571492
60304  -23.236  -17.827  -10.977 0.1428571492
61328  -21.056  -17.927  -12.803 0.1428571492
62280  -22.819  -16.468  -12.481 0.2857142985
62282  -24.264  -15.852  -11.874 0.2857142985
64204  -25.358  -14.436  -12.465 0.4285714328
64251  -21.337  -14.168  -15.536 0.1428571492
65249  -24.114  -13.762  -13.908 0.2857142985
66249  -24.267  -12.602  -14.778 0.4285714328
66264  -24.420  -11.822  -15.262 0.4285714328
66303  -21.109  -11.671  -17.209 0.1428571492
67214  -26.048  -11.888  -13.722 0.1428571492
67252  -22.730  -11.761  -16.697 0.2857142985
67272  -20.987  -11.103  -17.522 0.1428571492
67293  -21.534  -10.662  -17.923 0.2857142985
67294  -22.011  -10.924  -17.847 0.1428571492
68210  -26.675  -10.290  -14.303 0.1428571492
68237  -23.662  -10.712  -16.732 0.4285714328
68273  -22.897  -10.032  -18.206 0.2857142985
69209  -25.504  -9.136  -16.283 0.2857142985
69249  -22.944  -9.027  -19.112 0.5714285970
70156  -24.654  -8.485  -17.723 0.7142857313
70186  -22.895  -8.467  -19.433 0.1428571492
70198  -22.440  -7.587  -19.855 0.1428571492
71180  -25.881  -7.699  -17.115 0.7142857313
71190  -25.011  -7.410  -18.411 0.5714285970
71214  -21.767  -6.850  -20.184 0.2857142985
72132  -27.177  -6.689  -16.004 0.2857142985
72140  -25.988  -7.144  -17.541 0.4285714328
72161  -24.731  -6.461  -19.588 0.5714285970
72174  -22.120  -6.199  -20.611 0.2857142985
72175  -22.620  -6.064  -20.654 0.2857142985
73019  -26.551  -5.287  -18.624 0.7142857313
73029  -20.112  -5.728  -19.600 0.2857142985
73042  -20.119  -5.055  -19.972 0.1428571492
73045  -23.642  -5.591  -20.777 0.5714285970
73046  -24.111  -5.207  -20.887 0.7142857313
73047  -24.849  -4.927  -20.625 0.5714285970
73053  -22.035  -4.992  -21.241 0.1428571492
73054  -23.150  -5.010  -21.258 0.4285714328
73905  -18.873  -4.262  -19.301 0.1428571492
73919  -25.029  -4.275  -20.986 0.4285714328
73933  -23.160  -3.851  -21.876 0.4285714328
73934  -23.569  -3.963  -21.794 0.4285714328
73935  -23.883  -3.637  -21.976 0.2857142985
74855  -19.801  -3.553  -20.616 0.1428571492
74867  -21.187  -3.375  -21.581 0.1428571492
75780  -26.262  -1.906  -21.507 0.7142857313
75788  -22.050  -2.442  -22.483 0.2857142985
75790  -23.617  -2.749  -22.416 0.5714285970
75795  -23.445  -2.211  -22.676 0.2857142985
76665  -21.034  -1.332  -22.561 0.1428571492
76677  -23.753  -1.231  -22.998 0.1428571492
77560  -27.896  -0.508  -20.373 0.5714285970
77595  -21.793  -0.659  -23.207 0.1428571492
78453  -26.911  0.636  -21.640 0.1428571492
79406  -18.167  1.447  -21.932 0.1428571492
83838  -29.405  6.645  -25.669 0.1428571492
84725  -30.914  7.773  -24.150 0.7142857313
85616  -30.065  8.471  -24.931 0.4285714328
85624  -28.764  8.413  -26.114 0.1428571492
86494  -30.759  9.220  -23.708 0.7142857313
86515  -29.251  9.661  -25.671 0.1428571492
87319  -26.673  10.655  -20.637 0.1428571492
88223  -28.676  11.694  -25.884 0.1428571492
88232  -27.765  11.838  -26.926 0.1428571492
89915  -28.560  13.527  -23.329 0.7142857313
89918  -18.743  12.889  -23.984 0.1428571492
90717  -26.243  14.158  -21.741 0.5714285970
90758  -27.034  15.043  -26.267 0.2857142985
91623  -19.026  15.324  -24.250 0.1428571492
91635  -19.818  15.180  -25.672 0.1428571492
92464  -26.247  16.709  -23.359 0.5714285970
92485  -22.169  16.561  -25.494 0.7142857313
92492  -20.988  16.823  -26.355 0.4285714328
93302  -25.166  17.359  -23.445 0.7142857313
93304  -26.275  17.480  -23.992 0.2857142985
93340  -19.658  17.248  -26.189 0.1428571492
95674  -23.710  21.068  -26.132 0.2857142985
124095  -18.647  10.870  -24.501 0.1428571492
125337  -21.277  -13.079  -16.378 0.1428571492
125385  -28.598  -3.051  -16.363 0.7142857313
126992  -25.612  22.469  -31.372 0.1428571492
129248  -26.553  15.197  -26.950 0.2857142985
130031  -27.345  -2.403  -20.021 0.5714285970
132213  -25.743  19.765  -27.124 0.1428571492
134067  -21.480  -15.282  -14.553 0.1428571492
134154  -23.280  -4.362  -21.606 0.4285714328
136085  -20.188  -17.472  -13.403 0.1428571492
136653  -18.904  12.013  -24.604 0.1428571492
138527  -19.169  14.589  -24.482 0.1428571492
141514  -23.699  -1.817  -22.795 0.2857142985
144262  -27.365  -9.248  -14.301 0.1428571492
145603  -31.369  8.409  -23.226 0.8571428657
146682  -27.154  -5.245  -17.548 0.7142857313
147284  -24.965  -1.843  -22.427 0.2857142985
147626  -26.542  17.993  -25.985 0.2857142985
147904  -28.403  13.510  -22.717 0.7142857313
148242  -20.572  18.698  -26.680 0.2857142985
149241  -32.389  4.309  -23.871 0.1428571492
