#!ascii label  , from subject sub-v1s11x0050157_ses-1 vox2ras=TkReg
1131
108730  -28.920  -13.030  -7.219 0.5555555820
123802  -28.194  -13.713  -7.993 0.6666666865
108438  -27.824  -13.756  -9.757 0.7777777910
108439  -27.985  -13.664  -10.122 0.7777777910
56625  -27.028  -13.948  -11.432 0.8888888955
58457  -27.939  -12.475  -12.102 0.8888888955
123863  -28.937  -12.877  -6.702 0.5555555820
123791  -28.139  -13.607  -7.299 0.5555555820
109042  -27.463  -14.164  -10.027 0.6666666865
57501  -27.635  -13.906  -10.667 0.8888888955
57523  -26.430  -13.429  -12.380 0.8888888955
125467  -26.160  -12.667  -12.889 1.0000000000
112573  -27.617  -12.070  -12.480 0.8888888955
127306  -26.396  -11.582  -13.080 1.0000000000
123785  -27.165  -14.074  -8.090 0.7777777910
55849  -24.705  -15.108  -12.229 1.0000000000
56653  -23.309  -15.007  -13.147 1.0000000000
112967  -25.014  -14.313  -12.745 1.0000000000
57551  -23.587  -13.634  -14.035 1.0000000000
126117  -23.756  -14.368  -13.492 1.0000000000
116476  -24.177  -12.847  -14.209 1.0000000000
57550  -22.697  -13.580  -14.178 1.0000000000
58483  -23.405  -12.748  -14.470 1.0000000000
59389  -24.092  -11.957  -14.739 1.0000000000
59377  -25.285  -11.277  -13.717 1.0000000000
59397  -24.345  -11.156  -14.921 1.0000000000
60335  -24.714  -10.418  -14.625 1.0000000000
61284  -24.555  -9.781  -15.360 1.0000000000
128689  -24.788  -9.292  -15.248 0.7777777910
56650  -20.405  -14.662  -13.006 0.8888888955
57537  -22.943  -14.425  -13.692 1.0000000000
57549  -21.737  -13.373  -14.100 1.0000000000
120207  -22.173  -11.681  -14.788 1.0000000000
59395  -22.746  -10.913  -15.263 1.0000000000
60343  -23.518  -10.250  -15.546 1.0000000000
61283  -24.083  -9.675  -15.825 1.0000000000
61293  -24.459  -9.158  -16.079 1.0000000000
62235  -24.930  -8.772  -15.780 0.8888888955
62244  -24.739  -8.654  -16.157 1.0000000000
113145  -24.979  -8.117  -16.143 0.7777777910
63156  -25.186  -7.432  -14.457 0.7777777910
58468  -18.731  -12.477  -12.605 0.5555555820
61275  -20.550  -9.558  -14.820 0.7777777910
59386  -20.245  -11.099  -14.171 0.8888888955
60341  -21.967  -10.375  -15.260 1.0000000000
60334  -21.055  -10.461  -14.828 0.8888888955
129061  -21.610  -9.523  -15.371 1.0000000000
125593  -22.533  -9.054  -15.864 1.0000000000
62242  -23.737  -8.355  -16.585 1.0000000000
63179  -24.610  -8.035  -16.549 0.8888888955
62250  -24.089  -7.907  -16.792 1.0000000000
63187  -24.424  -7.392  -16.900 0.8888888955
64941  -25.157  -5.610  -16.728 0.7777777910
64920  -25.412  -5.654  -14.712 0.6666666865
120946  -25.355  -5.226  -15.657 0.6666666865
61259  -18.424  -9.498  -13.199 0.4444444478
61274  -19.625  -9.472  -14.286 0.7777777910
62222  -19.185  -8.601  -14.294 0.6666666865
62233  -21.030  -7.906  -15.576 0.7777777910
61281  -20.838  -8.758  -15.267 0.8888888955
62234  -21.755  -8.523  -15.727 0.8888888955
61291  -23.235  -8.717  -16.292 1.0000000000
128891  -21.979  -7.067  -16.267 1.0000000000
63177  -22.662  -7.487  -16.499 1.0000000000
63186  -23.838  -7.182  -17.022 1.0000000000
64095  -23.592  -6.296  -17.178 0.8888888955
64097  -24.737  -6.177  -17.109 0.7777777910
121006  -25.474  -4.951  -14.768 0.5555555820
65705  -25.330  -4.529  -16.471 0.7777777910
66441  -25.482  -3.665  -15.793 0.6666666865
64075  -19.658  -6.446  -15.286 0.6666666865
63155  -19.128  -7.706  -14.542 0.6666666865
63171  -20.251  -7.218  -15.354 0.7777777910
63172  -21.260  -7.126  -15.909 0.8888888955
64086  -21.553  -6.398  -16.292 1.0000000000
64940  -22.033  -5.613  -16.709 1.0000000000
115532  -22.857  -5.997  -17.010 1.0000000000
64087  -23.149  -6.894  -16.872 0.8888888955
114747  -23.887  -4.825  -17.667 0.8888888955
115672  -24.412  -4.849  -17.641 0.8888888955
118289  -24.997  -4.847  -17.342 0.7777777910
65717  -23.411  -4.326  -17.700 0.8888888955
65718  -24.045  -4.055  -18.018 0.7777777910
66460  -25.098  -3.569  -17.683 0.7777777910
66449  -25.356  -3.672  -16.797 0.7777777910
67234  -25.611  -2.802  -15.140 0.6666666865
64928  -19.111  -5.734  -15.205 0.6666666865
64074  -18.695  -6.416  -14.696 0.5555555820
64929  -20.062  -5.833  -15.673 0.7777777910
64939  -20.901  -5.528  -16.241 0.8888888955
65703  -21.525  -4.746  -16.696 1.0000000000
65716  -22.752  -4.585  -17.369 1.0000000000
64094  -23.338  -5.275  -17.385 0.8888888955
66470  -24.505  -3.317  -18.240 0.7777777910
67260  -25.111  -2.672  -17.942 0.7777777910
67249  -25.426  -2.362  -16.896 0.6666666865
131097  -25.838  -1.509  -15.587 0.5555555820
67235  -25.985  -1.845  -14.778 0.5555555820
65691  -18.546  -4.899  -15.197 0.6666666865
65692  -19.809  -5.117  -15.755 0.8888888955
122348  -20.325  -3.760  -16.429 1.0000000000
66448  -21.198  -3.955  -16.742 1.0000000000
119630  -22.237  -3.276  -17.493 0.8888888955
66457  -22.805  -3.789  -17.645 0.8888888955
128603  -22.874  -2.320  -18.209 0.8888888955
66458  -23.444  -3.500  -18.023 0.8888888955
67273  -24.531  -2.513  -18.453 0.7777777910
114117  -25.239  -0.815  -18.170 0.7777777910
68120  -25.307  -1.702  -17.594 0.7777777910
68108  -25.605  -1.584  -16.466 0.5555555820
68131  -24.117  -1.299  -19.009 0.7777777910
69019  -25.492  -0.860  -16.899 0.5555555820
68109  -25.896  -0.914  -15.875 0.5555555820
129517  -25.499  -0.170  -17.241 0.6666666865
66440  -17.501  -3.538  -14.982 0.4444444478
127390  -17.845  -3.780  -15.179 0.5555555820
120364  -19.373  -3.359  -16.091 0.7777777910
130881  -20.193  -3.266  -16.494 1.0000000000
67248  -20.047  -2.750  -16.544 1.0000000000
66455  -21.630  -2.817  -17.290 0.8888888955
112169  -21.715  -2.064  -17.518 0.8888888955
67258  -22.350  -2.516  -17.746 0.8888888955
68119  -22.528  -1.734  -18.123 0.8888888955
67270  -23.161  -1.781  -18.577 0.8888888955
116729  -24.624  -0.909  -18.822 0.6666666865
69855  -26.379  0.843  -15.755 0.5555555820
111010  -16.493  -1.442  -15.437 0.6666666865
67246  -17.518  -2.538  -15.515 0.6666666865
68106  -18.950  -1.587  -16.424 0.7777777910
68107  -19.954  -1.938  -16.689 0.8888888955
68117  -19.937  -1.013  -16.952 0.7777777910
68118  -20.876  -1.628  -17.275 0.8888888955
129720  -21.001  -0.986  -17.466 0.7777777910
69041  -22.590  -0.577  -18.600 0.7777777910
68129  -22.966  -1.095  -18.780 0.7777777910
68138  -23.747  -0.780  -19.232 0.6666666865
69874  -22.786  -0.023  -19.024 0.6666666865
69885  -23.997  0.085  -19.528 0.6666666865
69044  -24.208  -0.473  -19.290 0.6666666865
69045  -24.838  -0.213  -18.817 0.5555555820
71605  -25.025  2.272  -18.431 0.6666666865
70756  -25.019  1.437  -18.528 0.5555555820
70744  -25.893  1.557  -17.108 0.5555555820
69033  -25.773  0.679  -16.923 0.4444444478
70743  -25.462  1.906  -17.793 0.5555555820
108595  -13.441  2.551  -15.453 0.3333333433
108592  -13.213  1.152  -15.494 0.3333333433
108997  -16.157  0.449  -15.704 0.5555555820
115263  -17.221  -0.400  -15.743 0.6666666865
69849  -17.299  0.224  -16.083 0.5555555820
114767  -17.848  -0.042  -16.352 0.7777777910
69030  -19.533  -0.017  -17.017 0.7777777910
124481  -19.299  0.805  -17.143 0.6666666865
69031  -20.599  -0.278  -17.409 0.6666666865
69864  -21.207  0.334  -17.746 0.6666666865
70754  -22.367  0.811  -18.688 0.6666666865
115690  -23.780  1.789  -19.557 0.6666666865
71612  -24.539  2.514  -19.085 0.6666666865
71594  -25.556  2.734  -17.820 0.5555555820
117358  -26.202  3.945  -17.532 0.5555555820
72383  -25.720  3.456  -17.875 0.6666666865
111908  -15.360  3.062  -15.629 0.4444444478
108925  -12.950  3.211  -15.028 0.4444444478
109957  -15.139  1.883  -15.644 0.4444444478
108591  -16.440  2.601  -15.943 0.5555555820
108966  -16.456  1.406  -15.967 0.5555555820
123955  -17.646  1.178  -16.709 0.6666666865
69851  -18.104  0.793  -16.828 0.6666666865
69862  -18.685  1.227  -17.095 0.6666666865
70742  -21.629  0.806  -18.168 0.6666666865
110821  -23.216  1.764  -19.496 0.6666666865
119466  -23.945  2.764  -19.552 0.6666666865
73199  -25.582  4.195  -18.291 0.6666666865
73200  -26.337  4.885  -17.764 0.5555555820
123926  -17.135  3.711  -16.155 0.4444444478
70739  -18.687  1.980  -17.237 0.6666666865
70740  -19.578  1.564  -17.303 0.6666666865
70752  -21.075  2.033  -17.960 0.6666666865
70741  -20.784  1.317  -17.739 0.6666666865
72408  -24.409  3.392  -19.315 0.6666666865
108707  -26.794  -14.674  -10.690 1.0000000000
56635  -25.505  -14.787  -11.930 1.0000000000
56655  -24.964  -13.768  -13.199 1.0000000000
58471  -25.530  -12.326  -13.403 1.0000000000
67233  -17.117  -2.741  -15.113 0.5555555820
112525  -19.545  -4.255  -15.885 0.7777777910
115351  -20.876  -3.195  -16.797 1.0000000000
67271  -23.419  -2.615  -18.360 0.8888888955
67217  -16.662  -3.501  -13.700 0.2222222239
109782  -25.318  0.171  -18.040 0.6666666865
70725  -17.979  1.534  -17.109 0.6666666865
71590  -19.406  2.279  -17.310 0.6666666865
63154  -18.484  -7.925  -14.053 0.4444444478
64927  -18.285  -5.701  -14.690 0.4444444478
73182  -26.808  4.324  -17.043 0.5555555820
73183  -27.383  4.697  -16.413 0.5555555820
123836  -14.576  4.471  -15.133 0.2222222239
73201  -27.117  5.123  -17.160 0.5555555820
109023  -29.174  -12.358  -6.478 0.5555555820
108819  -28.702  -13.193  -7.546 0.5555555820
57486  -28.868  -12.882  -8.442 0.5555555820
58431  -28.800  -12.693  -11.061 0.7777777910
58442  -28.472  -12.543  -11.608 0.8888888955
123848  -28.796  -12.659  -6.249 0.5555555820
56611  -28.278  -13.345  -9.952 0.6666666865
57502  -28.281  -13.249  -10.890 0.8888888955
128476  -28.367  -12.161  -12.052 0.7777777910
58458  -28.223  -11.843  -12.293 0.7777777910
59379  -26.862  -11.155  -12.869 0.8888888955
108491  -28.298  -12.903  -6.342 0.4444444478
123844  -27.161  -12.975  -8.137 0.5555555820
59378  -25.984  -11.150  -13.320 1.0000000000
127702  -26.357  -13.666  -8.832 0.2222222239
109112  -25.866  -15.192  -11.305 0.6666666865
61260  -25.557  -9.750  -13.523 0.8888888955
127339  -24.994  -9.155  -14.187 0.6666666865
63173  -25.008  -8.154  -15.333 0.7777777910
123826  -22.409  -14.448  -12.759 0.5555555820
64057  -25.601  -6.822  -13.560 0.6666666865
123824  -19.686  -14.135  -12.627 0.4444444478
64911  -25.736  -5.997  -13.683 0.5555555820
65685  -26.136  -4.332  -13.370 0.5555555820
129548  -17.422  -11.287  -12.081 0.2222222239
66430  -25.943  -3.793  -14.008 0.5555555820
62221  -18.513  -8.734  -13.661 0.4444444478
131100  -25.924  -2.402  -14.481 0.5555555820
64906  -17.678  -5.878  -13.524 0.3333333433
68079  -26.608  -1.163  -13.707 0.5555555820
122904  -17.857  -4.281  -14.967 0.4444444478
68989  -26.861  -0.581  -14.203 0.4444444478
66424  -16.855  -4.339  -13.646 0.3333333433
69021  -26.630  0.356  -14.981 0.5555555820
70731  -26.732  1.689  -15.494 0.4444444478
70693  -12.401  1.389  -14.734 0.3333333433
69836  -13.585  0.164  -15.230 0.3333333433
69000  -14.551  -0.263  -14.594 0.4444444478
70730  -26.396  2.035  -16.450 0.4444444478
72369  -27.117  3.787  -16.242 0.4444444478
73184  -28.060  5.206  -15.922 0.2222222239
73175  -16.685  4.491  -15.807 0.3333333433
71574  -18.162  2.127  -17.282 0.6666666865
71602  -20.931  2.627  -18.011 0.6666666865
71610  -22.914  2.701  -19.574 0.6666666865
72406  -23.425  3.524  -19.812 0.6666666865
122514  -24.457  4.894  -19.861 0.6666666865
74028  -25.475  5.672  -18.899 0.6666666865
73215  -25.726  5.061  -18.440 0.6666666865
74009  -26.787  5.823  -17.661 0.4444444478
73990  -28.058  5.966  -16.324 0.3333333433
71601  -20.134  2.618  -17.564 0.5555555820
108446  -27.572  -13.805  -8.047 0.6666666865
123751  -27.098  -14.446  -10.526 0.8888888955
57522  -25.609  -14.055  -12.531 1.0000000000
56636  -26.201  -14.408  -11.746 1.0000000000
58456  -26.925  -12.487  -12.583 1.0000000000
57524  -27.307  -13.024  -12.102 0.8888888955
57511  -27.815  -13.226  -11.503 0.8888888955
108803  -28.648  -13.250  -7.207 0.4444444478
108479  -27.150  -14.465  -10.281 0.8888888955
58472  -26.316  -12.082  -13.044 1.0000000000
57540  -25.598  -13.179  -13.035 1.0000000000
57539  -24.881  -12.850  -13.654 1.0000000000
59361  -27.013  -11.784  -12.758 1.0000000000
58485  -25.011  -11.756  -13.868 1.0000000000
108724  -26.740  -14.336  -9.154 0.6666666865
111838  -26.524  -14.909  -10.074 0.8888888955
130164  -26.919  -13.414  -7.849 0.6666666865
111826  -26.053  -14.948  -11.296 1.0000000000
108487  -24.867  -15.260  -11.919 0.8888888955
131340  -24.205  -15.254  -12.394 0.8888888955
108801  -26.282  -14.999  -11.020 1.0000000000
56654  -24.041  -14.735  -13.033 1.0000000000
123781  -23.426  -15.231  -12.869 0.8888888955
108500  -22.102  -15.404  -13.149 1.0000000000
130447  -24.412  -14.249  -13.245 1.0000000000
57538  -24.317  -13.650  -13.707 1.0000000000
130456  -24.986  -12.236  -13.779 1.0000000000
58482  -22.457  -12.606  -14.517 1.0000000000
59390  -24.555  -11.633  -14.458 1.0000000000
60320  -25.244  -10.607  -13.764 0.8888888955
121809  -24.753  -11.079  -14.327 1.0000000000
59396  -23.746  -11.124  -15.196 1.0000000000
59388  -23.174  -11.842  -14.878 1.0000000000
60344  -24.191  -10.429  -15.330 1.0000000000
124751  -24.876  -9.887  -14.451 0.8888888955
62224  -24.903  -8.779  -14.998 0.7777777910
57535  -20.914  -14.025  -13.432 1.0000000000
57521  -19.846  -14.010  -12.856 0.5555555820
108882  -22.075  -15.521  -13.168 0.6666666865
57536  -22.010  -14.368  -13.735 1.0000000000
109052  -20.270  -14.591  -12.830 0.5555555820
58481  -21.483  -12.355  -14.363 1.0000000000
58470  -20.775  -12.991  -13.809 0.8888888955
115324  -21.217  -11.427  -14.563 1.0000000000
60342  -22.627  -9.938  -15.588 1.0000000000
61292  -23.933  -9.030  -16.336 1.0000000000
62243  -24.285  -8.546  -16.472 1.0000000000
63180  -24.848  -7.422  -16.560 0.8888888955
64077  -25.113  -7.224  -15.729 0.7777777910
64064  -25.315  -6.529  -14.644 0.6666666865
58455  -18.232  -13.035  -11.926 0.5555555820
108506  -19.239  -13.249  -12.667 0.5555555820
59375  -18.297  -11.633  -12.574 0.6666666865
59376  -19.370  -11.689  -13.426 0.6666666865
120040  -20.116  -13.428  -13.253 0.7777777910
58480  -20.492  -12.032  -14.008 0.7777777910
60333  -19.988  -10.250  -14.280 0.7777777910
62223  -20.085  -8.884  -14.723 0.6666666865
63178  -23.466  -7.675  -16.742 1.0000000000
64096  -24.254  -6.632  -17.161 0.8888888955
64088  -25.052  -6.613  -16.591 0.7777777910
64930  -25.241  -6.152  -15.742 0.7777777910
65667  -25.863  -5.124  -13.751 0.5555555820
65693  -25.415  -4.386  -15.286 0.6666666865
61273  -18.839  -9.393  -13.688 0.5555555820
62207  -18.405  -9.013  -13.340 0.3333333433
60318  -18.270  -10.265  -12.714 0.3333333433
60331  -18.579  -9.979  -13.238 0.4444444478
59385  -19.300  -10.800  -13.623 0.6666666865
130519  -19.671  -7.518  -14.944 0.6666666865
62232  -20.043  -8.082  -14.978 0.7777777910
62240  -21.894  -7.723  -16.032 0.8888888955
62241  -22.540  -8.267  -16.196 1.0000000000
116584  -22.392  -6.584  -16.610 1.0000000000
64948  -24.154  -5.665  -17.425 0.7777777910
119845  -25.160  -4.198  -17.323 0.7777777910
66429  -25.574  -3.658  -14.779 0.5555555820
64076  -20.650  -6.423  -15.824 0.8888888955
65704  -22.231  -4.832  -16.987 1.0000000000
131196  -25.331  -3.062  -17.150 0.7777777910
113584  -25.508  -2.959  -16.278 0.6666666865
63169  -18.518  -7.149  -14.340 0.4444444478
65702  -20.571  -4.555  -16.342 0.8888888955
65715  -22.058  -4.087  -17.173 0.8888888955
67272  -23.979  -2.638  -18.565 0.7777777910
68094  -26.261  -1.036  -14.821 0.5555555820
65701  -18.489  -3.960  -15.462 0.6666666865
66456  -21.619  -3.464  -17.100 1.0000000000
67259  -22.867  -2.998  -17.938 0.8888888955
113805  -24.203  -2.016  -18.673 0.8888888955
68130  -23.497  -1.214  -18.956 0.8888888955
69020  -25.987  -0.070  -16.140 0.5555555820
66447  -18.020  -3.190  -15.489 0.5555555820
67247  -18.777  -2.446  -16.108 0.7777777910
67257  -20.865  -2.393  -17.041 0.8888888955
68088  -16.033  -2.108  -15.344 0.5555555820
68104  -16.202  -2.258  -15.527 0.5555555820
69017  -16.729  -0.737  -15.504 0.4444444478
68105  -17.564  -1.915  -15.719 0.6666666865
111993  -17.295  -1.139  -15.631 0.6666666865
67245  -16.084  -2.888  -15.850 0.6666666865
69018  -18.512  -0.753  -16.467 0.7777777910
111385  -21.784  -1.342  -17.697 0.7777777910
69032  -21.767  -0.554  -17.819 0.6666666865
69043  -23.387  -0.675  -19.171 0.6666666865
69051  -23.281  -0.149  -19.332 0.6666666865
70763  -23.571  1.048  -19.501 0.6666666865
70764  -24.060  0.855  -19.510 0.6666666865
69876  -24.974  0.606  -18.721 0.5555555820
69865  -25.385  1.061  -17.845 0.5555555820
71580  -26.618  2.898  -16.545 0.4444444478
128334  -26.239  1.355  -16.382 0.4444444478
72384  -26.148  3.165  -17.321 0.5555555820
69016  -15.040  -0.326  -15.455 0.4444444478
108590  -15.184  0.811  -15.543 0.5555555820
69029  -18.648  0.369  -16.832 0.7777777910
72397  -25.073  3.229  -18.504 0.6666666865
108981  -17.862  1.809  -17.074 0.6666666865
131609  -22.515  1.812  -19.107 0.6666666865
71611  -23.415  2.686  -19.616 0.6666666865
73228  -24.389  4.232  -19.575 0.6666666865
67232  -16.181  -2.538  -15.666 0.3333333433
115297  -18.388  -7.424  -14.081 0.4444444478
64063  -18.397  -6.474  -14.355 0.4444444478
74010  -27.430  5.947  -16.997 0.3333333433
60321  -26.422  -10.412  -13.081 0.7777777910
123805  -27.598  -13.237  -6.984 0.4444444478
62210  -25.041  -8.322  -14.194 0.6666666865
108826  -24.076  -14.964  -12.016 0.7777777910
60319  -18.514  -10.702  -13.058 0.3333333433
59360  -17.409  -11.980  -11.890 0.3333333433
59343  -17.405  -12.520  -11.685 0.1111111119
61232  -18.388  -9.894  -12.239 0.1111111119
64919  -17.275  -5.681  -13.813 0.3333333433
65681  -18.015  -5.003  -14.736 0.3333333433
69001  -14.697  -1.347  -14.863 0.3333333433
74029  -26.173  5.722  -18.315 0.6666666865
74759  -27.303  6.738  -17.576 0.4444444478
108776  -29.568  -11.519  -5.217 0.4444444478
108702  -29.666  -10.836  -4.207 0.2222222239
123850  -29.122  -12.334  -6.033 0.4444444478
108434  -28.915  -12.869  -5.820 0.4444444478
123790  -29.155  -12.404  -6.890 0.4444444478
108462  -29.408  -11.799  -6.489 0.4444444478
123825  -29.567  -11.284  -5.845 0.4444444478
57474  -29.610  -11.179  -6.979 0.4444444478
108866  -29.601  -10.786  -5.869 0.2222222239
126033  -29.113  -12.400  -8.000 0.4444444478
116475  -29.374  -11.690  -7.611 0.4444444478
108464  -29.662  -10.629  -6.366 0.1111111119
58402  -29.705  -10.536  -6.818 0.1111111119
57487  -29.204  -12.063  -8.372 0.4444444478
57488  -29.399  -11.409  -8.013 0.3333333433
57497  -29.296  -11.689  -8.781 0.3333333433
58414  -29.583  -10.881  -7.738 0.2222222239
57496  -29.026  -12.448  -9.133 0.4444444478
58433  -29.365  -11.748  -10.759 0.2222222239
59328  -29.500  -11.043  -9.449 0.1111111119
60273  -29.632  -9.923  -10.678 0.1111111119
59337  -29.377  -11.461  -11.264 0.3333333433
127045  -28.685  -11.853  -12.006 0.4444444478
59363  -28.625  -11.197  -12.302 0.5555555820
124511  -28.254  -10.732  -12.481 0.6666666865
118652  -29.222  -10.023  -12.140 0.4444444478
60308  -27.529  -10.611  -12.659 0.6666666865
116449  -28.600  -9.213  -12.449 0.3333333433
128905  -27.258  -9.441  -12.616 0.5555555820
62211  -25.798  -8.758  -13.188 0.5555555820
62199  -27.129  -8.806  -12.516 0.5555555820
62200  -28.061  -8.693  -12.465 0.4444444478
63146  -26.495  -7.855  -12.558 0.3333333433
64058  -26.192  -6.411  -12.727 0.4444444478
125944  -26.084  -7.122  -12.767 0.4444444478
64912  -26.278  -5.657  -12.762 0.4444444478
71619  -23.143  3.373  -19.790 0.5555555820
72405  -22.742  3.648  -19.882 0.5555555820
73226  -23.374  4.149  -20.213 0.5555555820
74041  -24.884  5.516  -19.670 0.5555555820
75571  -26.424  7.128  -18.866 0.5555555820
108445  -29.411  -12.266  -5.270 0.4444444478
124033  -29.613  -10.708  -4.927 0.2222222239
128860  -29.433  -11.248  -8.281 0.2222222239
59350  -29.088  -11.353  -11.899 0.4444444478
60296  -29.378  -10.702  -11.748 0.3333333433
61248  -28.239  -10.024  -12.483 0.4444444478
64041  -26.916  -6.999  -12.405 0.3333333433
66412  -26.316  -3.523  -13.193 0.4444444478
74040  -24.132  5.426  -20.579 0.5555555820
74051  -23.397  5.194  -20.984 0.5555555820
108447  -29.150  -12.423  -7.390 0.4444444478
74778  -25.903  6.422  -18.806 0.5555555820
108747  -28.666  -14.759  -5.105 0.4444444478
114249  -29.087  -13.488  -4.939 0.4444444478
108437  -29.462  -12.667  -4.698 0.4444444478
109642  -29.709  -12.184  -3.698 0.2222222239
108431  -29.801  -12.390  -2.928 0.1111111119
108779  -28.560  -13.841  -5.890 0.4444444478
109114  -29.588  -10.189  -5.473 0.1111111119
108473  -29.665  -10.747  -3.515 0.1111111119
59312  -29.552  -10.426  -8.092 0.1111111119
124155  -29.545  -9.838  -8.123 0.1111111119
60283  -29.588  -10.215  -11.224 0.1111111119
61238  -29.587  -9.321  -12.006 0.2222222239
62201  -28.856  -8.365  -12.586 0.1111111119
61250  -29.292  -9.083  -12.360 0.2222222239
63133  -27.757  -7.839  -12.423 0.2222222239
64042  -28.014  -6.827  -12.477 0.2222222239
64899  -27.100  -6.111  -12.388 0.3333333433
117201  -26.796  -4.164  -12.628 0.3333333433
66413  -27.076  -3.335  -12.614 0.3333333433
114026  -25.988  -2.973  -14.088 0.4444444478
67207  -26.580  -2.528  -13.017 0.3333333433
68089  -16.114  -2.465  -15.487 0.4444444478
69007  -26.771  0.050  -14.426 0.4444444478
122108  -26.844  2.387  -15.851 0.3333333433
72379  -19.519  2.530  -17.320 0.4444444478
74779  -26.593  6.523  -18.261 0.5555555820
72404  -22.245  3.580  -19.537 0.5555555820
73235  -22.727  4.498  -20.505 0.5555555820
74792  -24.745  6.058  -20.191 0.5555555820
75570  -25.801  7.007  -19.445 0.5555555820
74050  -22.801  5.350  -21.405 0.5555555820
57503  -28.551  -13.020  -10.481 0.5555555820
131929  -28.762  -12.709  -10.302 0.5555555820
58443  -29.022  -12.074  -11.470 0.6666666865
59362  -27.786  -11.347  -12.558 0.6666666865
63145  -25.575  -7.692  -13.368 0.5555555820
114451  -26.351  -1.983  -13.741 0.4444444478
71581  -27.207  3.010  -15.688 0.3333333433
58432  -29.113  -12.331  -10.818 0.3333333433
58424  -29.107  -12.239  -10.491 0.3333333433
123854  -29.680  -11.583  -4.219 0.4444444478
123749  -29.398  -12.063  -5.849 0.4444444478
108463  -29.384  -11.735  -7.000 0.4444444478
131978  -29.567  -11.299  -6.487 0.4444444478
58401  -29.654  -11.041  -7.264 0.2222222239
58425  -29.392  -11.509  -9.348 0.3333333433
57498  -29.434  -11.071  -8.592 0.2222222239
129343  -29.503  -10.851  -11.277 0.2222222239
59338  -29.550  -10.880  -10.934 0.1111111119
119396  -29.555  -10.503  -9.458 0.1111111119
60309  -28.775  -10.435  -12.350 0.4444444478
61249  -28.883  -9.759  -12.357 0.3333333433
60310  -29.074  -10.767  -12.167 0.4444444478
62202  -29.559  -8.342  -12.576 0.1111111119
115193  -27.832  -9.361  -12.520 0.4444444478
61261  -26.563  -9.549  -12.869 0.5555555820
61247  -27.350  -9.928  -12.667 0.5555555820
65668  -26.599  -4.990  -12.647 0.4444444478
73227  -23.780  4.589  -20.325 0.5555555820
73236  -23.062  4.713  -20.769 0.5555555820
74793  -25.317  6.274  -19.502 0.5555555820
59329  -29.483  -10.549  -8.698 0.1111111119
74803  -23.191  5.854  -21.674 0.5555555820
123563  -29.484  -9.980  -11.767 0.2222222239
123873  -28.849  -14.186  -4.825 0.4444444478
123945  -29.526  -13.075  -3.818 0.4444444478
127559  -29.556  -9.984  -3.942 0.1111111119
126991  -29.697  -10.183  -7.255 0.1111111119
51102  -26.534  -20.932  -4.832 0.1111111119
123867  -25.632  -18.738  -7.737 0.3333333433
109852  -26.302  -20.071  -5.819 0.2222222239
121516  -26.854  -20.617  -4.430 0.1111111119
123858  -27.225  -19.918  -4.306 0.1111111119
123833  -26.504  -16.406  -8.261 0.3333333433
53212  -25.624  -18.046  -8.312 0.3333333433
109057  -26.978  -18.103  -6.298 0.3333333433
108983  -27.020  -18.626  -5.690 0.3333333433
52164  -26.641  -19.390  -5.735 0.2222222239
123883  -27.408  -18.530  -5.028 0.2222222239
108922  -27.087  -19.278  -5.054 0.2222222239
124318  -27.381  -19.087  -4.474 0.2222222239
108749  -26.942  -15.838  -7.793 0.2222222239
108443  -26.776  -15.919  -8.072 0.2222222239
108472  -26.412  -15.883  -8.696 0.2222222239
123903  -26.575  -17.265  -7.559 0.3333333433
108433  -26.684  -18.085  -6.924 0.3333333433
108427  -27.629  -18.414  -4.156 0.1111111119
108448  -27.758  -14.632  -6.995 0.2222222239
108444  -27.190  -16.039  -7.387 0.3333333433
123861  -27.968  -14.941  -6.698 0.3333333433
108784  -27.471  -16.254  -6.743 0.3333333433
123783  -27.289  -16.521  -6.909 0.3333333433
123919  -27.666  -16.678  -6.050 0.3333333433
123799  -27.692  -17.264  -5.253 0.3333333433
130590  -28.466  -15.887  -4.621 0.3333333433
123860  -27.938  -17.336  -4.444 0.3333333433
108428  -27.845  -17.641  -4.319 0.1111111119
123809  -28.461  -16.321  -4.082 0.2222222239
108852  -28.179  -13.120  -6.385 0.2222222239
126291  -28.022  -14.123  -6.938 0.2222222239
123810  -28.300  -14.713  -6.090 0.3333333433
123766  -28.136  -15.541  -5.914 0.3333333433
123902  -28.472  -15.452  -5.191 0.3333333433
108862  -28.509  -12.864  -5.934 0.3333333433
123811  -28.859  -14.701  -4.078 0.3333333433
108453  -29.201  -13.979  -3.945 0.3333333433
65650  -27.423  -5.453  -12.404 0.2222222239
65669  -27.475  -4.759  -12.429 0.2222222239
68080  -27.750  -1.339  -14.066 0.2222222239
108792  -25.874  -19.091  -7.169 0.3333333433
109069  -26.197  -19.497  -6.462 0.3333333433
108899  -26.654  -20.138  -5.079 0.2222222239
123817  -27.292  -15.921  -7.273 0.3333333433
123862  -27.532  -16.907  -6.240 0.3333333433
108429  -27.388  -17.793  -5.745 0.3333333433
49198  -25.692  -21.763  -5.493 0.1111111119
49199  -26.271  -21.660  -4.901 0.1111111119
52213  -24.150  -18.681  -9.414 0.3333333433
52189  -25.184  -18.886  -8.204 0.3333333433
51143  -24.787  -19.664  -7.939 0.3333333433
111435  -25.367  -19.436  -7.556 0.3333333433
108432  -25.582  -19.920  -6.907 0.3333333433
51119  -25.823  -20.392  -6.223 0.3333333433
49178  -26.802  -22.092  -3.700 0.1111111119
108415  -27.178  -20.776  -3.806 0.1111111119
123942  -25.608  -17.147  -9.046 0.3333333433
108709  -27.499  -20.161  -3.370 0.1111111119
123816  -26.596  -15.842  -8.399 0.2222222239
123859  -27.546  -19.288  -3.726 0.1111111119
123736  -27.132  -14.875  -7.557 0.2222222239
109056  -28.041  -18.024  -3.533 0.1111111119
123846  -28.612  -16.656  -3.110 0.1111111119
108825  -28.777  -15.846  -3.337 0.1111111119
123901  -28.944  -15.186  -3.489 0.1111111119
68990  -27.437  0.105  -14.341 0.2222222239
108851  -28.116  -12.765  -6.562 0.2222222239
108495  -25.478  -15.283  -11.597 0.5555555820
67208  -27.470  -2.372  -12.629 0.2222222239
50141  -26.729  -21.407  -4.196 0.1111111119
50160  -26.129  -20.873  -5.486 0.1111111119
108921  -26.137  -18.179  -7.555 0.3333333433
108805  -26.085  -17.186  -8.296 0.3333333433
108884  -26.004  -16.295  -8.938 0.2222222239
53226  -24.965  -18.075  -9.013 0.3333333433
123948  -26.333  -18.740  -6.899 0.3333333433
109365  -26.639  -18.746  -6.331 0.3333333433
108948  -27.102  -17.307  -6.752 0.3333333433
109082  -27.604  -17.895  -4.889 0.2222222239
108436  -26.899  -16.504  -7.496 0.3333333433
108713  -28.249  -16.206  -5.030 0.3333333433
123767  -28.119  -17.599  -3.791 0.1111111119
123976  -27.338  -13.883  -6.846 0.2222222239
123754  -28.630  -15.465  -4.234 0.3333333433
50159  -25.583  -21.157  -6.006 0.2222222239
52201  -24.500  -19.163  -8.606 0.3333333433
51157  -24.171  -19.982  -8.285 0.3333333433
51144  -25.003  -20.181  -7.360 0.3333333433
51134  -25.149  -20.848  -6.673 0.3333333433
109037  -25.523  -16.403  -9.701 0.2222222239
109115  -24.962  -16.505  -10.481 0.2222222239
131356  -27.567  -4.050  -12.502 0.1111111119
65670  -28.308  -4.518  -12.548 0.1111111119
66415  -29.802  -4.213  -13.216 0.1111111119
66400  -29.120  -4.328  -12.877 0.1111111119
67209  -28.854  -2.616  -12.753 0.1111111119
67210  -29.652  -2.656  -13.134 0.1111111119
68061  -27.070  -1.673  -12.997 0.1111111119
68063  -28.803  -1.859  -12.997 0.1111111119
68062  -27.925  -1.887  -13.011 0.1111111119
69022  -26.975  1.068  -14.760 0.2222222239
68081  -28.081  -1.018  -14.138 0.1111111119
71564  -28.290  2.673  -14.565 0.1111111119
70715  -27.391  2.404  -14.881 0.2222222239
72354  -28.111  3.764  -14.943 0.1111111119
70716  -28.156  2.086  -14.376 0.1111111119
71550  -28.987  3.059  -14.590 0.1111111119
72396  -21.670  3.207  -18.719 0.4444444478
73162  -27.866  4.383  -15.503 0.1111111119
73223  -21.371  4.360  -19.167 0.4444444478
73225  -22.368  4.190  -20.070 0.4444444478
73163  -28.887  4.884  -15.292 0.1111111119
75549  -27.543  7.588  -17.758 0.3333333433
74744  -28.763  6.582  -16.355 0.1111111119
73991  -28.810  5.762  -15.823 0.1111111119
73992  -29.589  6.151  -16.095 0.1111111119
74804  -24.122  6.352  -21.001 0.4444444478
108560  -24.431  7.173  -21.539 0.4444444478
75595  -25.012  7.834  -20.764 0.4444444478
74805  -24.993  6.909  -20.254 0.4444444478
76366  -25.818  8.230  -20.021 0.4444444478
75585  -26.275  7.681  -19.435 0.4444444478
130378  -27.312  8.499  -18.824 0.4444444478
127640  -27.448  8.076  -18.265 0.2222222239
76353  -28.675  8.764  -18.218 0.2222222239
110232  -28.138  8.193  -17.659 0.2222222239
76336  -29.070  8.261  -17.599 0.2222222239
75551  -29.591  7.541  -17.141 0.2222222239
78063  -29.881  10.684  -24.820 0.1111111119
78046  -30.663  9.822  -22.177 0.1111111119
75575  -31.418  7.096  -19.047 0.1111111119
119990  -21.622  5.548  -21.723 0.4444444478
74813  -22.751  5.938  -23.249 0.4444444478
108953  -24.163  7.068  -23.108 0.3333333433
108565  -25.056  8.954  -21.047 0.4444444478
77197  -26.086  9.136  -20.007 0.4444444478
77198  -26.900  9.400  -19.560 0.4444444478
76367  -26.706  8.552  -19.375 0.4444444478
108559  -27.569  9.209  -19.115 0.4444444478
108563  -27.020  10.887  -20.050 0.3333333433
109099  -28.177  9.783  -19.228 0.3333333433
109083  -29.279  10.280  -19.784 0.1111111119
108552  -29.610  9.626  -19.452 0.1111111119
77199  -30.320  9.305  -19.805 0.1111111119
76354  -29.537  8.670  -18.313 0.2222222239
76368  -29.993  9.050  -19.019 0.1111111119
108547  -30.905  8.832  -20.303 0.1111111119
74812  -22.031  5.786  -22.942 0.2222222239
108564  -24.645  8.101  -22.608 0.3333333433
108962  -24.873  9.259  -22.920 0.3333333433
111798  -26.517  10.024  -19.986 0.3333333433
108996  -27.525  10.102  -19.569 0.4444444478
78813  -28.496  11.670  -20.278 0.2222222239
110470  -27.991  11.012  -19.810 0.2222222239
108556  -29.684  10.704  -20.485 0.2222222239
108550  -30.351  10.181  -21.161 0.1111111119
79622  -29.245  12.437  -21.507 0.1111111119
78814  -29.310  11.483  -20.627 0.1111111119
78039  -29.941  11.146  -21.362 0.1111111119
78839  -29.776  11.847  -21.918 0.1111111119
78045  -30.174  11.119  -22.407 0.1111111119
127149  -30.379  10.531  -22.004 0.1111111119
108850  -23.400  6.180  -24.653 0.3333333433
108762  -24.167  7.443  -24.786 0.3333333433
108558  -24.499  9.507  -25.114 0.3333333433
110645  -25.050  10.130  -24.093 0.3333333433
108566  -25.213  9.975  -22.066 0.3333333433
108568  -26.063  10.738  -20.623 0.3333333433
78812  -27.541  11.700  -20.268 0.2222222239
79602  -28.930  12.198  -20.803 0.2222222239
79643  -29.514  12.330  -23.440 0.1111111119
78848  -29.834  11.416  -24.017 0.1111111119
108711  -28.964  12.440  -27.215 0.1111111119
78038  -23.179  10.761  -22.816 0.1111111119
108984  -23.964  11.317  -23.562 0.1111111119
108857  -24.590  10.903  -23.556 0.2222222239
130113  -25.285  12.050  -22.092 0.2222222239
78830  -25.541  11.431  -21.613 0.3333333433
78831  -26.040  12.294  -21.387 0.2222222239
79621  -27.645  13.015  -21.188 0.2222222239
80364  -28.083  13.483  -21.785 0.1111111119
129840  -28.449  14.454  -24.223 0.1111111119
80378  -28.705  13.724  -23.247 0.1111111119
80387  -28.829  13.860  -24.309 0.1111111119
79635  -29.462  12.461  -22.393 0.1111111119
79650  -29.281  12.998  -25.001 0.1111111119
79651  -29.512  12.241  -24.516 0.1111111119
78073  -29.462  10.761  -25.798 0.1111111119
77234  -30.070  9.898  -24.562 0.1111111119
79618  -24.547  12.803  -22.094 0.1111111119
123912  -24.260  11.604  -22.809 0.1111111119
109219  -26.531  14.674  -22.338 0.1111111119
81213  -27.464  14.771  -22.918 0.1111111119
80363  -27.222  13.549  -21.736 0.2222222239
129538  -27.761  14.909  -23.552 0.1111111119
125431  -27.241  16.257  -24.904 0.1111111119
108574  -28.196  15.168  -25.253 0.1111111119
125188  -27.847  15.716  -25.705 0.1111111119
108572  -28.745  14.347  -26.007 0.1111111119
80361  -24.307  13.417  -21.530 0.1111111119
124915  -24.936  14.167  -21.419 0.1111111119
108580  -25.851  15.083  -22.240 0.1111111119
108577  -26.525  15.248  -22.830 0.1111111119
82920  -26.137  16.275  -23.597 0.1111111119
82051  -26.915  16.144  -23.964 0.1111111119
82931  -25.857  16.863  -24.364 0.1111111119
82932  -26.643  16.812  -25.169 0.1111111119
82044  -25.684  15.570  -22.612 0.1111111119
82915  -25.293  16.093  -22.517 0.1111111119
82926  -25.382  16.512  -23.317 0.1111111119
66414  -28.264  -3.357  -12.554 0.1111111119
114608  -29.363  -3.468  -12.958 0.1111111119
118921  -30.287  -3.547  -13.458 0.1111111119
129947  -28.951  -0.396  -14.071 0.1111111119
112196  -28.179  0.362  -14.366 0.1111111119
72338  -28.869  3.689  -14.652 0.1111111119
122047  -22.376  4.803  -20.600 0.4444444478
75548  -27.013  7.302  -18.301 0.4444444478
75550  -28.720  7.701  -17.100 0.2222222239
75532  -28.484  7.142  -16.773 0.1111111119
75533  -29.034  7.231  -16.693 0.1111111119
73977  -29.659  5.431  -15.610 0.1111111119
76355  -30.352  8.375  -18.676 0.2222222239
108553  -30.015  9.975  -20.178 0.1111111119
108549  -30.603  9.473  -20.643 0.1111111119
76379  -31.328  8.264  -20.925 0.1111111119
109080  -25.568  9.899  -20.682 0.3333333433
121872  -30.150  11.026  -23.254 0.1111111119
79620  -26.591  13.035  -21.527 0.2222222239
80371  -28.128  14.154  -22.694 0.1111111119
81206  -25.693  14.404  -21.853 0.1111111119
82939  -26.886  16.978  -26.116 0.1111111119
83724  -24.851  16.365  -23.659 0.1111111119
129871  -24.954  16.339  -23.252 0.1111111119
66416  -31.470  -4.136  -13.581 0.1111111119
70732  -27.319  1.720  -14.658 0.2222222239
119412  -28.633  4.216  -14.955 0.1111111119
73213  -21.446  3.699  -18.618 0.4444444478
108555  -28.459  10.352  -19.559 0.2222222239
79617  -23.869  12.727  -21.845 0.1111111119
80360  -23.667  13.309  -20.928 0.1111111119
109476  -25.537  15.245  -22.051 0.1111111119
109011  -26.372  15.717  -23.277 0.1111111119
65671  -30.460  -4.617  -13.372 0.1111111119
65651  -28.235  -5.299  -12.511 0.1111111119
65652  -29.027  -5.163  -12.942 0.1111111119
65653  -29.710  -4.991  -13.302 0.1111111119
65672  -31.257  -4.765  -13.203 0.1111111119
67212  -31.016  -3.189  -13.985 0.1111111119
67211  -30.345  -2.645  -13.556 0.1111111119
68065  -30.718  -2.246  -13.884 0.1111111119
68082  -30.163  -0.984  -13.777 0.1111111119
69827  -30.047  0.465  -14.599 0.1111111119
68991  -29.432  -0.239  -14.033 0.1111111119
121240  -30.020  2.185  -14.234 0.1111111119
71551  -29.665  2.936  -14.470 0.1111111119
72395  -20.879  3.111  -18.113 0.4444444478
72340  -30.107  3.507  -14.672 0.1111111119
73145  -30.163  4.082  -14.919 0.1111111119
74746  -30.408  6.262  -16.628 0.1111111119
73993  -30.867  5.516  -16.446 0.1111111119
129811  -21.773  4.840  -19.713 0.4444444478
74056  -22.098  5.459  -22.244 0.4444444478
74781  -31.486  6.394  -18.657 0.1111111119
75587  -31.427  7.522  -19.720 0.1111111119
74811  -21.796  6.459  -23.352 0.2222222239
128165  -22.744  5.740  -24.459 0.3333333433
123770  -22.549  6.521  -24.989 0.2222222239
108561  -23.957  8.347  -25.368 0.2222222239
108544  -31.140  8.274  -22.384 0.1111111119
108734  -22.149  8.849  -23.585 0.1111111119
109149  -24.331  10.445  -24.553 0.2222222239
118320  -29.626  9.979  -25.414 0.1111111119
77219  -22.567  9.942  -22.884 0.1111111119
78037  -22.432  10.669  -21.787 0.1111111119
79599  -23.276  12.651  -21.005 0.1111111119
78869  -28.751  11.371  -27.390 0.1111111119
115585  -23.422  12.977  -20.320 0.1111111119
80354  -24.228  13.871  -20.656 0.1111111119
82940  -27.613  16.403  -26.820 0.1111111119
82076  -28.151  15.598  -27.538 0.1111111119
81265  -28.447  14.656  -28.117 0.1111111119
122842  -28.359  14.602  -28.790 0.1111111119
111439  -25.262  14.804  -21.000 0.1111111119
108579  -25.521  15.263  -21.424 0.1111111119
83730  -24.672  16.143  -24.433 0.1111111119
83736  -24.687  16.998  -25.764 0.1111111119
83723  -24.340  16.032  -23.529 0.1111111119
69008  -27.430  0.489  -14.464 0.1111111119
75572  -26.879  7.842  -18.894 0.4444444478
71563  -27.732  3.147  -14.852 0.2222222239
74814  -23.688  6.491  -22.423 0.4444444478
123487  -28.196  -2.179  -12.650 0.1111111119
68064  -30.025  -1.869  -13.354 0.1111111119
69842  -27.782  1.273  -14.208 0.1111111119
70701  -28.987  2.295  -14.360 0.1111111119
73164  -29.889  4.696  -15.184 0.1111111119
74745  -29.609  6.825  -16.602 0.1111111119
77181  -28.403  9.289  -18.815 0.2222222239
123575  -27.919  8.713  -18.432 0.2222222239
77182  -29.204  9.236  -18.809 0.1111111119
75573  -29.983  8.068  -17.857 0.2222222239
74760  -30.475  7.314  -17.617 0.1111111119
78052  -30.167  10.513  -23.906 0.1111111119
78859  -29.645  11.471  -25.174 0.1111111119
125977  -31.033  8.971  -21.005 0.1111111119
78053  -30.417  10.302  -22.959 0.1111111119
108543  -30.668  9.373  -23.044 0.1111111119
108542  -30.977  9.054  -22.323 0.1111111119
74780  -31.149  6.856  -18.160 0.1111111119
75586  -31.037  7.923  -19.214 0.2222222239
76369  -30.665  8.629  -19.488 0.2222222239
108960  -28.901  10.952  -20.025 0.2222222239
78843  -29.875  11.720  -22.915 0.1111111119
108718  -23.399  6.900  -25.290 0.3333333433
108975  -24.612  8.879  -24.559 0.3333333433
123796  -23.573  9.615  -25.134 0.1111111119
108893  -25.048  10.777  -22.582 0.3333333433
108562  -25.421  10.559  -21.401 0.3333333433
78811  -26.534  11.604  -20.676 0.2222222239
122497  -28.516  12.817  -21.224 0.1111111119
116814  -28.883  13.047  -21.959 0.1111111119
79642  -29.204  13.052  -23.889 0.1111111119
79657  -29.445  12.202  -25.622 0.1111111119
79656  -29.283  12.849  -26.156 0.1111111119
78870  -29.320  11.480  -26.237 0.1111111119
81266  -28.624  13.706  -28.001 0.1111111119
77209  -21.668  9.953  -21.615 0.1111111119
78044  -23.586  10.770  -24.364 0.1111111119
78829  -23.126  11.395  -22.038 0.1111111119
125142  -24.866  11.490  -22.555 0.1111111119
79633  -24.720  12.148  -22.388 0.1111111119
79600  -27.100  12.380  -20.856 0.2222222239
81228  -28.044  14.963  -24.208 0.1111111119
109472  -28.592  14.453  -24.903 0.1111111119
80398  -29.035  13.694  -25.516 0.1111111119
109091  -28.810  14.073  -27.132 0.1111111119
79632  -24.215  12.263  -22.401 0.1111111119
79631  -23.826  12.006  -22.553 0.1111111119
80362  -25.135  13.489  -21.735 0.1111111119
117907  -23.371  12.171  -21.732 0.1111111119
113707  -26.242  13.832  -21.948 0.1111111119
108576  -27.272  15.406  -23.572 0.1111111119
79619  -25.388  12.811  -21.843 0.1111111119
80370  -27.437  14.109  -22.205 0.1111111119
108578  -27.575  15.635  -24.495 0.1111111119
130382  -27.726  15.707  -25.092 0.1111111119
83732  -26.107  17.241  -25.419 0.1111111119
82068  -28.036  15.686  -26.647 0.1111111119
108575  -28.438  15.025  -26.403 0.1111111119
108957  -25.442  14.767  -21.762 0.1111111119
83731  -25.453  16.859  -24.765 0.1111111119
128652  -25.076  16.898  -25.128 0.1111111119
130177  -30.230  6.947  -17.022 0.1111111119
76370  -31.245  8.156  -19.997 0.1111111119
108546  -31.333  8.027  -21.765 0.1111111119
83738  -26.377  17.473  -26.402 0.1111111119
82925  -23.827  15.811  -24.103 0.1111111119
69826  -28.892  1.596  -14.330 0.1111111119
74762  -31.424  5.999  -17.947 0.1111111119
75596  -31.511  7.501  -20.445 0.1111111119
108539  -30.853  8.554  -23.047 0.1111111119
122092  -21.478  9.382  -22.326 0.1111111119
123108  -30.498  8.776  -23.826 0.1111111119
82943  -27.175  17.112  -27.043 0.1111111119
81254  -28.484  14.812  -27.391 0.1111111119
83729  -23.803  15.895  -25.184 0.1111111119
117112  -22.972  16.075  -26.297 0.1111111119
83737  -25.606  17.477  -25.785 0.1111111119
51156  -23.435  -20.321  -8.526 0.2222222239
108513  -22.060  -13.806  -10.169 0.2222222239
110209  -19.464  -13.551  -11.528 0.2222222239
123822  -24.368  -14.325  -10.865 0.3333333433
108499  -21.044  -14.708  -12.832 0.4444444478
108912  -19.867  -14.571  -11.757 0.3333333433
72394  -20.324  2.941  -17.688 0.3333333433
72378  -19.364  3.729  -16.847 0.2222222239
74789  -20.703  5.980  -18.988 0.1111111119
74802  -21.176  5.980  -22.162 0.1111111119
74038  -21.815  5.236  -20.370 0.2222222239
68982  -14.411  -0.836  -14.412 0.2222222239
68070  -14.877  -2.135  -14.342 0.1111111119
109093  -25.036  -14.581  -10.389 0.2222222239
68983  -14.684  -1.378  -14.065 0.1111111119
72313  -14.306  3.722  -14.524 0.1111111119
72314  -15.479  3.857  -14.413 0.1111111119
122986  -19.359  4.330  -16.313 0.1111111119
74773  -21.040  5.403  -18.799 0.1111111119
74791  -21.357  5.861  -21.140 0.1111111119
74801  -21.118  6.301  -22.556 0.1111111119
108979  -18.059  4.343  -16.449 0.2222222239
126716  -15.624  4.977  -14.826 0.1111111119
108502  -27.029  -13.214  -7.365 0.2222222239
123784  -25.843  -14.013  -9.325 0.2222222239
62194  -18.186  -8.445  -12.809 0.2222222239
108593  -17.418  4.426  -15.793 0.1111111119
62183  -18.483  -9.017  -12.446 0.1111111119
118497  -17.982  -7.229  -13.134 0.3333333433
73212  -20.938  3.570  -18.389 0.3333333433
74024  -20.953  4.991  -18.570 0.3333333433
74037  -20.988  5.548  -19.033 0.1111111119
108855  -24.036  -14.211  -10.433 0.2222222239
72362  -19.053  4.330  -16.417 0.1111111119
73194  -19.461  4.028  -16.731 0.1111111119
74004  -20.512  3.875  -17.689 0.1111111119
72316  -17.087  4.029  -14.099 0.1111111119
73987  -19.846  4.045  -17.007 0.1111111119
72349  -18.828  4.458  -15.943 0.1111111119
72363  -19.901  4.162  -16.345 0.1111111119
73176  -19.650  4.167  -16.598 0.1111111119
72348  -17.721  4.687  -15.650 0.1111111119
61222  -29.705  -9.550  -11.512 0.1111111119
129391  -24.481  -20.276  -7.747 0.1111111119
50175  -24.481  -21.594  -6.831 0.1111111119
51188  -21.533  -19.931  -10.271 0.1111111119
52211  -22.604  -19.631  -9.930 0.1111111119
52212  -23.363  -19.191  -9.712 0.1111111119
108459  -24.512  -17.605  -9.926 0.1111111119
108460  -24.309  -17.222  -10.691 0.1111111119
108467  -27.460  -12.377  -6.934 0.1111111119
109071  -20.037  -13.074  -10.108 0.1111111119
131516  -20.719  -13.639  -9.775 0.1111111119
108760  -23.150  -13.966  -10.307 0.1111111119
122321  -17.093  -4.744  -13.471 0.2222222239
117332  -17.049  -3.780  -13.400 0.2222222239
52234  -22.173  -19.363  -10.701 0.1111111119
108753  -19.010  -13.041  -10.381 0.1111111119
108941  -17.958  -13.256  -11.401 0.1111111119
51187  -20.952  -19.894  -10.387 0.1111111119
51155  -22.677  -20.660  -8.810 0.1111111119
50197  -23.154  -21.046  -8.130 0.1111111119
50186  -24.477  -20.848  -7.321 0.1111111119
52232  -20.789  -19.147  -10.819 0.1111111119
52248  -21.980  -18.599  -11.306 0.1111111119
108476  -23.038  -17.631  -11.487 0.1111111119
109094  -23.727  -17.447  -11.100 0.1111111119
109146  -24.946  -16.031  -10.979 0.1111111119
108461  -25.319  -16.220  -10.124 0.1111111119
123951  -26.598  -14.481  -7.968 0.1111111119
123877  -26.881  -13.204  -7.831 0.1111111119
108511  -24.869  -14.000  -10.157 0.1111111119
123849  -22.048  -13.396  -10.278 0.1111111119
65661  -17.933  -4.686  -13.242 0.2222222239
67202  -17.087  -3.118  -13.419 0.2222222239
67201  -16.233  -2.976  -13.331 0.1111111119
50196  -22.383  -21.376  -8.460 0.1111111119
108743  -26.562  -13.458  -8.558 0.1111111119
58454  -17.631  -12.722  -11.465 0.1111111119
109137  -25.952  -15.688  -9.342 0.1111111119
52200  -23.756  -19.567  -8.930 0.1111111119
53225  -23.737  -18.204  -10.329 0.1111111119
51172  -23.003  -19.964  -9.221 0.1111111119
51142  -23.905  -20.659  -7.888 0.1111111119
108767  -22.396  -13.978  -10.125 0.1111111119
51171  -22.297  -20.316  -9.504 0.1111111119
51170  -21.653  -20.481  -9.725 0.1111111119
52233  -21.470  -19.294  -10.842 0.1111111119
53245  -22.636  -18.508  -11.134 0.1111111119
123924  -22.393  -17.841  -11.581 0.1111111119
109232  -23.579  -16.719  -11.721 0.1111111119
130683  -27.556  -12.482  -6.321 0.1111111119
108466  -27.564  -11.900  -6.586 0.1111111119
68056  -16.181  -2.119  -13.232 0.1111111119
69819  -13.793  -0.047  -14.792 0.1111111119
64894  -18.434  -5.966  -13.240 0.1111111119
68972  -14.489  -0.690  -14.186 0.1111111119
70683  -14.701  1.581  -14.435 0.1111111119
123838  -12.561  2.373  -14.785 0.1111111119
50215  -21.950  -20.938  -9.120 0.1111111119
51169  -21.054  -20.490  -9.891 0.1111111119
51189  -22.019  -19.980  -10.056 0.1111111119
52235  -22.959  -18.914  -10.528 0.1111111119
55860  -23.237  -15.442  -12.955 0.8888888955
55861  -24.025  -15.051  -12.708 0.8888888955
56624  -26.678  -14.668  -11.002 1.0000000000
56651  -21.419  -15.092  -13.260 0.8888888955
56652  -22.428  -15.109  -13.310 1.0000000000
58467  -17.945  -12.416  -11.975 0.5555555820
58469  -19.787  -12.660  -13.351 0.7777777910
58484  -24.605  -12.190  -14.155 1.0000000000
59387  -21.830  -10.980  -14.988 1.0000000000
60281  -18.502  -11.386  -11.319 0.1111111119
60303  -17.973  -10.889  -12.399 0.2222222239
60332  -19.133  -10.080  -13.630 0.7777777910
60345  -24.537  -10.567  -14.957 1.0000000000
61242  -18.341  -9.802  -12.891 0.3333333433
61282  -23.368  -9.444  -15.938 1.0000000000
61285  -24.754  -9.138  -15.813 1.0000000000
63126  -18.194  -7.698  -12.922 0.3333333433
63141  -18.422  -8.197  -13.759 0.2222222239
63170  -19.240  -7.072  -14.839 0.6666666865
63188  -24.711  -6.879  -16.919 0.8888888955
64947  -22.655  -5.247  -17.094 1.0000000000
64949  -24.732  -5.447  -17.313 0.7777777910
65660  -17.316  -5.256  -13.551 0.2222222239
65684  -25.699  -4.382  -14.373 0.5555555820
66406  -17.453  -4.176  -13.358 0.2222222239
66459  -24.702  -4.178  -17.813 0.7777777910
66469  -23.876  -3.252  -18.328 0.8888888955
68071  -15.364  -2.809  -13.521 0.1111111119
68093  -25.656  -2.176  -15.868 0.5555555820
68128  -22.399  -1.080  -18.215 0.7777777910
68132  -24.782  -1.728  -18.457 0.7777777910
69042  -23.039  -0.544  -19.093 0.6666666865
69052  -23.696  -0.306  -19.397 0.6666666865
69807  -12.902  0.722  -14.618 0.3333333433
69808  -14.621  0.406  -14.401 0.1111111119
69818  -12.703  0.804  -14.898 0.3333333433
69850  -17.646  0.617  -16.506 0.5555555820
69863  -20.162  0.640  -17.371 0.6666666865
69873  -22.132  0.108  -18.282 0.6666666865
69875  -24.428  0.289  -19.272 0.6666666865
69883  -23.083  0.718  -19.322 0.6666666865
69884  -23.631  0.311  -19.486 0.6666666865
70682  -12.772  1.641  -14.497 0.1111111119
70753  -21.698  1.529  -18.342 0.6666666865
70755  -24.587  1.086  -19.160 0.6666666865
71530  -14.043  2.740  -14.514 0.1111111119
71552  -30.334  2.861  -14.642 0.1111111119
71589  -18.751  3.691  -16.734 0.3333333433
71591  -20.271  2.137  -17.556 0.6666666865
71595  -26.050  2.369  -17.188 0.4444444478
71603  -21.732  2.375  -18.536 0.6666666865
71604  -24.244  1.764  -19.360 0.6666666865
71609  -22.339  2.879  -19.302 0.5555555820
72339  -29.438  3.485  -14.557 0.1111111119
72353  -27.554  3.629  -15.412 0.1111111119
72355  -30.573  3.691  -15.124 0.1111111119
72393  -19.781  3.549  -17.366 0.3333333433
72407  -23.822  3.792  -19.795 0.6666666865
72415  -23.083  4.016  -20.239 0.5555555820
73126  -15.439  4.474  -14.736 0.1111111119
73127  -16.328  4.495  -14.727 0.1111111119
73140  -14.949  4.734  -14.967 0.1111111119
73141  -16.194  4.726  -15.318 0.1111111119
73142  -17.035  4.596  -15.036 0.1111111119
73144  -29.468  4.112  -14.790 0.1111111119
73158  -15.915  4.682  -15.397 0.3333333433
73159  -16.857  4.659  -15.648 0.1111111119
73185  -30.572  5.013  -15.789 0.1111111119
73211  -19.594  3.842  -16.986 0.1111111119
73214  -25.036  4.806  -19.056 0.6666666865
73224  -21.857  3.961  -19.356 0.4444444478
73974  -15.469  4.832  -15.356 0.1111111119
74011  -31.144  5.848  -17.092 0.1111111119
74022  -19.969  3.677  -17.423 0.1111111119
74023  -20.717  4.144  -18.073 0.1111111119
74039  -22.016  5.281  -20.840 0.4444444478
74049  -22.412  5.250  -21.194 0.4444444478
74743  -27.930  6.683  -16.766 0.3333333433
74755  -20.952  4.599  -18.197 0.1111111119
74761  -30.872  6.567  -17.384 0.1111111119
74772  -21.214  5.121  -19.001 0.1111111119
74790  -21.132  6.081  -19.110 0.1111111119
75564  -20.934  5.780  -19.024 0.1111111119
75574  -30.782  7.633  -18.409 0.2222222239
75603  -31.475  7.395  -21.377 0.1111111119
77235  -30.370  9.689  -23.785 0.1111111119
79601  -28.104  12.404  -20.613 0.1111111119
79634  -29.081  13.063  -22.863 0.1111111119
81220  -28.242  14.456  -23.548 0.1111111119
82919  -25.560  15.958  -23.044 0.1111111119
82927  -26.380  16.609  -24.216 0.1111111119
82933  -27.403  16.361  -25.894 0.1111111119
108512  -20.840  -13.636  -9.759 0.1111111119
108514  -20.137  -14.101  -11.330 0.1111111119
108515  -18.225  -13.374  -10.842 0.1111111119
108545  -30.843  9.399  -21.495 0.1111111119
108573  -29.034  13.430  -26.709 0.1111111119
108594  -14.073  3.992  -15.331 0.2222222239
108715  -13.669  4.030  -14.948 0.2222222239
108769  -13.324  3.640  -14.768 0.1111111119
108775  -18.820  -13.746  -12.106 0.5555555820
108786  -15.740  3.889  -15.807 0.3333333433
108798  -23.404  -14.449  -12.728 0.3333333433
108886  -17.763  -13.058  -11.148 0.1111111119
108900  -15.148  4.706  -15.345 0.2222222239
108942  -25.678  -15.132  -11.362 0.8888888955
108989  -28.875  9.791  -19.261 0.2222222239
109047  -12.367  1.830  -15.131 0.1111111119
109061  -31.166  8.695  -21.657 0.1111111119
109120  -16.411  3.528  -15.858 0.3333333433
109170  -23.243  -18.220  -10.979 0.1111111119
109217  -21.007  -14.163  -11.670 0.3333333433
109330  -15.358  4.790  -15.348 0.1111111119
111630  -27.554  5.397  -16.530 0.3333333433
113118  -26.342  -0.377  -15.129 0.4444444478
113871  -23.685  -1.886  -18.693 0.8888888955
115940  -25.634  7.517  -19.921 0.4444444478
117739  -24.857  3.982  -18.916 0.6666666865
119120  -23.145  -8.109  -16.517 1.0000000000
120581  -21.980  4.687  -19.988 0.4444444478
121108  -27.969  7.395  -17.199 0.2222222239
121343  -17.880  -11.081  -12.325 0.2222222239
122873  -31.648  6.255  -19.376 0.1111111119
123022  -28.363  3.305  -14.621 0.2222222239
123439  -29.086  10.848  -26.733 0.1111111119
123763  -28.684  12.932  -27.783 0.1111111119
123837  -14.290  4.345  -14.763 0.2222222239
123947  -18.755  -14.108  -11.585 0.4444444478
123950  -26.017  -15.084  -11.102 1.0000000000
124115  -21.166  -13.767  -9.851 0.1111111119
124378  -30.246  5.718  -16.058 0.1111111119
124517  -27.480  -12.500  -12.335 0.8888888955
124562  -29.230  12.098  -26.581 0.1111111119
126230  -17.412  -11.619  -11.987 0.1111111119
126323  -28.508  13.578  -22.421 0.1111111119
126725  -25.733  -11.699  -13.407 1.0000000000
127449  -18.847  2.352  -17.193 0.6666666865
128313  -21.213  -14.919  -13.208 0.6666666865
128837  -25.165  -17.069  -9.707 0.2222222239
128855  -26.816  -5.541  -12.478 0.2222222239
129780  -26.252  -14.788  -9.851 0.6666666865
130922  -23.051  6.253  -25.097 0.3333333433
131158  -16.265  4.050  -14.395 0.1111111119
131567  -16.239  -1.558  -15.312 0.5555555820
131679  -18.818  -11.168  -13.178 0.6666666865
131699  -28.056  13.853  -22.239 0.1111111119
131797  -26.582  3.618  -16.946 0.5555555820
131858  -29.491  11.871  -21.196 0.1111111119
131911  -24.678  1.793  -18.969 0.6666666865
