#!ascii label  , from subject sub-v1s11x0050157_ses-1 vox2ras=TkReg
594
114363  19.717  -20.385  -13.323 0.1428571492
51828  18.970  -20.797  -13.381 0.1428571492
53810  19.220  -19.372  -14.420 0.1428571492
52838  21.206  -20.302  -12.579 0.1428571492
53809  20.275  -19.077  -14.062 0.2857142985
52849  19.024  -20.077  -13.990 0.1428571492
131836  21.328  -19.116  -13.431 0.1428571492
125759  19.985  -17.674  -15.425 0.5714285970
110280  21.516  -17.946  -14.058 0.1428571492
134175  23.316  -16.911  -13.981 0.2857142985
55502  22.695  -17.181  -14.051 0.2857142985
57287  23.960  -15.683  -14.405 0.1428571492
56364  23.648  -16.385  -14.185 0.2857142985
59279  24.215  -13.160  -15.756 0.2857142985
59272  23.890  -13.818  -15.454 0.1428571492
58270  23.452  -14.558  -15.240 0.2857142985
117209  24.521  -11.640  -16.559 0.2857142985
60331  25.691  -12.605  -15.464 0.2857142985
62400  24.602  -10.393  -17.419 0.2857142985
61362  24.390  -11.032  -17.155 0.2857142985
63411  24.436  -9.434  -18.479 0.2857142985
65363  24.804  -7.869  -20.091 0.8571428657
64398  24.559  -8.531  -19.760 0.4285714328
63401  24.750  -9.679  -17.752 0.2857142985
66356  25.166  -6.141  -21.300 0.7142857313
65370  25.142  -6.793  -20.814 0.7142857313
65371  24.826  -7.450  -20.947 0.7142857313
64405  24.468  -8.294  -20.994 0.7142857313
67273  25.145  -5.171  -21.697 0.8571428657
67274  24.783  -6.241  -22.597 0.8571428657
66357  24.743  -6.904  -21.860 0.7142857313
68152  25.635  -3.556  -22.682 0.4285714328
67282  25.317  -4.052  -21.957 0.7142857313
68954  26.900  -1.930  -24.162 0.2857142985
68966  26.379  -1.485  -23.984 0.5714285970
68153  25.522  -3.233  -22.441 0.8571428657
132412  25.627  -3.013  -23.092 0.7142857313
67293  24.974  -4.623  -23.575 0.8571428657
69658  27.151  -0.724  -24.572 0.1428571492
69644  28.359  -1.181  -24.395 0.1428571492
68967  25.886  -1.926  -23.563 0.5714285970
68956  25.398  -3.107  -23.885 0.8571428657
72107  28.907  1.187  -24.598 0.1428571492
70455  28.953  0.095  -24.180 0.1428571492
131407  27.684  0.533  -23.920 0.1428571492
69659  26.491  -0.799  -24.144 0.4285714328
68968  25.269  -3.305  -24.733 0.8571428657
132452  28.177  3.860  -23.783 0.1428571492
111356  29.319  2.703  -24.540 0.1428571492
73011  28.140  1.853  -24.733 0.1428571492
71260  28.139  0.118  -24.597 0.1428571492
71274  27.038  0.200  -24.928 0.4285714328
69672  25.940  -1.249  -24.969 0.5714285970
113207  25.091  -3.361  -25.290 0.8571428657
73007  27.838  3.213  -24.191 0.1428571492
125922  28.006  3.870  -22.221 0.1428571492
73012  27.339  1.602  -24.603 0.5714285970
70472  26.062  -1.066  -25.018 0.8571428657
69660  25.672  -1.974  -24.309 0.8571428657
69673  25.344  -2.246  -25.103 0.8571428657
110134  28.304  4.310  -21.838 0.1428571492
125723  28.104  4.006  -22.274 0.2857142985
110122  27.248  2.447  -24.108 0.8571428657
72120  27.009  0.623  -25.000 0.8571428657
123492  26.622  -0.330  -25.045 0.7142857313
72121  26.560  0.335  -25.168 0.8571428657
110307  28.510  5.066  -23.611 0.1428571492
126898  28.920  5.733  -24.444 0.1428571492
125664  27.471  3.669  -23.569 0.4285714328
110302  27.048  3.064  -24.159 0.8571428657
110278  26.413  2.338  -24.301 0.8571428657
73013  26.827  0.908  -24.959 0.8571428657
125663  27.867  4.387  -23.313 0.4285714328
125885  26.513  1.619  -24.500 0.8571428657
125793  25.650  1.905  -24.482 0.8571428657
125892  28.161  5.799  -24.575 0.1428571492
77444  27.838  6.582  -25.070 0.2857142985
125730  27.665  5.121  -24.188 0.5714285970
110268  26.764  5.129  -24.430 0.8571428657
125897  27.155  4.398  -24.105 0.8571428657
125913  26.595  3.676  -24.136 0.8571428657
125724  25.775  2.900  -24.259 0.8571428657
78220  27.449  7.387  -25.397 0.2857142985
125918  27.278  5.852  -24.712 0.5714285970
110265  26.270  4.442  -24.307 0.8571428657
132712  25.597  4.487  -24.541 0.8571428657
77445  26.890  6.595  -25.049 0.8571428657
125919  25.795  6.423  -25.208 0.8571428657
110123  25.951  5.046  -24.569 0.8571428657
125781  24.867  4.937  -25.255 0.7142857313
110129  25.341  4.836  -24.884 0.7142857313
78221  26.455  7.411  -25.340 0.8571428657
125948  25.538  5.447  -25.035 0.8571428657
78222  25.386  7.426  -25.481 0.8571428657
78984  24.871  8.346  -25.590 0.8571428657
110492  24.928  5.687  -25.375 0.7142857313
79774  25.895  9.962  -25.912 0.7142857313
78983  25.410  9.133  -25.691 0.8571428657
79763  24.354  9.167  -25.665 0.8571428657
80604  23.680  10.017  -27.102 0.7142857313
80620  27.049  10.872  -30.505 0.1428571492
79775  24.857  9.938  -25.773 0.8571428657
80596  24.191  10.263  -26.316 0.7142857313
80603  24.329  10.973  -27.066 0.7142857313
79776  24.015  9.649  -25.908 0.8571428657
116153  26.786  11.231  -31.068 0.1428571492
81395  25.458  11.963  -27.696 0.5714285970
81401  25.168  12.142  -28.137 0.5714285970
80615  24.310  11.409  -28.418 0.5714285970
81404  26.369  12.123  -29.074 0.1428571492
80647  26.331  10.826  -33.761 0.1428571492
81410  24.029  11.847  -29.093 0.5714285970
81427  26.590  11.740  -33.310 0.1428571492
81430  26.222  11.752  -34.067 0.1428571492
82272  26.023  12.627  -30.625 0.1428571492
82297  25.976  12.568  -34.343 0.1428571492
128651  24.701  12.576  -29.138 0.5714285970
82292  26.480  12.433  -32.940 0.1428571492
82288  25.973  13.160  -32.086 0.1428571492
83114  25.846  13.243  -33.864 0.1428571492
52840  19.551  -20.991  -12.891 0.1428571492
51817  18.946  -21.571  -12.819 0.1428571492
110047  20.893  -18.655  -13.959 0.2857142985
125711  21.800  -18.597  -13.494 0.1428571492
56357  23.379  -17.512  -13.639 0.2857142985
110323  22.492  -17.932  -13.617 0.2857142985
58268  24.872  -13.687  -15.063 0.2857142985
58259  24.832  -14.543  -14.591 0.2857142985
57297  24.110  -14.916  -14.652 0.1428571492
62410  24.191  -10.091  -18.127 0.2857142985
64397  25.059  -8.022  -19.108 0.4285714328
122339  24.257  -9.237  -19.365 0.5714285970
67272  25.686  -4.026  -20.689 0.2857142985
71276  26.233  -0.300  -25.235 0.8571428657
110444  25.927  0.942  -24.965 0.8571428657
78982  25.958  8.273  -25.577 0.8571428657
80602  25.387  11.563  -27.075 0.7142857313
81400  25.928  12.154  -28.195 0.2857142985
81405  25.760  12.579  -29.596 0.1428571492
81423  26.617  11.913  -32.331 0.1428571492
81434  24.953  11.750  -35.397 0.1428571492
51818  18.037  -21.848  -12.926 0.1428571492
110293  20.630  -17.940  -14.704 0.4285714328
116057  22.863  -16.532  -14.384 0.2857142985
110336  21.381  -17.290  -14.658 0.4285714328
111540  20.665  -17.178  -15.323 0.2857142985
57298  23.455  -15.222  -14.791 0.1428571492
59270  26.220  -13.084  -14.895 0.2857142985
61340  25.752  -11.829  -15.725 0.2857142985
60346  24.395  -12.466  -16.159 0.2857142985
60347  23.574  -12.825  -16.426 0.2857142985
63428  24.119  -9.097  -20.427 0.7142857313
111065  28.983  4.522  -22.058 0.1428571492
125901  28.301  4.437  -22.113 0.1428571492
70473  25.500  -1.609  -25.158 0.8571428657
69674  25.031  -2.462  -25.391 1.0000000000
77443  28.863  6.471  -25.166 0.1428571492
78219  28.376  7.278  -25.602 0.1428571492
78234  27.910  8.069  -25.887 0.2857142985
125729  24.878  4.268  -24.840 0.8571428657
78235  26.961  8.184  -25.667 0.5714285970
78996  26.373  8.974  -25.941 0.5714285970
79773  26.832  9.695  -26.458 0.5714285970
80595  25.361  10.817  -26.270 0.7142857313
80601  26.248  11.803  -27.497 0.4285714328
79786  27.061  11.005  -27.550 0.2857142985
80608  26.757  11.632  -28.391 0.2857142985
80614  27.005  11.344  -29.462 0.1428571492
116629  26.682  11.957  -30.208 0.1428571492
133839  24.043  12.595  -29.551 0.2857142985
122306  26.825  11.092  -31.893 0.1428571492
82278  26.258  12.613  -31.636 0.1428571492
82279  25.565  13.057  -31.185 0.1428571492
82280  24.662  13.307  -30.976 0.1428571492
120175  25.826  11.096  -34.394 0.1428571492
83097  25.251  13.505  -31.768 0.1428571492
118370  25.583  13.254  -34.537 0.1428571492
78995  27.299  8.753  -26.289 0.4285714328
79781  27.303  9.920  -27.336 0.4285714328
79782  26.833  10.626  -26.784 0.5714285970
80594  26.334  11.285  -26.723 0.5714285970
52848  20.516  -20.014  -13.168 0.1428571492
53802  19.888  -19.631  -13.852 0.1428571492
51829  18.223  -21.185  -13.371 0.1428571492
110050  19.363  -18.685  -14.873 0.4285714328
53811  18.632  -19.624  -14.489 0.2857142985
110284  19.889  -18.203  -15.005 0.5714285970
125760  22.090  -16.801  -14.525 0.1428571492
56372  23.135  -15.840  -14.623 0.1428571492
60332  25.001  -12.881  -15.607 0.2857142985
126528  24.516  -7.726  -22.094 0.7142857313
67283  24.918  -5.345  -22.953 0.8571428657
68955  25.961  -2.098  -22.925 0.5714285970
72119  27.471  1.085  -24.539 0.2857142985
70457  26.869  -0.207  -24.716 0.1428571492
125687  27.949  3.819  -23.318 0.5714285970
119464  26.189  -0.736  -25.156 0.8571428657
127626  25.624  3.829  -24.327 0.8571428657
125707  26.379  5.760  -24.821 0.8571428657
81406  24.641  12.087  -28.529 0.5714285970
80648  25.542  10.270  -34.379 0.1428571492
81431  25.661  11.779  -34.735 0.1428571492
80656  25.183  10.957  -34.935 0.1428571492
81415  26.573  11.923  -31.277 0.1428571492
82273  24.874  12.964  -30.063 0.1428571492
83104  26.102  13.097  -32.976 0.1428571492
127166  26.395  -13.725  -14.444 0.1428571492
56365  21.398  -16.501  -15.254 0.4285714328
61352  23.861  -12.125  -16.667 0.5714285970
127886  23.717  12.792  -30.301 0.1428571492
60360  22.548  -12.713  -17.642 0.5714285970
59309  21.257  -13.537  -18.685 0.5714285970
58316  20.098  -14.244  -18.417 0.2857142985
60376  22.256  -12.506  -18.524 0.5714285970
60377  21.650  -12.949  -19.052 0.5714285970
58295  20.443  -14.663  -17.866 0.4285714328
114440  19.746  -13.663  -18.805 0.2857142985
59325  20.284  -13.147  -19.334 0.4285714328
62411  23.591  -10.567  -18.596 0.4285714328
61387  22.378  -11.627  -19.737 0.5714285970
60405  21.193  -12.056  -20.217 0.5714285970
60406  20.552  -11.916  -20.094 0.4285714328
62420  23.360  -10.435  -19.527 0.5714285970
62431  22.462  -10.679  -20.961 0.5714285970
60404  21.793  -11.967  -20.099 0.4285714328
62430  23.122  -10.314  -20.541 0.7142857313
62443  22.240  -10.060  -21.675 0.4285714328
63429  23.487  -9.653  -21.048 0.4285714328
60393  20.790  -12.621  -19.784 0.4285714328
60378  19.470  -12.856  -19.053 0.2857142985
61400  20.939  -11.368  -20.580 0.4285714328
63418  23.712  -9.761  -19.940 0.7142857313
64406  23.844  -8.977  -21.592 0.7142857313
63452  22.526  -9.453  -23.244 0.4285714328
64430  23.585  -9.081  -24.109 0.7142857313
65390  22.445  -8.468  -23.786 0.5714285970
65391  21.605  -7.866  -22.999 0.2857142985
64418  24.189  -8.399  -22.145 0.5714285970
126900  23.581  -8.875  -22.786 0.7142857313
65388  23.963  -8.011  -24.110 0.7142857313
66377  22.715  -6.683  -23.497 0.7142857313
67296  23.437  -5.879  -23.790 0.7142857313
67297  22.447  -5.704  -23.388 0.7142857313
66365  21.781  -6.398  -22.849 0.4285714328
64429  24.027  -8.153  -23.144 0.5714285970
67284  24.484  -6.179  -23.466 0.5714285970
67294  24.240  -5.941  -23.760 0.5714285970
67295  23.969  -5.916  -23.902 0.7142857313
118996  24.030  -5.030  -24.440 0.7142857313
68970  24.553  -3.963  -25.673 0.7142857313
68166  23.086  -5.012  -24.069 0.7142857313
68958  22.561  -4.153  -24.225 0.5714285970
120932  22.898  -3.102  -24.925 0.5714285970
68163  25.112  -3.980  -23.990 0.7142857313
68165  24.396  -4.817  -24.406 0.5714285970
68957  24.683  -4.105  -25.291 0.7142857313
68167  22.065  -4.770  -23.462 0.4285714328
69662  24.538  -3.562  -25.757 0.7142857313
69676  23.630  -2.784  -25.422 0.7142857313
69675  24.064  -2.866  -25.626 0.7142857313
127618  22.666  -2.456  -24.968 0.5714285970
128102  23.461  -2.130  -25.350 0.7142857313
68164  24.717  -4.452  -24.661 0.5714285970
68175  24.394  -4.308  -25.186 0.7142857313
69661  24.893  -3.270  -25.545 0.8571428657
70458  24.578  -2.779  -25.586 0.8571428657
70475  24.056  -1.877  -25.413 0.7142857313
70476  23.196  -1.288  -25.240 0.5714285970
125853  23.370  -0.036  -24.943 0.2857142985
70474  24.904  -1.841  -25.372 0.7142857313
112163  23.536  1.669  -24.845 0.7142857313
71277  24.675  -0.956  -25.259 0.8571428657
71278  23.705  -0.802  -25.166 0.8571428657
110270  24.661  2.313  -24.502 0.8571428657
72123  24.278  -0.096  -25.008 0.8571428657
134280  23.709  0.715  -24.821 0.5714285970
110356  24.702  1.351  -24.634 0.8571428657
72122  25.518  -0.053  -25.218 0.8571428657
125896  24.718  3.281  -24.433 0.8571428657
110114  23.735  2.737  -24.769 0.7142857313
77446  24.772  6.577  -25.514 0.7142857313
77447  23.871  6.598  -25.673 0.7142857313
78223  24.189  7.510  -25.637 0.5714285970
131707  23.564  6.102  -25.730 0.7142857313
78224  23.308  7.147  -25.787 0.7142857313
78985  23.755  8.520  -25.712 0.7142857313
79764  23.535  9.049  -25.881 0.8571428657
79783  23.519  8.991  -27.227 0.7142857313
122407  22.809  7.713  -26.545 0.7142857313
78254  24.760  7.105  -28.983 0.7142857313
78255  23.701  6.182  -29.486 0.5714285970
79017  25.015  8.284  -29.014 0.7142857313
78265  25.287  7.342  -29.644 0.4285714328
78279  25.335  7.300  -30.039 0.5714285970
78267  23.411  6.310  -30.139 0.5714285970
79788  24.167  9.291  -27.964 0.5714285970
77482  22.647  5.887  -29.786 0.5714285970
79026  25.274  8.051  -29.707 0.5714285970
78280  24.090  7.161  -30.401 0.5714285970
78281  22.792  7.021  -30.700 0.5714285970
78268  21.924  6.528  -30.162 0.5714285970
77483  21.321  6.286  -29.172 0.4285714328
78282  21.692  7.383  -30.628 0.5714285970
79033  24.818  8.147  -30.645 0.5714285970
114650  19.669  7.006  -28.894 0.4285714328
77473  20.352  6.165  -28.370 0.4285714328
78269  20.761  7.438  -30.179 0.5714285970
78256  20.631  6.870  -29.649 0.5714285970
129318  18.897  8.167  -29.694 0.4285714328
65362  25.238  -7.185  -19.837 0.2857142985
68154  24.528  -5.264  -23.879 0.5714285970
79008  18.322  7.744  -29.157 0.4285714328
59294  21.504  -13.767  -17.857 0.5714285970
57327  20.858  -15.014  -17.194 0.5714285970
118835  23.271  -11.272  -18.238 0.2857142985
60375  22.899  -11.996  -17.918 0.4285714328
58315  20.824  -14.072  -18.266 0.5714285970
62401  23.940  -10.776  -17.766 0.2857142985
61373  22.980  -11.093  -19.151 0.5714285970
61399  21.568  -11.460  -20.590 0.4285714328
61410  21.886  -10.834  -21.078 0.5714285970
60395  19.313  -11.789  -19.251 0.2857142985
60407  19.974  -11.646  -19.811 0.2857142985
113973  22.624  -9.645  -22.583 0.5714285970
66350  25.534  -6.075  -19.963 0.2857142985
64433  21.365  -7.850  -22.299 0.2857142985
65403  22.059  -7.429  -23.303 0.7142857313
110996  25.546  -0.943  -25.250 0.8571428657
122734  24.149  5.902  -25.606 0.7142857313
76659  24.185  5.144  -25.521 0.7142857313
79007  23.492  7.869  -27.643 0.7142857313
77471  22.504  5.920  -28.982 0.5714285970
80610  24.022  10.276  -27.708 0.5714285970
79787  24.468  9.652  -28.589 0.5714285970
79793  24.831  9.224  -29.193 0.5714285970
79035  22.254  8.125  -30.952 0.2857142985
128851  21.342  -10.871  -20.943 0.4285714328
61363  23.718  -11.564  -17.316 0.2857142985
68174  24.994  -4.041  -24.783 0.7142857313
117655  24.771  -3.933  -25.617 0.7142857313
68969  24.859  -4.049  -25.301 0.7142857313
72108  24.816  0.572  -24.851 0.7142857313
79777  23.615  9.444  -26.441 0.8571428657
110333  23.911  3.709  -24.931 0.7142857313
127480  24.393  -7.148  -23.144 0.5714285970
59308  21.890  -13.158  -18.187 0.5714285970
59293  22.256  -13.455  -17.253 0.4285714328
59310  20.550  -13.685  -18.868 0.5714285970
59324  21.049  -13.195  -19.340 0.4285714328
61374  22.595  -11.778  -18.808 0.5714285970
60391  22.019  -12.300  -19.389 0.5714285970
60392  21.426  -12.567  -19.688 0.4285714328
60394  20.067  -12.378  -19.599 0.4285714328
62421  22.754  -10.961  -20.107 0.5714285970
123520  22.142  -11.371  -20.528 0.5714285970
61401  20.317  -11.102  -20.244 0.4285714328
62442  22.790  -9.978  -21.533 0.5714285970
63439  22.157  -9.651  -22.447 0.4285714328
64419  23.134  -9.526  -22.271 0.5714285970
63451  23.018  -9.487  -23.482 0.7142857313
64431  22.928  -9.325  -23.988 0.5714285970
64432  22.004  -8.787  -23.203 0.4285714328
63440  21.568  -8.598  -22.289 0.4285714328
63453  21.948  -9.220  -22.794 0.4285714328
65389  23.406  -8.698  -24.232 0.7142857313
65401  23.753  -7.880  -24.153 0.7142857313
130725  24.173  -6.817  -23.654 0.7142857313
66364  24.025  -6.923  -23.754 0.7142857313
68176  23.631  -4.371  -24.786 0.7142857313
68971  23.856  -3.779  -25.377 0.7142857313
69663  24.083  -3.448  -25.654 0.7142857313
125847  22.446  -0.784  -25.150 0.2857142985
121970  23.185  7.952  -25.958 0.7142857313
78997  23.118  8.479  -26.487 0.7142857313
79018  24.116  8.328  -28.083 0.8571428657
79034  23.531  8.079  -30.881 0.7142857313
79019  19.656  7.569  -29.598 0.4285714328
61388  19.648  -10.955  -19.762 0.1428571492
62432  20.807  -10.372  -20.852 0.4285714328
110393  18.598  -18.391  -15.464 0.4285714328
61350  25.741  -11.073  -16.112 0.1428571492
62383  25.037  -10.831  -16.697 0.1428571492
62382  25.640  -10.332  -16.491 0.1428571492
64390  24.720  -8.786  -18.798 0.1428571492
64389  25.205  -8.561  -18.236 0.1428571492
62399  25.161  -10.000  -17.093 0.1428571492
62381  26.218  -10.526  -15.987 0.1428571492
64377  25.640  -8.336  -17.617 0.1428571492
63400  25.324  -9.182  -17.518 0.1428571492
63381  25.672  -9.592  -16.775 0.1428571492
65338  25.532  -7.845  -18.309 0.1428571492
66349  25.887  -4.948  -19.436 0.2857142985
83848  24.710  14.813  -32.951 0.1428571492
83838  24.074  14.584  -32.019 0.1428571492
115461  23.388  4.675  -25.711 0.4285714328
77458  23.003  6.391  -25.918 0.4285714328
81419  21.717  11.163  -31.707 0.2857142985
79814  22.670  9.856  -31.534 0.2857142985
79043  24.096  9.094  -31.105 0.2857142985
80628  23.103  10.603  -31.427 0.2857142985
115031  21.364  4.696  -26.883 0.1428571492
78236  22.730  7.144  -26.237 0.5714285970
78998  22.916  7.607  -27.210 0.5714285970
79802  20.872  9.507  -31.310 0.2857142985
79800  24.324  9.292  -30.022 0.4285714328
76666  21.893  5.433  -26.910 0.4285714328
119964  22.195  6.122  -27.830 0.5714285970
123306  21.872  9.090  -31.281 0.2857142985
77460  21.571  5.695  -27.582 0.4285714328
77472  21.363  5.895  -28.334 0.2857142985
79803  20.001  9.166  -30.696 0.1428571492
79036  20.959  8.347  -30.843 0.1428571492
76672  20.777  5.695  -27.829 0.1428571492
79794  19.040  8.985  -30.061 0.1428571492
79804  19.285  9.988  -30.465 0.1428571492
79020  17.924  8.666  -29.385 0.2857142985
79784  16.842  9.334  -27.666 0.1428571492
79789  17.313  9.565  -28.644 0.1428571492
80611  18.449  10.008  -29.540 0.1428571492
118910  17.461  10.338  -27.819 0.1428571492
110546  18.747  -17.707  -15.958 0.4285714328
121870  18.821  -16.636  -16.744 0.2857142985
61351  25.250  -11.506  -16.206 0.1428571492
63399  25.853  -8.803  -16.958 0.1428571492
65352  25.485  -7.375  -18.912 0.1428571492
75771  23.319  3.964  -25.514 0.2857142985
80609  24.124  10.920  -27.925 0.4285714328
80621  23.929  10.712  -29.989 0.2857142985
80622  20.124  10.172  -31.168 0.2857142985
80629  22.154  10.550  -31.660 0.2857142985
80623  19.607  10.866  -30.776 0.2857142985
55519  18.341  -17.035  -16.413 0.2857142985
118316  25.492  -14.862  -14.242 0.1428571492
57286  24.823  -15.373  -14.221 0.1428571492
60330  26.339  -12.284  -15.264 0.1428571492
67264  25.564  -5.126  -20.440 0.1428571492
129774  21.075  5.280  -27.342 0.1428571492
110650  23.111  3.144  -25.451 0.4285714328
120706  23.176  6.709  -28.309 0.5714285970
123601  24.429  10.415  -29.149 0.4285714328
126548  20.293  11.080  -31.357 0.2857142985
80627  23.736  10.720  -31.046 0.2857142985
81417  23.231  11.517  -30.943 0.2857142985
122449  21.928  11.908  -31.424 0.2857142985
126504  23.031  13.172  -31.153 0.1428571492
120979  22.213  12.775  -31.216 0.1428571492
83098  24.457  13.812  -31.563 0.1428571492
80616  18.997  10.827  -30.103 0.2857142985
82281  23.748  13.295  -31.105 0.1428571492
67271  25.728  -3.882  -20.168 0.2857142985
81420  20.966  11.577  -31.657 0.2857142985
110052  19.426  -17.533  -15.876 0.4285714328
110048  19.332  -18.056  -15.469 0.4285714328
129463  24.419  10.264  -28.753 0.4285714328
81416  23.655  11.804  -30.060 0.2857142985
118053  23.308  5.543  -25.832 0.4285714328
78237  22.577  6.971  -27.093 0.5714285970
79812  24.169  9.974  -31.053 0.2857142985
79009  17.118  8.286  -28.592 0.2857142985
79027  19.840  8.211  -30.228 0.2857142985
110504  24.142  4.471  -25.330 0.5714285970
120504  26.057  -9.924  -16.312 0.1428571492
64388  25.962  -7.349  -17.556 0.1428571492
132816  22.739  4.180  -25.952 0.2857142985
80630  21.054  10.555  -31.666 0.2857142985
79815  21.686  9.887  -31.536 0.2857142985
79801  23.092  9.058  -31.225 0.2857142985
79813  23.629  9.898  -31.356 0.2857142985
77459  22.340  6.227  -26.828 0.4285714328
110053  18.022  -17.617  -16.010 0.2857142985
65351  25.856  -6.853  -18.170 0.1428571492
81418  22.529  11.280  -31.410 0.2857142985
122032  22.866  12.367  -31.028 0.2857142985
68972  23.062  -3.741  -24.785 0.4285714328
132826  22.840  -1.522  -25.172 0.2857142985
82275  19.502  12.132  -30.264 0.1428571492
132197  20.400  11.629  -31.324 0.1428571492
83092  19.650  12.993  -30.059 0.1428571492
81397  19.104  11.768  -27.925 0.1428571492
81411  19.928  11.707  -30.891 0.1428571492
82283  20.512  12.166  -31.214 0.1428571492
81402  19.027  11.660  -28.884 0.1428571492
81407  19.086  11.585  -29.751 0.1428571492
82267  19.401  12.467  -28.499 0.1428571492
83091  19.871  13.824  -29.754 0.1428571492
81412  19.375  11.429  -30.388 0.1428571492
82270  19.346  12.342  -29.431 0.1428571492
83084  19.829  13.200  -28.177 0.1428571492
83088  19.619  13.146  -29.128 0.1428571492
69677  22.898  -2.138  -25.179 0.2857142985
83087  20.067  13.872  -28.754 0.1428571492
83095  20.252  13.675  -30.542 0.1428571492
62419  23.881  -9.871  -18.954 0.2857142985
82274  20.044  12.619  -30.692 0.1428571492
115941  20.707  13.037  -31.011 0.1428571492
82264  19.648  12.550  -27.602 0.1428571492
57307  21.303  -15.315  -16.428 0.4285714328
57306  22.045  -14.894  -16.030 0.2857142985
58278  22.353  -14.147  -16.489 0.2857142985
58271  22.703  -14.524  -15.735 0.1428571492
59281  22.953  -13.456  -16.485 0.2857142985
56381  20.981  -15.999  -16.055 0.2857142985
60359  23.235  -12.338  -17.134 0.2857142985
59280  23.549  -13.433  -15.984 0.1428571492
58277  23.131  -13.965  -15.867 0.1428571492
57299  22.681  -15.233  -15.255 0.1428571492
60348  22.867  -12.913  -16.938 0.2857142985
58294  21.165  -14.388  -17.562 0.4285714328
58279  21.583  -14.643  -16.824 0.2857142985
76665  22.613  5.730  -26.340 0.2857142985
57300  21.762  -15.637  -15.611 0.2857142985
56383  19.471  -16.520  -16.672 0.2857142985
55518  19.142  -17.137  -16.374 0.2857142985
56382  20.235  -16.302  -16.439 0.2857142985
57309  19.778  -15.897  -17.069 0.2857142985
57308  20.542  -15.646  -16.797 0.2857142985
62444  21.609  -10.084  -21.527 0.2857142985
115305  21.680  -9.216  -21.987 0.2857142985
63441  21.062  -8.792  -21.585 0.2857142985
129437  21.514  -7.157  -22.691 0.1428571492
67285  21.748  -5.434  -22.859 0.2857142985
70477  22.246  -1.221  -25.055 0.1428571492
125855  22.115  -0.053  -25.443 0.1428571492
129343  23.020  1.048  -25.045 0.1428571492
110113  22.672  0.460  -25.235 0.1428571492
110110  22.472  1.325  -25.708 0.1428571492
76660  22.465  4.887  -26.313 0.1428571492
75778  21.873  3.924  -26.470 0.1428571492
77461  20.121  6.338  -27.512 0.1428571492
78999  18.277  7.180  -27.483 0.1428571492
125584  18.063  7.453  -28.332 0.1428571492
132892  18.329  -17.977  -15.777 0.2857142985
56374  20.638  -16.593  -15.809 0.1428571492
132877  22.346  2.001  -26.057 0.1428571492
110573  17.906  -18.177  -15.647 0.2857142985
62445  21.082  -9.526  -21.410 0.2857142985
68973  22.213  -3.290  -24.387 0.1428571492
69665  21.953  -2.406  -24.598 0.1428571492
125808  21.608  -0.958  -24.884 0.1428571492
110502  21.829  -0.459  -25.195 0.1428571492
115145  21.875  0.567  -25.785 0.1428571492
78246  19.322  6.846  -27.951 0.1428571492
63430  20.454  -9.329  -20.845 0.2857142985
110487  19.946  -17.026  -16.036 0.2857142985
62433  20.051  -10.215  -20.250 0.1428571492
125790  22.901  2.259  -25.533 0.1428571492
64407  20.538  -8.455  -21.078 0.1428571492
125690  21.223  -0.317  -24.960 0.1428571492
110051  17.236  -18.410  -15.307 0.1428571492
110820  16.415  -17.816  -15.122 0.1428571492
55520  17.567  -16.976  -16.156 0.1428571492
57329  19.365  -15.418  -17.565 0.1428571492
68144  25.758  -3.461  -21.173 0.1428571492
78994  28.214  8.505  -26.719 0.1428571492
54660  17.331  -19.136  -14.911 0.1428571492
130882  17.829  -16.634  -16.449 0.1428571492
56398  18.944  -16.034  -17.183 0.1428571492
57328  20.116  -15.302  -17.498 0.1428571492
56384  18.170  -16.255  -16.760 0.1428571492
58317  19.335  -14.268  -18.297 0.1428571492
127569  27.747  9.335  -27.859 0.1428571492
59311  18.827  -13.468  -18.388 0.1428571492
122412  17.959  -18.867  -15.278 0.1428571492
57345  19.706  -14.845  -17.998 0.1428571492
110461  17.172  -17.541  -15.674 0.1428571492
58296  18.971  -14.879  -17.862 0.1428571492
53812  18.012  -19.567  -14.768 0.1428571492
53823  18.614  -19.084  -14.894 0.1428571492
56373  22.298  -16.061  -14.894 0.2857142985
58269  24.228  -14.277  -14.964 0.2857142985
58293  21.776  -14.085  -17.211 0.2857142985
59257  25.776  -13.689  -14.695 0.1428571492
60345  25.098  -12.145  -15.917 0.2857142985
63410  24.866  -9.094  -18.105 0.2857142985
65402  23.013  -7.806  -24.061 0.7142857313
66376  23.622  -6.871  -23.808 0.7142857313
69646  21.548  -2.778  -24.039 0.1428571492
69664  23.407  -2.993  -25.279 0.5714285970
70456  27.472  0.086  -24.262 0.1428571492
71275  26.755  -0.042  -25.138 0.8571428657
78266  24.847  6.705  -29.845 0.5714285970
79006  27.651  9.165  -27.085 0.1428571492
81396  24.742  11.635  -27.799 0.5714285970
82287  26.330  12.671  -32.406 0.1428571492
82296  26.299  12.508  -33.579 0.1428571492
83105  25.410  13.675  -32.566 0.1428571492
110404  19.782  -19.087  -14.357 0.2857142985
110507  22.815  -0.423  -25.101 0.2857142985
119353  25.421  12.416  -28.718 0.5714285970
125715  22.018  -17.406  -14.147 0.2857142985
125771  20.148  -18.631  -14.522 0.4285714328
126047  20.688  -19.355  -13.582 0.1428571492
131649  23.320  8.573  -25.905 0.8571428657
132870  26.314  10.589  -26.328 0.5714285970
