#!ascii label  , from subject sub-v1s11x0050146_ses-1 vox2ras=TkReg
1024
101471  46.234  30.344  12.506 0.0000000000
105997  49.665  38.634  16.123 0.0000000000
99506  49.798  27.140  10.064 0.0000000000
98820  41.839  26.861  11.863 0.0000000000
98888  44.084  26.133  7.111 0.0000000000
104189  46.630  34.692  8.415 0.0000000000
104801  44.659  35.485  14.826 0.0000000000
107123  43.143  39.445  10.235 0.0000000000
97503  53.520  24.502  13.513 0.0000000000
94747  50.026  20.709  10.752 0.0000000000
104128  48.641  34.801  14.188 0.0000000000
100843  50.848  30.381  9.773 0.0000000000
102063  52.781  32.469  15.479 0.0000000000
99467  50.463  27.220  17.353 0.0000000000
107740  42.608  40.159  4.039 0.0000000000
107135  48.159  40.764  10.225 0.0000000000
97581  50.203  24.746  3.955 0.0000000000
100157  44.431  28.554  12.409 0.0000000000
98846  42.880  26.400  10.172 0.0000000000
124758  46.311  27.507  11.425 0.0000000000
103415  45.825  33.132  11.192 0.0000000000
101493  43.912  30.663  11.913 0.0000000000
139812  41.677  36.405  12.259 0.0000000000
96112  55.678  22.405  15.836 0.0000000000
95482  55.830  22.147  12.220 0.0000000000
129229  56.809  19.920  15.954 0.0000000000
123707  45.014  40.864  1.632 0.0000000000
105421  50.358  38.074  14.509 0.0000000000
103398  51.292  33.710  14.878 0.0000000000
104101  51.390  35.534  17.517 0.0000000000
100112  48.254  28.935  17.739 0.0000000000
100766  52.138  29.619  19.872 0.0000000000
98778  50.465  26.380  19.693 0.0000000000
97484  49.993  24.050  16.775 0.0000000000
106588  46.372  38.576  12.073 0.0000000000
107120  46.435  40.696  10.422 0.0000000000
107100  50.173  40.437  12.791 0.0000000000
106034  49.622  37.744  11.421 0.0000000000
100179  52.971  29.963  8.249 0.0000000000
134565  50.412  28.031  5.401 0.0000000000
98893  51.585  26.321  5.625 0.0000000000
97536  42.699  24.536  8.631 0.0000000000
96867  45.483  24.044  8.403 0.0000000000
106063  46.653  37.860  6.837 0.0000000000
104216  44.369  34.708  6.667 0.0000000000
105417  46.764  36.553  14.887 0.0000000000
104095  48.914  35.295  18.099 0.0000000000
107176  36.637  39.572  7.309 0.0000000000
135715  40.310  39.671  7.237 0.0000000000
106026  44.112  37.066  12.162 0.0000000000
97516  49.417  24.578  12.133 0.0000000000
129045  49.698  24.219  9.580 0.0000000000
95493  51.609  22.241  11.951 0.0000000000
93919  51.887  19.149  13.266 0.0000000000
102696  47.292  32.685  13.099 0.0000000000
100838  48.467  29.644  11.865 0.0000000000
102079  50.057  31.554  12.728 0.0000000000
102076  53.195  32.059  12.125 0.0000000000
100822  51.415  29.532  12.221 0.0000000000
102644  51.775  32.680  18.633 0.0000000000
101447  51.217  30.216  16.528 0.0000000000
99481  48.867  27.062  13.517 0.0000000000
143477  49.805  25.293  14.707 0.0000000000
96113  51.924  22.213  15.876 0.0000000000
107779  42.312  40.351  1.416 0.0000000000
108306  45.985  42.116  4.848 0.0000000000
108283  45.828  42.341  7.358 0.0000000000
107169  47.189  40.693  7.671 0.0000000000
105462  49.000  37.325  8.565 0.0000000000
104843  47.677  35.729  11.240 0.0000000000
99519  48.461  27.541  8.481 0.0000000000
98907  46.472  26.089  4.814 0.0000000000
96213  48.036  22.891  6.052 0.0000000000
127411  51.427  21.948  6.327 0.0000000000
142911  45.591  29.155  12.402 0.0000000000
99500  45.676  27.781  11.880 0.0000000000
140100  46.017  28.638  12.235 0.0000000000
102698  46.260  32.056  12.247 0.0000000000
102709  44.837  32.091  11.080 0.0000000000
102084  44.827  30.891  11.937 0.0000000000
101473  44.525  30.094  12.333 0.0000000000
95433  56.364  21.435  17.996 0.0000000000
95452  56.585  21.696  16.021 0.0000000000
125981  56.627  20.293  17.226 0.0000000000
94766  45.571  20.664  9.676 0.0000000000
106003  50.607  39.009  15.673 0.0000000000
130301  50.531  36.661  16.290 0.0000000000
105403  50.363  37.532  17.039 0.0000000000
99448  47.750  27.098  18.486 0.0000000000
122617  49.801  27.622  19.744 0.0000000000
106014  48.033  38.483  14.090 0.0000000000
106587  48.374  39.838  12.618 0.0000000000
124978  50.003  39.930  14.384 0.0000000000
106012  50.616  39.286  14.222 0.0000000000
100181  51.546  28.569  9.506 0.0000000000
136496  52.140  28.340  7.484 0.0000000000
98868  50.516  26.712  8.042 0.0000000000
98821  40.939  26.995  12.065 0.0000000000
98848  41.156  26.310  10.176 0.0000000000
98860  43.871  26.368  9.056 0.0000000000
98876  42.485  26.086  8.275 0.0000000000
98209  43.317  25.675  7.342 0.0000000000
96868  44.548  24.255  8.582 0.0000000000
134447  44.565  25.547  6.696 0.0000000000
104879  47.208  35.564  7.628 0.0000000000
105470  46.045  36.216  6.841 0.0000000000
104202  45.841  34.438  7.428 0.0000000000
100159  42.363  28.125  12.550 0.0000000000
99493  40.838  27.769  12.609 0.0000000000
104800  45.429  35.808  14.664 0.0000000000
104785  46.840  35.751  16.951 0.0000000000
104786  45.013  35.279  16.454 0.0000000000
104812  43.553  35.714  13.241 0.0000000000
106027  43.244  36.866  12.155 0.0000000000
105425  44.352  35.958  13.301 0.0000000000
143108  45.734  36.659  13.433 0.0000000000
97505  51.525  24.507  13.469 0.0000000000
96827  50.503  23.716  11.934 0.0000000000
96825  52.917  24.064  12.413 0.0000000000
93916  55.432  19.569  12.880 0.0000000000
94729  53.317  20.077  13.101 0.0000000000
93168  54.138  18.523  13.334 0.0000000000
103409  47.726  33.364  13.406 0.0000000000
102069  48.382  31.831  13.384 0.0000000000
102686  49.404  33.118  14.164 0.0000000000
102674  52.650  33.238  15.227 0.0000000000
102684  51.998  33.082  14.114 0.0000000000
102688  53.117  32.289  13.250 0.0000000000
101467  53.057  31.164  12.011 0.0000000000
101450  52.392  31.237  14.147 0.0000000000
102646  49.390  33.222  17.927 0.0000000000
103356  50.439  34.153  18.354 0.0000000000
127257  50.158  32.291  18.224 0.0000000000
100111  51.184  27.826  18.344 0.0000000000
100789  51.358  29.458  17.623 0.0000000000
100790  50.418  28.794  16.703 0.0000000000
100799  49.963  29.098  14.629 0.0000000000
99471  49.260  27.509  15.107 0.0000000000
141062  49.095  26.188  14.567 0.0000000000
98154  49.631  25.735  15.293 0.0000000000
95451  50.047  21.763  16.834 0.0000000000
96114  51.084  22.373  15.976 0.0000000000
107754  42.087  39.974  3.121 0.0000000000
122546  44.561  40.764  2.716 0.0000000000
107739  44.132  40.964  4.761 0.0000000000
107155  41.424  39.642  8.590 0.0000000000
107704  41.526  39.970  7.303 0.0000000000
107686  43.540  40.345  8.999 0.0000000000
107136  47.446  41.681  9.783 0.0000000000
122034  45.911  42.072  8.814 0.0000000000
107683  47.218  42.336  9.394 0.0000000000
108289  46.627  42.293  7.217 0.0000000000
107153  47.570  40.596  8.809 0.0000000000
106637  47.454  39.225  7.986 0.0000000000
106629  48.797  38.919  9.108 0.0000000000
104829  48.847  36.813  12.416 0.0000000000
105447  48.480  36.552  11.410 0.0000000000
104830  47.909  35.667  12.294 0.0000000000
104159  47.418  34.542  12.616 0.0000000000
100844  49.719  29.790  10.545 0.0000000000
100175  48.572  28.667  10.436 0.0000000000
100188  49.917  29.004  8.664 0.0000000000
98913  49.767  26.688  3.943 0.0000000000
98894  48.208  26.773  5.026 0.0000000000
98219  47.892  25.790  3.875 0.0000000000
97567  47.013  25.211  5.467 0.0000000000
96889  48.876  23.595  4.880 0.0000000000
95505  50.580  21.796  9.893 0.0000000000
125544  50.811  22.659  7.454 0.0000000000
95512  50.582  21.418  8.282 0.0000000000
122131  43.141  27.888  12.404 0.0000000000
141113  42.649  26.454  10.960 0.0000000000
99501  44.234  27.145  11.736 0.0000000000
98831  44.633  26.679  10.966 0.0000000000
98859  45.256  26.478  9.543 0.0000000000
104166  46.039  34.044  9.930 0.0000000000
100828  43.165  29.263  12.586 0.0000000000
96121  55.108  22.888  14.967 0.0000000000
96815  55.100  24.000  13.008 0.0000000000
96119  56.278  22.642  14.659 0.0000000000
95473  57.130  21.193  12.890 0.0000000000
104799  48.746  35.831  13.955 0.0000000000
104127  49.455  34.656  14.836 0.0000000000
104790  50.206  35.547  15.614 0.0000000000
104112  51.280  35.109  16.165 0.0000000000
103368  52.348  33.784  17.010 0.0000000000
101432  48.941  30.726  17.662 0.0000000000
101431  50.120  30.794  18.414 0.0000000000
100767  50.911  29.252  19.815 0.0000000000
100097  51.182  27.865  20.220 0.0000000000
98792  50.824  26.652  19.201 0.0000000000
124742  50.258  25.723  17.341 0.0000000000
98147  50.093  25.414  18.108 0.0000000000
96109  49.282  22.527  17.178 0.0000000000
94697  49.412  20.803  18.295 0.0000000000
107211  41.226  39.849  4.368 0.0000000000
125353  44.992  38.662  11.294 0.0000000000
107121  45.231  40.076  10.351 0.0000000000
107110  46.838  40.233  11.057 0.0000000000
107109  48.020  40.537  11.288 0.0000000000
107117  49.851  40.164  11.108 0.0000000000
106613  49.926  39.143  10.202 0.0000000000
106594  50.638  39.539  11.696 0.0000000000
106013  50.280  38.406  13.585 0.0000000000
101511  52.544  30.640  8.185 0.0000000000
100187  50.788  29.343  7.475 0.0000000000
123671  52.222  29.284  5.919 0.0000000000
99539  51.972  28.226  5.255 0.0000000000
98218  51.610  25.402  4.856 0.0000000000
93187  49.041  18.746  12.144 0.0000000000
94764  48.899  20.042  9.408 0.0000000000
96847  41.248  23.870  10.337 0.0000000000
98863  41.402  26.107  9.308 0.0000000000
97551  41.781  25.324  8.548 0.0000000000
96845  42.998  23.480  10.231 0.0000000000
96844  43.931  23.276  10.222 0.0000000000
96189  45.581  22.533  9.579 0.0000000000
96188  46.293  21.989  9.055 0.0000000000
141695  45.582  37.370  6.063 0.0000000000
105478  44.611  36.357  5.858 0.0000000000
105998  48.688  37.982  15.813 0.0000000000
127129  48.907  37.040  17.167 0.0000000000
104784  47.846  36.407  16.992 0.0000000000
104096  47.796  35.347  17.681 0.0000000000
122416  47.424  33.462  17.586 0.0000000000
102034  47.578  31.823  17.381 0.0000000000
100777  46.818  30.252  17.204 0.0000000000
107174  38.836  39.563  7.454 0.0000000000
140895  39.880  39.472  8.351 0.0000000000
107124  42.206  39.330  10.193 0.0000000000
106598  44.006  38.388  11.211 0.0000000000
106024  45.812  37.670  12.464 0.0000000000
106015  47.052  37.726  13.545 0.0000000000
98185  48.826  25.668  11.297 0.0000000000
98193  49.440  25.439  9.203 0.0000000000
97523  49.375  24.507  11.270 0.0000000000
96835  50.257  23.448  11.102 0.0000000000
125702  50.551  21.156  11.331 0.0000000000
95484  53.558  22.332  12.401 0.0000000000
130463  51.946  21.290  12.377 0.0000000000
93927  50.552  19.679  12.552 0.0000000000
102082  46.553  31.263  12.578 0.0000000000
141761  47.756  29.836  12.399 0.0000000000
120748  47.907  31.153  13.059 0.0000000000
101469  49.495  30.862  12.330 0.0000000000
101490  51.425  31.353  11.041 0.0000000000
102685  50.586  33.125  14.252 0.0000000000
102078  51.527  32.042  12.372 0.0000000000
101489  52.666  31.606  10.709 0.0000000000
100841  52.960  30.765  10.080 0.0000000000
100172  52.304  29.637  10.369 0.0000000000
126336  51.093  28.773  11.025 0.0000000000
104093  50.879  35.843  18.089 0.0000000000
103354  52.076  33.917  17.911 0.0000000000
136235  52.502  32.382  17.568 0.0000000000
102022  51.942  30.894  19.678 0.0000000000
132997  52.007  31.013  17.351 0.0000000000
101446  51.795  31.059  15.600 0.0000000000
100798  50.707  29.707  14.196 0.0000000000
100139  50.079  28.824  13.401 0.0000000000
99499  49.640  27.633  11.640 0.0000000000
139767  48.799  25.735  12.952 0.0000000000
97491  49.696  25.130  13.986 0.0000000000
97489  52.061  24.417  14.236 0.0000000000
97483  50.330  24.514  16.165 0.0000000000
96795  51.699  23.880  14.943 0.0000000000
96793  53.355  23.409  14.725 0.0000000000
95447  53.890  21.713  16.608 0.0000000000
121957  43.534  40.448  1.449 0.0000000000
107765  46.188  41.615  2.282 0.0000000000
108304  47.412  42.173  3.907 0.0000000000
107685  44.694  40.837  9.215 0.0000000000
107713  44.631  41.542  6.083 0.0000000000
108298  45.658  42.057  5.717 0.0000000000
144854  46.617  41.940  5.793 0.0000000000
107197  46.643  41.293  5.703 0.0000000000
106639  47.023  39.089  7.195 0.0000000000
106059  48.440  37.047  7.835 0.0000000000
104866  47.923  35.830  8.367 0.0000000000
106049  49.908  38.254  10.283 0.0000000000
133964  48.449  36.460  9.802 0.0000000000
104851  47.098  35.215  9.899 0.0000000000
104163  46.683  34.340  11.299 0.0000000000
103412  46.621  33.371  12.246 0.0000000000
100168  47.325  28.452  11.669 0.0000000000
99514  47.527  27.176  9.476 0.0000000000
98871  46.819  26.565  7.662 0.0000000000
99528  49.134  27.576  6.989 0.0000000000
98885  46.840  26.543  6.482 0.0000000000
98897  45.118  26.118  5.866 0.0000000000
97558  45.564  25.323  6.351 0.0000000000
96205  47.088  22.962  7.509 0.0000000000
98206  50.382  25.101  7.360 0.0000000000
96881  51.933  23.616  5.846 0.0000000000
96888  52.029  23.291  4.467 0.0000000000
94780  49.940  20.625  7.288 0.0000000000
96230  50.172  22.388  4.306 0.0000000000
93137  55.485  18.884  17.087 0.0000000000
92354  56.833  18.057  14.505 0.0000000000
100826  45.566  29.781  12.428 0.0000000000
100825  46.208  29.411  12.400 0.0000000000
102083  45.670  31.298  12.177 0.0000000000
101472  45.338  30.392  12.313 0.0000000000
144380  45.081  29.932  12.404 0.0000000000
94701  56.611  21.111  17.701 0.0000000000
106563  50.378  39.140  15.791 0.0000000000
105989  50.445  37.927  16.582 0.0000000000
106557  50.150  38.438  16.443 0.0000000000
106572  49.193  39.243  14.661 0.0000000000
106579  49.123  39.620  13.881 0.0000000000
106571  50.244  39.613  15.045 0.0000000000
106570  50.623  39.384  15.126 0.0000000000
99512  50.723  27.930  9.733 0.0000000000
98855  50.362  27.209  8.991 0.0000000000
98834  41.046  26.555  11.210 0.0000000000
98874  43.899  26.338  7.957 0.0000000000
98889  43.446  26.059  7.364 0.0000000000
97559  43.782  25.356  7.250 0.0000000000
98208  43.880  25.865  7.043 0.0000000000
104867  47.292  35.301  8.037 0.0000000000
104201  46.625  34.834  7.723 0.0000000000
99492  41.703  27.530  12.380 0.0000000000
100160  41.532  28.404  12.745 0.0000000000
104792  45.255  35.548  15.547 0.0000000000
120951  43.998  35.435  14.110 0.0000000000
104811  44.884  35.776  13.994 0.0000000000
97504  52.747  24.512  13.452 0.0000000000
97514  52.419  24.344  12.776 0.0000000000
97513  53.538  24.450  12.858 0.0000000000
135585  54.973  18.906  13.128 0.0000000000
129983  48.167  34.056  13.736 0.0000000000
103408  48.459  33.232  13.825 0.0000000000
103400  48.921  33.896  14.323 0.0000000000
102673  52.797  32.938  15.507 0.0000000000
102682  52.874  32.599  14.403 0.0000000000
102066  53.248  31.966  13.470 0.0000000000
102064  52.813  31.957  14.872 0.0000000000
100126  50.364  28.031  17.019 0.0000000000
100128  49.681  28.182  15.854 0.0000000000
99469  49.655  27.367  16.134 0.0000000000
98801  49.301  26.673  15.296 0.0000000000
98799  49.947  26.354  16.506 0.0000000000
95439  50.441  21.249  17.253 0.0000000000
107221  41.755  39.919  3.868 0.0000000000
129435  44.022  40.646  3.874 0.0000000000
134566  43.249  40.499  4.829 0.0000000000
107139  42.792  39.757  9.554 0.0000000000
107154  42.437  39.988  8.664 0.0000000000
107682  47.566  41.580  9.553 0.0000000000
107691  47.260  42.274  8.622 0.0000000000
107152  48.150  40.151  9.501 0.0000000000
135015  48.801  39.752  9.797 0.0000000000
104809  48.487  36.041  13.106 0.0000000000
104810  48.053  34.997  13.316 0.0000000000
104146  47.646  34.099  13.214 0.0000000000
142192  49.801  29.541  9.923 0.0000000000
100849  50.299  29.612  9.207 0.0000000000
98226  49.429  25.920  3.646 0.0000000000
98914  48.753  26.517  3.782 0.0000000000
97582  48.886  25.424  3.793 0.0000000000
97574  48.460  24.920  4.453 0.0000000000
96897  49.543  24.248  4.289 0.0000000000
136729  50.409  21.271  10.534 0.0000000000
135529  50.678  21.964  8.922 0.0000000000
94754  50.197  20.894  9.741 0.0000000000
99490  43.949  27.794  12.286 0.0000000000
99502  43.370  27.169  11.975 0.0000000000
124699  45.013  27.230  11.583 0.0000000000
98830  45.664  26.986  11.115 0.0000000000
98844  45.261  26.636  10.423 0.0000000000
98843  45.954  26.670  10.228 0.0000000000
103425  46.205  33.818  10.805 0.0000000000
103426  45.616  33.389  10.360 0.0000000000
102103  44.266  31.441  11.349 0.0000000000
102115  44.277  31.941  10.687 0.0000000000
124286  44.031  29.325  12.474 0.0000000000
100158  43.613  28.559  12.508 0.0000000000
123318  42.912  28.588  12.586 0.0000000000
96135  55.807  23.149  14.377 0.0000000000
96120  55.949  22.734  15.130 0.0000000000
94710  56.823  20.869  15.269 0.0000000000
95464  57.009  21.141  14.068 0.0000000000
142918  57.075  20.536  14.358 0.0000000000
94719  57.193  20.313  13.436 0.0000000000
93908  57.247  19.383  13.831 0.0000000000
138777  44.628  40.821  0.843 0.0000000000
108346  44.227  41.615  -0.123 0.0000000000
105415  49.617  36.666  14.617 0.0000000000
104798  49.303  35.566  14.753 0.0000000000
121465  49.902  36.318  15.401 0.0000000000
104789  50.957  36.034  16.851 0.0000000000
104100  51.996  34.546  17.017 0.0000000000
100776  49.410  29.293  18.374 0.0000000000
100099  49.490  28.466  18.918 0.0000000000
98765  50.405  26.863  20.209 0.0000000000
100092  50.669  27.472  20.257 0.0000000000
98791  50.912  26.973  20.085 0.0000000000
99458  51.227  27.407  20.004 0.0000000000
134951  50.461  26.056  18.292 0.0000000000
98140  49.996  25.685  19.154 0.0000000000
97481  49.045  24.051  18.034 0.0000000000
96787  48.716  23.090  17.753 0.0000000000
95441  49.104  21.808  17.462 0.0000000000
95429  48.726  21.313  18.097 0.0000000000
106597  46.025  39.091  11.454 0.0000000000
107101  49.320  40.446  12.348 0.0000000000
106595  48.234  40.168  11.993 0.0000000000
107108  49.104  40.573  11.604 0.0000000000
107107  50.064  40.474  11.988 0.0000000000
107116  50.462  40.041  11.614 0.0000000000
107106  50.587  40.171  12.281 0.0000000000
105422  49.405  37.064  13.543 0.0000000000
100852  52.924  30.318  7.900 0.0000000000
100859  52.608  30.335  7.360 0.0000000000
100192  52.980  30.017  7.387 0.0000000000
98881  51.945  27.539  6.036 0.0000000000
99532  52.254  28.331  5.670 0.0000000000
98892  51.853  27.482  5.430 0.0000000000
129530  51.577  26.323  5.160 0.0000000000
98212  51.890  25.099  5.126 0.0000000000
96848  40.502  24.196  10.529 0.0000000000
97529  40.803  24.674  9.688 0.0000000000
98847  42.000  26.363  10.137 0.0000000000
97550  42.360  25.082  8.108 0.0000000000
97537  41.865  24.789  8.726 0.0000000000
96856  42.381  24.118  9.425 0.0000000000
96855  43.321  23.923  9.444 0.0000000000
96853  45.203  23.486  9.241 0.0000000000
96198  46.016  23.047  8.864 0.0000000000
106642  46.574  38.863  6.432 0.0000000000
132116  46.028  37.929  6.058 0.0000000000
104881  45.312  34.926  6.909 0.0000000000
105477  45.278  36.324  6.368 0.0000000000
104895  44.677  35.584  6.379 0.0000000000
105416  47.669  37.178  15.375 0.0000000000
105411  48.199  37.096  16.351 0.0000000000
105412  47.041  36.314  16.058 0.0000000000
123896  46.800  35.298  17.358 0.0000000000
103358  47.890  34.455  17.794 0.0000000000
102648  46.997  32.607  17.405 0.0000000000
130648  47.757  30.885  17.337 0.0000000000
107188  37.229  39.701  6.528 0.0000000000
121231  37.418  39.571  7.285 0.0000000000
107157  39.334  39.349  8.845 0.0000000000
124436  40.098  39.349  9.127 0.0000000000
107141  40.927  39.408  9.321 0.0000000000
106037  43.557  37.617  11.648 0.0000000000
106599  43.048  38.257  11.208 0.0000000000
106036  44.487  37.818  11.695 0.0000000000
106025  44.977  37.302  12.233 0.0000000000
105423  46.412  36.760  13.925 0.0000000000
106016  46.158  37.270  13.155 0.0000000000
106007  47.318  37.378  14.402 0.0000000000
98178  48.976  25.100  11.711 0.0000000000
120773  49.034  25.136  10.720 0.0000000000
96826  51.278  23.556  12.065 0.0000000000
96834  50.766  23.285  11.597 0.0000000000
96169  51.234  22.922  11.655 0.0000000000
96170  50.744  22.780  11.156 0.0000000000
95494  50.997  22.053  11.469 0.0000000000
96156  55.984  22.783  12.382 0.0000000000
96158  54.286  23.200  12.372 0.0000000000
95483  54.684  22.226  12.393 0.0000000000
93918  52.793  19.240  13.354 0.0000000000
94741  52.656  20.713  12.781 0.0000000000
93925  52.308  19.886  13.083 0.0000000000
94742  51.200  20.505  12.445 0.0000000000
93177  51.027  19.006  13.129 0.0000000000
93178  50.238  18.765  12.864 0.0000000000
93170  51.579  18.373  13.379 0.0000000000
134912  46.913  31.991  12.765 0.0000000000
143575  47.219  31.348  12.851 0.0000000000
102081  47.571  31.907  13.176 0.0000000000
102068  49.415  31.898  13.362 0.0000000000
102080  48.884  31.210  13.011 0.0000000000
101491  50.068  30.683  11.582 0.0000000000
101468  50.762  31.405  11.918 0.0000000000
103399  50.047  33.876  14.753 0.0000000000
102695  53.074  32.362  12.709 0.0000000000
102690  52.205  32.527  13.043 0.0000000000
102077  52.842  32.221  12.076 0.0000000000
102101  52.321  31.914  11.476 0.0000000000
102100  53.066  31.947  11.393 0.0000000000
101500  52.706  31.213  9.874 0.0000000000
101488  52.926  31.388  10.687 0.0000000000
100821  52.508  30.309  11.680 0.0000000000
139556  52.651  30.310  10.905 0.0000000000
100836  51.794  29.527  11.352 0.0000000000
125440  50.769  28.863  11.822 0.0000000000
105396  49.598  36.743  17.771 0.0000000000
104778  49.845  36.040  18.179 0.0000000000
103355  51.524  33.847  18.373 0.0000000000
130967  52.087  33.192  18.362 0.0000000000
102643  52.279  32.317  18.552 0.0000000000
101422  51.394  30.351  19.492 0.0000000000
101421  52.243  30.403  19.807 0.0000000000
101440  52.175  30.203  18.500 0.0000000000
146140  51.122  30.358  15.461 0.0000000000
101451  51.315  30.407  14.677 0.0000000000
100794  50.566  29.749  15.285 0.0000000000
99480  49.165  27.716  14.203 0.0000000000
129858  49.617  28.563  14.033 0.0000000000
120914  49.475  28.119  13.216 0.0000000000
100154  49.900  28.228  12.204 0.0000000000
98818  49.191  27.387  12.540 0.0000000000
98819  48.765  26.406  12.827 0.0000000000
98810  49.272  25.638  14.275 0.0000000000
97490  50.379  24.869  14.556 0.0000000000
122220  51.125  24.575  14.253 0.0000000000
97486  51.032  24.445  14.824 0.0000000000
98149  50.147  24.905  16.998 0.0000000000
96790  50.308  23.756  16.200 0.0000000000
142808  51.144  23.218  15.561 0.0000000000
96124  51.793  22.882  15.401 0.0000000000
96794  52.467  23.349  14.940 0.0000000000
96123  52.756  22.580  15.446 0.0000000000
96122  53.917  22.742  15.178 0.0000000000
107780  41.301  40.394  1.426 0.0000000000
108328  40.289  40.968  0.987 0.0000000000
107795  41.022  40.772  0.915 0.0000000000
107752  45.560  41.528  3.324 0.0000000000
108311  47.441  42.262  3.480 0.0000000000
108305  46.859  42.204  4.360 0.0000000000
107137  44.871  40.466  9.828 0.0000000000
140254  45.663  41.345  9.420 0.0000000000
108273  46.447  42.546  8.106 0.0000000000
107693  45.278  41.893  7.968 0.0000000000
108291  45.569  42.122  6.538 0.0000000000
107700  47.012  42.113  7.470 0.0000000000
107712  46.720  41.960  6.533 0.0000000000
107183  46.837  41.049  6.718 0.0000000000
134122  46.846  39.862  6.803 0.0000000000
106056  48.761  37.950  8.378 0.0000000000
106057  47.945  38.035  7.866 0.0000000000
105463  48.391  36.413  8.051 0.0000000000
106048  50.368  38.768  11.168 0.0000000000
134462  48.219  36.315  10.647 0.0000000000
104850  47.664  35.778  10.321 0.0000000000
104844  47.106  35.092  10.847 0.0000000000
104162  47.216  34.904  11.773 0.0000000000
103411  47.142  33.553  12.791 0.0000000000
102697  46.714  32.750  12.549 0.0000000000
100824  47.582  29.189  12.056 0.0000000000
100167  48.117  28.860  11.373 0.0000000000
124308  48.181  27.532  9.107 0.0000000000
99513  48.149  27.921  9.903 0.0000000000
98857  46.838  26.635  8.826 0.0000000000
99520  47.741  26.983  8.445 0.0000000000
100195  51.150  28.894  6.196 0.0000000000
99527  49.924  28.417  7.182 0.0000000000
123799  49.966  28.088  6.329 0.0000000000
98906  47.420  26.348  4.368 0.0000000000
98895  47.004  26.441  5.300 0.0000000000
98896  45.923  26.278  5.549 0.0000000000
97569  45.018  25.959  5.825 0.0000000000
97568  45.834  25.750  5.499 0.0000000000
96882  47.688  24.075  6.048 0.0000000000
97557  46.707  24.768  6.282 0.0000000000
96876  47.450  23.528  6.763 0.0000000000
95523  47.571  22.086  6.482 0.0000000000
145426  49.541  24.759  9.127 0.0000000000
98200  49.789  25.118  8.282 0.0000000000
131302  49.888  24.214  8.654 0.0000000000
96204  51.149  22.081  7.024 0.0000000000
96875  50.941  23.514  6.940 0.0000000000
124299  51.614  22.648  6.271 0.0000000000
96210  52.205  22.994  5.247 0.0000000000
96211  51.842  22.351  5.561 0.0000000000
93960  48.345  19.690  8.845 0.0000000000
94771  49.018  20.222  8.488 0.0000000000
131637  48.520  19.845  8.012 0.0000000000
100827  44.919  29.365  12.425 0.0000000000
99489  44.779  27.791  12.117 0.0000000000
100156  45.244  28.539  12.302 0.0000000000
100169  46.544  28.127  11.856 0.0000000000
102707  46.224  32.847  11.894 0.0000000000
102708  45.553  32.283  11.584 0.0000000000
102102  45.057  31.610  11.616 0.0000000000
128158  56.196  21.696  17.494 0.0000000000
95453  56.266  22.226  15.823 0.0000000000
95444  56.377  21.678  16.987 0.0000000000
94707  56.665  21.019  16.591 0.0000000000
105409  50.448  37.587  15.583 0.0000000000
105408  50.512  37.518  16.554 0.0000000000
142207  50.819  36.828  16.730 0.0000000000
104783  50.877  36.355  17.611 0.0000000000
99460  48.555  27.722  18.645 0.0000000000
99447  48.850  27.051  19.376 0.0000000000
98126  49.822  26.048  19.857 0.0000000000
130168  47.909  38.983  13.195 0.0000000000
126083  47.372  39.213  12.397 0.0000000000
106586  49.312  40.113  13.108 0.0000000000
106578  50.116  40.188  13.654 0.0000000000
106577  50.588  40.014  13.204 0.0000000000
120885  50.321  39.750  14.339 0.0000000000
106004  50.693  38.863  15.274 0.0000000000
100180  52.351  29.189  8.907 0.0000000000
100186  52.620  29.195  7.879 0.0000000000
99511  51.517  28.217  8.704 0.0000000000
99518  51.157  27.539  8.125 0.0000000000
98882  51.086  26.577  6.840 0.0000000000
98861  43.033  26.326  9.102 0.0000000000
98875  43.175  26.235  8.047 0.0000000000
98201  42.930  25.885  7.665 0.0000000000
97549  43.000  24.871  7.874 0.0000000000
97535  43.622  24.379  8.645 0.0000000000
97548  43.702  24.780  7.751 0.0000000000
97547  44.506  24.760  7.528 0.0000000000
106061  46.513  36.888  6.956 0.0000000000
105469  46.976  36.105  7.250 0.0000000000
104880  46.312  35.286  7.172 0.0000000000
100830  41.249  29.280  12.905 0.0000000000
100161  40.643  28.614  12.922 0.0000000000
139532  40.104  28.028  12.794 0.0000000000
98822  39.941  27.240  12.257 0.0000000000
142762  46.053  36.226  14.524 0.0000000000
104791  46.103  35.932  15.303 0.0000000000
123201  45.998  35.613  16.286 0.0000000000
104832  42.228  35.869  12.638 0.0000000000
105435  42.432  36.627  12.193 0.0000000000
104831  43.019  36.119  12.644 0.0000000000
105434  43.825  36.345  12.665 0.0000000000
105433  44.637  36.599  12.714 0.0000000000
105432  45.404  36.905  12.844 0.0000000000
127880  45.109  36.309  13.349 0.0000000000
105424  45.610  36.211  13.957 0.0000000000
143863  50.515  24.426  13.094 0.0000000000
97515  50.080  24.189  12.423 0.0000000000
123331  51.196  24.114  12.582 0.0000000000
134253  52.038  23.997  12.332 0.0000000000
96160  52.117  23.325  12.045 0.0000000000
94727  56.041  20.426  12.485 0.0000000000
94739  55.224  21.253  12.480 0.0000000000
94728  54.576  20.271  12.858 0.0000000000
93917  53.989  19.279  13.276 0.0000000000
93169  53.168  18.522  13.449 0.0000000000
102693  47.988  32.568  13.505 0.0000000000
102692  48.881  32.488  13.714 0.0000000000
102691  49.949  32.530  13.746 0.0000000000
103397  52.257  33.600  15.036 0.0000000000
102683  52.626  33.060  14.421 0.0000000000
102689  52.791  32.666  13.581 0.0000000000
127791  53.288  32.097  12.711 0.0000000000
135510  53.163  31.711  11.641 0.0000000000
101453  53.279  31.829  12.433 0.0000000000
101454  52.851  31.186  12.989 0.0000000000
100804  52.163  30.292  12.609 0.0000000000
103357  49.177  34.358  18.129 0.0000000000
104094  50.133  35.161  18.353 0.0000000000
102645  50.877  33.121  18.465 0.0000000000
126341  51.318  32.214  18.734 0.0000000000
131446  52.113  28.913  19.950 0.0000000000
100774  52.247  29.504  19.476 0.0000000000
100125  51.628  28.615  18.633 0.0000000000
133957  50.536  29.444  16.258 0.0000000000
100795  49.954  28.944  15.568 0.0000000000
100130  49.493  28.341  14.888 0.0000000000
98802  48.935  26.844  14.397 0.0000000000
96116  49.895  22.384  16.651 0.0000000000
96115  50.451  22.996  16.083 0.0000000000
138929  50.409  22.225  16.415 0.0000000000
95450  50.752  21.716  16.600 0.0000000000
107768  40.106  40.284  1.983 0.0000000000
107767  41.489  40.085  2.277 0.0000000000
123140  42.648  40.140  2.231 0.0000000000
107753  43.212  40.224  3.030 0.0000000000
107738  45.140  41.495  4.335 0.0000000000
107172  40.297  39.573  7.891 0.0000000000
107171  40.998  39.690  7.752 0.0000000000
107170  41.824  39.982  7.918 0.0000000000
107678  47.098  41.858  9.899 0.0000000000
107684  46.734  42.262  9.406 0.0000000000
107692  46.958  42.738  8.806 0.0000000000
108282  46.488  42.500  7.567 0.0000000000
108272  46.851  42.603  8.036 0.0000000000
106636  48.065  39.070  8.638 0.0000000000
106053  49.283  38.153  8.882 0.0000000000
100837  49.415  29.992  11.317 0.0000000000
100845  48.879  29.334  10.998 0.0000000000
100174  49.210  29.210  10.329 0.0000000000
100182  49.312  28.893  9.651 0.0000000000
100183  48.889  28.214  8.971 0.0000000000
99541  50.595  27.675  4.750 0.0000000000
99542  49.414  27.232  4.748 0.0000000000
98904  49.492  27.018  4.161 0.0000000000
140702  47.921  26.355  3.918 0.0000000000
98220  47.294  26.140  4.188 0.0000000000
97576  46.400  25.987  4.792 0.0000000000
97575  47.400  25.604  4.540 0.0000000000
96890  48.024  24.509  5.286 0.0000000000
142059  48.274  23.495  5.595 0.0000000000
96187  50.434  22.709  9.534 0.0000000000
96865  50.345  23.453  8.075 0.0000000000
96196  50.503  22.691  8.533 0.0000000000
133660  50.769  22.003  7.939 0.0000000000
95522  50.839  21.525  7.219 0.0000000000
99491  42.542  27.317  12.177 0.0000000000
98833  42.679  26.761  11.614 0.0000000000
98832  43.511  26.614  11.186 0.0000000000
98845  43.811  26.429  10.165 0.0000000000
129597  44.617  26.470  9.936 0.0000000000
130821  44.552  26.382  8.974 0.0000000000
98873  44.905  26.366  8.155 0.0000000000
104176  46.562  34.657  9.437 0.0000000000
103439  45.485  33.559  9.487 0.0000000000
102723  45.218  32.744  10.756 0.0000000000
123424  43.540  29.976  12.378 0.0000000000
101474  42.630  29.922  12.509 0.0000000000
125883  42.791  35.511  13.222 0.0000000000
129873  43.240  35.300  13.834 0.0000000000
96802  53.808  24.256  14.040 0.0000000000
96816  54.265  24.412  13.260 0.0000000000
96801  54.767  24.005  13.722 0.0000000000
96814  55.800  23.281  12.939 0.0000000000
96148  56.394  22.529  12.808 0.0000000000
128787  56.637  21.872  14.972 0.0000000000
96133  56.714  22.078  13.653 0.0000000000
94737  56.904  21.350  12.379 0.0000000000
94726  57.026  20.562  12.516 0.0000000000
93915  56.679  19.708  12.755 0.0000000000
104113  50.279  34.678  15.320 0.0000000000
103383  50.939  34.326  15.347 0.0000000000
103382  51.875  34.317  15.678 0.0000000000
103381  52.424  33.879  16.019 0.0000000000
103367  52.615  33.332  16.276 0.0000000000
134772  48.421  31.413  17.521 0.0000000000
102033  49.509  31.454  17.926 0.0000000000
100775  49.889  30.057  18.440 0.0000000000
100098  50.845  28.184  20.228 0.0000000000
124718  51.677  28.612  20.066 0.0000000000
100110  51.639  28.156  19.841 0.0000000000
99459  51.179  27.256  18.917 0.0000000000
98797  50.575  26.507  17.920 0.0000000000
97480  49.679  24.500  17.557 0.0000000000
96786  49.417  23.533  17.275 0.0000000000
95440  49.599  21.350  17.514 0.0000000000
94704  50.176  20.801  17.928 0.0000000000
107741  41.874  40.034  4.482 0.0000000000
106615  44.565  39.172  10.764 0.0000000000
107122  44.146  39.659  10.274 0.0000000000
106614  45.646  39.615  10.872 0.0000000000
106596  47.105  39.649  11.708 0.0000000000
107119  47.619  40.975  10.399 0.0000000000
107118  48.747  40.709  10.909 0.0000000000
107134  49.234  39.953  10.386 0.0000000000
106612  50.358  39.355  10.958 0.0000000000
106033  50.491  38.851  11.981 0.0000000000
106585  50.741  39.664  12.388 0.0000000000
106021  50.604  39.191  12.974 0.0000000000
106022  49.851  37.987  12.652 0.0000000000
101507  52.265  30.996  9.246 0.0000000000
100854  50.836  29.726  8.335 0.0000000000
100853  51.861  30.341  7.591 0.0000000000
100194  52.105  29.984  6.649 0.0000000000
99533  51.653  28.495  5.297 0.0000000000
136749  52.747  29.347  6.801 0.0000000000
100200  52.150  28.691  5.472 0.0000000000
99540  51.571  28.082  5.011 0.0000000000
98912  50.705  26.888  4.427 0.0000000000
98225  50.453  26.062  4.088 0.0000000000
97580  51.027  24.672  4.064 0.0000000000
94748  49.600  20.117  11.182 0.0000000000
94755  49.456  20.267  10.167 0.0000000000
93945  48.983  19.691  10.902 0.0000000000
129122  41.922  26.504  11.100 0.0000000000
98877  41.858  25.835  8.651 0.0000000000
98194  41.254  25.616  9.038 0.0000000000
97538  41.169  25.036  8.965 0.0000000000
96857  41.524  24.372  9.494 0.0000000000
96846  42.096  23.650  10.240 0.0000000000
96183  42.684  23.203  10.921 0.0000000000
96182  43.485  22.814  10.969 0.0000000000
96854  44.299  23.759  9.439 0.0000000000
121694  44.804  22.959  9.983 0.0000000000
95506  45.713  21.591  9.698 0.0000000000
106064  45.848  37.078  6.460 0.0000000000
106065  45.163  36.989  5.992 0.0000000000
104190  46.065  34.146  8.041 0.0000000000
103460  45.279  33.806  7.794 0.0000000000
105410  49.283  37.837  16.574 0.0000000000
105397  48.564  36.419  17.511 0.0000000000
104780  47.749  35.870  17.420 0.0000000000
122417  48.347  33.644  17.779 0.0000000000
125791  48.281  29.882  17.528 0.0000000000
107173  39.692  39.566  7.647 0.0000000000
121589  39.254  39.491  8.144 0.0000000000
107156  40.603  39.505  8.500 0.0000000000
107140  41.830  39.542  9.423 0.0000000000
106039  41.658  37.596  11.535 0.0000000000
106617  42.612  38.860  10.739 0.0000000000
106616  43.557  38.943  10.732 0.0000000000
106035  45.424  38.123  11.829 0.0000000000
106023  46.742  38.142  12.767 0.0000000000
106006  48.291  38.157  14.937 0.0000000000
123908  49.383  27.027  11.032 0.0000000000
98856  49.561  26.325  9.424 0.0000000000
98841  49.083  26.195  10.522 0.0000000000
127814  49.277  24.894  9.839 0.0000000000
97528  49.495  24.385  10.426 0.0000000000
97522  49.843  24.043  11.622 0.0000000000
96836  49.775  23.988  10.915 0.0000000000
96843  50.018  23.565  10.166 0.0000000000
96179  50.502  22.738  10.447 0.0000000000
95499  50.689  21.955  10.838 0.0000000000
96824  53.908  24.002  12.476 0.0000000000
96159  53.228  23.321  12.275 0.0000000000
95485  52.542  22.368  12.240 0.0000000000
94740  53.803  21.184  12.695 0.0000000000
128840  52.868  21.554  12.531 0.0000000000
95486  51.073  21.309  11.971 0.0000000000
94743  50.511  20.534  12.020 0.0000000000
141172  50.117  20.478  11.472 0.0000000000
93928  49.717  19.188  12.367 0.0000000000
129054  46.988  29.675  12.432 0.0000000000
101470  47.276  30.536  12.684 0.0000000000
100823  48.393  30.433  12.546 0.0000000000
101492  49.127  30.274  11.955 0.0000000000
101502  50.517  30.552  10.759 0.0000000000
102067  50.651  32.192  13.167 0.0000000000
131220  51.067  32.679  13.680 0.0000000000
101501  51.903  31.256  10.139 0.0000000000
101506  52.782  30.804  9.054 0.0000000000
100842  52.856  30.058  9.219 0.0000000000
100820  53.140  31.096  11.117 0.0000000000
126968  52.104  29.193  9.694 0.0000000000
100173  51.293  28.628  10.223 0.0000000000
99505  50.305  27.898  10.766 0.0000000000
105404  49.954  37.602  17.142 0.0000000000
104777  50.657  36.586  17.773 0.0000000000
123181  51.067  34.833  18.326 0.0000000000
104092  51.566  34.796  18.050 0.0000000000
102662  52.451  33.122  17.599 0.0000000000
102057  52.670  32.700  16.482 0.0000000000
102032  51.011  31.374  18.861 0.0000000000
102031  52.003  31.655  19.265 0.0000000000
100765  52.384  30.217  19.632 0.0000000000
101430  52.510  30.860  18.982 0.0000000000
102030  52.334  31.402  19.102 0.0000000000
121679  52.412  31.684  18.157 0.0000000000
102049  52.479  31.920  16.502 0.0000000000
101455  51.723  30.358  13.622 0.0000000000
100805  50.912  29.513  13.220 0.0000000000
100806  50.189  29.143  13.886 0.0000000000
100166  50.326  28.268  11.494 0.0000000000
98829  48.981  26.779  11.913 0.0000000000
98179  48.702  25.819  12.110 0.0000000000
98171  49.002  25.172  12.590 0.0000000000
98811  48.815  26.121  13.733 0.0000000000
98163  49.117  25.396  13.436 0.0000000000
97507  49.631  24.722  13.089 0.0000000000
97506  50.441  24.698  13.799 0.0000000000
97488  53.036  24.449  13.973 0.0000000000
98152  50.178  25.310  16.280 0.0000000000
98151  50.367  24.931  15.378 0.0000000000
96125  50.770  24.016  15.552 0.0000000000
96803  52.765  24.034  14.426 0.0000000000
96136  54.385  23.513  14.473 0.0000000000
95454  54.549  22.299  15.820 0.0000000000
95446  55.215  22.005  16.625 0.0000000000
122946  55.835  21.848  17.458 0.0000000000
107766  43.703  40.394  2.208 0.0000000000
107751  47.060  42.303  2.916 0.0000000000
107750  47.945  42.102  3.256 0.0000000000
107737  47.487  41.965  4.001 0.0000000000
133960  41.535  40.029  5.149 0.0000000000
123783  42.324  40.256  5.014 0.0000000000
107138  43.818  40.047  9.705 0.0000000000
107714  43.585  40.890  6.395 0.0000000000
107727  43.817  40.946  5.510 0.0000000000
107726  44.844  41.548  5.219 0.0000000000
108290  46.257  42.368  6.861 0.0000000000
136808  46.146  42.280  6.147 0.0000000000
108297  46.370  42.104  5.353 0.0000000000
107724  46.784  41.973  4.877 0.0000000000
107725  46.924  41.221  4.593 0.0000000000
107184  46.538  39.941  6.091 0.0000000000
133749  47.270  38.249  7.432 0.0000000000
106060  47.377  37.155  7.352 0.0000000000
105468  47.835  36.249  7.648 0.0000000000
104878  47.808  35.851  7.881 0.0000000000
106628  49.380  38.954  9.569 0.0000000000
106052  49.560  38.148  9.383 0.0000000000
105453  49.247  37.314  9.399 0.0000000000
105446  49.051  37.114  10.424 0.0000000000
105458  48.579  36.494  8.814 0.0000000000
104856  47.820  35.816  9.343 0.0000000000
104857  47.195  35.263  8.894 0.0000000000
104165  46.586  34.541  10.391 0.0000000000
103414  46.377  33.597  11.623 0.0000000000
104160  46.815  34.082  12.136 0.0000000000
100155  46.785  28.893  12.188 0.0000000000
130232  47.034  27.699  11.281 0.0000000000
100176  47.766  28.147  10.889 0.0000000000
99507  47.330  27.419  10.433 0.0000000000
99508  46.538  27.117  10.791 0.0000000000
98842  46.748  26.808  9.892 0.0000000000
98858  45.982  26.478  9.155 0.0000000000
98872  45.859  26.415  7.858 0.0000000000
138868  49.690  28.540  8.093 0.0000000000
128937  49.097  27.854  7.965 0.0000000000
99534  49.242  27.354  5.844 0.0000000000
98884  48.100  26.846  6.449 0.0000000000
142608  47.622  26.765  7.424 0.0000000000
98886  45.752  26.404  6.547 0.0000000000
98887  44.871  26.257  6.778 0.0000000000
98207  44.605  25.911  6.453 0.0000000000
97546  45.513  24.620  7.333 0.0000000000
96877  46.587  24.194  7.197 0.0000000000
96866  46.351  23.602  8.056 0.0000000000
96197  46.608  22.479  8.263 0.0000000000
144969  49.981  26.561  8.765 0.0000000000
98883  50.287  25.848  7.624 0.0000000000
98205  50.927  25.616  6.596 0.0000000000
97545  50.311  24.326  7.635 0.0000000000
97556  51.116  24.537  6.521 0.0000000000
98213  51.615  25.175  5.732 0.0000000000
96894  51.956  23.948  4.437 0.0000000000
96895  51.355  23.856  4.064 0.0000000000
94763  49.612  20.523  9.097 0.0000000000
94769  50.384  20.937  7.747 0.0000000000
94779  50.460  20.956  6.776 0.0000000000
94781  49.102  20.293  7.398 0.0000000000
95531  50.929  21.438  6.301 0.0000000000
95538  51.196  21.789  5.373 0.0000000000
96229  51.261  22.843  4.113 0.0000000000
96896  50.492  23.476  4.087 0.0000000000
121059  49.719  23.156  4.388 0.0000000000
96212  48.545  22.592  5.256 0.0000000000
93896  56.258  19.392  16.742 0.0000000000
93144  56.457  18.910  15.887 0.0000000000
92348  55.690  18.154  15.852 0.0000000000
93899  57.023  19.168  14.968 0.0000000000
92375  53.720  17.850  13.333 0.0000000000
92378  50.724  18.195  13.211 0.0000000000
93145  55.789  18.732  16.420 0.0000000000
93149  56.618  18.398  15.122 0.0000000000
93893  56.596  20.487  18.340 0.0000000000
93914  57.122  19.579  13.016 0.0000000000
93926  51.456  19.773  12.897 0.0000000000
93936  49.931  19.923  11.933 0.0000000000
93937  49.269  19.468  11.727 0.0000000000
94693  56.603  21.099  18.655 0.0000000000
94738  56.445  21.301  12.258 0.0000000000
94756  48.780  19.784  10.161 0.0000000000
94762  50.221  20.915  8.681 0.0000000000
94770  49.756  20.592  8.128 0.0000000000
95445  56.087  22.059  16.761 0.0000000000
95481  56.506  21.981  12.298 0.0000000000
96110  48.562  22.143  17.751 0.0000000000
96134  56.170  23.000  13.661 0.0000000000
96157  55.269  22.989  12.377 0.0000000000
96221  51.799  22.497  4.747 0.0000000000
96791  49.849  23.154  16.604 0.0000000000
96800  55.503  23.535  13.599 0.0000000000
96822  55.412  23.388  12.646 0.0000000000
96823  54.782  23.741  12.593 0.0000000000
96852  50.123  23.473  9.116 0.0000000000
97502  54.384  24.269  12.790 0.0000000000
97560  43.280  25.222  7.487 0.0000000000
97561  42.861  25.388  7.648 0.0000000000
97565  52.260  23.946  4.969 0.0000000000
97566  51.926  24.433  5.532 0.0000000000
97573  51.859  24.552  4.665 0.0000000000
97579  51.584  24.387  4.271 0.0000000000
98202  42.405  25.607  8.107 0.0000000000
98214  45.694  26.041  5.394 0.0000000000
98224  51.219  25.182  4.356 0.0000000000
98227  48.206  26.127  3.689 0.0000000000
98862  42.172  26.207  9.146 0.0000000000
98869  49.793  26.011  8.539 0.0000000000
98870  48.371  27.228  7.693 0.0000000000
98902  51.491  27.343  4.996 0.0000000000
98903  50.962  27.506  4.695 0.0000000000
98905  48.440  26.687  4.145 0.0000000000
98911  51.209  26.200  4.690 0.0000000000
99446  50.962  27.356  20.235 0.0000000000
99525  52.405  28.448  6.366 0.0000000000
99526  51.569  27.481  7.155 0.0000000000
99548  50.275  27.205  4.355 0.0000000000
100153  50.399  28.842  12.672 0.0000000000
100193  52.667  29.860  6.752 0.0000000000
100204  51.958  28.457  5.199 0.0000000000
100848  52.939  30.381  8.516 0.0000000000
100858  52.837  30.245  7.457 0.0000000000
101420  52.276  30.779  19.589 0.0000000000
101499  52.884  31.002  9.669 0.0000000000
101505  52.844  30.507  8.343 0.0000000000
101510  52.807  30.407  7.780 0.0000000000
104779  48.730  36.012  17.871 0.0000000000
104894  45.521  35.654  6.719 0.0000000000
105394  50.520  37.086  17.252 0.0000000000
105395  50.342  37.019  17.559 0.0000000000
105448  41.220  36.981  11.870 0.0000000000
105990  50.344  38.042  16.642 0.0000000000
105996  50.603  38.416  16.031 0.0000000000
106005  49.427  38.942  15.460 0.0000000000
106067  45.427  37.572  5.560 0.0000000000
107222  41.060  39.865  3.379 0.0000000000
107679  46.015  41.104  9.878 0.0000000000
107728  42.878  40.509  5.709 0.0000000000
108296  46.480  42.075  6.146 0.0000000000
108312  46.481  42.184  3.903 0.0000000000
108349  40.800  41.241  0.681 0.0000000000
122414  38.041  39.618  6.950 0.0000000000
124404  49.542  21.920  17.059 0.0000000000
125652  51.507  30.406  8.686 0.0000000000
126119  52.882  30.639  9.084 0.0000000000
127738  49.147  25.578  9.936 0.0000000000
127815  52.461  29.091  6.037 0.0000000000
130410  52.330  18.606  13.432 0.0000000000
131123  48.881  26.298  11.369 0.0000000000
133851  57.081  19.979  14.653 0.0000000000
134347  56.316  21.366  18.798 0.0000000000
135044  50.417  26.022  18.930 0.0000000000
135679  50.440  25.322  3.985 0.0000000000
139526  55.179  23.485  14.212 0.0000000000
140179  51.893  20.416  12.722 0.0000000000
140463  56.822  21.801  12.632 0.0000000000
140612  50.477  21.366  9.106 0.0000000000
142561  50.469  38.564  16.148 0.0000000000
143148  48.686  28.431  9.753 0.0000000000
145269  50.286  36.442  18.270 0.0000000000
145360  41.904  36.996  11.851 0.0000000000
145910  40.770  40.219  1.925 0.0000000000
