#!ascii label  , from subject sub-v1s11x0050146_ses-1 vox2ras=TkReg
263
74138  22.530  -5.194  -23.773 0.0000000000
64707  22.449  -14.622  -18.886 0.0000000000
77703  21.483  -0.547  -25.217 0.0000000000
86517  19.769  8.878  -29.155 0.0000000000
62655  20.806  -16.912  -18.894 0.0000000000
141445  23.579  3.502  -25.572 0.0000000000
83094  22.844  5.034  -26.750 0.0000000000
121706  21.076  -8.595  -24.776 0.0000000000
68692  21.941  -10.443  -22.696 0.0000000000
71413  23.531  -7.628  -22.077 0.0000000000
75894  24.009  -2.184  -23.150 0.0000000000
74110  24.756  -4.544  -21.617 0.0000000000
75911  21.811  -2.673  -24.519 0.0000000000
78584  23.897  0.679  -23.796 0.0000000000
133017  20.502  6.933  -28.251 0.0000000000
132039  22.359  8.047  -27.139 0.0000000000
128723  23.545  -11.789  -19.618 0.0000000000
81192  21.864  3.523  -26.655 0.0000000000
82133  22.055  4.775  -27.004 0.0000000000
71447  21.879  -7.358  -24.172 0.0000000000
71430  22.363  -7.769  -23.616 0.0000000000
72345  22.985  -6.501  -23.365 0.0000000000
63696  21.413  -15.555  -19.342 0.0000000000
76807  21.708  -1.276  -24.815 0.0000000000
76806  22.687  -1.165  -24.306 0.0000000000
78594  22.523  0.306  -24.714 0.0000000000
83083  25.069  5.154  -25.863 0.0000000000
81176  24.374  3.605  -25.200 0.0000000000
85738  18.460  8.226  -30.636 0.0000000000
83129  19.253  5.643  -29.539 0.0000000000
85731  20.118  8.060  -29.075 0.0000000000
88839  23.028  13.166  -30.076 0.0000000000
88030  23.953  11.939  -29.270 0.0000000000
87216  22.908  10.351  -27.585 0.0000000000
87228  24.486  10.450  -28.320 0.0000000000
135921  24.437  8.726  -27.403 0.0000000000
68680  23.417  -9.900  -20.931 0.0000000000
134842  22.483  -11.070  -21.351 0.0000000000
61551  20.416  -17.586  -18.580 0.0000000000
78608  22.169  0.887  -25.278 0.0000000000
80298  22.299  2.263  -25.717 0.0000000000
81190  23.115  3.827  -26.048 0.0000000000
84034  24.783  6.565  -26.550 0.0000000000
68703  20.846  -10.572  -24.219 0.0000000000
69637  21.311  -9.781  -24.148 0.0000000000
126007  22.752  -8.694  -22.686 0.0000000000
70494  24.027  -8.369  -20.920 0.0000000000
75019  23.424  -3.461  -23.319 0.0000000000
74126  23.699  -5.017  -22.739 0.0000000000
75001  24.454  -3.144  -22.271 0.0000000000
140547  21.382  -5.903  -24.651 0.0000000000
74147  20.734  -4.632  -24.973 0.0000000000
74145  22.158  -4.431  -24.163 0.0000000000
76796  23.256  -1.984  -23.776 0.0000000000
77685  24.137  -0.499  -23.358 0.0000000000
78583  24.509  0.821  -23.384 0.0000000000
80284  23.693  2.175  -24.635 0.0000000000
80272  24.942  2.367  -23.892 0.0000000000
83104  20.752  5.233  -27.940 0.0000000000
87232  20.505  10.552  -28.262 0.0000000000
134571  21.316  9.180  -27.710 0.0000000000
84938  21.426  7.753  -27.492 0.0000000000
84046  21.295  6.112  -27.453 0.0000000000
124219  22.717  6.605  -26.925 0.0000000000
84044  24.159  6.983  -26.890 0.0000000000
65698  21.885  -13.528  -20.391 0.0000000000
67657  21.480  -11.931  -22.300 0.0000000000
73210  24.516  -5.550  -21.604 0.0000000000
72305  24.926  -6.685  -20.389 0.0000000000
81202  21.249  3.575  -27.201 0.0000000000
82134  21.224  4.460  -27.428 0.0000000000
73237  22.329  -5.954  -24.020 0.0000000000
72346  22.384  -6.565  -23.860 0.0000000000
73236  22.824  -5.868  -23.573 0.0000000000
60407  19.350  -18.902  -18.113 0.0000000000
131146  19.980  -18.315  -18.220 0.0000000000
64724  21.777  -14.847  -19.454 0.0000000000
76821  20.877  -1.796  -25.196 0.0000000000
86525  19.137  8.982  -30.064 0.0000000000
84951  18.769  7.348  -30.464 0.0000000000
84946  19.863  7.319  -29.653 0.0000000000
88018  24.270  11.239  -28.776 0.0000000000
87240  24.905  10.694  -29.097 0.0000000000
69600  23.905  -9.806  -20.263 0.0000000000
68670  23.532  -10.364  -20.399 0.0000000000
63716  20.449  -15.445  -20.456 0.0000000000
79439  21.804  1.543  -25.745 0.0000000000
80299  21.575  2.161  -26.287 0.0000000000
82120  22.472  4.222  -26.543 0.0000000000
81191  22.474  3.500  -26.240 0.0000000000
83093  23.641  5.390  -26.492 0.0000000000
82119  23.366  4.584  -26.314 0.0000000000
87241  18.567  9.817  -30.222 0.0000000000
69638  20.724  -9.990  -24.515 0.0000000000
70518  21.458  -8.922  -24.310 0.0000000000
70507  23.049  -7.858  -22.796 0.0000000000
70508  22.436  -8.340  -23.301 0.0000000000
70495  23.395  -8.355  -21.889 0.0000000000
71412  23.843  -7.774  -21.490 0.0000000000
75875  23.946  -2.919  -22.894 0.0000000000
75002  24.031  -3.723  -22.775 0.0000000000
75874  24.370  -2.449  -22.632 0.0000000000
73245  21.072  -6.586  -24.889 0.0000000000
133935  21.297  -3.310  -24.765 0.0000000000
145139  20.838  -3.865  -24.974 0.0000000000
75031  21.429  -4.110  -24.621 0.0000000000
75030  22.032  -3.447  -24.349 0.0000000000
75020  22.698  -3.514  -23.847 0.0000000000
75910  22.568  -2.732  -24.101 0.0000000000
77701  22.977  -0.310  -24.262 0.0000000000
76805  23.487  -0.914  -23.812 0.0000000000
77686  23.646  -0.061  -23.789 0.0000000000
130482  24.190  0.200  -23.443 0.0000000000
80297  23.061  2.266  -25.227 0.0000000000
79437  23.161  1.690  -24.816 0.0000000000
81177  23.677  2.897  -25.137 0.0000000000
80283  24.495  2.793  -24.506 0.0000000000
84053  20.077  6.524  -29.103 0.0000000000
83115  19.392  4.923  -29.207 0.0000000000
83114  19.958  5.551  -28.642 0.0000000000
82144  19.863  4.682  -28.485 0.0000000000
84047  20.506  6.223  -28.047 0.0000000000
88031  23.224  12.208  -28.985 0.0000000000
88830  22.418  12.740  -29.182 0.0000000000
87231  21.416  10.700  -27.889 0.0000000000
87217  21.828  10.071  -27.635 0.0000000000
86503  23.218  9.460  -27.372 0.0000000000
85721  21.814  8.603  -27.453 0.0000000000
84937  21.930  6.990  -27.087 0.0000000000
122098  22.123  6.028  -26.991 0.0000000000
84936  23.079  7.432  -26.942 0.0000000000
85729  25.294  8.845  -27.740 0.0000000000
125670  24.110  7.808  -27.015 0.0000000000
124035  25.057  8.153  -27.237 0.0000000000
84928  24.902  7.365  -26.884 0.0000000000
64757  21.149  -14.065  -20.929 0.0000000000
68702  21.399  -10.549  -23.581 0.0000000000
67673  21.437  -11.233  -22.955 0.0000000000
67672  21.973  -11.131  -22.043 0.0000000000
67629  23.017  -11.752  -20.108 0.0000000000
67644  22.748  -11.411  -20.708 0.0000000000
66664  22.523  -12.158  -20.486 0.0000000000
144336  22.378  -12.808  -20.213 0.0000000000
74125  24.235  -4.871  -22.211 0.0000000000
73225  23.940  -5.692  -22.443 0.0000000000
80310  21.319  2.738  -26.913 0.0000000000
82121  21.719  4.152  -26.905 0.0000000000
83102  22.346  5.384  -26.957 0.0000000000
71448  21.329  -7.912  -24.607 0.0000000000
70528  21.634  -8.167  -24.256 0.0000000000
71438  23.043  -7.146  -23.151 0.0000000000
62672  21.110  -16.225  -19.152 0.0000000000
62654  21.573  -16.527  -18.432 0.0000000000
63679  22.166  -15.922  -18.355 0.0000000000
63672  22.676  -15.978  -17.891 0.0000000000
77668  24.599  -0.836  -22.795 0.0000000000
76780  24.596  -1.717  -22.642 0.0000000000
75927  21.021  -2.578  -24.970 0.0000000000
135880  21.531  -2.043  -24.701 0.0000000000
131965  22.271  -1.971  -24.331 0.0000000000
78593  23.256  0.499  -24.248 0.0000000000
82106  24.685  4.409  -25.568 0.0000000000
146056  25.125  4.045  -25.123 0.0000000000
84945  20.327  7.398  -28.813 0.0000000000
88829  23.450  12.536  -29.707 0.0000000000
88019  23.492  11.642  -28.539 0.0000000000
135852  22.885  11.261  -27.969 0.0000000000
86515  23.893  10.082  -27.649 0.0000000000
135753  23.399  8.536  -27.168 0.0000000000
86514  24.732  9.576  -27.895 0.0000000000
86524  25.238  10.040  -28.649 0.0000000000
69616  23.019  -9.697  -21.611 0.0000000000
68691  22.547  -10.358  -21.754 0.0000000000
68671  23.026  -10.605  -20.929 0.0000000000
67628  23.400  -11.073  -20.123 0.0000000000
61563  20.034  -17.222  -19.313 0.0000000000
62673  20.396  -16.532  -19.566 0.0000000000
63697  20.751  -15.835  -19.782 0.0000000000
63715  21.142  -15.156  -19.994 0.0000000000
126492  21.514  -14.413  -20.179 0.0000000000
78610  20.830  -0.136  -25.867 0.0000000000
78595  21.754  0.136  -25.251 0.0000000000
78609  21.323  0.757  -25.839 0.0000000000
81178  22.894  3.021  -25.739 0.0000000000
80309  22.082  2.866  -26.278 0.0000000000
82107  23.888  4.131  -25.809 0.0000000000
82118  24.192  4.896  -26.065 0.0000000000
84033  25.573  6.861  -26.723 0.0000000000
86526  18.099  9.054  -30.739 0.0000000000
135571  19.379  9.768  -29.348 0.0000000000
69626  21.816  -9.870  -23.320 0.0000000000
70517  21.931  -8.424  -23.795 0.0000000000
69636  22.015  -9.070  -23.477 0.0000000000
69625  22.464  -9.590  -22.511 0.0000000000
69624  23.045  -9.090  -21.986 0.0000000000
69615  23.542  -9.155  -21.235 0.0000000000
70477  24.508  -8.705  -20.153 0.0000000000
131563  22.927  -4.320  -23.563 0.0000000000
74137  23.148  -5.081  -23.264 0.0000000000
127573  23.596  -4.329  -23.081 0.0000000000
141425  24.041  -4.394  -22.636 0.0000000000
74980  24.874  -3.671  -21.665 0.0000000000
75873  24.798  -2.339  -22.110 0.0000000000
75000  24.900  -2.904  -21.665 0.0000000000
74979  25.315  -3.170  -20.999 0.0000000000
127214  21.293  -7.311  -24.718 0.0000000000
72354  21.767  -6.495  -24.385 0.0000000000
73244  21.947  -5.523  -24.280 0.0000000000
73246  20.671  -5.715  -25.058 0.0000000000
74146  21.383  -5.058  -24.592 0.0000000000
75895  23.090  -2.845  -23.658 0.0000000000
139055  23.551  -2.662  -23.366 0.0000000000
76795  24.071  -1.379  -23.314 0.0000000000
77684  24.745  0.110  -22.939 0.0000000000
79424  22.858  1.067  -24.719 0.0000000000
79423  23.620  1.338  -24.278 0.0000000000
79422  24.298  1.941  -24.080 0.0000000000
79408  24.230  1.287  -23.785 0.0000000000
79407  24.880  1.662  -23.463 0.0000000000
82135  20.400  4.386  -27.928 0.0000000000
87233  19.708  10.539  -28.784 0.0000000000
133709  20.072  9.719  -28.560 0.0000000000
86516  20.426  8.849  -28.288 0.0000000000
85730  20.388  8.046  -28.291 0.0000000000
84939  20.623  7.575  -27.912 0.0000000000
85722  20.927  8.336  -27.800 0.0000000000
132090  21.000  6.937  -27.650 0.0000000000
83103  21.653  5.301  -27.307 0.0000000000
84036  23.025  5.895  -26.845 0.0000000000
146022  23.707  7.233  -26.943 0.0000000000
64723  22.199  -14.073  -19.574 0.0000000000
66689  20.944  -12.596  -22.473 0.0000000000
66675  22.115  -11.880  -21.363 0.0000000000
66676  21.477  -12.607  -21.700 0.0000000000
66665  21.974  -12.732  -20.911 0.0000000000
73226  23.403  -5.784  -23.058 0.0000000000
72333  23.508  -6.443  -22.781 0.0000000000
72332  23.998  -6.396  -22.066 0.0000000000
72306  24.467  -6.500  -21.229 0.0000000000
71428  23.914  -7.115  -21.681 0.0000000000
71399  24.385  -7.417  -20.866 0.0000000000
63680  21.663  -15.916  -18.823 0.0000000000
69614  24.034  -9.153  -20.537 0.0000000000
69651  20.942  -9.381  -24.693 0.0000000000
71429  23.507  -7.090  -22.448 0.0000000000
71439  22.520  -7.083  -23.626 0.0000000000
72355  20.674  -7.236  -25.099 0.0000000000
77702  22.192  -0.477  -24.735 0.0000000000
79438  22.569  1.614  -25.252 0.0000000000
82105  25.516  4.605  -25.388 0.0000000000
83091  25.524  6.035  -26.152 0.0000000000
83092  24.513  5.725  -26.269 0.0000000000
84035  23.922  6.223  -26.657 0.0000000000
84045  23.440  6.722  -26.889 0.0000000000
85720  22.628  8.835  -27.270 0.0000000000
86502  23.956  9.289  -27.475 0.0000000000
86504  22.288  9.434  -27.433 0.0000000000
86513  25.593  9.353  -28.341 0.0000000000
87230  22.241  10.805  -27.761 0.0000000000
121183  22.032  11.452  -27.992 0.0000000000
134221  24.465  -4.067  -22.255 0.0000000000
144894  23.715  -9.493  -20.728 0.0000000000
145180  23.026  -10.135  -21.302 0.0000000000
