#!ascii label  , from subject sub-v1s11x0050159_ses-1 vox2ras=TkReg
364
121609  31.734  -59.051  10.990 0.0000000000
117774  43.352  -61.665  0.300 0.0000000000
17295  38.744  -63.347  11.446 0.0000000000
18327  36.865  -62.374  4.709 0.0000000000
16485  45.538  -65.118  7.137 0.0000000000
16467  42.026  -64.972  9.489 0.0000000000
13639  46.334  -67.824  10.798 0.0000000000
18362  40.372  -62.310  2.737 0.0000000000
21522  35.443  -59.417  2.373 0.0000000000
18240  34.205  -62.724  10.389 0.0000000000
125632  38.047  -63.497  8.194 0.0000000000
116983  41.219  -63.602  6.019 0.0000000000
17416  44.098  -63.481  3.211 0.0000000000
134152  48.080  -65.163  4.526 0.0000000000
22438  36.750  -58.331  13.860 0.0000000000
19171  31.765  -61.073  13.396 0.0000000000
17270  35.110  -62.987  13.259 0.0000000000
21473  32.978  -59.135  5.761 0.0000000000
13618  44.611  -67.827  11.751 0.0000000000
118753  41.204  -61.744  1.370 0.0000000000
20425  39.140  -61.019  0.876 0.0000000000
17297  36.995  -63.013  10.923 0.0000000000
17307  38.368  -63.430  10.067 0.0000000000
16477  43.823  -65.119  8.216 0.0000000000
16489  41.722  -64.419  7.860 0.0000000000
16507  43.776  -64.477  6.754 0.0000000000
17380  42.767  -63.519  4.694 0.0000000000
16525  44.879  -64.439  5.782 0.0000000000
17413  47.274  -64.013  2.162 0.0000000000
19157  31.724  -61.272  14.740 0.0000000000
136718  33.180  -62.628  13.007 0.0000000000
18180  32.884  -63.084  14.462 0.0000000000
18293  35.447  -62.452  6.323 0.0000000000
19280  34.663  -61.084  5.204 0.0000000000
22682  35.057  -57.868  1.937 0.0000000000
116735  34.146  -57.927  3.257 0.0000000000
16424  41.284  -65.046  12.696 0.0000000000
16457  40.575  -64.370  10.683 0.0000000000
15557  42.739  -65.603  11.545 0.0000000000
15555  44.680  -66.302  10.716 0.0000000000
15567  46.172  -66.371  9.665 0.0000000000
18325  38.717  -62.619  4.181 0.0000000000
19299  35.907  -61.164  3.871 0.0000000000
19318  37.810  -61.383  2.400 0.0000000000
21535  36.366  -59.358  1.170 0.0000000000
121142  44.360  -60.147  -0.430 0.0000000000
18242  32.663  -61.931  10.481 0.0000000000
18279  35.468  -63.043  7.784 0.0000000000
17348  37.777  -63.319  6.682 0.0000000000
119782  40.202  -64.041  8.284 0.0000000000
134525  39.809  -63.611  7.058 0.0000000000
17366  39.851  -63.307  5.641 0.0000000000
18323  40.531  -62.863  4.104 0.0000000000
18338  42.343  -62.956  3.126 0.0000000000
18374  43.442  -62.649  1.590 0.0000000000
16504  46.933  -65.202  6.141 0.0000000000
17393  45.915  -64.232  3.659 0.0000000000
17427  45.363  -63.372  1.807 0.0000000000
19339  45.075  -61.925  0.112 0.0000000000
23579  36.416  -57.940  13.224 0.0000000000
23582  33.684  -57.664  13.068 0.0000000000
22416  33.247  -58.321  14.316 0.0000000000
21334  31.707  -59.479  12.689 0.0000000000
18224  32.766  -62.162  11.413 0.0000000000
17280  35.017  -62.780  12.021 0.0000000000
116274  37.665  -63.070  13.051 0.0000000000
117336  38.210  -64.031  14.080 0.0000000000
134513  39.730  -64.577  13.480 0.0000000000
21501  34.484  -59.383  3.618 0.0000000000
22491  32.500  -58.143  12.092 0.0000000000
23623  32.994  -57.620  11.386 0.0000000000
22492  32.188  -58.311  11.267 0.0000000000
19341  42.543  -61.661  0.564 0.0000000000
19343  40.848  -61.311  0.747 0.0000000000
17296  37.876  -63.169  11.063 0.0000000000
17308  37.306  -63.310  9.898 0.0000000000
113583  39.235  -63.626  10.695 0.0000000000
136667  44.650  -65.349  8.284 0.0000000000
16487  43.407  -64.689  7.519 0.0000000000
16486  44.462  -64.936  7.478 0.0000000000
16526  44.023  -64.299  6.003 0.0000000000
16506  44.699  -64.636  6.575 0.0000000000
120025  48.832  -64.135  1.341 0.0000000000
18182  31.889  -61.937  14.793 0.0000000000
18313  35.958  -62.422  5.680 0.0000000000
19279  35.400  -61.922  5.475 0.0000000000
19278  36.104  -62.164  5.020 0.0000000000
24789  34.337  -56.496  2.647 0.0000000000
15537  41.971  -65.281  12.132 0.0000000000
15524  42.743  -66.319  12.462 0.0000000000
134608  45.360  -67.950  11.505 0.0000000000
14584  44.333  -66.598  11.571 0.0000000000
14583  45.365  -66.878  11.205 0.0000000000
15568  45.012  -66.014  9.786 0.0000000000
14595  46.888  -66.958  10.264 0.0000000000
122470  39.310  -62.472  3.596 0.0000000000
19297  38.070  -61.903  3.013 0.0000000000
19317  38.643  -61.798  2.572 0.0000000000
20427  37.486  -60.419  1.145 0.0000000000
21534  37.089  -59.725  0.730 0.0000000000
22680  36.053  -58.442  0.974 0.0000000000
124870  33.099  -62.208  10.039 0.0000000000
18255  33.268  -62.200  9.375 0.0000000000
18254  34.107  -62.654  9.468 0.0000000000
17349  36.895  -63.239  6.829 0.0000000000
17327  38.324  -63.470  7.359 0.0000000000
16468  41.278  -64.704  10.028 0.0000000000
16469  40.509  -64.306  9.233 0.0000000000
16480  41.399  -64.603  8.833 0.0000000000
17344  41.679  -63.872  6.488 0.0000000000
17324  41.297  -64.065  7.224 0.0000000000
17345  40.372  -63.543  6.383 0.0000000000
17346  39.473  -63.434  6.435 0.0000000000
17365  40.707  -63.376  5.480 0.0000000000
18308  40.194  -63.140  4.838 0.0000000000
17364  41.517  -63.442  5.281 0.0000000000
120113  43.539  -63.541  4.066 0.0000000000
17395  42.612  -63.277  3.884 0.0000000000
18337  43.195  -63.226  3.133 0.0000000000
116179  42.821  -62.725  2.256 0.0000000000
18359  43.841  -63.147  2.249 0.0000000000
14673  46.871  -66.429  4.170 0.0000000000
15647  49.162  -66.008  4.457 0.0000000000
14654  48.915  -66.182  5.483 0.0000000000
16523  48.562  -65.579  5.193 0.0000000000
120451  47.249  -64.974  5.174 0.0000000000
16542  45.965  -64.427  4.606 0.0000000000
16541  47.073  -64.612  4.139 0.0000000000
18371  47.063  -63.379  1.266 0.0000000000
17426  46.246  -63.534  1.772 0.0000000000
18372  45.875  -63.161  1.147 0.0000000000
18373  44.980  -62.963  1.200 0.0000000000
18385  45.461  -62.579  0.624 0.0000000000
117373  37.231  -58.280  13.207 0.0000000000
23580  35.524  -57.685  13.247 0.0000000000
22440  34.977  -57.806  13.935 0.0000000000
21281  32.490  -59.523  15.412 0.0000000000
22400  33.729  -58.601  15.159 0.0000000000
22417  32.364  -58.889  14.265 0.0000000000
21315  31.905  -59.118  13.510 0.0000000000
20227  31.634  -60.048  13.437 0.0000000000
19195  32.124  -61.457  11.862 0.0000000000
19170  32.135  -61.627  12.684 0.0000000000
129460  33.867  -62.952  13.263 0.0000000000
18210  34.125  -62.759  12.260 0.0000000000
119321  35.932  -62.830  12.748 0.0000000000
17279  36.699  -62.851  12.085 0.0000000000
16435  38.502  -64.822  13.396 0.0000000000
133868  38.962  -64.633  13.709 0.0000000000
17254  38.799  -64.215  13.868 0.0000000000
20394  36.232  -60.784  3.126 0.0000000000
20395  34.934  -60.132  3.762 0.0000000000
130550  35.176  -59.767  3.128 0.0000000000
22649  33.576  -57.570  3.972 0.0000000000
19328  40.775  -62.031  2.044 0.0000000000
19316  39.976  -61.877  2.140 0.0000000000
113274  35.969  -62.963  10.725 0.0000000000
17309  35.687  -63.197  9.468 0.0000000000
116799  36.506  -63.205  10.050 0.0000000000
17315  38.535  -63.568  8.922 0.0000000000
15582  43.367  -65.339  9.033 0.0000000000
16479  42.201  -64.756  8.493 0.0000000000
16478  42.975  -64.922  8.285 0.0000000000
16508  42.916  -64.337  6.874 0.0000000000
17343  42.453  -63.998  6.287 0.0000000000
130566  42.204  -63.526  5.167 0.0000000000
17363  42.815  -63.783  5.520 0.0000000000
17379  43.506  -63.790  4.959 0.0000000000
17378  44.234  -63.896  4.570 0.0000000000
16555  47.055  -64.399  3.160 0.0000000000
17412  48.509  -64.428  2.054 0.0000000000
17425  48.095  -63.841  1.638 0.0000000000
20203  31.684  -60.590  14.295 0.0000000000
18200  31.865  -61.530  14.125 0.0000000000
121435  32.938  -62.736  13.612 0.0000000000
18198  34.860  -63.408  14.116 0.0000000000
20353  33.961  -60.788  5.645 0.0000000000
20372  33.979  -60.343  5.180 0.0000000000
22668  35.178  -58.652  2.139 0.0000000000
21523  34.841  -59.027  2.814 0.0000000000
134807  34.324  -57.609  2.837 0.0000000000
24778  33.943  -56.341  3.237 0.0000000000
16433  40.682  -64.428  12.195 0.0000000000
16458  39.975  -63.937  11.387 0.0000000000
16456  41.340  -64.771  11.467 0.0000000000
16455  42.002  -65.165  10.746 0.0000000000
15556  43.650  -65.966  11.074 0.0000000000
15570  42.862  -65.449  10.071 0.0000000000
15569  43.920  -65.777  9.905 0.0000000000
114015  45.335  -65.739  8.926 0.0000000000
18326  37.723  -62.523  4.458 0.0000000000
19288  36.367  -61.808  4.286 0.0000000000
19287  37.116  -62.096  3.936 0.0000000000
19319  36.955  -61.112  2.751 0.0000000000
20414  36.487  -60.451  2.325 0.0000000000
19330  38.644  -61.300  1.737 0.0000000000
20413  37.226  -60.722  1.975 0.0000000000
21521  36.063  -59.776  1.926 0.0000000000
21536  35.713  -59.033  1.636 0.0000000000
23814  35.588  -57.594  1.272 0.0000000000
19362  43.805  -61.059  -0.198 0.0000000000
20284  31.798  -60.343  10.653 0.0000000000
129001  31.690  -59.633  10.790 0.0000000000
19212  32.215  -61.190  10.140 0.0000000000
18292  36.341  -62.801  6.231 0.0000000000
18291  37.198  -63.018  6.050 0.0000000000
136080  39.139  -63.695  8.661 0.0000000000
16490  40.900  -64.243  8.108 0.0000000000
129841  39.593  -63.752  7.922 0.0000000000
17326  39.115  -63.525  7.225 0.0000000000
17347  38.635  -63.372  6.554 0.0000000000
17368  38.081  -63.136  5.893 0.0000000000
18310  38.389  -62.898  5.089 0.0000000000
18309  39.311  -63.046  4.946 0.0000000000
18324  39.698  -62.762  4.211 0.0000000000
18341  40.043  -62.540  3.488 0.0000000000
17381  41.916  -63.276  4.498 0.0000000000
18322  41.312  -62.969  3.943 0.0000000000
18361  41.174  -62.422  2.627 0.0000000000
18360  41.950  -62.561  2.508 0.0000000000
115423  42.211  -62.343  1.844 0.0000000000
134885  43.068  -61.992  0.720 0.0000000000
15581  46.499  -66.112  8.845 0.0000000000
14672  48.093  -66.667  4.775 0.0000000000
15609  47.957  -65.743  6.875 0.0000000000
15610  46.682  -65.401  6.970 0.0000000000
16524  45.918  -64.603  5.519 0.0000000000
16543  44.975  -64.265  4.987 0.0000000000
17394  44.976  -63.759  3.364 0.0000000000
17414  45.893  -63.824  2.624 0.0000000000
17415  44.773  -63.459  2.511 0.0000000000
18358  44.599  -63.192  1.799 0.0000000000
122613  44.157  -62.824  1.358 0.0000000000
19340  44.181  -61.788  0.193 0.0000000000
19361  44.725  -61.116  -0.255 0.0000000000
22490  37.464  -57.872  11.797 0.0000000000
22467  37.759  -58.243  12.535 0.0000000000
23599  35.997  -57.612  12.513 0.0000000000
23600  35.107  -57.468  12.553 0.0000000000
23601  34.236  -57.463  12.475 0.0000000000
22469  32.849  -58.001  12.915 0.0000000000
21278  35.183  -58.915  15.943 0.0000000000
22414  35.379  -58.270  14.580 0.0000000000
22441  34.005  -57.819  13.813 0.0000000000
22470  32.108  -58.621  12.790 0.0000000000
114734  31.763  -58.947  11.884 0.0000000000
20269  31.768  -60.562  11.536 0.0000000000
124710  32.168  -61.320  10.995 0.0000000000
18241  33.420  -62.442  10.714 0.0000000000
18211  33.235  -62.510  12.337 0.0000000000
18223  33.542  -62.536  11.566 0.0000000000
18239  35.013  -62.822  10.993 0.0000000000
18221  35.752  -62.795  11.681 0.0000000000
131384  37.527  -62.965  11.876 0.0000000000
17278  38.297  -63.159  12.335 0.0000000000
17267  38.525  -63.605  13.562 0.0000000000
16434  39.931  -64.029  12.839 0.0000000000
20383  35.172  -60.756  4.236 0.0000000000
21488  34.400  -60.131  4.437 0.0000000000
21489  33.408  -59.148  5.005 0.0000000000
22648  33.937  -58.559  3.784 0.0000000000
22633  33.441  -58.440  4.523 0.0000000000
13617  45.831  -68.301  11.174 0.0000000000
14560  45.826  -67.659  11.245 0.0000000000
14561  45.045  -67.281  11.587 0.0000000000
14582  46.128  -67.204  10.958 0.0000000000
14596  45.814  -66.612  10.534 0.0000000000
14670  49.110  -66.129  4.927 0.0000000000
14671  48.838  -66.336  5.083 0.0000000000
15516  38.305  -64.340  13.884 0.0000000000
15536  42.434  -65.821  12.518 0.0000000000
15580  47.657  -66.549  8.668 0.0000000000
15626  48.882  -65.971  5.824 0.0000000000
15648  49.131  -66.048  5.050 0.0000000000
16412  39.239  -64.461  13.691 0.0000000000
16488  42.546  -64.552  7.647 0.0000000000
16505  45.736  -64.836  6.353 0.0000000000
16509  42.097  -64.208  7.029 0.0000000000
16540  48.906  -65.682  4.443 0.0000000000
16568  48.128  -64.596  2.761 0.0000000000
17266  39.331  -63.989  13.586 0.0000000000
17269  36.081  -63.145  13.681 0.0000000000
17277  39.137  -63.505  12.734 0.0000000000
17294  39.458  -63.578  11.858 0.0000000000
17314  38.798  -63.568  8.046 0.0000000000
17325  40.449  -63.850  7.365 0.0000000000
17328  37.511  -63.429  7.489 0.0000000000
17330  36.112  -63.316  7.871 0.0000000000
17342  43.239  -64.155  6.143 0.0000000000
17361  44.160  -64.130  5.294 0.0000000000
17362  43.531  -64.031  5.566 0.0000000000
17367  38.968  -63.233  5.755 0.0000000000
17377  45.012  -64.056  4.182 0.0000000000
17382  41.033  -63.198  4.692 0.0000000000
17396  41.953  -63.043  3.744 0.0000000000
17411  48.797  -64.699  1.719 0.0000000000
18199  32.201  -61.977  13.447 0.0000000000
18212  32.557  -62.109  12.193 0.0000000000
18222  34.194  -62.727  11.288 0.0000000000
18253  34.967  -62.980  10.026 0.0000000000
18256  32.711  -61.764  9.742 0.0000000000
18311  37.475  -62.756  5.273 0.0000000000
18312  36.637  -62.600  5.480 0.0000000000
18339  41.597  -62.758  3.225 0.0000000000
18340  40.843  -62.635  3.366 0.0000000000
18342  38.669  -62.230  3.297 0.0000000000
18343  37.916  -62.247  3.650 0.0000000000
18363  39.458  -62.181  2.839 0.0000000000
18375  41.542  -62.194  1.936 0.0000000000
18386  44.561  -62.447  0.674 0.0000000000
18387  43.631  -62.295  0.815 0.0000000000
18388  42.799  -62.246  1.279 0.0000000000
19183  31.711  -60.591  12.500 0.0000000000
19289  35.591  -61.496  4.674 0.0000000000
19298  36.653  -61.468  3.525 0.0000000000
19327  41.984  -61.951  1.274 0.0000000000
19329  39.568  -61.462  1.533 0.0000000000
19331  37.871  -60.925  1.639 0.0000000000
19342  41.660  -61.462  0.675 0.0000000000
19363  42.924  -61.082  -0.112 0.0000000000
20184  31.870  -59.953  14.972 0.0000000000
20185  31.757  -60.757  15.187 0.0000000000
20248  31.666  -59.834  11.980 0.0000000000
20302  31.957  -60.397  9.710 0.0000000000
20415  35.793  -60.144  2.703 0.0000000000
20426  38.285  -60.740  0.955 0.0000000000
20428  36.744  -60.113  1.508 0.0000000000
20438  37.952  -60.067  0.286 0.0000000000
21279  34.165  -58.902  15.901 0.0000000000
21295  32.830  -58.892  14.989 0.0000000000
21296  32.259  -59.360  14.787 0.0000000000
21297  31.854  -59.629  14.223 0.0000000000
21354  31.662  -59.716  11.304 0.0000000000
21472  33.465  -59.805  5.386 0.0000000000
21500  35.536  -60.466  3.475 0.0000000000
22415  34.354  -58.171  14.539 0.0000000000
22439  35.919  -58.058  13.911 0.0000000000
22442  32.557  -58.438  13.574 0.0000000000
22468  36.904  -57.897  12.496 0.0000000000
22489  38.295  -58.244  11.854 0.0000000000
22632  33.867  -59.270  4.335 0.0000000000
22669  34.623  -58.143  2.633 0.0000000000
22681  35.498  -58.335  1.568 0.0000000000
22689  36.775  -58.892  0.492 0.0000000000
23581  34.591  -57.594  13.198 0.0000000000
23602  33.352  -57.641  12.287 0.0000000000
23788  34.001  -57.118  3.119 0.0000000000
23803  34.562  -57.285  2.382 0.0000000000
113309  32.681  -62.332  12.847 0.0000000000
113801  39.262  -61.715  2.175 0.0000000000
114534  37.649  -63.664  13.978 0.0000000000
115665  34.389  -58.617  3.203 0.0000000000
122196  33.591  -62.481  9.974 0.0000000000
122620  44.354  -63.716  3.894 0.0000000000
122930  32.297  -62.309  14.209 0.0000000000
124026  37.409  -61.710  3.213 0.0000000000
128130  41.988  -63.684  5.795 0.0000000000
128450  33.239  -58.010  13.555 0.0000000000
129706  45.670  -67.261  11.274 0.0000000000
129954  44.292  -65.549  8.981 0.0000000000
130437  42.645  -65.110  9.028 0.0000000000
132435  33.799  -59.762  4.845 0.0000000000
133193  41.007  -63.765  6.684 0.0000000000
133702  48.260  -66.650  5.335 0.0000000000
