#!ascii label  , from subject sub-v1s11x0050160_ses-1 vox2ras=TkReg
2199
45648  2.517  -21.053  73.955 0.1111110002
46531  1.879  -20.218  73.545 0.1111110002
46532  1.207  -19.458  74.041 0.2222220004
126157  0.948  -19.699  74.804 0.4444440007
46530  4.884  -20.135  73.960 0.1111110002
44668  4.073  -21.528  73.823 0.1111110002
44674  3.076  -21.537  73.352 0.1111110002
115453  4.928  -20.459  73.027 0.1111110002
137307  4.259  -21.643  73.081 0.1111110002
44673  3.798  -21.834  73.096 0.1111110002
45667  2.478  -20.983  73.011 0.1111110002
130384  5.147  -20.135  71.024 0.2222220004
45665  5.130  -20.075  72.112 0.2222220004
45666  4.699  -21.200  72.506 0.1111110002
47423  0.890  -18.708  73.606 0.4444440007
47417  0.495  -19.068  74.245 0.4444440007
47424  0.205  -18.360  73.723 0.4444440007
47418  -0.062  -18.937  74.071 0.4444440007
47419  -0.639  -18.887  73.685 0.2222220004
120603  4.883  -20.949  71.535 0.2222220004
44690  4.157  -21.798  72.316 0.2222220004
44692  3.133  -21.575  72.582 0.1111110002
46543  1.993  -20.244  72.570 0.2222220004
135251  5.158  -20.512  69.095 0.2222220004
45683  4.900  -20.988  70.646 0.2222220004
131257  4.482  -21.412  71.108 0.2222220004
43628  4.021  -21.919  71.899 0.2222220004
46544  1.500  -19.401  73.083 0.4444440007
136572  5.312  -20.372  68.401 0.2222220004
48495  0.566  -17.965  73.193 0.4444440007
47425  -0.339  -18.103  73.537 0.3333329856
46545  -1.405  -18.941  72.701 0.3333329856
46568  -1.444  -19.368  71.743 0.2222220004
45684  2.494  -20.993  72.122 0.1111110002
125012  5.207  -20.320  70.093 0.2222220004
44711  4.475  -21.388  70.411 0.2222220004
44712  4.086  -21.697  70.719 0.2222220004
44703  3.234  -21.538  71.727 0.2222220004
46567  1.695  -19.438  71.966 0.4444440007
46650  5.719  -20.233  66.814 0.2222220004
123633  5.551  -20.152  67.785 0.2222220004
44719  4.260  -21.441  69.814 0.3333329856
45691  3.643  -21.447  69.892 0.3333329856
45692  2.910  -21.078  70.342 0.3333329856
47435  1.199  -18.587  72.661 0.5555559993
46649  6.385  -19.820  66.364 0.2222220004
45721  5.063  -20.626  67.301 0.2222220004
45710  4.937  -20.834  68.255 0.2222220004
45711  4.380  -21.106  68.544 0.3333329856
47452  1.282  -18.505  71.644 0.5555559993
45729  5.831  -20.287  65.942 0.4444440007
48485  -0.039  -17.520  73.397 0.4444440007
46662  7.030  -19.672  64.994 0.2222220004
47436  -1.600  -18.131  72.759 0.4444440007
46589  -1.458  -19.699  70.574 0.1111110002
120400  2.562  -20.871  71.175 0.4444440007
46588  1.674  -19.193  70.862 0.5555559993
44724  4.053  -21.367  69.088 0.3333329856
45703  2.873  -20.809  69.611 0.3333329856
47466  1.880  -19.362  69.982 0.5555559993
138686  1.218  -18.402  70.811 0.5555559993
45722  4.494  -20.863  67.843 0.2222220004
45712  3.821  -21.010  68.356 0.3333329856
132746  2.426  -19.509  68.830 0.5555559993
115486  1.885  -18.914  69.269 0.5555559993
48511  0.840  -17.778  72.300 0.6666669846
45730  5.152  -20.488  66.358 0.3333329856
45732  3.955  -20.191  66.751 0.3333329856
46620  3.340  -20.358  67.992 0.5555559993
47512  2.714  -18.672  67.772 0.6666669846
48512  0.515  -16.857  71.835 0.6666669846
49385  -0.303  -16.775  73.066 0.6666669846
48486  -0.642  -17.166  73.210 0.5555559993
46677  6.958  -19.740  64.018 0.3333329856
46678  5.516  -19.885  64.414 0.4444440007
48496  0.319  -17.141  72.900 0.7777780294
46689  7.109  -19.428  63.325 0.6666669846
138370  6.365  -19.849  63.935 0.3333329856
47437  -1.823  -17.785  72.213 0.2222220004
46569  -1.742  -18.817  71.025 0.2222220004
47497  2.279  -18.754  68.500 0.5555559993
48535  1.393  -18.002  69.381 0.5555559993
48525  0.992  -17.843  70.224 0.5555559993
45738  4.686  -20.174  65.702 0.5555559993
46651  4.070  -19.825  66.050 0.6666669846
47511  3.154  -18.566  67.055 0.6666669846
49408  0.699  -16.993  70.565 0.7777780294
49386  -0.696  -16.514  73.024 0.5555559993
46665  4.292  -19.389  65.384 0.5555559993
47541  4.089  -18.497  65.279 0.7777780294
47526  3.463  -18.330  66.402 0.8888890147
49395  0.069  -16.322  72.612 0.6666669846
120141  -1.680  -17.490  72.775 0.4444440007
46688  7.612  -19.174  62.805 0.6666669846
47582  5.726  -18.984  63.375 0.7777780294
126914  5.078  -19.157  64.060 0.7777780294
47454  -1.866  -18.011  71.340 0.2222220004
48561  3.157  -17.617  66.825 0.8888890147
48562  2.719  -17.713  67.379 0.7777780294
124655  2.371  -16.726  67.523 0.8888890147
122004  4.307  -18.232  64.872 0.8888890147
48574  3.726  -17.966  65.793 0.8888890147
132153  2.869  -16.960  67.091 0.8888890147
47581  6.386  -18.795  62.880 0.6666669846
48601  5.861  -18.153  62.985 0.7777780294
48594  4.588  -18.017  64.346 0.8888890147
49476  3.675  -16.972  65.862 0.8888890147
135065  3.444  -17.504  66.317 0.8888890147
49464  3.236  -16.669  66.595 0.8888890147
47601  8.415  -18.861  62.428 0.6666669846
47603  7.032  -18.726  62.428 0.6666669846
48613  6.518  -17.939  62.418 0.7777780294
135004  4.631  -16.158  64.784 0.8888890147
49475  4.184  -16.272  65.301 0.8888890147
49488  4.551  -16.844  64.595 0.8888890147
49463  3.627  -15.917  66.121 0.7777780294
48614  6.046  -17.372  62.800 0.7777780294
130647  5.006  -17.143  63.905 0.8888890147
47621  9.170  -18.321  61.241 0.7777780294
48626  7.838  -18.089  61.562 0.7777780294
120672  11.244  -18.136  61.986 0.7777780294
47643  10.033  -18.159  60.755 0.7777780294
50360  4.174  -15.048  65.753 0.6666669846
139111  5.434  -16.545  63.631 0.8888890147
49487  5.065  -16.035  64.248 0.8888890147
50376  4.714  -15.490  64.966 0.7777780294
49514  7.568  -17.212  61.498 0.7777780294
49505  6.475  -16.915  62.406 0.8888890147
47596  13.317  -17.796  62.597 0.5555559993
47597  12.613  -17.856  62.167 0.5555559993
47619  11.911  -18.012  61.689 0.7777780294
47642  10.981  -18.099  60.725 0.7777780294
48639  9.897  -17.448  60.157 0.7777780294
48640  9.231  -17.723  60.629 0.7777780294
47641  11.761  -18.020  60.868 0.7777780294
48637  11.488  -17.761  60.179 0.7777780294
48653  11.204  -17.306  59.545 0.7777780294
47552  17.790  -18.603  65.094 0.3333329856
47551  18.381  -18.671  64.727 0.4444440007
50409  6.622  -15.928  62.585 0.8888890147
50391  6.198  -15.448  63.225 0.8888890147
135395  5.777  -15.036  63.810 0.8888890147
123848  13.934  -17.851  62.928 0.4444440007
133524  13.952  -18.137  64.050 0.3333329856
49513  8.182  -16.638  60.969 0.7777780294
121980  7.662  -16.004  61.475 0.8888890147
50408  7.248  -15.376  62.095 0.8888890147
51311  6.408  -14.532  63.463 0.8888890147
48638  10.672  -17.685  60.137 0.7777780294
49525  9.233  -16.916  60.217 0.8888890147
47617  13.191  -17.721  61.878 0.7777780294
128693  12.269  -17.733  60.333 0.7777780294
48611  13.952  -17.643  62.157 0.7777780294
48625  13.480  -17.589  61.261 0.7777780294
125037  13.034  -17.591  60.463 0.7777780294
132583  17.142  -18.443  64.796 0.3333329856
47534  17.070  -18.710  65.631 0.2222220004
47553  16.226  -18.508  64.917 0.3333329856
115541  19.217  -18.658  63.275 0.4444440007
116968  18.726  -18.661  64.098 0.4444440007
47554  15.314  -18.361  64.529 0.3333329856
117600  15.946  -18.171  64.119 0.4444440007
51310  7.076  -14.021  63.125 0.7777780294
52233  6.672  -13.696  63.766 0.7777780294
51296  5.957  -14.191  64.098 0.6666669846
47592  18.574  -18.262  62.641 0.5555559993
47575  14.297  -17.987  63.546 0.5555559993
47574  15.203  -17.984  63.664 0.3333329856
50422  7.925  -14.873  61.621 0.8888890147
51328  7.579  -14.244  62.376 0.7777780294
47591  19.398  -18.499  62.399 0.5555559993
47595  14.616  -17.736  62.899 0.6666669846
47594  15.494  -17.608  62.830 0.6666669846
49537  9.819  -16.614  59.837 0.8888890147
127916  9.298  -16.012  60.083 0.8888890147
125784  8.318  -15.524  60.999 0.8888890147
133008  12.668  -17.499  59.811 0.7777780294
49535  11.740  -16.900  59.000 0.8888890147
48654  10.463  -17.062  59.656 0.7777780294
50450  10.318  -16.359  59.474 0.8888890147
48624  14.313  -17.376  61.373 0.7777780294
48651  13.311  -17.323  59.744 0.7777780294
49534  12.678  -17.122  59.112 0.7777780294
47573  16.827  -18.177  64.029 0.5555559993
47572  18.261  -18.355  63.445 0.4444440007
138007  17.524  -18.123  63.547 0.5555559993
51327  8.358  -13.905  61.891 0.7777780294
127033  17.769  -17.928  62.875 0.5555559993
47593  16.983  -17.821  63.148 0.5555559993
48610  16.361  -17.527  62.625 0.5555559993
51341  9.418  -14.179  60.890 0.8888890147
47614  19.654  -18.389  61.538 0.5555559993
118058  18.825  -18.166  61.874 0.5555559993
47616  18.043  -17.787  62.022 0.5555559993
48609  17.177  -17.585  62.345 0.5555559993
48623  15.745  -17.198  62.118 0.5555559993
50435  9.892  -15.682  59.778 0.8888890147
51356  9.682  -14.870  60.242 0.8888890147
51342  8.660  -14.483  61.211 0.8888890147
119649  20.170  -18.425  60.851 0.5555559993
47615  18.887  -18.000  61.096 0.6666669846
48632  17.587  -17.145  60.697 0.6666669846
48621  17.346  -17.325  61.541 0.7777780294
136277  15.955  -16.876  61.508 0.7777780294
131730  15.179  -17.045  61.480 0.7777780294
50449  10.632  -15.739  59.277 0.8888890147
47638  20.475  -18.449  60.267 0.6666669846
47639  19.858  -18.340  60.177 0.6666669846
47640  19.156  -18.049  60.221 0.6666669846
48631  18.402  -17.608  60.426 0.6666669846
48633  16.611  -16.792  60.995 0.7777780294
48634  15.598  -16.693  60.849 0.7777780294
48650  14.144  -16.939  59.715 0.7777780294
134379  13.467  -16.942  59.126 0.7777780294
48647  25.088  -17.929  59.261 0.5555559993
47658  24.704  -18.244  59.926 0.5555559993
47678  24.181  -18.270  59.046 0.7777780294
47659  23.355  -18.475  59.312 0.6666669846
47660  22.490  -18.555  59.093 0.6666669846
138400  20.809  -18.534  59.089 0.6666669846
47662  20.301  -18.446  59.566 0.6666669846
47663  19.521  -18.221  59.412 0.6666669846
47664  18.697  -17.725  59.445 0.7777780294
47680  22.415  -18.474  58.262 0.7777780294
47682  21.042  -18.515  58.249 0.6666669846
47683  20.051  -18.413  58.548 0.7777780294
51326  9.141  -13.602  61.638 0.8888890147
51355  10.343  -14.861  59.811 0.8888890147
48649  17.027  -16.695  60.014 0.7777780294
49553  11.504  -15.907  58.771 0.8888890147
48661  26.222  -17.163  59.010 0.5555559993
48646  25.787  -17.586  59.525 0.5555559993
48648  17.904  -17.173  59.792 0.7777780294
49532  16.450  -16.288  59.221 0.7777780294
49533  15.503  -16.262  59.345 0.7777780294
49524  14.715  -16.496  59.282 0.7777780294
49551  13.172  -16.395  58.557 0.8888890147
50465  12.448  -15.656  58.445 0.8888890147
48662  25.559  -17.505  58.708 0.5555559993
48663  24.806  -17.818  58.414 0.8888890147
48664  24.037  -18.070  58.049 0.8888890147
47679  23.249  -18.366  58.437 0.8888890147
48665  19.137  -18.005  58.553 0.7777780294
48667  18.087  -17.119  58.309 0.8888890147
123193  18.146  -17.284  59.048 0.8888890147
49550  14.863  -16.052  58.585 0.8888890147
126746  13.975  -15.881  58.269 0.8888890147
138348  23.410  -18.158  57.649 0.8888890147
47693  22.718  -18.313  57.607 0.8888890147
47695  20.984  -18.407  57.326 0.8888890147
47696  20.303  -18.357  57.534 0.8888890147
48680  19.470  -18.054  57.524 0.8888890147
126300  18.693  -17.556  57.841 0.8888890147
47694  21.801  -18.440  57.617 0.8888890147
51325  10.077  -13.347  61.493 0.8888890147
51354  10.943  -14.083  60.135 0.8888890147
51340  10.908  -13.494  61.050 0.8888890147
50448  11.916  -14.846  58.863 0.8888890147
116134  11.671  -14.111  59.648 0.8888890147
126159  26.639  -16.605  58.559 0.6666669846
49531  17.424  -16.753  58.988 0.8888890147
138475  13.958  -15.215  57.982 0.8888890147
51381  13.566  -14.547  58.183 0.8888890147
49546  26.040  -17.044  58.164 0.8888890147
48675  25.330  -17.370  57.830 0.8888890147
48676  24.588  -17.650  57.506 0.8888890147
48682  18.174  -16.893  57.397 0.8888890147
49547  17.460  -16.581  57.913 0.8888890147
128390  16.778  -16.262  58.400 0.8888890147
49548  16.178  -15.759  58.030 0.7777780294
50462  15.416  -15.641  58.164 0.8888890147
50463  14.711  -15.305  57.953 0.7777780294
49560  25.817  -16.889  57.242 0.8888890147
48690  23.541  -17.590  56.334 0.8888890147
47715  21.005  -17.778  56.189 0.7777780294
48679  20.493  -18.106  56.706 0.7777780294
116178  19.719  -17.740  56.654 0.8888890147
48681  18.880  -17.295  56.854 0.8888890147
48678  23.100  -18.023  56.927 0.8888890147
47713  22.254  -18.144  56.787 0.7777780294
47714  21.372  -18.184  56.715 0.8888890147
51339  11.755  -13.520  60.649 0.7777780294
52268  10.896  -12.998  61.790 0.4444440007
52298  12.891  -13.530  59.774 0.7777780294
50442  28.433  -15.203  59.863 0.4444440007
50443  27.797  -15.681  59.440 0.5555559993
49529  27.228  -16.168  58.986 0.5555559993
51382  12.755  -14.664  58.520 0.8888890147
51369  12.421  -14.051  59.231 0.8888890147
50457  27.616  -15.499  58.571 0.5555559993
51400  15.125  -14.492  57.606 0.7777780294
52311  14.828  -13.710  57.860 0.7777780294
127210  27.427  -15.348  57.667 0.7777780294
49545  26.465  -16.468  57.652 0.8888890147
124075  17.107  -15.544  56.976 0.8888890147
50480  16.472  -15.196  57.251 0.7777780294
51380  14.331  -14.528  57.840 0.7777780294
50473  26.873  -15.847  57.170 0.8888890147
49559  26.259  -16.323  56.680 0.8888890147
49571  24.759  -16.974  55.952 0.8888890147
48702  23.963  -17.129  55.744 0.7777780294
48691  22.721  -17.682  56.127 0.7777780294
48705  21.696  -16.941  55.466 0.7777780294
134042  21.123  -17.309  55.774 0.7777780294
48693  20.346  -17.315  56.018 0.7777780294
48695  18.892  -16.565  56.381 0.7777780294
49561  18.353  -16.490  56.701 0.7777780294
49576  18.078  -15.877  56.534 0.8888890147
48692  21.790  -17.672  56.010 0.7777780294
52282  12.641  -13.329  60.603 0.5555559993
52266  12.388  -13.091  61.408 0.4444440007
51362  28.851  -14.382  59.479 0.2222220004
51363  28.181  -14.970  59.028 0.5555559993
52297  14.082  -13.259  59.175 0.4444440007
51368  13.275  -13.791  58.905 0.6666669846
51373  28.418  -14.241  58.615 0.6666669846
51374  27.919  -14.809  58.165 0.6666669846
52312  14.109  -13.749  58.351 0.7777780294
50472  27.228  -15.186  56.737 0.8888890147
51397  17.503  -14.275  56.634 0.7777780294
51398  16.705  -14.298  56.909 0.7777780294
52324  16.364  -13.541  57.276 0.6666669846
52325  15.562  -13.653  57.533 0.6666669846
50488  26.647  -15.676  56.202 0.8888890147
50502  25.339  -15.622  55.208 0.8888890147
49583  24.216  -16.459  55.298 0.7777780294
119220  23.547  -16.663  55.307 0.7777780294
133406  22.276  -16.530  55.315 0.7777780294
49586  21.785  -16.086  55.372 0.7777780294
49572  20.915  -16.465  55.622 0.7777780294
49574  19.283  -16.035  56.123 0.7777780294
50495  18.315  -15.341  56.395 0.6666669846
51338  19.988  -13.432  61.550 0.3333329856
52261  19.409  -12.970  61.471 0.2222220004
52262  18.357  -12.453  61.916 0.1111110002
53185  16.813  -12.210  61.274 0.1111110002
53186  15.884  -12.355  61.141 0.1111110002
52263  14.867  -12.683  60.860 0.2222220004
50433  21.150  -14.592  61.036 0.1111110002
50434  20.671  -14.253  60.731 0.3333329856
51353  19.641  -13.283  60.717 0.3333329856
52277  19.306  -13.099  59.968 0.2222220004
53214  18.191  -12.444  60.038 0.2222220004
53199  17.313  -12.250  60.472 0.2222220004
53200  16.402  -12.319  60.555 0.1111110002
53201  15.649  -12.511  60.204 0.2222220004
52281  13.382  -13.183  60.436 0.3333329856
52265  13.181  -13.016  61.247 0.2222220004
53211  29.142  -12.921  59.236 0.2222220004
52290  28.815  -13.573  58.988 0.2222220004
120223  21.848  -14.845  60.457 0.1111110002
120700  21.070  -14.617  60.135 0.2222220004
51352  20.215  -13.789  60.745 0.3333329856
124673  18.780  -12.758  59.717 0.2222220004
53215  17.402  -12.338  59.316 0.2222220004
53216  16.413  -12.365  59.625 0.2222220004
52280  14.105  -13.039  60.152 0.3333329856
54137  29.088  -11.986  59.192 0.3333329856
52305  28.500  -13.500  58.214 0.4444440007
50444  23.113  -14.553  59.716 0.1111110002
50446  21.636  -14.757  59.454 0.2222220004
50447  20.949  -14.509  59.186 0.2222220004
51377  20.305  -14.155  58.864 0.3333329856
52293  19.085  -13.100  58.902 0.2222220004
52295  17.520  -12.581  58.258 0.2222220004
53225  16.564  -12.504  58.531 0.2222220004
53217  15.559  -12.586  59.254 0.3333329856
52279  14.825  -12.812  59.688 0.4444440007
53233  28.443  -12.711  57.857 0.4444440007
51389  28.141  -14.137  57.778 0.6666669846
51391  23.326  -13.811  57.533 0.5555559993
51376  23.181  -14.146  58.071 0.4444440007
138939  22.517  -14.662  57.460 0.4444440007
50459  22.057  -14.799  57.929 0.4444440007
50460  21.476  -14.705  58.490 0.4444440007
51394  20.055  -14.306  57.742 0.5555559993
51395  19.481  -13.991  57.343 0.4444440007
51379  18.979  -13.493  57.617 0.4444440007
133453  17.619  -13.002  57.468 0.3333329856
52308  16.873  -12.855  57.611 0.5555559993
52310  15.371  -13.149  57.991 0.5555559993
52296  14.867  -13.046  58.608 0.6666669846
52320  28.194  -13.448  57.402 0.6666669846
51390  27.691  -14.658  57.288 0.7777780294
51409  23.455  -14.046  56.198 0.7777780294
51392  23.167  -14.242  56.862 0.6666669846
51393  22.704  -14.703  56.408 0.6666669846
50475  22.013  -14.935  56.819 0.5555559993
50476  21.261  -14.893  57.253 0.6666669846
50477  20.404  -14.728  56.961 0.6666669846
50478  19.635  -14.533  56.768 0.5555559993
51411  18.934  -14.092  56.745 0.5555559993
52309  16.031  -12.930  57.796 0.5555559993
53234  28.065  -12.635  57.002 0.7777780294
52321  27.801  -13.529  56.597 0.7777780294
51408  27.481  -14.403  56.342 0.8888890147
50487  26.983  -15.047  55.913 0.8888890147
50501  26.162  -15.218  55.329 0.8888890147
51422  23.950  -14.539  54.957 0.7777780294
51423  23.617  -15.191  55.009 0.7777780294
50490  22.965  -15.291  55.330 0.7777780294
50491  22.197  -15.335  55.708 0.6666669846
50492  21.381  -15.372  56.005 0.6666669846
120951  20.611  -15.403  56.139 0.7777780294
50493  19.810  -15.355  56.231 0.7777780294
50494  18.981  -15.092  56.348 0.5555559993
52335  27.316  -13.646  55.758 0.8888890147
52343  26.490  -13.524  55.021 0.8888890147
51421  25.847  -14.331  54.840 0.8888890147
53210  29.528  -12.664  59.813 0.1111110002
54147  28.625  -11.811  58.331 0.4444440007
128034  28.279  -12.013  57.606 0.5555559993
54156  28.016  -11.708  57.052 0.5555559993
52322  23.323  -13.483  56.962 0.7777780294
53244  27.569  -12.828  56.167 0.7777780294
53254  27.084  -12.937  55.487 0.8888890147
115778  24.749  -14.111  54.706 0.7777780294
52336  23.648  -13.744  55.518 0.7777780294
53245  27.230  -12.048  55.768 0.8888890147
52344  25.435  -13.456  54.601 0.8888890147
52345  24.254  -13.452  54.753 0.7777780294
125633  29.215  -11.141  59.375 0.2222220004
55138  29.306  -10.518  58.992 0.4444440007
55139  28.925  -11.214  58.871 0.4444440007
53235  23.343  -12.771  57.750 0.3333329856
55147  28.741  -10.899  58.285 0.4444440007
54155  28.349  -11.298  57.668 0.4444440007
54157  23.322  -11.949  58.325 0.5555559993
53246  23.247  -13.098  56.526 0.6666669846
53247  22.924  -12.624  56.231 0.5555559993
54166  27.667  -11.428  56.412 0.6666669846
119189  27.694  -12.100  56.498 0.6666669846
128138  23.449  -13.174  55.413 0.6666669846
53258  23.098  -12.611  55.198 0.6666669846
53255  26.510  -12.522  54.983 0.8888890147
139179  26.070  -13.071  54.640 0.8888890147
53257  23.805  -12.933  54.771 0.7777780294
117498  22.602  -11.975  54.899 1.0000000000
54180  26.709  -11.563  55.170 0.8888890147
54197  25.533  -11.761  54.113 1.0000000000
53266  24.738  -12.335  54.128 1.0000000000
126689  23.690  -10.929  59.674 0.2222220004
56115  29.832  -9.991  59.130 0.2222220004
55148  23.237  -11.093  58.832 0.3333329856
54138  23.733  -11.705  59.241 0.3333329856
136613  23.048  -11.453  58.300 0.4444440007
55146  28.994  -10.277  58.097 0.3333329856
53224  23.623  -12.444  58.846 0.3333329856
54158  22.828  -11.650  57.777 0.4444440007
124018  28.514  -10.659  57.572 0.4444440007
54167  22.602  -11.864  56.891 0.5555559993
55155  28.288  -10.449  56.863 0.5555559993
54182  22.460  -12.021  55.889 0.6666669846
124054  22.825  -11.741  54.065 1.0000000000
55156  27.771  -10.805  56.334 0.7777780294
54179  27.263  -11.178  55.764 0.7777780294
117737  23.573  -11.860  53.794 1.0000000000
54213  23.033  -11.535  53.289 1.0000000000
55176  26.903  -10.850  55.123 1.0000000000
54196  26.328  -11.225  54.584 1.0000000000
54211  25.018  -11.569  53.620 1.0000000000
54198  24.399  -11.970  53.862 1.0000000000
55125  24.514  -9.864  61.290 0.1111110002
55133  24.607  -10.696  61.148 0.2222220004
133135  24.115  -10.791  60.390 0.2222220004
54130  24.083  -11.511  60.050 0.2222220004
54148  22.635  -10.983  58.182 0.4444440007
55157  22.211  -11.090  57.437 0.6666669846
54168  21.957  -11.242  56.504 0.6666669846
56132  29.632  -9.950  58.422 0.2222220004
56151  29.445  -9.914  57.712 0.3333329856
56150  30.351  -9.808  57.686 0.3333329856
54183  21.899  -11.356  55.478 0.6666669846
55165  21.559  -10.528  56.057 0.6666669846
54199  22.019  -11.309  54.475 0.8888890147
55154  28.881  -10.121  57.318 0.5555559993
54214  22.281  -11.165  53.597 1.0000000000
56163  28.844  -9.999  56.510 0.8888890147
55208  22.580  -10.948  52.817 1.0000000000
55164  28.169  -10.248  56.085 0.8888890147
55175  27.546  -10.565  55.607 1.0000000000
54212  24.066  -11.607  53.231 1.0000000000
55189  26.696  -10.658  54.360 1.0000000000
55190  25.888  -11.068  53.826 1.0000000000
54229  23.350  -11.246  52.543 1.0000000000
55134  24.147  -10.042  60.722 0.1111110002
55140  23.637  -10.163  60.130 0.2222220004
56116  23.739  -9.507  60.431 0.1111110002
55141  23.128  -10.225  59.445 0.3333329856
136724  22.056  -10.293  57.920 0.6666669846
116984  21.700  -10.386  57.051 0.6666669846
55177  21.588  -10.606  55.050 0.6666669846
55191  21.734  -10.432  54.032 1.0000000000
56162  30.772  -9.959  56.662 0.2222220004
118262  29.687  -9.863  56.864 0.3333329856
124740  29.452  -9.882  56.090 0.6666669846
56178  29.701  -10.013  55.376 0.7777780294
55209  22.123  -10.544  53.246 1.0000000000
56179  28.869  -9.949  55.684 0.8888890147
56197  29.025  -10.031  54.742 1.0000000000
55187  28.088  -10.087  54.361 1.0000000000
55221  22.975  -10.544  52.031 1.0000000000
55188  27.401  -10.384  54.813 1.0000000000
128261  27.298  -10.257  53.987 1.0000000000
127280  25.831  -10.866  53.109 1.0000000000
55206  25.062  -11.237  53.123 1.0000000000
55207  24.280  -11.248  52.400 1.0000000000
124943  23.658  -10.986  51.888 1.0000000000
56100  24.157  -9.157  60.969 0.1111110002
56101  23.670  -8.784  60.293 0.2222220004
57183  23.276  -8.646  59.493 0.2222220004
57191  22.832  -8.580  58.507 0.1111110002
56117  23.284  -9.448  59.886 0.3333329856
56133  22.772  -9.430  59.131 0.2222220004
57202  22.770  -8.280  57.499 0.2222220004
57192  22.224  -8.897  57.799 0.2222220004
137153  21.836  -9.553  57.484 0.6666669846
137701  21.820  -8.948  56.373 0.5555559993
56180  21.761  -9.065  55.797 0.5555559993
56164  21.603  -9.564  56.513 0.6666669846
55166  21.516  -9.826  55.553 0.6666669846
55192  21.585  -9.898  54.767 0.6666669846
117239  31.105  -10.067  55.808 0.3333329856
56198  21.877  -9.321  54.222 0.7777780294
56177  30.517  -10.070  55.219 0.5555559993
56218  21.995  -9.824  53.335 1.0000000000
56196  29.955  -10.093  54.625 0.6666669846
131918  29.498  -10.056  54.088 0.6666669846
57263  22.358  -9.477  52.792 1.0000000000
56217  28.816  -10.077  53.828 0.8888890147
55218  27.775  -10.259  52.557 1.0000000000
119485  26.947  -10.359  52.757 1.0000000000
55222  22.376  -10.200  52.668 1.0000000000
56228  22.670  -9.642  52.083 1.0000000000
55204  27.307  -10.251  53.253 1.0000000000
55219  26.262  -10.628  52.589 1.0000000000
55220  25.319  -10.982  52.287 1.0000000000
55233  24.421  -10.967  51.489 1.0000000000
55234  23.597  -10.562  51.284 1.0000000000
56239  23.172  -9.883  51.324 1.0000000000
127861  24.162  -10.617  50.717 1.0000000000
55250  23.668  -10.070  50.622 1.0000000000
57203  22.020  -8.768  56.963 0.4444440007
57211  22.203  -8.561  56.120 0.4444440007
130018  21.744  -9.298  55.077 0.5555559993
56176  31.312  -9.929  55.029 0.5555559993
57245  22.297  -9.013  53.407 0.8888890147
57262  22.771  -8.703  52.614 0.8888890147
56195  30.739  -9.960  54.427 0.5555559993
128866  30.149  -9.980  53.845 0.6666669846
56216  29.483  -10.020  53.368 0.6666669846
55230  27.799  -10.259  51.577 0.8888890147
125136  26.878  -10.453  51.916 1.0000000000
55231  26.210  -10.649  51.141 1.0000000000
55248  25.472  -10.707  50.551 1.0000000000
123069  24.805  -10.778  50.838 1.0000000000
133360  24.103  -10.276  50.158 1.0000000000
57210  22.762  -8.128  56.589 0.4444440007
57220  22.786  -8.107  55.812 0.4444440007
57221  22.314  -8.536  55.087 0.4444440007
136509  23.233  -7.837  55.199 0.4444440007
57228  23.009  -8.080  54.409 0.4444440007
57244  22.880  -8.308  53.566 0.6666669846
56194  31.499  -9.641  54.257 0.5555559993
56213  32.121  -8.908  53.402 0.2222220004
121744  31.659  -9.317  53.637 0.3333329856
56215  30.206  -9.804  52.984 0.5555559993
56214  31.519  -9.122  52.889 0.3333329856
117056  30.817  -9.464  52.682 0.3333329856
56226  30.269  -9.541  52.042 0.6666669846
56227  29.452  -9.941  52.479 0.7777780294
55217  28.623  -10.115  52.036 0.7777780294
57277  23.138  -8.875  51.552 1.0000000000
57285  32.067  -8.171  50.851 0.3333329856
57260  31.835  -8.657  52.198 0.3333329856
56225  31.062  -9.045  52.011 0.3333329856
56237  29.396  -9.758  51.473 0.7777780294
55245  27.831  -10.181  50.816 1.0000000000
130541  27.093  -10.409  50.971 1.0000000000
57289  23.481  -9.269  50.684 0.8888890147
57274  31.573  -8.587  51.410 0.3333329856
57275  30.894  -8.921  51.220 0.3333329856
116503  30.212  -9.290  51.141 0.4444440007
133737  29.018  -9.704  50.735 0.8888890147
56249  28.339  -9.862  50.265 0.8888890147
55266  26.514  -10.337  49.404 1.0000000000
55267  25.449  -10.482  49.640 1.0000000000
55268  24.486  -10.178  49.619 1.0000000000
56251  23.865  -9.576  49.895 1.0000000000
123628  23.562  -8.402  50.870 0.8888890147
57286  31.277  -8.490  50.549 0.3333329856
57299  30.616  -8.605  49.895 0.5555559993
56247  30.016  -9.070  50.336 0.5555559993
56248  29.225  -9.398  50.016 1.0000000000
55280  27.329  -10.061  49.168 1.0000000000
56270  24.902  -9.990  48.948 1.0000000000
57300  23.974  -8.844  49.267 1.0000000000
57288  23.731  -8.534  50.090 0.8888890147
135433  23.746  -8.009  50.548 0.8888890147
119907  30.345  -8.523  49.182 0.7777780294
117023  29.171  -9.141  49.068 1.0000000000
56291  27.484  -9.769  48.367 1.0000000000
136430  26.771  -9.757  48.003 1.0000000000
56293  25.237  -9.634  48.250 1.0000000000
57323  24.732  -8.782  47.850 1.0000000000
58401  24.198  -8.265  48.619 1.0000000000
57321  30.496  -8.271  48.526 0.8888890147
57322  29.830  -8.692  48.733 0.8888890147
56303  28.550  -9.175  47.598 1.0000000000
56304  27.207  -9.547  47.551 1.0000000000
56305  26.375  -9.479  47.451 1.0000000000
56306  25.571  -9.282  47.583 1.0000000000
58332  23.414  -7.903  53.044 0.7777780294
57261  23.430  -8.055  52.210 0.8888890147
58368  33.087  -7.441  50.705 0.2222220004
58342  32.971  -7.930  51.917 0.2222220004
57259  32.510  -8.366  52.397 0.2222220004
57243  32.112  -8.689  52.804 0.2222220004
58369  32.552  -7.693  50.369 0.3333329856
57273  32.292  -8.265  51.646 0.2222220004
58381  33.155  -7.163  49.969 0.2222220004
58382  32.392  -7.559  49.526 0.3333329856
59454  32.961  -7.069  48.994 0.3333329856
58370  31.885  -8.034  50.049 0.3333329856
125331  24.326  -7.203  48.884 1.0000000000
58385  23.987  -7.891  49.450 0.8888890147
58372  24.026  -7.614  50.295 0.8888890147
58383  31.638  -7.889  49.269 0.4444440007
57298  30.932  -8.224  49.197 0.6666669846
58399  31.222  -7.841  48.519 0.6666669846
115388  29.925  -8.492  47.864 1.0000000000
57343  28.594  -8.993  46.887 1.0000000000
56317  27.817  -9.282  46.974 1.0000000000
130915  26.490  -8.810  46.328 1.0000000000
57344  25.896  -8.943  46.842 1.0000000000
122203  24.830  -8.139  47.357 1.0000000000
58400  24.475  -7.705  47.947 1.0000000000
58420  30.729  -7.884  47.650 1.0000000000
57341  29.938  -8.210  46.855 1.0000000000
57360  28.188  -8.881  46.244 1.0000000000
57361  27.270  -8.955  46.223 1.0000000000
57363  25.245  -8.180  46.771 1.0000000000
58343  24.582  -6.988  52.695 0.5555559993
133710  23.885  -7.509  52.658 0.7777780294
59445  33.597  -7.035  50.721 0.1111110002
57276  23.577  -8.061  51.510 0.8888890147
134003  33.787  -6.677  50.132 0.2222220004
58371  24.523  -6.889  50.811 0.7777780294
58359  23.990  -7.585  51.099 0.8888890147
58384  24.428  -6.955  49.881 0.8888890147
58398  32.116  -7.454  48.546 0.6666669846
59456  24.942  -6.177  49.377 0.8888890147
59465  32.791  -6.891  48.104 0.4444440007
59493  25.104  -6.601  46.506 1.0000000000
58421  24.814  -7.294  47.124 1.0000000000
59466  24.667  -6.546  48.135 1.0000000000
58418  32.139  -7.195  47.618 0.6666669846
122673  31.531  -7.543  47.872 0.6666669846
58436  29.515  -7.997  45.816 1.0000000000
57359  29.050  -8.614  46.426 1.0000000000
57372  27.623  -8.476  45.625 1.0000000000
58437  26.098  -7.557  45.544 1.0000000000
58438  25.360  -7.477  46.267 1.0000000000
58435  30.256  -7.730  46.211 1.0000000000
126380  29.547  -7.532  45.130 1.0000000000
58452  27.971  -7.964  45.026 1.0000000000
58453  27.042  -7.865  45.210 1.0000000000
59444  34.231  -6.539  50.718 0.1111110002
59423  25.254  -6.415  52.267 0.6666669846
58358  24.568  -6.900  51.706 0.7777780294
60503  34.906  -6.005  50.630 0.1111110002
59452  34.398  -6.179  49.840 0.2222220004
59453  33.662  -6.610  49.387 0.2222220004
59447  25.077  -6.262  50.458 0.7777780294
60532  25.168  -5.736  46.905 0.7777780294
60521  25.134  -5.724  47.823 0.7777780294
60512  25.180  -5.747  48.638 0.6666669846
59507  26.076  -6.532  45.177 1.0000000000
59479  24.881  -6.366  47.273 1.0000000000
59478  32.143  -6.994  46.952 0.4444440007
59492  31.801  -6.876  46.339 0.5555559993
58419  31.446  -7.388  47.031 0.7777780294
59519  26.843  -6.604  44.578 1.0000000000
59508  25.516  -6.825  45.817 1.0000000000
58434  30.954  -7.266  46.083 0.8888890147
58450  30.163  -7.421  45.536 0.8888890147
58451  28.863  -7.830  45.031 1.0000000000
58465  27.391  -7.315  44.698 1.0000000000
60495  26.495  -5.520  51.633 0.3333329856
59435  25.166  -6.328  51.375 0.3333329856
59455  25.715  -5.631  50.182 0.3333329856
59463  34.207  -6.094  48.885 0.2222220004
60520  25.702  -5.148  48.447 0.4444440007
118868  25.707  -5.388  49.314 0.3333329856
119938  26.466  -5.132  49.957 0.3333329856
59476  33.335  -6.374  47.667 0.3333329856
60542  25.602  -5.054  46.559 0.7777780294
60531  25.621  -5.032  47.520 0.5555559993
59477  32.685  -6.720  47.292 0.3333329856
59491  32.492  -6.538  46.566 0.3333329856
119876  26.438  -5.947  44.665 1.0000000000
60553  25.994  -5.553  45.201 0.8888890147
58449  30.702  -6.856  45.200 0.8888890147
58463  29.140  -7.214  44.549 1.0000000000
59517  28.568  -6.724  44.034 1.0000000000
59518  27.669  -6.683  44.203 1.0000000000
60565  26.473  -5.179  44.604 1.0000000000
60509  35.754  -5.349  49.545 0.1111110002
125283  35.107  -5.728  49.933 0.1111110002
132570  27.752  -4.645  50.270 0.2222220004
60511  27.191  -4.683  49.743 0.3333329856
60510  34.951  -5.683  49.190 0.1111110002
61476  26.424  -4.812  49.116 0.3333329856
59475  34.005  -5.975  48.037 0.3333329856
121958  26.060  -4.377  47.112 0.5555559993
61498  26.663  -3.949  47.534 0.4444440007
59504  32.211  -6.309  45.828 0.5555559993
61509  25.983  -4.418  46.143 0.6666669846
60552  31.889  -6.006  45.136 0.7777780294
59516  30.409  -6.387  44.422 0.8888890147
130352  29.496  -6.508  44.028 1.0000000000
59525  28.015  -6.090  43.699 1.0000000000
61519  26.115  -4.693  45.301 0.7777780294
60563  30.089  -5.935  43.776 0.8888890147
60574  28.499  -5.524  43.378 1.0000000000
61527  27.019  -4.834  44.045 1.0000000000
61528  26.571  -4.257  44.672 0.8888890147
61475  27.194  -4.312  48.945 0.2222220004
61485  27.188  -3.911  48.196 0.4444440007
62478  26.495  -3.681  46.637 0.5555559993
115648  4.488  -21.478  71.808 0.2222220004
44691  3.804  -21.876  72.186 0.2222220004
46527  0.238  -19.530  74.744 0.4444440007
46528  -0.300  -19.534  74.470 0.4444440007
47426  -0.961  -17.909  73.268 0.4444440007
46566  2.108  -20.331  71.790 0.3333329856
45690  4.804  -21.117  69.831 0.2222220004
44702  3.882  -21.838  71.501 0.2222220004
44701  4.116  -21.771  71.578 0.2222220004
46619  5.645  -19.588  68.634 0.2222220004
46533  -1.145  -19.356  73.428 0.2222220004
116629  -1.243  -18.474  73.188 0.2222220004
126894  -1.440  -17.822  73.050 0.4444440007
47453  -1.683  -18.514  72.002 0.2222220004
45685  -1.116  -20.302  71.413 0.2222220004
125810  2.009  -20.008  71.206 0.5555559993
45702  4.560  -21.135  69.088 0.2222220004
44713  3.457  -21.511  70.868 0.2222220004
119470  3.499  -21.121  69.110 0.3333329856
46587  2.261  -20.200  70.352 0.5555559993
46663  6.413  -20.024  65.497 0.2222220004
45723  3.912  -20.608  67.505 0.3333329856
123810  0.899  -17.749  71.244 0.6666669846
127638  5.404  -20.318  65.516 0.3333329856
45737  5.926  -20.266  65.281 0.4444440007
135662  6.228  -20.073  64.577 0.3333329856
45694  -1.349  -20.205  69.782 0.1111110002
45713  2.951  -20.415  68.750 0.4444440007
45731  4.558  -20.594  67.011 0.3333329856
46621  2.809  -19.597  68.188 0.5555559993
120588  1.808  -18.166  68.778 0.5555559993
46606  2.328  -19.883  69.450 0.4444440007
132726  4.480  -20.359  66.350 0.4444440007
46636  3.313  -19.701  67.369 0.6666669846
48487  -1.318  -17.167  73.027 0.5555559993
46664  4.961  -19.778  64.912 0.5555559993
46607  -1.582  -19.584  69.661 0.1111110002
46690  6.436  -19.474  63.406 0.5555559993
46703  6.903  -19.217  62.912 0.6666669846
46691  5.831  -19.717  63.857 0.4444440007
47467  1.449  -18.637  70.068 0.5555559993
48534  1.525  -17.337  68.667 0.6666669846
49432  0.969  -17.018  69.431 0.6666669846
135334  3.593  -19.318  66.557 0.7777780294
47542  3.800  -18.936  65.864 0.6666669846
48548  2.113  -17.706  68.064 0.7777780294
50267  -0.508  -15.966  72.712 0.4444440007
47562  4.481  -18.880  64.754 0.7777780294
48497  -1.671  -16.947  72.748 0.5555559993
47602  7.734  -18.648  62.073 0.6666669846
47580  8.432  -19.008  63.269 0.4444440007
48593  5.229  -18.173  63.586 0.7777780294
129440  1.826  -16.781  68.058 0.7777780294
48583  4.125  -17.531  65.136 0.8888890147
49498  5.554  -17.316  63.294 0.8888890147
47623  8.438  -18.465  61.689 0.6666669846
48612  7.254  -18.027  61.962 0.7777780294
49497  5.990  -16.471  63.082 0.8888890147
122470  9.871  -18.450  61.632 0.7777780294
47622  8.398  -17.748  61.063 0.7777780294
120677  6.943  -17.318  62.009 0.7777780294
47620  10.657  -18.284  61.400 0.7777780294
131899  11.305  -18.155  61.306 0.7777780294
50392  5.643  -15.823  63.676 0.8888890147
50375  5.337  -14.943  64.476 0.8888890147
136614  5.438  -15.442  64.055 0.8888890147
50359  4.878  -14.463  65.242 0.6666669846
49504  7.054  -16.457  61.971 0.7777780294
49526  8.717  -17.102  60.612 0.8888890147
47618  12.611  -17.810  61.225 0.6666669846
134777  17.800  -18.423  64.251 0.3333329856
51329  6.847  -14.913  62.804 0.8888890147
50437  8.746  -16.240  60.505 0.8888890147
48652  12.011  -17.459  59.600 0.7777780294
48600  16.146  -17.873  63.406 0.5555559993
52253  7.651  -13.527  62.888 0.7777780294
51285  5.545  -13.858  64.807 0.6666669846
116293  14.866  -17.408  62.164 0.6666669846
137240  9.462  -15.430  60.150 0.8888890147
50436  9.035  -15.205  60.530 0.8888890147
49536  10.934  -16.582  59.175 0.8888890147
48636  13.820  -17.365  60.518 0.7777780294
48635  14.662  -16.999  60.674 0.7777780294
52252  8.193  -13.424  62.522 0.5555559993
133492  8.626  -13.029  62.745 0.5555559993
52251  8.857  -13.226  62.331 0.6666669846
126059  19.549  -18.256  60.777 0.5555559993
137781  18.463  -17.887  61.564 0.6666669846
48620  18.121  -17.606  61.238 0.6666669846
48622  16.546  -17.155  61.879 0.5555559993
116429  21.124  -18.516  59.940 0.6666669846
49522  16.070  -16.417  60.137 0.7777780294
49523  15.100  -16.571  60.035 0.7777780294
122744  14.040  -16.535  58.831 0.7777780294
49552  12.303  -16.470  58.684 0.8888890147
115855  22.070  -18.565  59.948 0.6666669846
47681  21.854  -18.554  58.484 0.7777780294
47661  21.560  -18.579  59.141 0.6666669846
48666  18.561  -17.572  58.639 0.7777780294
122560  9.640  -12.944  62.307 0.5555559993
118966  10.191  -14.083  60.572 0.8888890147
133625  11.101  -14.914  59.311 0.8888890147
49549  15.809  -15.972  58.695 0.8888890147
50464  13.305  -15.466  58.218 0.8888890147
48677  23.847  -17.840  57.190 0.8888890147
136641  16.306  -16.084  58.618 0.8888890147
137273  19.955  -18.171  57.046 0.8888890147
120882  12.246  -13.658  59.970 0.8888890147
49544  27.068  -16.003  58.101 0.7777780294
48688  25.097  -17.226  56.880 0.8888890147
49563  16.914  -15.945  57.558 0.8888890147
50481  15.629  -15.139  57.696 0.7777780294
49570  25.544  -16.698  56.279 0.8888890147
48689  24.327  -17.447  56.578 0.8888890147
48703  23.193  -17.175  55.603 0.7777780294
48694  19.470  -16.929  56.198 0.7777780294
52267  11.597  -13.093  61.593 0.6666669846
135722  13.529  -13.346  59.661 0.5555559993
49562  17.606  -16.168  56.994 0.7777780294
50496  17.655  -15.265  56.552 0.7777780294
50479  17.036  -14.947  56.746 0.7777780294
51399  15.949  -14.416  57.316 0.7777780294
50489  25.924  -16.065  55.746 0.8888890147
49582  25.071  -16.282  55.472 0.8888890147
49584  22.908  -16.556  55.255 0.7777780294
48704  22.427  -17.133  55.521 0.7777780294
49573  20.024  -16.288  55.887 0.7777780294
49575  18.613  -15.921  56.305 0.6666669846
51412  18.286  -14.516  56.498 0.6666669846
52323  17.213  -13.479  57.026 0.5555559993
120285  25.112  -14.943  54.832 0.7777780294
50503  24.397  -15.565  55.005 0.7777780294
50504  23.462  -15.953  55.060 0.7777780294
49585  22.579  -15.963  55.139 0.7777780294
50421  20.658  -13.985  61.710 0.2222220004
131183  18.847  -12.653  61.440 0.2222220004
52278  18.967  -12.764  60.656 0.2222220004
53198  18.252  -12.453  61.019 0.1111110002
53184  17.645  -12.287  61.377 0.1111110002
120135  15.308  -12.427  61.894 0.1111110002
51366  20.463  -14.231  59.907 0.3333329856
138468  21.702  -14.860  61.298 0.1111110002
52264  13.932  -12.866  61.051 0.2222220004
53223  28.773  -12.753  58.646 0.3333329856
134139  22.739  -14.863  60.411 0.1111110002
51367  19.816  -13.665  59.667 0.2222220004
52294  18.264  -12.572  59.015 0.2222220004
137619  16.055  -12.480  58.962 0.2222220004
50458  22.779  -14.560  58.544 0.3333329856
120446  22.106  -14.827  58.811 0.3333329856
51365  23.351  -14.191  59.177 0.3333329856
50461  20.752  -14.547  58.117 0.5555559993
51378  19.645  -13.796  58.380 0.3333329856
52307  18.309  -12.924  57.950 0.3333329856
53226  15.719  -12.721  58.483 0.3333329856
128773  27.902  -14.052  57.063 0.7777780294
51410  23.283  -14.611  55.671 0.5555559993
50474  22.906  -14.443  57.483 0.6666669846
51396  18.153  -13.533  56.931 0.4444440007
51420  26.794  -14.408  55.448 0.8888890147
124632  28.038  -11.009  57.026 0.5555559993
53236  23.054  -12.379  57.303 0.5555559993
54181  26.185  -11.907  54.631 1.0000000000
53256  25.629  -12.560  54.424 0.8888890147
52353  24.567  -12.863  54.441 0.8888890147
134368  23.661  -12.340  54.368 1.0000000000
55149  22.598  -10.249  58.680 0.4444440007
120787  30.225  -9.959  55.992 0.3333329856
55174  28.151  -10.144  55.236 1.0000000000
55203  28.005  -10.144  53.484 0.8888890147
55205  26.574  -10.515  53.460 1.0000000000
56134  22.280  -9.497  58.303 0.4444440007
55202  28.716  -10.150  52.951 0.7777780294
122837  26.010  -10.705  51.851 1.0000000000
55232  25.361  -10.830  51.336 1.0000000000
57229  22.424  -8.611  54.121 0.6666669846
55249  24.713  -10.568  50.224 1.0000000000
124168  30.964  -9.661  53.523 0.3333329856
132167  29.586  -9.456  50.741 0.5555559993
56238  28.500  -9.986  51.162 0.8888890147
55246  27.366  -10.248  50.067 1.0000000000
55247  26.373  -10.546  50.287 1.0000000000
56250  27.904  -9.918  49.588 1.0000000000
55282  25.800  -10.155  48.776 1.0000000000
56271  24.287  -9.584  49.237 1.0000000000
56268  29.858  -8.875  49.548 0.6666669846
56269  28.509  -9.594  49.407 1.0000000000
55281  26.671  -10.042  48.616 1.0000000000
56292  26.068  -9.784  48.088 1.0000000000
56294  24.461  -9.230  48.627 1.0000000000
56289  29.191  -8.940  48.179 1.0000000000
56290  28.417  -9.440  48.481 1.0000000000
123266  27.918  -9.489  47.780 1.0000000000
56318  26.823  -9.270  46.830 1.0000000000
57345  25.244  -8.685  47.267 1.0000000000
57342  29.238  -8.776  47.294 1.0000000000
57362  25.896  -8.279  46.181 1.0000000000
57371  28.566  -8.363  45.649 1.0000000000
57373  26.689  -8.387  45.772 1.0000000000
58344  23.983  -7.468  51.975 0.7777780294
117702  30.669  -7.699  46.769 0.7777780294
60543  25.477  -5.909  45.924 1.0000000000
58464  28.279  -7.345  44.534 1.0000000000
59505  31.477  -6.604  45.552 0.6666669846
59506  29.933  -7.021  44.807 1.0000000000
59446  25.795  -5.811  51.065 0.3333329856
60519  34.716  -5.575  48.355 0.3333329856
61486  26.386  -4.468  48.146 0.4444440007
125866  25.772  -5.109  45.801 0.8888890147
59524  28.780  -6.176  43.616 1.0000000000
60564  27.092  -5.823  44.097 1.0000000000
60504  27.169  -4.955  50.523 0.2222220004
61474  28.051  -4.273  49.619 0.2222220004
60530  33.800  -5.825  47.221 0.3333329856
59515  31.188  -6.223  44.804 0.8888890147
60573  29.351  -5.757  43.445 1.0000000000
60575  27.686  -5.285  43.620 1.0000000000
62488  26.381  -3.858  45.546 0.7777780294
60562  30.890  -5.624  44.064 0.8888890147
61484  27.900  -3.872  48.770 0.4444440007
49387  -1.017  -16.528  73.023 0.4444440007
122787  0.279  -15.972  71.905 0.5555559993
50268  -0.880  -16.021  72.798 0.2222220004
124630  -1.033  -15.301  72.398 0.2222220004
123440  -1.208  -15.980  72.657 0.2222220004
49420  0.448  -15.988  70.832 0.6666669846
131585  0.675  -16.316  69.903 0.6666669846
49431  1.465  -16.235  68.544 0.6666669846
126862  -0.422  -14.982  72.226 0.2222220004
50285  0.255  -15.266  71.452 0.3333329856
50298  0.729  -15.351  69.718 0.6666669846
50312  1.388  -15.293  68.905 0.6666669846
49445  2.037  -15.970  67.865 0.7777780294
51202  0.016  -14.510  71.675 0.3333329856
51219  0.340  -14.563  70.963 0.3333329856
50311  1.959  -15.253  68.306 0.6666669846
49455  2.794  -16.180  67.059 0.7777780294
50324  2.422  -15.184  67.751 0.6666669846
51233  2.019  -14.410  68.829 0.6666669846
51249  2.401  -14.605  68.174 0.5555559993
50336  2.859  -15.248  67.197 0.6666669846
138584  3.209  -15.112  66.866 0.4444440007
51232  2.679  -13.904  68.408 0.3333329856
51248  2.881  -14.345  67.682 0.5555559993
131532  3.279  -14.556  67.060 0.4444440007
50347  3.579  -14.960  66.507 0.4444440007
52151  3.270  -13.470  68.081 0.3333329856
51247  3.575  -13.692  67.405 0.2222220004
52179  4.262  -13.684  66.508 0.3333329856
51273  4.495  -14.019  65.909 0.4444440007
51274  4.015  -14.341  66.284 0.4444440007
52165  4.559  -13.038  66.861 0.2222220004
52166  4.153  -12.988  67.438 0.1111110002
52178  4.824  -13.233  66.220 0.2222220004
52177  5.426  -12.834  65.876 0.2222220004
52194  5.146  -13.528  65.540 0.3333329856
52212  6.307  -13.345  64.419 0.4444440007
53132  6.129  -12.256  65.865 0.1111110002
52192  6.852  -12.622  64.705 0.1111110002
52193  5.953  -12.899  65.187 0.1111110002
52211  7.081  -12.976  64.087 0.4444440007
47634  24.380  -18.443  60.723 0.2222220004
117098  23.851  -18.489  59.955 0.5555559993
52210  7.888  -12.687  63.893 0.2222220004
52231  8.229  -12.942  63.169 0.3333329856
52232  7.397  -13.272  63.480 0.5555559993
48619  25.738  -18.070  61.225 0.3333329856
47633  25.242  -18.195  60.637 0.2222220004
47657  25.395  -17.951  59.958 0.4444440007
52230  9.151  -12.696  63.021 0.3333329856
50390  21.623  -14.445  63.395 0.1111110002
50407  21.147  -14.211  62.650 0.1111110002
50420  21.310  -14.593  61.881 0.1111110002
52208  9.691  -12.244  63.790 0.2222220004
52207  10.695  -12.266  63.964 0.2222220004
52229  10.130  -12.518  63.114 0.3333329856
52250  10.528  -12.760  62.396 0.3333329856
52249  11.485  -12.724  62.485 0.3333329856
53197  24.879  -12.420  60.972 0.1111110002
52275  24.764  -13.105  60.721 0.1111110002
52276  24.210  -13.539  60.263 0.2222220004
53212  24.472  -12.537  60.422 0.2222220004
52291  24.175  -12.929  60.028 0.2222220004
128036  24.487  -11.950  60.522 0.2222220004
53213  24.053  -12.272  59.794 0.2222220004
127198  23.821  -12.829  59.339 0.2222220004
52306  23.502  -13.210  58.407 0.2222220004
51364  23.726  -13.858  59.754 0.3333329856
52292  23.793  -13.342  59.464 0.3333329856
51375  23.472  -13.761  58.763 0.3333329856
61535  27.560  -4.569  43.647 0.8888890147
122728  28.612  -3.468  43.078 0.7777780294
63467  28.251  -2.547  43.327 0.7777780294
63466  29.113  -2.554  42.809 0.7777780294
57219  23.516  -7.704  56.044 0.3333329856
58322  23.547  -7.726  53.875 0.4444440007
65363  28.265  -0.524  44.333 0.7777780294
63468  27.788  -2.075  43.869 0.6666669846
121365  27.153  -3.959  44.001 0.6666669846
66333  29.321  0.799  43.180 0.6666669846
66334  28.566  -0.071  43.736 0.6666669846
119990  27.568  -3.049  43.775 0.6666669846
67322  30.574  1.458  42.160 0.7777780294
64427  28.794  -1.053  42.967 0.7777780294
123306  28.443  -1.695  43.263 0.7777780294
124951  31.364  1.187  41.510 0.7777780294
58310  24.189  -7.314  55.249 0.3333329856
58330  24.830  -6.896  53.702 0.4444440007
67285  30.403  1.583  45.477 0.3333329856
67286  29.656  1.205  45.087 0.4444440007
65355  28.730  0.302  45.231 0.4444440007
64401  27.899  -1.029  45.046 0.7777780294
62497  26.867  -3.242  44.802 0.5555559993
68266  31.376  2.676  43.580 0.4444440007
67303  30.720  2.217  43.906 0.5555559993
66324  29.043  0.716  44.736 0.5555559993
66325  28.585  0.160  44.503 0.6666669846
67304  29.975  1.637  43.198 0.6666669846
68297  32.332  2.835  41.503 0.7777780294
67321  31.231  2.091  41.978 0.7777780294
139322  33.921  2.041  40.309 0.7777780294
126752  32.791  2.245  40.904 0.7777780294
58320  24.987  -6.868  54.643 0.3333329856
67275  32.195  1.843  47.053 0.1111110002
63431  27.275  -2.544  46.392 0.4444440007
67283  31.963  2.183  46.235 0.2222220004
67277  30.667  1.336  46.387 0.3333329856
66310  29.431  0.484  46.521 0.2222220004
65339  28.456  -0.702  46.653 0.3333329856
64386  27.503  -2.014  46.056 0.3333329856
62487  26.773  -3.103  45.899 0.5555559993
70191  35.872  5.221  46.124 0.1111110002
70203  34.518  4.559  45.239 0.1111110002
116941  34.131  3.966  45.731 0.3333329856
69210  32.800  3.262  45.067 0.5555559993
68240  31.744  2.503  45.269 0.3333329856
66318  29.216  0.666  45.630 0.4444440007
116995  28.238  -0.648  45.821 0.5555559993
64402  27.531  -1.796  45.311 0.5555559993
70216  35.277  5.118  44.866 0.1111110002
129887  33.996  4.352  44.522 0.2222220004
136501  33.511  4.110  44.053 0.4444440007
68252  32.036  2.986  44.412 0.5555559993
68253  31.350  2.519  44.430 0.4444440007
69235  34.049  4.372  42.769 0.3333329856
69250  32.695  3.688  42.851 0.6666669846
69262  33.507  3.726  41.521 0.7777780294
69263  32.766  3.532  41.887 0.7777780294
68283  32.078  3.205  42.299 0.7777780294
68308  33.497  2.532  40.641 0.7777780294
68296  33.062  3.083  41.143 0.7777780294
59422  25.971  -6.025  52.714 0.2222220004
67276  31.449  1.581  46.739 0.1111110002
63430  27.799  -1.989  46.894 0.3333329856
62477  27.038  -3.069  46.739 0.4444440007
66309  30.145  0.803  46.903 0.2222220004
65325  29.084  -0.161  47.042 0.2222220004
64385  27.899  -1.332  46.133 0.3333329856
60484  26.442  -5.684  52.324 0.2222220004
66295  30.399  0.364  47.756 0.1111110002
138242  28.020  -2.363  47.604 0.2222220004
63422  27.536  -2.709  47.193 0.3333329856
66308  30.922  1.013  47.240 0.1111110002
66296  29.716  0.271  47.266 0.2222220004
64369  28.387  -1.783  47.643 0.2222220004
62466  27.224  -3.391  47.501 0.3333329856
62450  27.709  -3.474  48.200 0.3333329856
65317  29.681  -0.366  47.884 0.1111110002
64377  28.846  -0.979  47.601 0.1111110002
62465  27.896  -2.938  47.902 0.2222220004
62449  28.312  -3.245  48.549 0.3333329856
62448  28.538  -2.439  48.268 0.2222220004
64368  28.989  -1.672  48.270 0.2222220004
49456  2.464  -15.838  67.439 0.7777780294
50348  3.180  -15.676  66.707 0.6666669846
48645  26.334  -17.235  59.725 0.4444440007
128902  12.170  -12.846  62.101 0.3333329856
58311  23.647  -7.615  54.598 0.4444440007
58331  24.082  -7.351  53.373 0.5555559993
59434  25.831  -5.908  51.909 0.2222220004
49396  -1.444  -16.497  72.792 0.4444440007
51323  20.674  -13.763  62.602 0.1111110002
50277  -0.063  -15.497  72.227 0.2222220004
50299  0.443  -15.075  70.578 0.3333329856
127681  0.960  -16.064  69.211 0.6666669846
51262  3.749  -14.087  66.766 0.4444440007
116960  4.058  -13.496  66.997 0.3333329856
62509  27.889  -4.001  43.429 0.7777780294
58321  24.226  -7.279  54.243 0.4444440007
65356  28.362  -0.258  45.167 0.5555559993
64415  28.004  -1.271  44.076 0.7777780294
64416  27.671  -1.691  44.561 0.6666669846
63450  27.362  -2.365  44.597 0.5555559993
120398  28.905  0.553  43.892 0.6666669846
67294  29.433  1.179  44.078 0.5555559993
65370  28.421  -0.809  43.537 0.6666669846
119612  30.815  2.214  42.860 0.7777780294
66362  32.127  0.963  41.131 0.7777780294
67341  32.004  1.905  41.336 0.7777780294
67293  30.150  1.717  44.457 0.4444440007
67292  30.895  2.134  44.923 0.4444440007
67284  31.187  1.893  45.849 0.3333329856
66317  29.890  1.070  46.033 0.4444440007
65338  28.693  0.033  46.051 0.5555559993
63438  27.174  -2.490  45.497 0.3333329856
68265  32.003  3.242  43.293 0.6666669846
68284  31.481  2.724  42.619 0.7777780294
68298  31.735  2.624  41.885 0.7777780294
68307  34.135  2.734  40.328 0.7777780294
70202  35.244  4.892  45.750 0.1111110002
69208  33.896  4.065  45.182 0.3333329856
69209  33.520  3.532  45.587 0.5555559993
69222  33.414  3.833  44.745 0.5555559993
138970  33.066  3.111  45.686 0.5555559993
137269  32.291  2.873  45.141 0.5555559993
68239  32.571  2.739  45.764 0.3333329856
70217  34.768  4.839  44.147 0.2222220004
69237  32.794  3.661  43.983 0.5555559993
69236  33.396  4.089  43.290 0.5555559993
69221  34.061  4.447  43.663 0.2222220004
69249  33.381  4.000  42.355 0.6666669846
69277  33.779  3.283  40.851 0.7777780294
69261  34.205  3.895  41.210 0.7777780294
64378  28.226  -1.326  47.030 0.3333329856
68306  34.746  2.964  39.894 0.7777780294
136476  -1.254  -19.990  72.648 0.1111110002
130313  -1.754  -19.003  70.186 0.1111110002
48513  -1.923  -17.366  71.664 0.2222220004
48526  -1.964  -17.295  70.814 0.1111110002
122630  -1.890  -18.146  70.291 0.1111110002
49397  -1.741  -16.459  72.370 0.3333329856
47433  5.247  -18.794  72.284 0.1111110002
48523  6.266  -17.065  70.153 0.1111110002
48524  5.719  -17.634  70.678 0.1111110002
47451  5.406  -18.097  71.533 0.1111110002
47465  5.678  -18.533  70.096 0.1111110002
130360  5.462  -18.504  70.808 0.1111110002
46565  5.293  -19.130  71.355 0.1111110002
47482  5.846  -18.616  69.239 0.1111110002
46586  5.383  -19.316  70.484 0.1111110002
51217  1.635  -13.790  69.547 0.4444440007
51234  1.285  -14.590  69.334 0.6666669846
48533  6.005  -17.845  69.758 0.1111110002
47481  6.507  -17.352  69.372 0.1111110002
52137  2.435  -13.495  69.141 0.2222220004
52122  2.097  -12.842  69.939 0.2222220004
47496  6.278  -18.644  68.343 0.1111110002
137736  5.937  -19.412  68.039 0.1111110002
124332  7.571  -16.375  69.421 0.1111110002
49444  7.083  -16.940  68.943 0.1111110002
49443  7.841  -16.670  68.528 0.1111110002
48547  6.687  -17.676  68.637 0.1111110002
132012  2.838  -12.817  69.379 0.1111110002
49454  7.761  -17.016  67.799 0.1111110002
48559  7.426  -17.572  67.500 0.1111110002
136910  6.636  -18.598  67.717 0.1111110002
47510  6.988  -18.392  67.172 0.1111110002
48556  9.769  -16.984  67.082 0.1111110002
49452  9.144  -16.668  67.806 0.1111110002
48571  9.170  -17.188  66.276 0.1111110002
48557  8.764  -16.975  67.037 0.1111110002
48558  7.986  -17.139  67.146 0.1111110002
48572  8.314  -17.454  66.339 0.1111110002
48573  7.630  -17.806  66.750 0.1111110002
124024  8.802  -17.561  65.717 0.1111110002
47524  7.330  -18.575  66.346 0.1111110002
46648  6.968  -19.392  65.895 0.1111110002
48592  8.856  -18.009  64.925 0.1111110002
47540  7.636  -18.786  65.487 0.1111110002
125853  8.346  -18.799  64.168 0.1111110002
47561  7.661  -19.214  64.536 0.2222220004
46676  7.701  -19.338  63.652 0.2222220004
49451  9.982  -16.723  68.035 0.1111110002
115858  16.079  -18.785  65.948 0.2222220004
48545  10.630  -17.108  67.654 0.1111110002
117443  10.685  -17.316  66.741 0.1111110002
118923  9.999  -17.192  66.172 0.1111110002
46685  21.890  -19.237  63.759 0.2222220004
48579  10.388  -17.401  65.474 0.1111110002
47589  21.443  -18.890  62.957 0.3333329856
48580  9.479  -17.426  65.519 0.1111110002
119347  19.918  -18.721  62.852 0.4444440007
123486  9.218  -18.347  63.868 0.2222220004
48591  9.750  -17.674  64.687 0.2222220004
133912  9.766  -18.311  63.247 0.3333329856
47590  20.209  -18.610  62.244 0.4444440007
47579  9.144  -18.706  62.866 0.4444440007
47520  15.218  -18.836  66.470 0.2222220004
47508  13.748  -18.566  67.119 0.1111110002
47495  13.423  -18.245  67.967 0.1111110002
115857  15.201  -18.651  65.433 0.2222220004
118623  14.393  -18.744  66.601 0.2222220004
47509  12.970  -18.220  67.356 0.1111110002
47521  14.566  -18.730  65.993 0.2222220004
47522  13.744  -18.573  66.077 0.1111110002
47537  12.863  -18.202  65.656 0.1111110002
48554  12.161  -17.920  67.149 0.1111110002
129531  11.446  -17.637  66.695 0.1111110002
46683  23.388  -19.254  63.741 0.1111110002
46684  22.675  -19.177  63.566 0.2222220004
116286  14.698  -18.447  64.846 0.2222220004
47535  14.300  -18.557  65.368 0.2222220004
47555  14.591  -18.226  64.221 0.2222220004
117377  14.065  -18.330  64.670 0.2222220004
47536  13.526  -18.343  65.174 0.1111110002
48578  11.283  -17.616  65.287 0.1111110002
47558  11.454  -17.737  64.420 0.1111110002
127866  21.839  -18.694  62.259 0.3333329856
47570  20.621  -18.817  62.894 0.3333329856
47560  10.097  -17.862  63.888 0.2222220004
48590  10.623  -17.601  64.598 0.1111110002
47578  10.525  -18.082  63.122 0.2222220004
116379  24.085  -19.269  63.906 0.1111110002
46672  24.535  -19.409  64.501 0.1111110002
46673  23.711  -19.564  64.481 0.1111110002
46702  22.266  -18.915  62.981 0.2222220004
47556  13.302  -18.113  64.312 0.1111110002
120370  12.847  -18.113  64.896 0.1111110002
47559  10.826  -17.767  63.890 0.2222220004
135735  12.836  -17.945  63.676 0.3333329856
47576  12.274  -17.888  63.394 0.4444440007
47577  11.500  -17.863  63.467 0.2222220004
47612  21.391  -18.566  61.525 0.4444440007
47598  11.916  -17.962  62.629 0.5555559993
47599  10.550  -18.296  62.221 0.6666669846
47613  20.573  -18.527  61.536 0.4444440007
47600  9.141  -18.641  62.028 0.5555559993
46682  24.778  -18.947  63.728 0.1111110002
47588  22.662  -18.714  62.278 0.2222220004
46701  23.084  -18.940  63.010 0.2222220004
121874  23.532  -18.724  62.307 0.2222220004
132140  22.210  -18.587  61.521 0.4444440007
47637  20.916  -18.499  60.814 0.4444440007
46671  25.294  -19.046  64.469 0.1111110002
47532  25.750  -19.054  65.031 0.1111110002
47569  24.007  -18.966  63.132 0.1111110002
47611  23.061  -18.610  61.528 0.4444440007
116444  21.719  -18.530  60.753 0.4444440007
47636  22.578  -18.555  60.749 0.4444440007
47548  26.847  -18.117  64.842 0.1111110002
47549  26.059  -18.515  64.438 0.1111110002
47567  25.361  -18.532  63.229 0.1111110002
47587  24.410  -18.639  62.326 0.1111110002
47610  23.971  -18.580  61.532 0.1111110002
48567  27.813  -17.836  65.956 0.1111110002
47517  27.328  -18.432  66.468 0.1111110002
52228  11.035  -12.513  63.223 0.2222220004
118468  27.439  -17.811  65.228 0.1111110002
47566  26.016  -18.250  63.563 0.1111110002
47586  25.217  -18.472  62.457 0.1111110002
117698  13.678  -12.789  61.750 0.1111110002
47609  24.991  -18.426  61.543 0.1111110002
47635  23.459  -18.547  60.750 0.3333329856
115856  22.962  -18.568  59.977 0.4444440007
50353  29.886  -16.029  65.028 0.1111110002
49470  29.412  -16.558  65.582 0.1111110002
49461  28.935  -17.008  66.063 0.1111110002
48552  29.069  -17.099  66.877 0.1111110002
122249  11.570  -12.425  63.905 0.2222220004
50368  30.525  -15.461  64.633 0.1111110002
49471  28.710  -16.915  65.316 0.1111110002
117375  28.392  -17.325  65.793 0.1111110002
121816  11.877  -12.528  63.347 0.2222220004
50382  30.377  -15.271  63.830 0.1111110002
50369  29.844  -15.790  64.257 0.1111110002
122828  29.152  -16.428  64.827 0.1111110002
48577  28.022  -17.343  65.198 0.1111110002
52248  12.392  -12.626  62.808 0.1111110002
51320  30.000  -14.814  62.248 0.1111110002
50400  29.483  -15.394  62.694 0.1111110002
50384  28.917  -15.921  63.161 0.1111110002
49493  28.356  -16.480  63.551 0.1111110002
48588  27.487  -17.460  64.420 0.1111110002
52247  13.862  -12.644  62.480 0.1111110002
116381  12.995  -12.785  62.136 0.1111110002
51334  30.400  -14.208  61.869 0.1111110002
49503  27.746  -16.808  63.056 0.1111110002
48599  27.240  -17.355  63.448 0.1111110002
119793  26.562  -17.782  63.075 0.1111110002
52274  29.809  -13.475  60.406 0.1111110002
51347  29.650  -14.354  60.705 0.1111110002
50415  29.358  -15.203  61.881 0.1111110002
50416  28.705  -15.599  61.527 0.1111110002
48606  27.100  -17.214  62.378 0.1111110002
48607  26.373  -17.802  62.344 0.1111110002
48608  25.798  -18.137  61.973 0.1111110002
50428  28.577  -15.419  60.703 0.1111110002
131924  26.428  -17.607  61.539 0.1111110002
52289  29.326  -13.553  59.630 0.1111110002
51348  29.068  -14.774  60.291 0.1111110002
50401  28.810  -15.749  62.340 0.1111110002
123384  28.287  -16.283  62.752 0.1111110002
49502  28.202  -16.156  61.983 0.1111110002
138142  27.771  -16.608  62.381 0.1111110002
50429  27.938  -15.887  60.307 0.2222220004
49511  27.362  -16.589  60.807 0.1111110002
49521  26.783  -16.970  60.198 0.1111110002
49530  26.763  -16.753  59.396 0.3333329856
57241  33.136  -8.312  53.431 0.1111110002
58341  33.700  -7.479  52.260 0.1111110002
60560  32.149  -5.359  44.771 0.6666669846
60561  31.563  -5.665  44.592 0.7777780294
62496  32.428  -3.975  43.928 0.6666669846
61526  31.012  -4.790  43.580 0.7777780294
60572  30.062  -5.120  43.328 0.7777780294
62505  32.549  -3.313  43.507 0.6666669846
62506  31.671  -3.618  43.291 0.6666669846
61532  30.387  -4.269  43.087 0.6666669846
137791  28.619  -4.300  43.131 0.6666669846
63464  31.074  -2.933  42.706 0.6666669846
62508  29.742  -3.532  42.827 0.6666669846
63465  30.140  -2.830  42.665 0.6666669846
63473  32.299  -2.271  42.504 0.6666669846
64435  30.780  -1.471  42.028 0.6666669846
64436  29.894  -1.440  42.314 0.6666669846
65381  29.322  -0.803  42.578 0.6666669846
63475  30.499  -2.191  42.403 0.6666669846
63476  29.742  -2.123  42.551 0.6666669846
130336  37.448  -0.502  43.738 0.5555559993
119657  36.812  -0.779  44.103 0.5555559993
64425  34.850  -1.918  43.261 0.6666669846
66348  29.887  0.723  42.341 0.6666669846
65367  38.040  -0.334  43.126 0.5555559993
65368  37.363  -0.672  43.089 0.5555559993
64424  35.386  -1.551  42.824 0.6666669846
64432  34.413  -1.691  42.256 0.6666669846
64426  33.158  -2.252  42.652 0.6666669846
65392  32.235  -1.011  41.564 0.6666669846
65380  30.080  -0.450  42.024 0.6666669846
65369  28.816  -0.375  43.065 0.6666669846
132312  36.065  -1.246  42.162 0.5555559993
65378  35.069  -1.399  41.799 0.6666669846
64443  33.671  -1.270  41.601 0.6666669846
64444  33.000  -1.300  41.669 0.6666669846
65375  38.320  -0.443  42.229 0.5555559993
123115  36.894  -1.045  41.948 0.5555559993
65388  36.468  -0.991  41.157 0.5555559993
66347  30.752  0.414  41.681 0.6666669846
67340  32.739  1.296  40.825 0.6666669846
65389  35.502  -1.100  41.128 0.6666669846
65391  33.841  -0.730  41.118 0.6666669846
127004  32.971  -0.595  41.242 0.6666669846
66361  32.771  0.368  40.959 0.6666669846
65402  34.080  -0.204  40.643 0.6666669846
133387  33.426  -0.117  40.867 0.6666669846
66358  40.173  0.609  42.150 0.4444440007
66359  39.641  0.208  41.589 0.4444440007
66360  38.983  -0.102  41.944 0.5555559993
65386  38.399  -0.476  41.375 0.5555559993
138988  36.956  -0.791  40.793 0.6666669846
65387  37.475  -0.808  41.322 0.5555559993
66375  34.279  0.418  40.315 0.6666669846
65401  34.929  -0.339  40.397 0.6666669846
66376  33.533  0.655  40.583 0.6666669846
67338  40.804  0.990  41.884 0.3333329856
66371  40.286  0.573  41.233 0.4444440007
134497  39.104  -0.117  41.182 0.5555559993
67339  33.414  1.679  40.545 0.6666669846
66372  39.586  0.201  40.625 0.4444440007
66373  38.732  -0.166  40.484 0.5555559993
65407  37.174  -0.137  39.759 0.6666669846
66374  35.642  -0.057  39.938 0.6666669846
118745  35.794  -0.690  40.527 0.6666669846
67337  41.481  1.362  41.674 0.3333329856
67336  42.228  1.711  41.512 0.3333329856
67354  40.960  1.035  40.960 0.3333329856
67373  34.539  1.954  39.876 0.6666669846
67356  34.081  1.262  40.243 0.6666669846
67353  41.679  1.464  40.775 0.3333329856
66391  38.705  0.203  39.607 0.6666669846
66393  36.361  0.170  39.585 0.6666669846
67355  34.851  0.755  39.890 0.6666669846
66408  38.401  0.698  38.867 0.6666669846
66392  37.819  0.250  39.304 0.6666669846
121861  36.313  0.808  39.172 0.6666669846
69248  34.055  4.209  41.928 0.5555559993
69260  34.895  4.132  40.962 0.6666669846
69274  35.768  4.085  39.794 0.5555559993
69275  35.134  3.761  40.221 0.6666669846
69276  34.460  3.495  40.546 0.6666669846
115616  38.489  1.950  37.857 0.6666669846
68328  36.507  2.044  38.612 0.6666669846
69291  35.428  3.236  39.510 0.5555559993
68304  43.546  2.785  39.875 0.2222220004
67366  42.208  1.978  39.757 0.4444440007
67367  41.594  1.748  39.248 0.5555559993
68325  39.412  1.956  37.843 0.6666669846
67380  38.078  1.342  38.315 0.6666669846
68316  35.875  2.623  38.955 0.6666669846
68317  35.242  2.324  39.431 0.6666669846
67352  42.443  1.933  40.559 0.2222220004
115738  41.111  1.200  39.964 0.3333329856
66407  39.099  0.654  39.101 0.6666669846
67370  36.733  1.197  38.796 0.6666669846
127015  37.004  0.480  39.180 0.6666669846
67371  35.887  1.600  39.075 0.6666669846
70272  36.325  4.281  39.339 0.4444440007
125008  45.794  4.473  39.515 0.2222220004
69287  44.563  3.588  39.618 0.2222220004
69273  44.148  3.145  39.961 0.2222220004
68326  37.941  2.792  37.690 0.6666669846
115484  37.155  2.963  38.032 0.5555559993
69289  36.771  3.882  38.547 0.5555559993
139826  46.291  4.796  39.465 0.1111110002
68314  42.322  2.295  39.108 0.4444440007
67377  40.936  1.864  38.495 0.5555559993
68342  38.784  2.704  37.502 0.6666669846
135540  38.219  3.421  37.511 0.6666669846
69311  44.136  3.929  38.022 0.2222220004
69301  43.623  3.410  38.504 0.3333329856
69302  42.875  3.159  38.170 0.4444440007
68339  41.408  2.791  37.610 0.5555559993
68341  39.662  2.721  37.371 0.5555559993
70271  36.852  4.871  39.281 0.5555559993
71242  47.303  5.768  39.010 0.1111110002
71234  46.761  5.159  39.428 0.1111110002
70278  37.426  4.737  38.348 0.5555559993
116457  47.934  6.457  37.906 0.1111110002
71244  45.996  5.169  38.247 0.1111110002
70275  45.520  4.645  38.705 0.1111110002
70270  45.033  4.137  39.181 0.2222220004
117763  48.225  6.589  37.155 0.2222220004
72222  47.224  6.181  37.229 0.1111110002
71251  46.554  5.664  37.798 0.1111110002
70283  44.617  4.483  37.549 0.2222220004
69312  43.362  3.689  37.729 0.4444440007
69313  42.580  3.479  37.428 0.5555559993
123056  41.121  3.217  37.107 0.5555559993
68340  40.574  2.836  37.343 0.5555559993
69317  38.900  3.633  37.180 0.5555559993
72230  49.480  6.633  36.605 0.2222220004
72231  48.634  6.505  36.503 0.2222220004
127341  45.747  5.551  36.495 0.2222220004
70290  45.115  5.037  37.069 0.2222220004
70284  43.859  4.223  37.266 0.4444440007
69322  42.203  3.870  36.684 0.5555559993
69323  41.208  3.808  36.569 0.5555559993
69315  40.604  3.437  36.852 0.5555559993
70286  40.252  4.052  36.514 0.5555559993
70294  41.773  4.523  35.957 0.5555559993
70277  38.043  4.249  37.603 0.5555559993
120456  39.373  4.332  36.773 0.5555559993
72242  49.679  6.110  36.002 0.1111110002
117229  48.984  6.283  36.027 0.2222220004
72245  46.853  6.112  35.575 0.2222220004
71258  44.832  5.226  36.268 0.3333329856
70298  43.307  4.898  35.849 0.5555559993
70293  42.746  4.421  36.239 0.5555559993
70296  39.818  4.947  36.330 0.4444440007
72256  53.016  6.149  34.459 0.1111110002
71266  50.790  5.376  35.138 0.1111110002
71268  48.905  5.845  35.304 0.1111110002
72244  47.490  6.126  35.263 0.2222220004
71287  45.661  5.969  34.985 0.3333329856
71271  44.433  5.446  35.552 0.4444440007
70299  42.539  4.960  35.621 0.5555559993
70295  40.723  4.628  36.050 0.4444440007
71281  51.119  4.887  34.242 0.1111110002
71284  48.510  5.632  34.471 0.2222220004
115581  46.836  6.111  34.894 0.2222220004
71288  44.828  5.835  34.923 0.3333329856
122663  51.842  4.885  33.681 0.1111110002
72215  38.634  6.820  38.042 0.3333329856
71254  38.363  5.793  37.690 0.3333329856
71245  37.854  5.603  38.466 0.3333329856
72223  38.900  6.420  37.104 0.4444440007
72234  40.099  6.560  36.036 0.4444440007
71261  40.314  5.566  35.920 0.4444440007
71253  39.020  5.362  36.862 0.4444440007
70287  38.582  4.747  37.296 0.4444440007
72249  40.831  6.181  35.577 0.5555559993
72261  44.432  6.260  34.290 0.5555559993
71289  43.871  5.760  34.901 0.5555559993
71273  42.357  5.647  35.204 0.5555559993
71260  41.149  5.284  35.607 0.5555559993
71304  53.716  5.715  32.151 0.1111110002
71305  52.816  5.235  32.552 0.1111110002
71295  51.117  4.827  33.131 0.1111110002
71297  49.367  5.250  33.580 0.2222220004
72258  47.216  6.026  34.272 0.2222220004
72259  46.244  6.136  34.340 0.3333329856
71294  52.727  5.457  33.573 0.1111110002
73163  39.154  7.334  37.487 0.3333329856
73162  39.667  7.862  37.023 0.3333329856
73181  40.664  7.108  35.700 0.4444440007
72263  42.733  7.061  34.398 0.4444440007
72247  42.105  6.467  34.918 0.5555559993
72248  41.353  6.771  35.279 0.5555559993
72262  43.582  6.486  34.320 0.5555559993
72246  42.944  6.079  34.774 0.5555559993
138906  52.037  5.025  32.098 0.1111110002
71308  49.580  5.435  32.643 0.2222220004
71298  48.628  5.541  33.722 0.2222220004
72269  47.412  6.179  33.328 0.2222220004
72271  45.754  6.515  33.583 0.4444440007
73196  44.561  7.333  33.325 0.5555559993
71325  54.555  5.753  30.300 0.1111110002
124453  52.671  5.149  31.479 0.1111110002
71306  51.254  5.029  32.221 0.2222220004
71307  50.407  5.187  32.416 0.2222220004
71309  48.828  5.697  32.883 0.2222220004
72283  47.714  6.530  32.647 0.3333329856
73194  46.168  6.940  32.940 0.4444440007
73195  45.331  7.141  33.085 0.5555559993
71342  53.752  5.643  29.464 0.2222220004
71326  53.552  5.485  30.162 0.2222220004
71328  51.781  5.538  30.612 0.2222220004
71318  51.519  5.288  31.443 0.2222220004
71320  49.859  5.811  31.845 0.2222220004
72281  49.116  6.134  32.125 0.2222220004
72282  48.407  6.347  32.405 0.2222220004
72317  53.152  6.089  28.872 0.4444440007
136105  52.379  6.441  29.164 0.3333329856
125671  52.877  5.751  29.600 0.3333329856
72299  52.048  5.988  29.836 0.4444440007
73189  43.125  7.979  33.996 0.4444440007
127447  44.941  8.032  32.863 0.4444440007
73197  43.853  7.576  33.566 0.4444440007
72284  46.971  6.737  32.800 0.4444440007
73203  45.817  7.728  32.645 0.4444440007
72301  50.935  5.902  30.862 0.3333329856
72293  49.492  6.644  31.485 0.3333329856
73201  47.411  7.247  32.299 0.3333329856
73202  46.637  7.490  32.481 0.4444440007
73219  51.677  6.901  29.506 0.4444440007
72292  50.195  6.263  31.162 0.3333329856
73200  48.040  6.971  32.147 0.4444440007
73218  52.022  7.360  28.891 0.4444440007
131512  46.153  9.247  32.373 0.4444440007
74071  45.583  8.614  32.566 0.4444440007
74078  47.690  8.739  31.718 0.4444440007
127653  47.150  8.083  32.065 0.4444440007
74070  46.361  8.347  32.322 0.4444440007
137095  50.806  7.132  30.208 0.4444440007
73213  49.891  7.154  30.848 0.4444440007
73208  49.263  7.544  31.212 0.4444440007
73209  48.002  7.774  31.782 0.4444440007
131649  51.539  7.743  29.309 0.4444440007
73211  51.071  7.587  29.822 0.4444440007
74084  51.797  8.373  28.870 0.4444440007
76781  46.893  12.089  34.220 0.1111110002
76799  47.648  11.483  32.624 0.2222220004
75850  46.134  10.932  33.105 0.3333329856
75858  47.419  10.619  32.173 0.2222220004
75859  46.704  10.668  32.583 0.4444440007
74951  47.507  9.665  31.844 0.4444440007
74943  46.031  10.127  32.639 0.4444440007
74944  45.415  9.473  32.732 0.4444440007
74077  48.454  8.582  31.427 0.4444440007
74069  46.915  8.986  32.046 0.4444440007
73212  50.425  7.750  30.334 0.4444440007
74076  49.124  8.439  31.113 0.4444440007
75872  52.371  10.501  29.142 0.3333329856
74957  51.712  9.400  29.209 0.4444440007
74080  50.817  8.686  29.961 0.4444440007
74082  49.728  8.157  30.721 0.4444440007
77681  47.662  12.606  34.449 0.1111110002
76790  47.398  12.020  33.496 0.1111110002
77711  49.289  12.211  32.691 0.1111110002
129726  48.468  11.719  32.458 0.2222220004
76797  49.927  11.801  32.087 0.2222220004
75865  49.561  11.000  31.557 0.2222220004
75866  48.155  10.313  31.745 0.3333329856
75864  50.474  10.862  31.191 0.2222220004
134574  48.880  10.175  31.440 0.2222220004
74949  48.983  9.320  31.193 0.4444440007
132782  50.937  10.535  30.745 0.2222220004
74954  50.295  9.946  30.705 0.3333329856
74955  49.636  9.160  30.803 0.4444440007
75875  52.851  10.373  28.137 0.3333329856
75868  52.316  11.094  30.076 0.1111110002
74953  50.937  9.831  30.243 0.2222220004
77699  48.169  12.547  33.720 0.1111110002
77698  49.003  12.680  33.515 0.1111110002
76789  48.286  12.187  33.026 0.1111110002
76798  49.015  11.474  32.050 0.1111110002
134276  50.397  11.475  31.686 0.2222220004
75863  51.418  11.155  31.085 0.2222220004
75869  51.586  10.763  30.481 0.2222220004
78625  49.381  13.307  34.981 0.1111110002
77661  48.382  13.151  35.140 0.1111110002
77680  48.694  12.933  34.314 0.1111110002
77697  50.050  12.794  33.372 0.1111110002
77709  51.582  12.409  32.763 0.1111110002
77696  51.161  12.763  33.376 0.1111110002
77710  50.484  12.366  32.711 0.1111110002
77708  52.454  12.563  32.737 0.1111110002
76796  50.937  11.973  32.148 0.1111110002
77716  53.362  12.693  31.508 0.1111110002
77707  53.062  12.681  32.232 0.1111110002
76795  52.054  12.103  32.123 0.1111110002
76807  51.189  11.555  31.612 0.2222220004
76812  52.361  11.552  30.899 0.2222220004
76811  53.057  11.835  30.414 0.2222220004
72298  55.622  6.375  30.918 0.1111110002
72290  55.981  6.539  31.583 0.1111110002
129988  56.165  6.418  30.375 0.1111110002
46605  5.517  -19.457  69.598 0.1111110002
46635  6.318  -19.336  67.365 0.1111110002
125329  9.831  -18.458  62.507 0.5555559993
122597  11.143  -18.044  62.682 0.5555559993
133196  13.485  -17.952  63.452 0.2222220004
123471  12.739  -17.867  62.992 0.4444440007
49520  27.332  -16.355  59.857 0.2222220004
57242  32.627  -8.511  53.101 0.1111110002
58356  33.356  -7.455  51.361 0.1111110002
57258  33.149  -8.101  52.734 0.1111110002
61533  29.023  -5.002  43.087 0.7777780294
61534  28.187  -4.779  43.305 0.6666669846
125820  31.624  -5.080  44.184 0.7777780294
51218  0.726  -14.279  70.058 0.4444440007
48630  26.077  -17.637  60.464 0.2222220004
129080  29.425  -4.296  42.966 0.6666669846
130407  28.915  0.239  43.268 0.5555559993
66349  29.310  0.061  42.653 0.5555559993
64437  29.195  -1.608  42.714 0.6666669846
70255  34.647  4.307  41.591 0.6666669846
63412  29.219  -2.228  48.742 0.1111110002
50278  -1.563  -15.877  72.343 0.2222220004
65393  31.888  0.083  41.297 0.6666669846
68231  32.709  2.388  46.646 0.1111110002
132134  6.193  -17.983  69.055 0.1111110002
52123  1.077  -13.256  70.243 0.2222220004
48546  7.260  -17.260  68.203 0.1111110002
48560  6.874  -18.003  67.929 0.1111110002
47525  6.813  -19.118  66.636 0.1111110002
48582  7.808  -18.037  66.075 0.1111110002
48581  8.237  -17.984  65.564 0.1111110002
47539  8.138  -18.532  64.923 0.1111110002
48570  10.531  -17.334  66.108 0.1111110002
48569  11.061  -17.490  66.060 0.1111110002
48555  11.363  -17.498  67.412 0.1111110002
115525  21.026  -18.677  62.237 0.4444440007
47507  14.715  -18.772  67.318 0.2222220004
47523  12.907  -18.268  66.576 0.1111110002
48568  11.982  -17.867  66.077 0.1111110002
47538  12.141  -17.895  65.092 0.1111110002
47557  12.350  -17.909  64.185 0.3333329856
47568  24.750  -18.719  62.971 0.1111110002
136844  25.499  -18.645  63.888 0.1111110002
48566  28.467  -17.502  66.461 0.1111110002
48589  26.680  -17.868  63.975 0.1111110002
47585  25.905  -18.181  62.767 0.1111110002
49482  29.094  -16.152  64.048 0.1111110002
49483  28.364  -16.809  64.455 0.1111110002
50383  29.646  -15.603  63.506 0.1111110002
50399  30.168  -15.038  63.049 0.1111110002
51335  29.845  -14.601  61.461 0.1111110002
49494  27.822  -16.968  63.793 0.1111110002
50427  29.226  -15.009  61.078 0.1111110002
49510  28.061  -16.044  61.175 0.1111110002
117208  27.585  -16.609  61.705 0.1111110002
48618  27.052  -17.052  61.470 0.1111110002
49512  26.754  -17.187  60.900 0.1111110002
61525  31.721  -4.389  43.764 0.6666669846
61531  31.125  -4.134  43.330 0.6666669846
128311  31.971  -2.862  42.928 0.6666669846
62507  30.710  -3.586  42.936 0.6666669846
63463  32.804  -2.749  43.100 0.6666669846
63474  31.407  -2.248  42.397 0.6666669846
64434  32.658  -1.730  42.057 0.6666669846
125422  31.757  -1.605  41.972 0.6666669846
65362  37.473  -0.414  44.522 0.5555559993
136402  36.916  -0.799  43.441 0.5555559993
64423  36.225  -1.155  43.405 0.6666669846
123574  35.588  -1.626  43.762 0.6666669846
65376  37.572  -0.755  42.331 0.5555559993
65377  36.823  -0.951  42.743 0.5555559993
64433  33.493  -1.761  42.151 0.6666669846
65379  31.210  -0.691  41.645 0.6666669846
64442  34.319  -1.255  41.520 0.6666669846
138465  37.968  -0.700  41.812 0.5555559993
65390  34.613  -0.916  41.034 0.6666669846
65398  38.015  -0.534  40.704 0.6666669846
65399  37.360  -0.563  40.456 0.6666669846
65400  36.513  -0.520  40.266 0.6666669846
138229  39.179  0.136  40.080 0.5555559993
65406  37.983  -0.246  40.007 0.6666669846
66389  40.336  0.680  40.297 0.3333329856
118046  41.828  1.618  40.050 0.3333329856
67368  40.283  0.971  39.431 0.4444440007
66390  39.577  0.474  39.704 0.4444440007
66394  35.681  0.761  39.487 0.6666669846
67372  35.211  1.483  39.527 0.6666669846
66409  37.560  0.866  38.746 0.6666669846
70243  34.725  4.539  42.269 0.4444440007
69290  36.074  3.524  39.067 0.5555559993
67379  39.049  1.229  38.465 0.6666669846
68327  37.636  2.115  38.006 0.6666669846
67381  37.264  1.613  38.420 0.6666669846
69304  36.507  2.910  38.510 0.5555559993
139182  37.005  2.318  38.279 0.6666669846
68313  43.107  2.798  39.022 0.3333329856
68305  43.256  2.436  40.601 0.2222220004
117141  42.817  2.358  39.820 0.3333329856
125488  40.824  1.395  39.125 0.4444440007
67378  40.086  1.435  38.557 0.6666669846
67369  39.643  0.903  39.026 0.6666669846
70262  45.902  4.205  40.329 0.2222220004
69286  45.250  3.892  39.968 0.2222220004
69288  43.883  3.253  39.305 0.2222220004
69303  37.535  3.699  37.876 0.5555559993
71235  46.166  4.954  39.001 0.1111110002
69300  44.347  3.758  38.829 0.2222220004
126261  42.437  2.684  38.494 0.4444440007
68315  41.715  2.332  38.365 0.4444440007
116914  40.994  2.375  37.933 0.5555559993
68324  40.294  2.150  37.879 0.6666669846
70276  44.835  4.281  38.357 0.2222220004
68323  42.159  2.906  37.842 0.5555559993
72205  47.951  6.121  39.343 0.1111110002
71250  47.252  5.964  38.200 0.1111110002
71233  47.477  5.557  39.743 0.1111110002
71243  46.665  5.449  38.621 0.1111110002
70282  45.327  4.815  37.884 0.2222220004
72232  47.626  6.325  36.235 0.2222220004
71257  46.412  5.757  37.057 0.1111110002
71252  45.852  5.342  37.426 0.2222220004
70285  43.056  4.029  36.985 0.5555559993
69314  41.791  3.312  37.190 0.5555559993
69316  39.877  3.439  36.905 0.5555559993
72243  48.284  6.243  35.685 0.2222220004
72233  46.667  5.993  36.366 0.2222220004
70291  44.348  4.745  36.790 0.3333329856
70292  43.568  4.537  36.530 0.5555559993
117548  38.007  5.055  37.857 0.4444440007
71267  49.848  5.577  35.247 0.1111110002
72257  48.044  5.898  34.855 0.2222220004
71286  46.328  6.053  35.079 0.2222220004
71269  46.083  5.887  35.678 0.2222220004
71270  45.260  5.651  35.649 0.3333329856
71259  44.042  5.027  36.090 0.4444440007
129995  43.759  5.300  35.534 0.5555559993
71265  51.612  5.400  34.988 0.1111110002
71280  52.150  5.334  34.411 0.1111110002
71282  50.063  5.100  34.412 0.1111110002
71283  49.184  5.408  34.486 0.1111110002
71272  43.136  5.408  35.299 0.5555559993
70300  41.875  5.226  35.488 0.5555559993
71296  50.233  4.979  33.394 0.1111110002
71285  47.960  5.790  33.935 0.2222220004
72260  45.304  6.190  34.279 0.3333329856
117434  51.994  4.868  32.868 0.1111110002
72235  39.444  7.017  36.648 0.4444440007
71262  39.535  5.980  36.423 0.4444440007
71274  41.594  5.923  35.324 0.5555559993
72273  44.113  6.840  33.787 0.5555559993
71303  54.664  6.378  31.945 0.1111110002
71317  53.871  5.544  31.110 0.1111110002
72270  46.614  6.367  33.484 0.2222220004
72272  44.903  6.656  33.667 0.5555559993
73179  41.839  7.511  34.909 0.4444440007
135972  43.456  7.141  33.956 0.5555559993
72268  48.128  5.944  33.111 0.2222220004
71316  54.859  6.179  31.226 0.1111110002
71327  52.766  5.386  30.410 0.1111110002
71319  50.653  5.519  31.607 0.2222220004
71341  54.670  5.805  29.317 0.1111110002
72294  48.710  7.027  31.765 0.3333329856
72300  51.238  6.512  30.170 0.4444440007
127101  44.272  7.991  33.216 0.4444440007
74065  44.407  8.702  33.168 0.4444440007
74064  44.969  8.870  32.818 0.4444440007
126617  50.554  6.756  30.565 0.4444440007
119747  48.708  7.865  31.438 0.4444440007
74942  46.757  9.896  32.221 0.4444440007
74085  51.319  8.538  29.485 0.4444440007
74958  51.251  9.359  29.746 0.4444440007
130047  46.509  11.571  33.685 0.1111110002
133412  46.888  11.327  32.970 0.2222220004
138773  47.145  11.043  32.564 0.2222220004
75857  48.207  11.121  32.038 0.2222220004
75851  45.294  10.345  33.287 0.4444440007
74950  48.270  9.459  31.518 0.4444440007
74081  50.281  8.935  30.410 0.4444440007
75873  51.667  10.176  29.819 0.4444440007
76808  48.756  10.823  31.738 0.2222220004
130039  49.612  10.105  31.083 0.3333329856
76806  51.968  11.690  31.476 0.1111110002
77679  49.700  13.114  34.152 0.1111110002
76805  52.748  12.164  31.579 0.1111110002
119088  53.139  12.179  31.068 0.1111110002
72316  55.525  6.134  29.958 0.1111110002
48498  -1.836  -17.102  72.319 0.2222220004
134720  -0.851  -19.720  74.176 0.1111110002
51201  0.435  -13.767  70.897 0.1111110002
118725  13.006  -12.452  64.782 0.1111110002
52206  12.210  -12.381  64.504 0.1111110002
52191  11.706  -12.090  65.034 0.1111110002
53153  10.884  -11.974  64.758 0.1111110002
132242  11.412  -12.246  64.414 0.1111110002
134201  12.664  -12.565  63.575 0.1111110002
118871  20.112  -18.914  63.476 0.3333329856
52121  2.953  -12.093  69.957 0.1111110002
53126  12.353  -11.826  66.502 0.1111110002
52176  12.016  -11.885  65.771 0.1111110002
52190  12.681  -12.256  65.338 0.1111110002
53143  10.349  -11.682  65.242 0.1111110002
53155  9.199  -11.957  64.397 0.1111110002
52205  12.866  -12.550  64.217 0.1111110002
135146  11.891  -11.547  67.028 0.1111110002
53116  11.059  -11.297  66.893 0.1111110002
53128  10.550  -11.375  66.056 0.1111110002
53144  9.578  -11.658  65.045 0.1111110002
53156  8.300  -12.180  64.402 0.1111110002
133718  7.555  -12.480  64.410 0.1111110002
52209  8.764  -12.416  63.781 0.1111110002
53145  8.688  -11.690  64.968 0.1111110002
61483  35.681  -4.736  48.005 0.3333329856
61497  34.847  -4.829  47.106 0.3333329856
61507  34.519  -4.491  46.385 0.3333329856
61508  33.862  -4.873  46.040 0.4444440007
60550  33.193  -5.261  45.726 0.5555559993
61506  35.173  -4.149  46.732 0.3333329856
62475  35.467  -3.398  46.428 0.2222220004
62485  34.608  -3.433  45.311 0.4444440007
61516  34.198  -4.129  45.648 0.5555559993
61517  33.509  -4.538  45.299 0.5555559993
62486  33.861  -3.725  44.814 0.5555559993
63429  35.782  -2.665  46.109 0.2222220004
64399  36.429  -1.331  45.315 0.2222220004
63435  36.106  -1.973  45.741 0.3333329856
63436  35.556  -2.407  45.358 0.3333329856
62494  34.448  -3.112  44.699 0.4444440007
62495  33.172  -3.545  44.111 0.5555559993
64400  35.872  -1.811  44.979 0.4444440007
63447  34.721  -2.589  44.365 0.5555559993
63448  33.896  -2.969  44.132 0.5555559993
63449  33.209  -3.046  43.654 0.5555559993
65354  36.867  -0.804  44.911 0.2222220004
65352  38.080  0.051  44.919 0.3333329856
64412  36.179  -1.280  44.425 0.4444440007
63461  34.373  -2.381  43.690 0.5555559993
66323  38.793  0.422  44.441 0.2222220004
65361  38.068  -0.076  44.063 0.2222220004
66332  38.621  0.122  43.590 0.4444440007
66331  39.395  0.498  43.500 0.4444440007
66345  39.526  0.294  42.495 0.3333329856
66344  40.039  0.649  42.934 0.2222220004
67318  41.989  1.576  42.393 0.1111110002
68281  43.474  2.288  42.175 0.1111110002
68282  42.727  1.917  42.270 0.2222220004
116668  44.333  2.653  42.109 0.1111110002
68294  43.755  2.543  41.345 0.1111110002
68303  43.993  2.843  40.572 0.1111110002
70251  46.014  3.985  41.092 0.1111110002
70265  35.629  4.426  40.672 0.4444440007
70264  36.424  4.778  40.220 0.3333329856
71237  37.473  5.510  39.258 0.2222220004
46523  -0.061  -19.983  75.088 0.2222220004
60541  32.880  -5.964  46.118 0.5555559993
45649  -1.126  -20.218  73.650 0.1111110002
53154  10.082  -11.932  64.523 0.1111110002
138734  12.218  -12.512  63.922 0.1111110002
60551  32.540  -5.659  45.423 0.5555559993
61523  33.028  -4.234  44.592 0.5555559993
61524  32.309  -4.669  44.376 0.5555559993
64414  35.107  -2.082  44.044 0.5555559993
66346  38.819  0.016  42.813 0.4444440007
67319  41.277  1.282  42.538 0.2222220004
68295  42.976  2.145  41.415 0.1111110002
69272  44.698  3.350  40.459 0.1111110002
72216  38.243  6.345  38.658 0.2222220004
132470  1.440  -12.557  70.618 0.1111110002
63462  33.578  -2.595  43.363 0.5555559993
64413  35.642  -1.807  44.381 0.5555559993
118955  34.007  -2.139  42.880 0.5555559993
138529  1.274  -12.120  71.124 0.1111110002
53142  11.153  -11.719  65.501 0.1111110002
53127  11.497  -11.570  66.279 0.1111110002
61518  32.824  -4.975  45.006 0.5555559993
60540  33.526  -5.579  46.457 0.3333329856
62476  34.839  -3.750  46.045 0.3333329856
62484  35.213  -3.064  45.698 0.2222220004
64384  36.675  -1.505  46.148 0.2222220004
64398  37.007  -0.887  45.725 0.2222220004
64383  37.155  -1.052  46.432 0.1111110002
63446  35.331  -2.230  44.688 0.5555559993
63437  35.012  -2.799  45.000 0.3333329856
65353  37.515  -0.404  45.333 0.2222220004
66316  38.648  0.484  45.370 0.1111110002
67302  40.350  0.976  43.722 0.2222220004
117469  41.719  1.461  43.259 0.1111110002
68293  44.477  2.948  41.224 0.1111110002
44717  12.342  -21.580  69.210 0.1111110002
46659  22.368  -19.761  65.255 0.1111110002
123770  21.432  -19.576  65.144 0.1111110002
46646  20.328  -19.410  66.485 0.1111110002
46536  15.374  -19.894  72.440 0.1111110002
46674  21.180  -19.353  64.367 0.1111110002
46660  20.502  -19.333  65.031 0.2222220004
46647  19.474  -19.151  66.295 0.2222220004
46632  18.224  -19.069  67.734 0.1111110002
46615  17.831  -19.014  68.668 0.1111110002
47473  17.027  -18.883  69.255 0.1111110002
47444  16.290  -18.820  71.487 0.1111110002
46675  19.860  -19.102  64.681 0.2222220004
47533  18.475  -18.800  65.371 0.2222220004
132408  18.121  -18.982  66.925 0.1111110002
138793  17.585  -19.002  67.946 0.1111110002
47550  19.131  -18.884  64.839 0.2222220004
46561  12.624  -19.486  72.009 0.1111110002
45680  13.532  -20.620  71.718 0.1111110002
45662  13.876  -20.178  72.326 0.1111110002
47427  15.218  -18.993  72.302 0.1111110002
47491  16.247  -18.804  68.826 0.1111110002
47459  15.936  -18.599  70.754 0.1111110002
47518  17.620  -18.887  66.385 0.1111110002
47505  16.433  -18.935  67.321 0.1111110002
115718  15.982  -18.838  68.001 0.1111110002
47519  16.759  -18.895  66.544 0.1111110002
52136  3.084  -13.162  68.748 0.1111110002
48504  13.457  -17.744  72.363 0.1111110002
48489  13.022  -17.845  72.626 0.1111110002
46539  12.859  -19.013  72.558 0.1111110002
47429  13.305  -18.490  72.590 0.1111110002
46538  13.627  -19.280  72.519 0.1111110002
47446  14.597  -18.381  72.136 0.1111110002
47460  14.816  -18.127  71.406 0.1111110002
47445  15.480  -18.568  71.662 0.1111110002
120828  15.361  -18.339  70.807 0.1111110002
47475  15.568  -18.479  69.986 0.1111110002
47492  15.510  -18.698  68.611 0.1111110002
115859  16.010  -18.905  66.711 0.1111110002
48517  14.082  -17.940  71.970 0.1111110002
47477  14.047  -17.960  69.800 0.1111110002
47476  14.821  -18.201  70.191 0.1111110002
124889  14.539  -18.282  69.280 0.1111110002
119117  15.157  -18.484  69.277 0.1111110002
116428  15.206  -18.751  67.924 0.1111110002
52150  3.770  -13.031  67.891 0.1111110002
136866  24.454  -11.320  60.662 0.1111110002
60529  34.462  -5.430  47.554 0.2222220004
60539  34.194  -5.201  46.777 0.2222220004
59490  33.150  -6.211  46.869 0.3333329856
63428  36.392  -2.241  46.556 0.1111110002
62474  36.076  -3.032  46.870 0.1111110002
61496  35.461  -4.487  47.425 0.2222220004
59413  25.414  -6.475  53.171 0.2222220004
67320  40.634  0.952  42.757 0.1111110002
70230  34.765  4.690  43.150 0.1111110002
115911  17.892  -18.777  65.739 0.2222220004
47571  19.570  -18.916  64.085 0.2222220004
54123  24.908  -11.638  61.260 0.1111110002
46686  20.944  -19.078  63.602 0.2222220004
47506  15.589  -18.881  67.284 0.1111110002
134033  22.754  -19.521  64.356 0.1111110002
132472  19.160  -18.975  65.630 0.2222220004
44708  13.059  -21.462  70.399 0.1111110002
129683  21.931  -19.524  64.558 0.1111110002
46645  20.878  -19.510  65.821 0.1111110002
125469  20.082  -19.307  65.776 0.2222220004
46631  19.751  -19.284  67.164 0.1111110002
45660  15.480  -20.855  72.295 0.1111110002
46560  15.967  -19.024  71.937 0.1111110002
46661  19.723  -19.139  65.282 0.2222220004
139717  19.606  -19.153  65.749 0.2222220004
47503  18.520  -18.924  66.201 0.1111110002
130795  18.874  -19.093  67.032 0.1111110002
46614  18.637  -19.183  68.479 0.1111110002
47490  16.922  -18.932  68.166 0.1111110002
47474  16.303  -18.715  69.836 0.1111110002
47458  17.030  -18.868  70.312 0.1111110002
133328  16.518  -18.748  70.731 0.1111110002
46559  16.686  -19.158  71.943 0.1111110002
46687  20.363  -19.151  64.196 0.2222220004
47504  17.376  -18.975  67.281 0.1111110002
45663  13.209  -19.801  72.165 0.1111110002
45681  12.964  -20.254  71.574 0.1111110002
44699  13.333  -21.019  71.045 0.1111110002
44689  14.157  -21.009  71.877 0.1111110002
46537  14.489  -19.562  72.472 0.1111110002
117109  15.757  -18.646  69.271 0.1111110002
48488  13.777  -18.154  72.452 0.1111110002
47428  14.184  -18.744  72.486 0.1111110002
47461  14.128  -17.866  70.934 0.1111110002
139941  14.713  -18.672  67.907 0.1111110002
47493  14.742  -18.547  68.511 0.1111110002
56149  31.443  -10.012  57.276 0.1111110002
56161  31.723  -10.018  56.404 0.1111110002
69198  34.704  4.179  46.263 0.1111110002
73173  40.084  7.527  36.304 0.2222220004
74052  40.322  8.298  36.714 0.2222220004
73151  39.693  7.978  37.904 0.1111110002
74050  41.750  9.210  36.138 0.2222220004
73172  40.712  8.003  35.948 0.2222220004
125658  42.067  8.380  34.918 0.3333329856
74055  42.173  9.064  35.363 0.2222220004
74062  42.690  8.824  34.554 0.2222220004
74061  43.328  8.860  33.983 0.2222220004
74927  42.895  9.621  35.221 0.1111110002
75843  43.694  10.216  35.152 0.1111110002
74937  43.973  9.347  33.716 0.2222220004
72332  54.669  6.081  28.406 0.2222220004
71350  53.928  5.877  28.767 0.2222220004
76769  44.922  11.224  35.921 0.1111110002
119732  44.388  10.542  34.752 0.1111110002
75852  44.529  10.083  33.785 0.2222220004
72333  53.654  6.486  28.085 0.2222220004
72345  54.635  6.635  27.545 0.2222220004
134575  53.886  7.103  27.377 0.3333329856
73252  54.606  7.391  26.887 0.3333329856
129857  53.710  7.917  27.060 0.3333329856
75848  44.932  10.731  34.213 0.1111110002
73232  53.148  7.457  27.769 0.2222220004
73233  52.722  6.918  28.464 0.3333329856
74094  52.387  7.953  28.248 0.3333329856
74093  52.963  8.504  27.624 0.3333329856
74112  54.465  8.366  26.494 0.2222220004
74961  52.309  9.251  28.321 0.3333329856
74113  53.607  8.998  26.978 0.3333329856
74960  53.004  9.483  27.639 0.3333329856
74972  53.516  10.221  27.264 0.2222220004
132681  53.299  11.060  27.930 0.1111110002
75871  53.147  11.413  28.840 0.1111110002
76814  52.874  11.456  29.680 0.1111110002
120667  53.558  12.261  28.884 0.1111110002
77731  53.795  12.664  27.449 0.1111110002
117462  53.698  12.222  27.976 0.1111110002
78687  53.486  13.174  27.040 0.1111110002
76816  53.510  11.716  28.222 0.1111110002
78672  53.390  13.024  29.404 0.1111110002
76810  53.390  12.113  29.764 0.1111110002
78679  53.248  13.210  28.443 0.1111110002
77723  53.624  12.816  28.563 0.1111110002
78678  53.574  13.092  27.864 0.1111110002
139769  53.276  13.306  27.669 0.1111110002
73190  42.429  7.959  34.480 0.2222220004
74066  43.777  8.425  33.539 0.3333329856
76783  45.691  11.181  33.863 0.3333329856
74936  44.722  9.498  33.193 0.3333329856
73180  41.187  7.559  35.450 0.2222220004
70263  36.938  5.156  40.973 0.2222220004
74056  41.475  8.402  35.539 0.3333329856
74051  41.062  8.734  36.434 0.2222220004
74933  44.044  10.041  34.330 0.2222220004
74934  43.401  9.517  34.461 0.2222220004
130119  44.343  10.749  35.521 0.1111110002
75842  44.918  11.060  35.069 0.1111110002
44661  1.960  -21.481  76.335 0.1111110002
44662  1.112  -21.573  76.081 0.1111110002
118574  1.533  -20.802  75.443 0.1111110002
45628  1.344  -20.996  75.733 0.1111110002
45643  1.540  -20.504  75.140 0.1111110002
44663  0.391  -21.484  75.614 0.1111110002
43603  0.160  -22.168  75.499 0.1111110002
45630  0.095  -20.924  75.390 0.1111110002
45636  0.741  -20.237  75.280 0.1111110002
45637  -0.300  -20.650  75.112 0.1111110002
123134  -0.541  -20.126  74.753 0.1111110002
57182  23.882  -7.946  59.887 0.1111110002
116925  31.873  -9.872  55.596 0.1111110002
124120  28.079  -5.107  52.711 0.1111110002
60482  28.726  -4.856  52.995 0.1111110002
60494  27.207  -5.169  51.346 0.1111110002
126728  29.413  -3.302  49.665 0.1111110002
61466  28.416  -4.451  50.509 0.1111110002
70242  35.481  4.850  42.603 0.1111110002
70253  36.211  5.055  42.123 0.1111110002
70254  35.400  4.634  41.630 0.2222220004
123934  36.264  4.898  41.233 0.1111110002
72342  57.029  6.721  27.587 0.1111110002
127682  55.608  6.404  28.047 0.1111110002
73249  57.127  7.052  26.783 0.1111110002
73250  56.569  7.248  26.797 0.1111110002
46526  1.687  -20.298  74.525 0.1111110002
57190  23.692  -7.884  58.944 0.1111110002
60505  26.483  -5.347  50.795 0.1111110002
62433  28.631  -3.626  49.259 0.1111110002
44657  1.783  -22.005  76.805 0.1111110002
43602  0.643  -22.063  75.920 0.1111110002
45629  0.622  -20.876  75.518 0.1111110002
135976  0.176  -20.442  75.294 0.1111110002
44665  -0.145  -21.446  75.261 0.1111110002
117369  27.972  -5.035  51.809 0.1111110002
60483  27.212  -5.381  52.305 0.1111110002
61446  28.720  -4.807  52.222 0.1111110002
60472  28.348  -5.164  53.636 0.1111110002
72343  56.534  6.701  27.796 0.1111110002
72344  55.602  6.958  27.149 0.1111110002
52090  -0.637  -13.376  71.866 0.1111110002
51181  -0.875  -14.377  72.115 0.1111110002
52091  -0.795  -13.267  72.036 0.1111110002
51182  -1.133  -14.358  72.053 0.1111110002
120335  -0.752  -15.264  72.383 0.1111110002
58300  24.538  -7.316  56.393 0.1111110002
137813  25.178  -7.172  57.035 0.1111110002
58299  25.530  -6.914  56.428 0.1111110002
58290  24.483  -7.460  57.409 0.1111110002
60518  35.534  -5.180  48.607 0.1111110002
58319  25.833  -6.483  54.985 0.1111110002
58309  25.191  -6.885  55.593 0.1111110002
61482  36.158  -4.629  48.417 0.1111110002
60528  35.132  -5.061  47.835 0.1111110002
62464  35.780  -3.811  47.132 0.1111110002
117144  36.729  -4.482  48.934 0.1111110002
61495  36.037  -4.214  47.791 0.1111110002
50269  -1.377  -15.141  72.089 0.1111110002
51180  -0.606  -14.276  72.039 0.1111110002
62463  36.374  -3.482  47.586 0.1111110002
57209  23.600  -7.754  56.988 0.1111110002
66322  39.609  0.893  44.500 0.1111110002
128923  52.716  9.264  23.184 0.1111110002
75028  52.799  10.138  23.361 0.1111110002
74128  56.283  8.597  25.496 0.1111110002
74992  55.809  9.201  25.501 0.1111110002
127432  56.465  9.038  22.769 0.1111110002
75009  56.128  9.265  25.127 0.1111110002
75899  55.302  9.956  25.592 0.1111110002
75027  56.185  9.808  23.206 0.1111110002
75040  55.788  9.730  21.660 0.1111110002
136669  54.426  9.053  21.738 0.1111110002
74160  53.789  8.835  22.204 0.1111110002
74148  51.495  9.002  24.410 0.1111110002
75021  51.127  9.405  25.180 0.1111110002
75033  56.065  9.815  22.159 0.1111110002
75041  55.309  9.887  21.368 0.1111110002
75035  54.241  9.633  21.770 0.1111110002
75951  54.137  10.490  21.724 0.1111110002
75961  55.483  10.502  21.624 0.1111110002
75940  53.437  10.570  22.432 0.1111110002
73251  55.571  7.826  26.397 0.1111110002
74993  55.224  9.376  25.798 0.1111110002
122608  55.130  8.700  26.039 0.1111110002
75018  56.103  9.763  24.348 0.1111110002
75883  54.641  10.231  26.111 0.1111110002
74971  54.336  9.533  26.380 0.1111110002
74994  50.588  9.913  25.802 0.1111110002
75927  55.686  10.403  24.380 0.1111110002
75916  55.660  10.057  25.052 0.1111110002
75900  54.720  10.643  25.917 0.1111110002
75019  52.294  10.163  24.174 0.1111110002
75962  55.107  10.752  21.260 0.1111110002
75963  54.667  11.328  21.269 0.1111110002
76883  55.406  11.231  21.950 0.1111110002
76894  55.072  11.372  21.304 0.1111110002
75939  55.832  10.421  23.575 0.1111110002
76845  55.254  10.848  24.777 0.1111110002
76871  55.561  10.995  22.917 0.1111110002
76859  55.437  11.021  23.833 0.1111110002
69199  34.022  3.538  46.323 0.1111110002
75029  52.171  9.376  23.886 0.1111110002
132771  55.739  9.578  25.312 0.1111110002
75032  56.187  9.161  21.899 0.1111110002
75034  54.784  9.569  21.459 0.1111110002
74166  55.095  8.898  21.520 0.1111110002
75020  51.777  9.809  24.670 0.1111110002
75042  54.775  10.304  21.335 0.1111110002
74129  55.933  8.513  25.837 0.1111110002
75017  56.484  9.178  23.895 0.1111110002
75917  55.022  10.658  25.453 0.1111110002
129091  54.020  10.526  26.655 0.1111110002
76821  54.159  11.141  26.505 0.1111110002
76860  54.835  11.709  24.303 0.1111110002
45744  5.638  -20.169  64.930 0.4444440007
51361  29.416  -14.143  60.059 0.1111110002
57287  30.610  -8.881  50.627 0.3333329856
58357  32.721  -7.820  51.141 0.2222220004
59464  33.496  -6.507  48.512 0.2222220004
74165  55.763  9.137  21.540 0.1111110002
75950  55.770  10.473  22.515 0.1111110002
115398  27.949  -9.791  48.998 1.0000000000
122769  31.276  -8.253  49.789 0.6666669846
129054  19.091  -12.748  61.968 0.1111110002
130799  41.054  1.222  43.294 0.1111110002
132888  44.459  10.362  34.257 0.1111110002
134705  26.654  -7.201  44.989 1.0000000000
137060  29.487  -16.103  64.540 0.1111110002
138472  30.616  -9.217  51.598 0.4444440007
