#!ascii label  , from subject sub-v1s11x0050160_ses-1 vox2ras=TkReg
1446
2004  23.554  -82.073  -1.078 0.5000000000
8112  20.695  -68.300  7.899 0.6000000238
8737  20.447  -67.271  6.701 0.6000000238
120450  20.470  -68.006  6.056 0.6000000238
8754  20.726  -67.104  5.651 0.6999999881
8753  21.120  -67.076  4.750 0.6000000238
124359  20.692  -65.691  5.690 0.6999999881
9331  20.956  -66.244  5.123 0.6000000238
4360  21.044  -75.904  0.227 0.5000000000
3939  23.283  -76.145  -2.730 0.6000000238
3927  23.178  -76.474  -1.707 0.6000000238
3918  21.760  -76.484  -0.814 0.5000000000
4409  22.891  -75.402  -4.794 0.5000000000
3949  23.130  -75.738  -3.827 0.4000000060
3940  22.565  -76.507  -2.538 0.5000000000
126555  22.303  -76.607  -1.463 0.6000000238
127740  20.200  -72.959  6.920 0.5000000000
2729  25.118  -79.032  -3.963 0.4000000060
5839  20.409  -72.352  7.213 0.5000000000
5855  19.780  -72.391  6.681 0.5000000000
6397  20.690  -71.562  7.528 0.6000000238
7522  21.357  -69.797  8.189 0.6000000238
8099  21.105  -68.348  8.267 0.6000000238
8708  21.519  -67.700  8.423 0.6999999881
7515  20.884  -69.071  8.092 0.6000000238
9291  20.779  -66.822  8.051 0.6999999881
9883  21.021  -66.126  8.348 0.6000000238
9894  20.600  -66.038  7.887 0.6999999881
9882  21.374  -65.442  8.739 0.6000000238
10499  20.744  -65.176  8.291 0.6000000238
9909  20.465  -65.968  7.115 0.6999999881
133575  20.518  -64.117  8.434 0.6999999881
8761  21.506  -67.145  4.021 0.6000000238
3879  22.244  -76.322  1.897 0.5000000000
129419  22.494  -76.453  0.350 0.6000000238
3895  21.803  -76.332  0.937 0.5000000000
4400  23.871  -75.381  -3.105 0.6000000238
4388  23.812  -75.837  -1.925 0.6999999881
3916  22.993  -76.633  -0.905 0.6000000238
4431  22.950  -75.557  -5.740 0.4000000060
5853  22.429  -73.026  7.070 0.5000000000
5854  21.576  -73.117  7.277 0.5000000000
2373  24.432  -80.587  -2.485 0.5000000000
5837  21.985  -72.306  7.525 0.5000000000
6977  22.702  -70.669  7.731 0.6999999881
6395  22.321  -71.452  7.671 0.6000000238
8111  22.920  -69.255  8.114 0.6999999881
7521  22.305  -69.941  8.123 0.6000000238
6978  21.766  -70.709  8.021 0.6000000238
7513  22.052  -69.165  8.331 0.6999999881
8097  22.641  -68.538  8.358 0.6999999881
121037  22.574  -66.414  8.665 0.6000000238
9289  22.015  -67.067  8.591 0.6000000238
9881  22.193  -65.662  8.880 0.6000000238
9290  21.263  -66.939  8.379 0.6000000238
10483  21.737  -64.274  9.278 0.6000000238
11172  20.690  -63.731  9.013 0.6999999881
9929  20.840  -65.268  4.300 0.6999999881
9370  21.652  -66.479  2.727 0.5000000000
119005  20.335  -64.529  7.538 0.6999999881
9918  20.578  -65.087  5.745 0.6999999881
122116  21.231  -65.663  3.779 0.6000000238
4875  23.841  -75.308  0.802 0.5000000000
3894  22.754  -76.363  1.163 0.5000000000
4339  22.542  -76.060  2.719 0.5000000000
4909  24.202  -75.246  -1.180 0.6999999881
3905  23.076  -76.293  0.568 0.6000000238
4928  24.124  -74.800  -3.840 0.5000000000
132214  24.524  -74.415  -2.881 0.6999999881
4387  24.264  -75.081  -2.134 0.6999999881
4373  23.597  -76.078  -0.811 0.6000000238
135582  23.060  -76.398  -0.157 0.6000000238
127273  24.459  -74.997  -5.411 0.4000000060
4430  24.072  -74.881  -5.119 0.4000000060
4408  23.533  -75.163  -4.302 0.5000000000
5319  22.755  -73.657  6.419 0.5000000000
6400  23.746  -71.404  6.790 0.5000000000
5852  23.233  -72.844  6.527 0.5000000000
6401  22.951  -72.107  7.168 0.5000000000
7533  24.094  -69.983  7.218 0.6000000238
6394  23.070  -71.267  7.367 0.5000000000
7519  23.811  -69.257  7.629 0.6999999881
8722  24.454  -67.545  7.758 0.6000000238
116216  23.884  -67.978  8.046 0.6999999881
8110  23.493  -68.584  8.063 0.6999999881
121375  24.787  -66.081  7.641 0.6000000238
8723  23.740  -67.338  8.255 0.6000000238
8096  23.195  -67.921  8.361 0.6999999881
10495  24.391  -64.647  8.127 0.6999999881
9287  24.094  -65.952  8.222 0.6000000238
123072  23.498  -66.562  8.435 0.6000000238
11171  23.569  -63.536  8.837 0.6000000238
10496  23.456  -64.555  8.731 0.6999999881
123929  22.637  -65.073  8.980 0.6999999881
12428  22.229  -61.448  9.565 0.6000000238
11154  22.847  -63.214  9.276 0.6000000238
135965  22.929  -63.917  9.142 0.6999999881
130792  20.377  -65.007  2.324 0.6000000238
11156  21.326  -63.617  9.311 0.6999999881
10535  20.443  -64.732  5.070 0.6999999881
9954  21.364  -65.786  3.110 0.6000000238
12429  21.309  -61.515  9.488 0.6999999881
11796  21.740  -62.239  9.528 0.6000000238
11157  20.679  -63.023  9.203 0.8000000119
123632  20.248  -63.231  8.609 0.6999999881
11182  19.974  -63.541  7.562 0.6999999881
11192  20.057  -64.196  6.616 0.6999999881
118499  23.660  -75.376  1.791 0.6000000238
4908  24.519  -74.331  -1.611 0.6999999881
4898  24.424  -74.437  -0.561 0.6999999881
4899  24.007  -75.259  -0.154 0.6000000238
5411  25.031  -73.708  -3.202 0.5000000000
120818  24.910  -73.448  -2.052 0.6999999881
4950  24.826  -74.559  -4.984 0.4000000060
4936  24.608  -74.457  -4.581 0.5000000000
5350  23.734  -73.839  4.905 0.5000000000
4833  23.358  -74.655  4.615 0.5000000000
5863  23.944  -72.600  5.933 0.5000000000
6399  24.387  -71.152  6.231 0.6000000238
7531  25.384  -69.243  6.358 0.6000000238
7532  24.765  -69.963  6.582 0.6999999881
6976  23.548  -70.665  7.288 0.6999999881
8122  25.687  -68.330  6.460 0.6999999881
131194  24.634  -69.274  7.079 0.6999999881
8735  25.616  -67.010  6.819 0.6000000238
8736  25.207  -67.802  7.114 0.6000000238
8123  25.104  -68.636  6.945 0.6999999881
11180  25.464  -63.745  7.271 0.6999999881
133929  24.927  -64.783  7.608 0.6999999881
9892  25.200  -65.358  7.321 0.6999999881
11268  19.862  -64.129  1.023 0.6000000238
11181  25.001  -63.201  7.792 0.6000000238
10514  24.938  -64.107  7.686 0.6999999881
9893  24.569  -65.344  7.884 0.6999999881
129912  23.571  -60.512  9.488 0.6000000238
128986  23.151  -61.321  9.441 0.6000000238
118506  24.483  -61.743  8.741 0.6000000238
131522  24.162  -62.355  8.690 0.6000000238
11170  24.296  -63.834  8.298 0.6999999881
10593  19.813  -64.442  2.560 0.6000000238
123425  22.664  -60.591  9.566 0.6000000238
12427  23.692  -61.934  9.103 0.6000000238
11204  19.189  -63.398  5.394 0.6999999881
124609  19.017  -63.402  4.261 0.6000000238
10547  20.326  -64.675  4.185 0.6999999881
10592  20.423  -64.934  2.910 0.6000000238
124000  22.193  -59.921  9.520 0.5000000000
123859  21.404  -60.013  9.309 0.6000000238
13121  20.844  -60.788  9.249 0.8000000119
12441  20.190  -61.304  8.810 0.8000000119
132884  19.483  -62.033  7.500 0.8000000119
11822  19.808  -62.589  8.011 0.8000000119
11193  19.539  -63.457  6.418 0.6999999881
11203  19.875  -64.118  5.694 0.6999999881
12430  20.628  -61.635  9.248 0.8000000119
11812  20.207  -62.273  8.905 0.8000000119
4888  24.303  -74.430  0.481 0.6999999881
138275  24.082  -74.751  1.269 0.6999999881
4860  23.787  -74.813  2.733 0.6999999881
4338  23.233  -75.647  2.697 0.6000000238
5947  25.275  -73.032  -2.695 0.6000000238
4846  23.626  -74.748  3.733 0.5000000000
122793  23.855  -74.135  4.135 0.5000000000
13271  14.727  -61.332  -1.634 0.6000000238
5873  24.143  -73.005  5.103 0.5000000000
13270  16.045  -61.159  -1.249 0.5000000000
5862  24.472  -72.173  5.318 0.5000000000
13974  18.160  -60.143  -0.847 0.6000000238
6991  25.418  -70.471  5.307 0.6999999881
6405  24.812  -71.308  5.506 0.6000000238
7547  26.109  -68.735  5.679 0.6999999881
6983  24.845  -70.601  6.070 0.6999999881
119025  20.448  -60.561  -0.645 0.6000000238
137708  25.877  -66.549  6.586 0.6999999881
8752  26.263  -67.861  5.971 0.6000000238
11191  26.001  -63.865  6.711 0.6999999881
9907  26.289  -65.240  6.176 0.6999999881
9908  25.797  -65.304  6.704 0.6999999881
11883  19.476  -62.477  1.343 0.6000000238
12539  19.885  -61.722  0.568 0.6000000238
11832  25.899  -63.090  7.135 0.6000000238
10513  25.499  -64.519  7.093 0.6999999881
11873  19.149  -62.359  2.160 0.6000000238
11283  20.036  -63.396  0.299 0.6000000238
12440  26.162  -61.157  8.125 0.6000000238
11809  25.347  -61.593  8.314 0.6000000238
11864  18.892  -62.319  3.022 0.6999999881
116259  18.871  -63.060  3.436 0.6000000238
132559  19.341  -63.746  2.457 0.6000000238
13120  24.347  -60.529  9.318 0.6000000238
136429  19.309  -61.034  6.821 0.6000000238
12483  18.776  -61.372  5.239 0.6000000238
11844  18.652  -62.427  5.039 0.6999999881
11854  18.663  -62.409  3.926 0.6000000238
11234  19.333  -63.829  3.268 0.6000000238
126226  20.020  -60.055  7.097 0.6000000238
127285  19.072  -61.824  6.722 0.8000000119
13130  20.320  -60.479  8.615 0.6000000238
12453  19.509  -61.356  7.447 0.6999999881
11183  19.436  -62.685  7.064 0.8000000119
5399  24.594  -73.788  -0.088 0.6999999881
5393  24.627  -73.466  0.701 0.6999999881
5382  24.582  -73.369  1.594 0.6999999881
5935  25.067  -72.829  -1.075 0.6999999881
5405  24.714  -73.611  -0.917 0.6999999881
4859  24.303  -73.890  2.308 0.6000000238
5358  24.099  -74.042  3.335 0.6000000238
13963  11.870  -60.166  -1.063 0.6000000238
13252  11.845  -61.021  -1.383 0.6000000238
13250  14.155  -60.480  -1.024 0.6000000238
13251  12.817  -60.792  -1.414 0.6000000238
5349  24.310  -73.372  4.099 0.6000000238
13249  15.714  -60.414  -0.622 0.5000000000
7006  25.701  -70.637  4.395 0.6999999881
7007  25.288  -71.137  4.806 0.6999999881
139051  17.681  -59.718  -0.489 0.4000000060
13248  16.979  -60.494  -0.723 0.5000000000
134618  26.439  -68.690  5.121 0.6999999881
7565  26.022  -69.906  4.737 0.8000000119
14627  19.669  -59.048  -0.849 0.5000000000
123788  26.603  -68.106  5.145 0.6000000238
7548  25.767  -69.596  5.520 0.6999999881
13958  20.279  -59.361  -0.815 0.6000000238
9314  26.169  -66.024  6.303 0.6999999881
8751  26.639  -67.258  5.448 0.6999999881
134252  19.604  -60.543  1.800 0.6999999881
123043  20.228  -60.709  0.118 0.6000000238
134482  26.466  -63.385  6.494 0.6999999881
11190  26.647  -63.959  5.976 0.6999999881
13201  19.339  -60.701  2.850 0.5000000000
12529  19.483  -61.586  1.553 0.6000000238
12450  27.375  -61.328  7.253 0.6000000238
11821  26.286  -62.282  7.325 0.6000000238
12516  19.197  -61.495  2.476 0.6999999881
12451  26.639  -61.565  7.572 0.6000000238
135593  25.525  -62.383  7.740 0.6000000238
13176  19.110  -60.716  4.510 0.5000000000
12507  18.917  -61.449  3.466 0.6000000238
125242  24.836  -60.982  8.943 0.6000000238
13152  19.650  -60.354  6.414 0.6000000238
13164  19.332  -60.507  5.447 0.5000000000
12497  18.719  -61.571  4.359 0.6999999881
13863  20.442  -59.653  6.488 0.6000000238
5917  24.985  -72.716  0.565 0.6999999881
131788  24.788  -72.939  1.173 0.6999999881
119249  24.628  -73.164  2.274 0.6000000238
5371  24.518  -73.275  3.044 0.6000000238
13947  10.992  -59.514  -0.507 0.4000000060
13234  10.673  -60.697  -0.316 0.5000000000
6427  25.243  -72.018  3.393 0.6000000238
13946  13.616  -59.231  -0.045 0.5000000000
12540  11.523  -61.660  -0.562 0.6000000238
6426  25.547  -71.410  3.252 0.6999999881
7023  25.816  -70.796  3.544 0.6999999881
5872  24.622  -72.508  4.491 0.6000000238
124666  16.053  -59.601  0.039 0.5000000000
8146  26.637  -68.675  4.610 0.6999999881
138611  18.472  -58.495  -0.294 0.4000000060
10545  27.349  -64.750  4.458 0.6999999881
9355  27.360  -66.118  4.315 0.6999999881
9356  27.355  -67.088  4.056 0.6999999881
14596  20.117  -58.907  -0.510 0.6000000238
11201  27.421  -63.192  5.141 0.6999999881
119204  27.404  -63.996  4.355 0.6999999881
117717  27.050  -65.892  5.053 0.6999999881
120276  27.052  -66.707  4.900 0.6999999881
13932  20.067  -59.031  0.252 0.5000000000
13219  20.068  -60.051  0.662 0.5000000000
11830  27.381  -62.430  6.233 0.6000000238
11843  27.078  -63.178  5.939 0.6999999881
10546  27.147  -64.286  5.175 0.6999999881
10526  26.656  -64.775  5.759 0.6999999881
126677  19.799  -59.647  1.245 0.5000000000
134852  26.991  -60.766  7.926 0.5000000000
12464  27.705  -61.697  6.516 0.6000000238
11831  26.680  -62.753  6.682 0.6000000238
5916  25.386  -72.087  0.702 0.6999999881
5902  25.243  -72.186  1.944 0.6999999881
13934  10.220  -59.327  0.625 0.4000000060
7055  26.028  -70.841  1.767 0.6999999881
5890  24.974  -72.565  2.679 0.6999999881
13221  10.597  -60.327  0.873 0.4000000060
6453  25.628  -71.526  1.899 0.6999999881
12532  11.441  -61.365  0.567 0.6000000238
119192  26.663  -69.444  3.237 0.8000000119
7022  26.274  -70.286  3.020 0.6999999881
8774  27.331  -67.898  3.442 0.6000000238
8159  26.886  -68.666  3.791 0.6000000238
12518  14.508  -61.434  2.510 0.6000000238
9953  27.551  -65.322  3.792 0.6999999881
121940  27.655  -66.253  3.468 0.6999999881
8760  27.002  -67.997  4.318 0.6000000238
10571  27.516  -64.407  3.717 0.6000000238
11853  27.593  -62.522  4.678 0.6000000238
137642  16.299  -62.495  4.248 0.5000000000
12482  27.853  -61.937  5.527 0.6000000238
11842  27.511  -62.673  5.507 0.6999999881
12463  28.290  -61.217  6.078 0.5000000000
7039  26.453  -70.171  1.707 0.6999999881
13204  11.625  -59.989  2.000 0.4000000060
7598  26.583  -69.837  2.409 0.8000000119
13220  12.040  -60.894  1.677 0.5000000000
8789  27.559  -67.830  2.490 0.8000000119
13202  14.161  -60.663  2.980 0.4000000060
13203  13.017  -60.319  2.479 0.4000000060
130785  27.121  -68.606  2.868 0.6999999881
12509  15.217  -61.019  3.494 0.4000000060
12519  13.365  -61.156  2.104 0.5000000000
11233  27.484  -63.542  3.546 0.6000000238
129690  27.708  -64.780  3.079 0.6000000238
115773  27.815  -65.554  2.934 0.6999999881
13189  15.554  -60.717  4.500 0.4000000060
115644  27.443  -62.737  3.766 0.6000000238
11216  27.429  -63.289  4.379 0.6000000238
11856  16.179  -62.296  5.052 0.4000000060
12517  15.560  -61.784  2.994 0.6000000238
12496  27.871  -61.686  4.514 0.6000000238
12481  28.299  -61.152  5.144 0.5000000000
118545  28.956  -59.877  6.215 0.5000000000
13918  12.482  -59.532  2.851 0.4000000060
8184  26.833  -69.450  1.712 0.8000000119
13191  13.694  -59.861  3.366 0.4000000060
8183  27.290  -68.593  1.831 0.6999999881
13190  14.748  -60.255  3.901 0.4000000060
9972  28.058  -65.642  2.161 0.6000000238
8773  27.685  -67.088  3.053 0.6999999881
131645  27.606  -64.104  3.089 0.6000000238
128078  27.922  -65.007  2.473 0.6000000238
13177  15.448  -60.389  5.381 0.4000000060
12484  15.848  -61.370  5.309 0.4000000060
12485  15.462  -61.919  6.100 0.4000000060
133243  28.132  -60.921  4.242 0.4000000060
13905  13.049  -59.061  3.692 0.4000000060
8795  27.755  -67.682  1.576 0.6999999881
13890  14.153  -59.427  4.386 0.4000000060
9985  28.299  -65.841  1.265 0.6999999881
117628  27.888  -67.035  2.178 0.6000000238
133899  15.087  -60.025  4.699 0.4000000060
119381  27.559  -63.509  2.632 0.6000000238
10591  27.780  -64.308  2.466 0.6000000238
13165  15.406  -60.914  6.125 0.4000000060
12506  27.632  -61.378  3.557 0.6000000238
134585  14.144  -61.809  6.777 0.3000000119
137699  27.910  -60.648  3.564 0.4000000060
13187  28.328  -60.169  3.929 0.4000000060
13903  27.936  -60.032  3.180 0.4000000060
13875  15.109  -60.012  6.166 0.4000000060
13153  14.846  -60.610  6.812 0.4000000060
11872  27.011  -62.003  2.327 0.6000000238
12515  27.093  -61.355  2.665 0.6000000238
12528  26.553  -61.264  1.849 0.6000000238
13915  27.378  -59.936  2.469 0.4000000060
13916  26.848  -59.845  1.710 0.5000000000
138708  28.440  -58.807  3.026 0.4000000060
13865  10.082  -60.041  7.197 0.3000000119
14574  28.146  -58.597  2.187 0.4000000060
15200  14.681  -57.863  7.868 0.4000000060
13842  10.893  -59.309  8.675 0.3000000119
13878  8.532  -58.891  5.420 0.4000000060
15895  15.771  -56.996  7.669 0.4000000060
133239  14.359  -57.886  8.905 0.4000000060
14505  11.403  -58.765  9.246 0.3000000119
14492  12.042  -58.204  9.618 0.3000000119
14527  9.137  -59.037  7.035 0.3000000119
14516  10.042  -59.078  8.234 0.3000000119
14528  8.578  -58.514  6.402 0.3000000119
15886  14.880  -57.236  9.019 0.4000000060
15179  14.150  -57.362  9.449 0.4000000060
15180  13.560  -57.784  9.523 0.4000000060
14506  10.440  -58.360  8.875 0.3000000119
133648  9.556  -58.261  8.236 0.3000000119
16650  6.958  -55.157  5.062 0.4000000060
17383  6.539  -54.751  5.656 0.3000000119
18937  6.967  -52.809  6.303 0.3000000119
14517  8.857  -58.149  7.423 0.3000000119
135846  14.492  -56.051  9.800 0.4000000060
15877  13.425  -56.968  9.847 0.4000000060
15878  12.458  -56.831  9.921 0.3000000119
15183  11.000  -57.022  9.503 0.3000000119
15193  10.458  -57.494  9.208 0.3000000119
15223  7.462  -56.441  4.288 0.3000000119
15888  9.420  -56.820  8.524 0.3000000119
116708  7.241  -54.578  5.645 0.3000000119
15203  8.597  -57.258  7.478 0.3000000119
18138  8.390  -53.152  6.048 0.4000000060
18139  7.721  -53.024  6.056 0.3000000119
18952  8.332  -52.349  6.075 0.3000000119
18936  7.563  -52.109  6.224 0.3000000119
117210  12.923  -56.191  9.985 0.4000000060
121276  12.222  -56.175  9.869 0.4000000060
16611  11.675  -55.734  9.626 0.3000000119
135147  7.520  -55.412  5.126 0.4000000060
15887  10.101  -56.646  9.108 0.3000000119
16640  8.415  -55.464  6.352 0.3000000119
16649  7.769  -54.762  5.579 0.4000000060
17367  8.495  -54.688  6.110 0.4000000060
116897  8.795  -51.790  6.051 0.3000000119
16609  13.245  -55.450  9.878 0.4000000060
17327  12.726  -54.763  9.589 0.4000000060
17328  11.885  -54.898  9.446 0.4000000060
16622  10.245  -55.597  8.947 0.4000000060
16623  9.464  -55.994  8.520 0.3000000119
17356  9.395  -54.636  7.418 0.3000000119
16639  8.829  -55.097  6.890 0.3000000119
17366  9.128  -54.273  6.623 0.3000000119
18935  9.468  -52.842  6.295 0.5000000000
17380  8.830  -53.912  6.235 0.4000000060
18137  8.919  -53.276  6.156 0.4000000060
20547  8.610  -49.980  6.204 0.3000000119
17342  13.079  -54.133  9.329 0.4000000060
17343  12.277  -54.034  9.064 0.4000000060
18092  11.681  -53.566  8.395 0.3000000119
18110  10.501  -53.435  7.392 0.3000000119
135673  11.071  -52.099  7.001 0.3000000119
19722  11.919  -50.782  7.117 0.3000000119
16629  9.696  -55.053  8.289 0.3000000119
17355  10.104  -54.215  7.844 0.3000000119
18122  10.827  -52.685  7.108 0.3000000119
18933  10.545  -52.150  6.660 0.3000000119
19723  11.111  -50.820  6.498 0.3000000119
17365  9.771  -53.815  7.023 0.3000000119
18934  9.865  -52.112  6.279 0.3000000119
19742  9.367  -51.607  6.098 0.3000000119
21381  9.076  -48.978  6.422 0.3000000119
18861  16.088  -53.145  9.425 0.3000000119
18862  15.220  -53.182  9.292 0.3000000119
126876  14.454  -53.206  9.144 0.3000000119
19684  13.961  -51.696  8.486 0.3000000119
19701  13.121  -51.188  8.045 0.3000000119
116600  12.575  -50.769  7.588 0.3000000119
127836  13.003  -53.457  8.864 0.3000000119
18908  13.022  -52.013  8.121 0.3000000119
18909  12.190  -52.177  7.759 0.3000000119
19702  12.384  -51.443  7.635 0.3000000119
20521  12.358  -50.071  7.215 0.3000000119
125024  11.587  -49.921  6.582 0.3000000119
20532  10.309  -50.597  6.179 0.3000000119
21379  10.596  -49.555  6.154 0.3000000119
20545  9.796  -50.610  6.079 0.3000000119
129764  9.805  -49.921  6.047 0.3000000119
19668  17.036  -52.007  9.505 0.3000000119
18883  15.514  -52.393  9.145 0.3000000119
18884  14.633  -52.468  8.913 0.3000000119
20520  13.177  -50.297  7.860 0.3000000119
21370  12.096  -49.204  6.718 0.3000000119
21378  11.272  -49.004  6.301 0.3000000119
139658  10.733  -48.810  6.227 0.3000000119
22276  9.504  -48.630  6.552 0.3000000119
138931  13.600  -49.591  7.951 0.3000000119
21369  12.891  -49.421  7.406 0.3000000119
122266  11.711  -48.329  6.398 0.3000000119
22274  10.920  -48.296  6.330 0.3000000119
130637  10.237  -48.540  6.345 0.3000000119
22275  10.626  -47.787  6.563 0.3000000119
135215  13.947  -48.591  7.982 0.3000000119
22254  13.547  -48.053  7.546 0.3000000119
22255  12.694  -48.455  6.943 0.3000000119
21356  14.383  -49.170  8.284 0.3000000119
23137  14.131  -47.395  7.832 0.3000000119
23138  13.337  -47.138  7.094 0.3000000119
137301  12.855  -47.626  6.829 0.3000000119
23158  12.092  -47.574  6.408 0.3000000119
134894  11.630  -46.741  6.462 0.3000000119
23159  10.987  -47.093  6.587 0.3000000119
2370  24.267  -80.776  -1.793 0.5000000000
2378  24.492  -80.391  -3.130 0.5000000000
2730  24.828  -79.728  -3.524 0.4000000060
9302  20.510  -66.651  7.347 0.6999999881
125087  20.813  -65.452  5.010 0.6999999881
3972  23.668  -75.981  -5.848 0.4000000060
2725  24.872  -79.943  -2.939 0.5000000000
9880  23.221  -65.653  8.654 0.6000000238
6406  24.226  -71.821  6.084 0.5000000000
9879  23.967  -65.240  8.353 0.6000000238
7582  26.238  -70.105  3.881 0.8000000119
6417  25.394  -71.417  4.038 0.6999999881
138605  26.948  -67.443  4.780 0.6000000238
13151  28.026  -61.018  6.882 0.5000000000
9927  27.059  -65.109  5.131 0.6999999881
12508  16.021  -61.643  4.164 0.4000000060
127020  28.744  -59.956  6.959 0.5000000000
115558  27.365  -62.755  2.895 0.6000000238
13175  28.569  -60.361  4.772 0.4000000060
10603  28.118  -64.748  1.705 0.6000000238
11881  27.337  -62.714  1.923 0.6000000238
13154  14.084  -61.199  7.259 0.3000000119
13199  27.453  -60.670  2.934 0.4000000060
13200  26.842  -60.600  2.198 0.4000000060
138613  14.787  -57.631  8.493 0.4000000060
18072  13.864  -53.800  9.311 0.3000000119
19669  16.292  -52.417  9.355 0.3000000119
9388  28.434  -66.426  -0.273 0.5000000000
9376  28.299  -66.627  0.575 0.5000000000
8192  27.533  -68.265  0.873 0.6999999881
7626  27.387  -68.792  0.149 0.6999999881
7054  26.249  -70.576  1.007 0.6000000238
9377  28.108  -66.857  1.386 0.6000000238
8193  27.122  -69.094  0.937 0.6000000238
118302  25.570  -72.124  -1.151 0.6000000238
128498  25.327  -72.304  -0.196 0.6000000238
8200  27.668  -68.584  -0.598 0.6999999881
7075  26.558  -70.396  -0.325 0.6000000238
134248  26.229  -71.014  -0.624 0.6000000238
7627  26.920  -69.625  0.120 0.6999999881
7067  26.490  -70.276  0.384 0.6000000238
120795  25.659  -71.658  0.241 0.6000000238
127138  28.398  -64.847  0.685 0.5000000000
7651  27.533  -69.826  -2.086 0.6999999881
7652  27.214  -70.090  -1.500 0.6999999881
6485  26.411  -71.322  -2.050 0.6000000238
6486  25.851  -71.958  -1.991 0.6000000238
8820  27.978  -68.402  -1.394 0.6000000238
7638  27.523  -69.284  -1.268 0.6999999881
6474  26.093  -71.455  -1.250 0.6000000238
8819  28.345  -67.554  -1.545 0.6000000238
11281  28.289  -64.056  0.015 0.5000000000
8210  27.895  -68.988  -2.100 0.6999999881
7084  27.048  -70.653  -2.195 0.6000000238
5934  25.348  -72.612  -1.954 0.6000000238
11899  27.389  -62.651  -0.535 0.5000000000
10614  28.086  -63.924  0.933 0.5000000000
12549  26.384  -61.121  -0.502 0.5000000000
11282  27.811  -63.248  0.174 0.5000000000
13957  26.250  -59.858  -0.130 0.4000000060
8148  20.921  -68.528  4.449 0.4000000060
8124  20.373  -68.166  7.098 0.4000000060
8139  20.551  -68.756  5.352 0.4000000060
119653  20.309  -68.917  6.430 0.5000000000
134891  20.664  -69.904  7.789 0.5000000000
124250  20.155  -69.873  6.832 0.5000000000
11889  26.639  -61.849  0.620 0.5000000000
6985  20.380  -70.757  7.382 0.5000000000
6994  17.727  -70.232  5.597 0.6000000238
126526  26.371  -61.320  0.140 0.4000000060
6979  20.978  -70.725  7.910 0.5000000000
6992  19.108  -71.024  5.978 0.5000000000
7566  20.904  -68.978  3.793 0.5000000000
125254  20.257  -69.478  5.730 0.5000000000
7583  20.280  -69.529  3.840 0.5000000000
120027  19.970  -69.957  4.940 0.5000000000
7568  19.606  -69.873  4.349 0.5000000000
6407  19.891  -70.704  6.557 0.5000000000
7009  19.414  -70.250  5.332 0.5000000000
6993  18.678  -70.435  5.480 0.5000000000
12537  26.258  -61.115  0.895 0.5000000000
138479  19.552  -71.141  6.368 0.5000000000
139086  26.543  -59.130  -0.329 0.4000000060
126043  26.269  -60.187  0.571 0.4000000060
13944  26.566  -59.241  0.329 0.4000000060
9973  21.383  -65.899  2.262 0.5000000000
7584  19.839  -69.732  3.522 0.5000000000
11882  26.724  -61.860  1.478 0.5000000000
13218  26.420  -60.472  1.389 0.4000000060
10615  20.344  -64.845  0.830 0.5000000000
10627  20.626  -64.736  -0.277 0.5000000000
10003  21.187  -65.544  -0.716 0.5000000000
9996  20.978  -65.656  0.502 0.5000000000
13931  27.008  -59.175  1.095 0.4000000060
130197  20.210  -64.226  0.333 0.5000000000
11298  20.857  -63.864  -1.100 0.5000000000
118925  20.533  -63.092  -0.715 0.5000000000
11309  20.901  -63.069  -1.618 0.5000000000
10626  21.171  -64.698  -1.362 0.5000000000
134745  21.603  -65.960  -1.843 0.4000000060
11901  20.600  -62.118  -1.178 0.5000000000
11320  21.181  -64.082  -2.172 0.6000000238
118509  21.299  -64.964  -2.276 0.6000000238
11890  20.199  -62.371  -0.162 0.5000000000
12582  20.233  -62.043  -1.843 0.5000000000
11931  20.669  -62.699  -2.025 0.5000000000
11322  20.393  -63.281  -2.377 0.6000000238
10644  21.049  -64.436  -2.423 0.6000000238
10027  21.218  -65.931  -2.731 0.6000000238
8844  21.591  -67.538  -2.788 0.5000000000
129781  21.027  -68.673  -3.651 0.5000000000
8231  20.375  -68.684  -3.799 0.5000000000
121467  20.356  -60.822  -1.259 0.5000000000
13268  18.709  -60.608  -1.308 0.5000000000
118729  18.155  -61.410  -1.479 0.5000000000
12583  19.672  -61.916  -1.910 0.5000000000
11918  17.463  -62.126  -1.715 0.6000000238
11330  19.850  -63.883  -2.539 0.6000000238
10029  20.418  -65.384  -2.724 0.6000000238
9427  21.123  -66.599  -3.019 0.6000000238
120833  20.677  -67.325  -3.228 0.5000000000
8824  16.071  -67.384  -1.154 0.5000000000
8233  18.631  -68.555  -3.637 0.5000000000
13266  20.187  -60.158  -1.236 0.5000000000
13269  17.556  -60.999  -1.137 0.5000000000
133399  16.701  -61.616  -1.506 0.6000000238
12570  16.333  -62.525  -1.900 0.6000000238
128351  18.648  -63.359  -2.167 0.6000000238
11324  17.777  -63.552  -1.981 0.6000000238
10646  19.287  -64.497  -2.380 0.6000000238
10647  18.464  -64.161  -2.081 0.6000000238
9428  20.326  -66.346  -2.861 0.6000000238
9419  19.330  -66.713  -2.392 0.5000000000
128028  19.198  -68.026  -3.185 0.5000000000
8834  18.878  -67.487  -2.530 0.5000000000
118182  18.013  -67.632  -2.251 0.5000000000
8846  17.472  -68.083  -2.897 0.5000000000
8835  17.059  -67.797  -2.177 0.5000000000
138805  14.571  -61.954  -2.118 0.6000000238
11312  14.735  -63.211  -1.857 0.6000000238
11311  15.673  -63.689  -1.657 0.6000000238
115918  16.216  -63.351  -2.015 0.6000000238
10648  17.671  -64.268  -1.784 0.6000000238
10629  16.345  -64.303  -1.220 0.6000000238
10023  18.255  -65.600  -1.599 0.5000000000
10638  17.725  -65.083  -1.419 0.5000000000
10022  18.791  -66.133  -1.925 0.5000000000
10014  17.303  -65.456  -0.819 0.5000000000
10004  16.851  -65.720  -0.116 0.6000000238
9410  17.613  -67.189  -1.547 0.5000000000
8823  16.979  -67.042  -0.987 0.5000000000
9390  16.431  -66.465  0.287 0.5000000000
9391  15.568  -66.785  0.660 0.5000000000
11902  14.196  -63.337  -1.192 0.6000000238
11286  14.897  -63.615  -0.004 0.6000000238
11299  15.877  -64.236  -0.772 0.6000000238
10628  16.866  -64.920  -0.659 0.6000000238
9997  16.631  -65.738  0.734 0.6000000238
9379  16.091  -66.195  1.385 0.5000000000
11892  14.038  -63.157  -0.023 0.6000000238
10617  16.321  -64.461  0.158 0.6000000238
9988  16.517  -65.529  1.503 0.6000000238
12530  13.600  -61.999  1.432 0.6000000238
11893  13.177  -62.671  0.172 0.6000000238
11884  15.363  -62.805  1.612 0.6000000238
11270  15.743  -63.482  1.071 0.6000000238
11284  16.361  -64.128  0.965 0.6000000238
10594  16.516  -64.754  2.881 0.5000000000
11875  14.895  -62.162  2.036 0.6000000238
11252  16.119  -63.181  2.000 0.6000000238
11865  16.319  -63.103  2.886 0.6000000238
136775  16.384  -63.778  1.641 0.6000000238
131568  16.425  -63.143  3.815 0.6000000238
10549  16.266  -64.636  4.479 0.5000000000
11855  16.305  -63.216  4.782 0.4000000060
7068  26.074  -70.961  0.170 0.6000000238
7613  26.677  -69.860  0.980 0.6999999881
120208  27.756  -63.706  1.796 0.5000000000
11267  27.597  -63.055  1.064 0.5000000000
137528  26.998  -62.198  -1.084 0.5000000000
11900  26.732  -61.898  -0.342 0.5000000000
7569  18.651  -69.720  4.439 0.6000000238
11933  19.130  -62.625  -2.102 0.6000000238
11934  18.086  -62.786  -1.984 0.6000000238
116160  18.757  -65.079  -2.079 0.6000000238
9409  18.104  -66.485  -1.468 0.5000000000
11271  14.899  -63.137  0.821 0.6000000238
11285  15.712  -64.016  0.110 0.6000000238
11251  16.490  -63.851  2.407 0.6000000238
10573  16.422  -64.694  3.777 0.6000000238
1994  23.629  -81.614  -0.680 0.4000000060
2703  24.259  -79.444  2.296 0.5000000000
120933  24.239  -79.356  1.155 0.5000000000
2347  23.787  -80.225  1.297 0.4000000060
2710  24.198  -79.879  -0.035 0.4000000060
2716  24.768  -79.146  -0.832 0.4000000060
2366  24.044  -80.858  -0.917 0.4000000060
3466  25.239  -77.416  1.589 0.5000000000
3082  24.946  -78.042  2.258 0.5000000000
118419  25.054  -78.268  -0.437 0.5000000000
3103  25.290  -78.579  -1.474 0.5000000000
2717  24.516  -80.059  -1.374 0.4000000060
3475  25.449  -77.192  0.520 0.5000000000
137466  25.336  -77.637  -0.177 0.5000000000
3484  25.517  -77.807  -1.011 0.5000000000
3493  25.822  -78.042  -1.991 0.5000000000
2720  25.035  -79.386  -1.942 0.4000000060
3111  25.568  -78.784  -2.420 0.4000000060
3904  25.828  -76.544  0.310 0.5000000000
3483  26.191  -76.433  -0.709 0.5000000000
4386  26.696  -75.869  -1.374 0.5000000000
128821  26.015  -77.266  -1.435 0.5000000000
3503  26.443  -77.521  -2.500 0.5000000000
134951  25.282  -79.292  -3.304 0.4000000060
5410  25.548  -73.122  -3.476 0.5000000000
5425  25.116  -73.916  -4.015 0.4000000060
4935  25.206  -74.120  -4.510 0.4000000060
5450  26.150  -74.053  -4.755 0.4000000060
4949  25.623  -74.640  -4.991 0.4000000060
4429  25.337  -75.354  -5.280 0.4000000060
3925  27.086  -76.269  -2.437 0.5000000000
3969  26.254  -76.116  -4.790 0.4000000060
119847  25.386  -77.419  -4.728 0.4000000060
3127  25.307  -78.225  -4.357 0.4000000060
4399  27.910  -75.908  -3.228 0.4000000060
3948  26.910  -77.282  -3.274 0.5000000000
3123  25.675  -78.590  -3.679 0.4000000060
122074  26.535  -77.805  -3.195 0.4000000060
5973  26.090  -73.266  -4.282 0.4000000060
4948  26.845  -74.649  -4.781 0.4000000060
4428  26.424  -75.327  -4.827 0.4000000060
4918  27.809  -74.970  -2.448 0.4000000060
3959  27.140  -76.621  -4.313 0.4000000060
3519  26.719  -77.220  -4.138 0.4000000060
4407  27.887  -76.489  -3.813 0.4000000060
3511  27.248  -76.977  -4.030 0.4000000060
3512  26.719  -77.442  -3.710 0.4000000060
118833  26.071  -72.438  -3.362 0.5000000000
131979  26.429  -72.395  -3.767 0.4000000060
5972  26.635  -72.718  -4.205 0.4000000060
5437  27.440  -73.005  -4.632 0.4000000060
135396  28.298  -74.791  -4.981 0.4000000060
4427  27.617  -75.408  -4.699 0.4000000060
4426  28.745  -75.490  -4.753 0.4000000060
4417  27.109  -75.941  -4.569 0.4000000060
4926  29.503  -75.289  -3.977 0.4000000060
4414  29.243  -75.603  -4.433 0.4000000060
4415  28.767  -75.853  -4.477 0.4000000060
6496  26.200  -71.902  -2.729 0.5000000000
6512  26.543  -71.917  -3.352 0.5000000000
6495  26.726  -71.356  -2.797 0.6000000238
6511  26.873  -72.023  -3.853 0.5000000000
5449  28.364  -73.782  -5.042 0.4000000060
5984  29.488  -73.482  -5.276 0.4000000060
5447  31.455  -74.072  -5.169 0.4000000060
5436  31.546  -74.194  -5.010 0.4000000060
6526  27.909  -71.688  -4.280 0.4000000060
133579  27.912  -70.121  -3.209 0.5000000000
134912  28.445  -71.866  -4.566 0.4000000060
5969  29.861  -72.577  -5.188 0.4000000060
132684  29.029  -70.277  -4.297 0.5000000000
7124  29.526  -71.063  -4.616 0.4000000060
6524  30.179  -71.856  -4.993 0.4000000060
6523  31.356  -72.133  -5.165 0.4000000060
7662  28.322  -69.495  -3.373 0.6000000238
7663  27.891  -69.576  -2.735 0.6000000238
7678  29.535  -69.443  -4.354 0.5000000000
7677  30.586  -69.577  -4.544 0.4000000060
122093  27.809  -68.038  0.074 0.5000000000
13272  13.607  -61.274  -1.769 0.5000000000
11903  13.142  -62.666  -1.232 0.5000000000
12531  12.499  -61.645  1.316 0.5000000000
12573  12.849  -61.608  -1.780 0.5000000000
11886  12.281  -62.136  0.373 0.5000000000
11922  13.070  -62.189  -1.923 0.5000000000
3093  25.044  -77.861  0.544 0.5000000000
3094  24.620  -78.726  0.489 0.5000000000
5438  26.504  -73.436  -4.512 0.4000000060
4947  27.220  -73.908  -4.811 0.4000000060
4406  28.544  -76.121  -4.080 0.4000000060
5971  28.005  -72.335  -4.592 0.4000000060
5970  28.846  -72.478  -4.883 0.4000000060
117331  29.354  -75.173  -5.049 0.4000000060
4934  30.925  -74.648  -5.064 0.4000000060
7113  27.607  -70.846  -3.413 0.5000000000
5983  30.925  -73.422  -5.415 0.4000000060
133248  28.307  -70.368  -3.776 0.5000000000
129666  28.810  -69.444  -3.994 0.6000000238
129453  30.609  -71.135  -4.805 0.5000000000
8228  28.655  -68.644  -3.676 0.5000000000
123392  30.358  -60.221  -1.475 0.3000000119
12579  29.809  -61.276  -2.742 0.3000000119
12580  28.758  -61.455  -2.612 0.3000000119
13262  29.484  -60.025  -1.654 0.3000000119
13245  29.888  -59.450  -1.125 0.3000000119
13954  31.413  -59.108  0.062 0.3000000119
13955  30.538  -59.013  -0.583 0.3000000119
12586  30.249  -61.866  -3.139 0.3000000119
11937  29.698  -62.412  -3.419 0.4000000060
124174  28.919  -62.972  -3.434 0.4000000060
12578  30.659  -61.290  -2.755 0.3000000119
11929  28.001  -62.828  -2.856 0.4000000060
136655  28.016  -62.052  -2.709 0.4000000060
11295  28.353  -64.198  -0.741 0.4000000060
121354  28.501  -64.848  -0.234 0.4000000060
13244  30.685  -59.845  -0.682 0.3000000119
13279  28.249  -60.674  -2.044 0.3000000119
128451  27.166  -62.146  -1.640 0.4000000060
14624  28.896  -57.969  -1.638 0.3000000119
13264  27.694  -59.837  -1.581 0.3000000119
10656  29.380  -64.714  -4.177 0.4000000060
10033  28.973  -65.453  -4.086 0.4000000060
9416  28.640  -66.465  -3.192 0.4000000060
8831  28.537  -67.157  -2.542 0.4000000060
11936  30.504  -62.573  -3.417 0.4000000060
10650  28.980  -64.273  -3.866 0.4000000060
10651  28.711  -64.830  -3.656 0.4000000060
9407  28.601  -66.232  -2.460 0.4000000060
132274  28.603  -66.004  -1.793 0.4000000060
11329  28.500  -64.150  -3.339 0.4000000060
10636  28.429  -64.673  -1.998 0.4000000060
132563  28.214  -67.265  -0.049 0.4000000060
13276  31.036  -60.772  -2.283 0.3000000119
11307  28.220  -64.000  -1.537 0.4000000060
9399  28.553  -66.207  -1.095 0.4000000060
115306  31.472  -60.209  -0.602 0.3000000119
11914  27.434  -62.742  -1.408 0.4000000060
12566  26.579  -60.769  -1.044 0.4000000060
8855  30.772  -67.040  -4.577 0.4000000060
8857  28.874  -67.755  -4.046 0.4000000060
135352  31.266  -66.215  -4.577 0.4000000060
120664  30.086  -66.606  -4.475 0.4000000060
9432  29.124  -66.881  -4.239 0.4000000060
116253  28.525  -67.917  -3.176 0.4000000060
11928  31.342  -62.130  -2.668 0.3000000119
11332  30.700  -63.821  -4.100 0.4000000060
12563  32.486  -61.118  -1.577 0.3000000119
12564  31.804  -61.038  -2.086 0.3000000119
8809  28.414  -67.026  -0.856 0.4000000060
13260  32.310  -60.614  -0.858 0.3000000119
8244  29.212  -68.534  -4.228 0.4000000060
8856  29.820  -67.595  -4.414 0.4000000060
13246  26.571  -59.760  -0.818 0.3000000119
13956  26.932  -58.678  -0.853 0.3000000119
13265  26.971  -60.294  -1.413 0.3000000119
8810  28.108  -67.832  -0.704 0.4000000060
8209  28.285  -68.132  -2.253 0.4000000060
8219  28.260  -68.779  -2.883 0.4000000060
8243  30.217  -68.615  -4.463 0.4000000060
135119  29.493  -61.833  -3.061 0.3000000119
13968  28.922  -59.031  -1.513 0.3000000119
14610  30.168  -57.848  -1.269 0.3000000119
11333  29.750  -63.995  -4.104 0.4000000060
11930  27.476  -62.145  -2.271 0.4000000060
11318  28.130  -63.739  -2.532 0.4000000060
11319  27.609  -62.807  -2.135 0.4000000060
10625  28.510  -64.766  -1.101 0.4000000060
13280  27.512  -60.724  -1.801 0.4000000060
10655  30.437  -64.516  -4.351 0.4000000060
8843  28.697  -67.072  -3.592 0.4000000060
10026  28.646  -65.618  -3.276 0.4000000060
11327  30.830  -63.281  -3.721 0.3000000119
10643  28.473  -64.731  -2.892 0.4000000060
12577  31.294  -61.423  -2.593 0.3000000119
10654  31.311  -64.406  -4.180 0.4000000060
11331  31.177  -63.909  -3.905 0.3000000119
125972  31.696  -61.672  -2.294 0.3000000119
1931  24.040  -80.858  5.617 0.3000000119
122983  24.000  -80.053  6.082 0.3000000119
131136  25.008  -81.750  5.079 0.3000000119
2292  24.747  -80.258  6.024 0.3000000119
1943  24.330  -81.666  5.111 0.3000000119
1932  23.314  -80.963  5.458 0.3000000119
1631  26.405  -82.308  4.417 0.3000000119
1941  26.504  -81.721  5.381 0.3000000119
137435  25.619  -81.029  5.674 0.3000000119
1646  26.041  -82.125  3.913 0.3000000119
1632  25.515  -82.145  4.380 0.3000000119
1619  23.836  -81.935  4.563 0.3000000119
2348  23.403  -80.916  2.007 0.3000000119
1629  27.852  -82.175  4.929 0.3000000119
1940  27.018  -81.712  5.472 0.3000000119
1645  26.844  -82.298  3.866 0.3000000119
1630  27.145  -82.327  4.586 0.3000000119
1929  26.268  -80.929  5.849 0.3000000119
1968  24.605  -81.480  3.663 0.3000000119
2681  24.711  -79.321  3.186 0.3000000119
2335  23.837  -80.286  2.494 0.3000000119
1980  26.947  -81.414  3.305 0.3000000119
1647  25.155  -81.932  3.983 0.3000000119
2321  26.304  -81.048  3.502 0.3000000119
2679  26.250  -80.063  3.512 0.3000000119
2680  25.320  -79.574  3.558 0.3000000119
2324  24.146  -80.664  3.252 0.3000000119
3068  25.168  -78.098  2.992 0.3000000119
4359  26.440  -75.466  0.669 0.4000000060
3878  25.674  -76.802  2.322 0.4000000060
117427  26.871  -80.302  9.962 0.3000000119
2248  26.425  -80.356  10.847 0.3000000119
2646  25.414  -79.646  6.491 0.3000000119
1597  28.510  -80.812  6.969 0.3000000119
1918  28.074  -80.696  7.637 0.3000000119
2257  27.332  -80.264  9.014 0.3000000119
118306  26.610  -79.489  9.213 0.3000000119
2610  26.156  -79.710  10.201 0.3000000119
1613  28.557  -81.312  5.972 0.3000000119
2289  27.595  -80.702  6.608 0.3000000119
2269  27.304  -79.928  8.102 0.3000000119
2622  26.035  -78.749  8.772 0.3000000119
2611  25.800  -78.985  9.700 0.3000000119
1607  27.468  -81.185  5.960 0.3000000119
2290  26.997  -80.474  6.499 0.3000000119
2621  26.685  -79.219  8.104 0.3000000119
3001  25.474  -78.368  8.463 0.3000000119
2280  26.118  -79.230  7.111 0.3000000119
2632  25.110  -78.756  7.140 0.3000000119
126987  24.747  -82.060  4.191 0.3000000119
1634  23.210  -81.946  4.069 0.3000000119
1614  27.920  -81.480  5.800 0.3000000119
2322  25.476  -80.519  3.578 0.3000000119
127117  28.464  -81.435  9.964 0.3000000119
3016  24.407  -78.239  7.817 0.3000000119
1606  27.943  -80.937  6.350 0.3000000119
1908  28.297  -81.069  8.529 0.3000000119
2279  26.902  -79.790  7.212 0.3000000119
138810  26.994  -79.703  8.630 0.3000000119
3002  24.823  -78.055  8.574 0.3000000119
3455  25.405  -77.496  2.705 0.3000000119
7073  31.291  -69.948  -0.650 0.3000000119
6472  30.172  -71.032  -0.622 0.3000000119
6484  29.695  -71.569  -1.111 0.3000000119
133511  28.489  -72.854  -1.380 0.4000000060
5404  27.959  -73.552  -1.409 0.4000000060
4907  27.487  -74.404  -1.433 0.3000000119
4385  27.254  -75.369  -1.976 0.3000000119
7083  30.846  -70.569  -1.132 0.3000000119
6493  30.803  -71.567  -2.600 0.4000000060
5944  29.712  -72.658  -2.611 0.4000000060
5959  30.571  -73.436  -3.590 0.4000000060
5409  29.038  -74.348  -3.199 0.3000000119
5957  32.425  -72.952  -4.629 0.4000000060
5422  31.361  -74.065  -4.540 0.4000000060
4924  30.988  -74.626  -4.852 0.3000000119
5435  31.993  -73.747  -4.993 0.3000000119
7612  31.312  -69.523  1.981 0.3000000119
7052  31.038  -70.074  1.326 0.3000000119
6473  29.577  -71.447  -0.144 0.4000000060
5933  28.664  -72.315  -0.505 0.4000000060
137524  27.979  -72.974  -0.318 0.3000000119
5398  27.573  -73.721  -0.633 0.3000000119
4897  27.202  -74.280  -0.276 0.3000000119
7625  31.302  -69.239  0.838 0.3000000119
7637  31.446  -69.418  -0.184 0.3000000119
124305  31.630  -70.095  -1.714 0.3000000119
7095  31.193  -70.841  -2.142 0.3000000119
5943  30.627  -72.397  -3.114 0.4000000060
7661  32.389  -69.679  -2.492 0.3000000119
7649  32.647  -69.043  -2.405 0.3000000119
7094  32.061  -70.458  -2.807 0.3000000119
6492  31.726  -71.306  -3.135 0.4000000060
5958  31.780  -73.136  -3.999 0.4000000060
132688  33.604  -69.925  -3.770 0.3000000119
6507  32.944  -71.717  -4.234 0.4000000060
5956  32.556  -72.591  -4.706 0.4000000060
7675  32.679  -69.524  -4.512 0.3000000119
7123  32.685  -70.539  -4.516 0.4000000060
7122  32.642  -71.416  -4.518 0.4000000060
6522  32.329  -72.419  -4.894 0.4000000060
120850  32.250  -67.865  -4.483 0.3000000119
7676  31.717  -69.997  -4.648 0.4000000060
8242  31.596  -68.837  -4.557 0.3000000119
116029  32.677  -73.181  1.577 0.3000000119
5899  32.037  -72.790  2.146 0.3000000119
5366  31.317  -73.160  2.143 0.3000000119
5368  29.920  -73.339  2.336 0.3000000119
7597  31.737  -69.497  2.761 0.3000000119
7036  31.885  -70.382  2.687 0.3000000119
7038  30.862  -71.294  2.139 0.3000000119
5888  29.566  -72.736  2.197 0.3000000119
8772  31.735  -67.650  3.175 0.3000000119
8158  31.730  -68.612  3.009 0.3000000119
117697  31.481  -70.093  2.351 0.3000000119
6451  30.343  -71.513  1.851 0.3000000119
6452  29.671  -71.752  1.534 0.3000000119
5901  28.546  -72.575  1.479 0.3000000119
5391  27.903  -72.950  0.923 0.3000000119
4886  27.121  -74.187  0.795 0.3000000119
4873  26.762  -74.827  1.252 0.3000000119
3891  25.994  -76.121  1.991 0.3000000119
8788  31.443  -68.096  2.514 0.3000000119
7670  33.584  -69.273  -3.829 0.3000000119
7110  33.563  -70.373  -4.032 0.3000000119
137216  33.337  -68.180  -4.032 0.3000000119
7674  33.356  -69.179  -4.263 0.3000000119
8853  32.577  -67.188  -4.258 0.3000000119
8854  31.742  -67.038  -4.534 0.3000000119
120307  31.039  -67.812  -4.540 0.3000000119
117816  34.021  -72.551  1.317 0.3000000119
6450  33.473  -71.761  2.191 0.3000000119
5885  32.593  -71.670  2.473 0.3000000119
5886  31.282  -72.311  2.344 0.3000000119
7579  32.775  -69.061  3.332 0.3000000119
6436  31.937  -71.213  2.569 0.3000000119
3877  26.151  -76.405  2.713 0.3000000119
5897  35.186  -72.440  0.422 0.3000000119
6449  34.483  -71.743  1.613 0.3000000119
7034  34.401  -70.272  2.449 0.3000000119
118362  33.455  -70.234  2.825 0.3000000119
7035  32.773  -70.871  2.668 0.3000000119
8157  32.243  -68.407  3.364 0.3000000119
6448  35.320  -71.592  1.097 0.3000000119
7051  34.874  -70.946  1.782 0.3000000119
124189  33.931  -69.713  2.855 0.3000000119
7595  33.245  -69.594  3.153 0.3000000119
3903  26.054  -76.025  1.026 0.3000000119
4372  26.517  -75.603  -0.324 0.3000000119
4371  26.921  -75.025  -0.883 0.3000000119
4906  28.153  -74.254  -2.344 0.3000000119
5423  30.322  -74.554  -4.073 0.4000000060
127938  31.831  -71.189  -4.767 0.4000000060
10030  32.008  -65.736  -4.329 0.3000000119
7065  31.070  -69.965  0.377 0.3000000119
6483  30.413  -71.233  -1.594 0.3000000119
7066  30.549  -70.560  0.861 0.3000000119
6494  29.997  -71.899  -2.106 0.4000000060
5945  29.001  -72.882  -2.171 0.4000000060
5408  29.449  -73.496  -3.025 0.4000000060
6508  32.475  -72.229  -3.941 0.4000000060
138222  31.493  -68.880  2.470 0.3000000119
7053  30.734  -70.805  1.718 0.3000000119
5924  29.010  -71.852  0.243 0.3000000119
127093  30.121  -71.189  1.235 0.3000000119
5915  28.457  -72.379  0.533 0.4000000060
5392  27.501  -73.578  0.314 0.3000000119
8794  31.389  -67.699  1.528 0.3000000119
126664  31.625  -68.774  -0.221 0.3000000119
7650  31.925  -69.202  -1.316 0.3000000119
7112  32.804  -71.127  -3.619 0.4000000060
120650  33.122  -68.067  -4.200 0.3000000119
6438  30.689  -71.880  2.219 0.3000000119
6439  29.967  -72.119  2.055 0.3000000119
5889  28.836  -72.881  2.111 0.3000000119
8842  33.044  -67.579  -4.020 0.3000000119
6402  19.972  -71.555  6.929 0.4000000060
1598  28.014  -80.708  6.882 0.3000000119
1605  28.255  -81.007  6.318 0.3000000119
1615  27.334  -81.917  5.308 0.3000000119
1616  26.750  -82.167  5.028 0.3000000119
1617  26.054  -82.090  4.890 0.3000000119
1618  24.696  -82.015  4.573 0.3000000119
1620  23.243  -81.732  4.677 0.3000000119
1628  28.377  -81.814  5.308 0.3000000119
1633  24.015  -82.080  4.097 0.3000000119
1648  24.261  -81.890  3.871 0.3000000119
1928  27.021  -81.198  5.880 0.3000000119
1930  24.992  -81.116  5.545 0.3000000119
1939  29.439  -81.040  6.040 0.3000000119
1942  25.682  -81.609  5.303 0.3000000119
1944  23.586  -81.514  5.116 0.3000000119
1953  28.352  -81.991  4.386 0.3000000119
1965  27.312  -81.831  3.420 0.3000000119
1966  26.532  -81.818  3.568 0.3000000119
1967  25.579  -81.507  3.680 0.3000000119
2011  23.885  -81.493  -1.357 0.5000000000
2268  27.824  -80.613  8.309 0.3000000119
2278  27.567  -80.350  7.364 0.3000000119
2291  26.250  -80.042  6.488 0.3000000119
2293  23.355  -80.292  5.860 0.3000000119
2323  24.723  -80.076  3.399 0.3000000119
2334  27.018  -80.813  3.223 0.3000000119
2336  23.572  -80.936  2.820 0.3000000119
2357  23.663  -80.907  0.116 0.4000000060
2647  24.452  -79.448  6.512 0.3000000119
2721  24.730  -80.070  -2.301 0.5000000000
2724  25.734  -78.795  -3.094 0.4000000060
2988  25.322  -78.368  9.196 0.3000000119
3056  25.318  -78.666  3.403 0.3000000119
3069  24.752  -78.651  2.771 0.5000000000
3083  24.841  -78.116  1.340 0.5000000000
3117  26.193  -78.150  -3.426 0.4000000060
3118  26.155  -78.273  -2.828 0.4000000060
3520  26.103  -77.801  -4.116 0.4000000060
3892  25.667  -76.657  1.308 0.4000000060
3893  23.349  -75.976  1.108 0.5000000000
3906  21.756  -76.377  -0.056 0.5000000000
3917  22.401  -76.568  -0.483 0.6000000238
3926  26.518  -76.708  -1.875 0.5000000000
3937  27.378  -76.697  -3.282 0.4000000060
3938  26.885  -76.938  -2.697 0.5000000000
3947  27.364  -76.907  -3.801 0.4000000060
3958  27.942  -76.418  -4.137 0.4000000060
3960  26.105  -77.001  -4.611 0.4000000060
3971  24.480  -75.692  -5.615 0.4000000060
4349  26.395  -75.486  1.647 0.3000000119
4350  23.068  -76.106  1.938 0.5000000000
4351  21.337  -76.060  1.757 0.5000000000
4374  21.066  -76.093  -0.654 0.5000000000
4416  28.035  -76.014  -4.463 0.4000000060
4418  23.303  -75.186  -5.230 0.4000000060
4419  22.622  -75.658  -5.320 0.5000000000
4425  29.495  -75.436  -4.831 0.4000000060
4874  24.338  -74.060  1.367 0.6999999881
4887  26.786  -74.877  0.202 0.4000000060
4917  28.529  -75.113  -3.213 0.3000000119
4925  30.182  -75.095  -4.743 0.4000000060
4927  24.579  -74.345  -3.926 0.5000000000
4937  24.023  -74.800  -4.611 0.5000000000
4946  30.118  -75.013  -5.100 0.4000000060
5305  20.791  -73.092  7.215 0.5000000000
5321  21.184  -73.804  6.903 0.5000000000
5322  20.417  -73.604  6.693 0.5000000000
5367  30.693  -73.490  2.187 0.3000000119
5381  27.541  -73.592  1.314 0.3000000119
5403  28.603  -73.499  -2.259 0.3000000119
5421  32.062  -73.650  -4.818 0.4000000060
5424  25.637  -73.543  -4.145 0.4000000060
5439  25.788  -73.777  -4.509 0.4000000060
5448  30.546  -74.370  -5.279 0.4000000060
5451  25.444  -74.228  -4.753 0.4000000060
5838  21.113  -72.360  7.520 0.6000000238
5879  24.797  -72.648  3.626 0.6000000238
5887  30.446  -72.661  2.274 0.3000000119
5898  32.899  -72.481  2.013 0.3000000119
5900  29.253  -72.337  1.807 0.3000000119
5903  24.844  -72.767  1.808 0.6999999881
5914  29.017  -72.000  1.130 0.3000000119
5925  24.877  -73.105  -0.169 0.6999999881
5932  29.195  -72.254  -1.504 0.4000000060
5946  25.692  -72.487  -2.718 0.5000000000
5960  26.039  -72.880  -3.931 0.4000000060
5968  32.391  -73.278  -4.953 0.3000000119
5982  32.043  -73.299  -5.184 0.3000000119
5985  28.385  -72.978  -4.900 0.4000000060
6396  21.423  -71.533  7.765 0.5000000000
6408  19.351  -71.752  6.381 0.5000000000
6435  33.941  -71.007  2.357 0.3000000119
6437  31.329  -71.567  2.379 0.3000000119
6440  25.436  -71.802  2.643 0.6999999881
6464  30.075  -71.030  0.362 0.3000000119
6465  29.515  -71.491  0.784 0.3000000119
6466  25.778  -71.371  1.023 0.6999999881
6475  25.816  -71.588  -0.467 0.6000000238
6506  33.242  -71.046  -4.128 0.4000000060
6509  31.457  -72.097  -3.370 0.4000000060
6510  27.440  -71.565  -3.865 0.5000000000
6521  32.783  -71.736  -4.352 0.4000000060
6525  29.182  -71.806  -4.764 0.4000000060
6533  31.494  -72.881  -5.372 0.4000000060
6534  30.762  -72.565  -5.332 0.4000000060
6984  24.251  -70.634  6.714 0.6999999881
7008  19.626  -70.493  5.883 0.5000000000
7010  19.014  -70.081  4.936 0.5000000000
7033  35.299  -70.190  1.931 0.3000000119
7037  31.301  -70.788  2.292 0.3000000119
7074  30.658  -70.509  -0.119 0.3000000119
7093  32.986  -70.191  -3.362 0.4000000060
7096  27.524  -70.323  -2.758 0.5000000000
7097  27.187  -70.935  -2.920 0.6000000238
7111  33.500  -70.626  -3.963 0.3000000119
7114  27.060  -71.455  -3.379 0.5000000000
7125  28.568  -71.150  -4.324 0.5000000000
7126  27.943  -71.128  -3.935 0.4000000060
7514  21.391  -68.963  8.300 0.6000000238
7520  23.237  -69.964  7.705 0.6999999881
7549  25.279  -69.999  5.997 0.6000000238
7550  20.052  -70.053  5.730 0.5000000000
7564  26.300  -69.184  5.007 0.6999999881
7567  20.426  -69.384  4.745 0.5000000000
7580  32.119  -69.088  3.167 0.3000000119
7581  26.495  -69.348  4.228 0.6999999881
7596  32.486  -69.833  3.058 0.3000000119
7639  27.074  -69.900  -0.766 0.6999999881
7669  33.648  -69.635  -4.028 0.3000000119
8098  21.815  -68.426  8.424 0.6000000238
8109  24.396  -68.450  7.538 0.6999999881
8172  33.793  -69.011  3.157 0.3000000119
8182  31.360  -68.621  1.711 0.3000000119
8191  31.469  -68.297  0.677 0.3000000119
8226  33.477  -68.735  -4.049 0.3000000119
8227  33.387  -68.341  -3.877 0.3000000119
8232  19.553  -68.638  -3.764 0.5000000000
8241  32.819  -68.635  -4.415 0.3000000119
8245  20.467  -69.204  -3.989 0.5000000000
8246  19.972  -69.202  -4.090 0.5000000000
8707  22.344  -67.816  8.497 0.6999999881
8709  20.931  -67.610  8.170 0.6999999881
8721  25.016  -66.905  7.425 0.6000000238
8724  20.580  -67.475  7.631 0.6999999881
8762  20.851  -67.873  5.090 0.6000000238
8801  27.985  -67.473  0.746 0.6999999881
8812  16.419  -66.941  -0.426 0.5000000000
8833  19.780  -67.345  -2.922 0.5000000000
8845  21.278  -67.633  -3.200 0.5000000000
9288  22.900  -67.201  8.537 0.6000000238
9301  24.313  -66.747  8.031 0.6000000238
9315  25.534  -66.179  7.007 0.6000000238
9316  20.566  -66.327  6.286 0.6999999881
9329  26.633  -66.400  5.601 0.6999999881
9330  26.187  -66.970  6.210 0.6999999881
9339  21.334  -66.493  4.363 0.6000000238
9357  21.532  -66.332  3.653 0.6000000238
9369  27.900  -66.327  2.625 0.6000000238
9401  17.048  -66.346  -0.593 0.5000000000
9402  15.726  -67.223  -0.527 0.5000000000
9418  21.487  -66.379  -2.494 0.6000000238
9420  18.496  -67.023  -1.907 0.5000000000
9425  28.820  -66.247  -3.900 0.4000000060
9426  21.392  -66.934  -2.835 0.5000000000
9430  32.136  -66.445  -4.376 0.3000000119
9431  29.422  -66.053  -4.317 0.4000000060
9867  21.847  -64.935  9.132 0.6000000238
9917  26.641  -65.566  5.670 0.6999999881
9926  27.297  -65.432  4.558 0.6999999881
9928  21.216  -65.856  4.354 0.6000000238
9955  20.792  -65.194  3.494 0.6999999881
9956  16.219  -65.403  3.366 0.6000000238
9974  20.889  -65.408  2.662 0.6000000238
9975  16.266  -65.645  2.403 0.5000000000
9986  21.316  -65.997  1.430 0.5000000000
9987  20.724  -65.416  1.682 0.6000000238
9995  28.454  -65.708  0.254 0.5000000000
10002  28.545  -65.571  -0.635 0.4000000060
10010  28.568  -65.438  -1.483 0.4000000060
10012  21.544  -65.539  -2.054 0.6000000238
10013  17.717  -65.982  -1.124 0.5000000000
10019  28.561  -65.444  -2.326 0.4000000060
10020  21.426  -65.762  -2.408 0.6000000238
10021  19.569  -65.529  -2.479 0.6000000238
10028  20.879  -65.725  -2.853 0.6000000238
10031  31.186  -65.192  -4.490 0.4000000060
10032  29.923  -65.280  -4.410 0.4000000060
10497  22.469  -64.440  9.184 0.6000000238
10498  21.084  -64.498  8.987 0.6999999881
10527  26.149  -64.589  6.403 0.6999999881
10528  20.372  -64.851  6.590 0.6999999881
10548  19.618  -64.172  3.980 0.6999999881
10550  15.841  -64.930  4.938 0.5000000000
10572  20.040  -64.579  3.410 0.6000000238
10604  20.063  -64.675  1.712 0.5000000000
10605  19.532  -63.982  1.802 0.6000000238
10606  16.616  -64.687  1.851 0.6000000238
10616  16.654  -64.938  0.924 0.6000000238
10637  21.413  -64.730  -2.015 0.5000000000
10639  17.035  -64.504  -1.397 0.5000000000
10645  20.639  -64.060  -2.508 0.6000000238
10652  20.830  -64.869  -2.634 0.6000000238
10653  20.119  -64.660  -2.637 0.6000000238
11155  22.209  -63.760  9.354 0.6999999881
11202  27.141  -63.671  5.427 0.6999999881
11205  15.975  -63.554  5.493 0.4000000060
11217  19.756  -64.109  4.773 0.6999999881
11218  16.445  -63.965  4.235 0.6000000238
11219  16.199  -64.171  5.011 0.5000000000
11235  16.511  -63.905  3.336 0.6000000238
11250  19.256  -63.186  1.925 0.6000000238
11269  19.589  -63.322  1.174 0.6000000238
11296  27.960  -63.426  -0.843 0.5000000000
11297  21.223  -63.870  -1.855 0.5000000000
11300  15.084  -63.865  -1.076 0.6000000238
11308  27.789  -63.322  -1.796 0.4000000060
11310  16.375  -63.913  -1.718 0.6000000238
11321  20.928  -63.580  -2.269 0.6000000238
11323  19.553  -63.225  -2.340 0.6000000238
11325  16.973  -63.756  -1.860 0.6000000238
11328  29.987  -63.179  -3.844 0.4000000060
11795  22.751  -62.280  9.416 0.6000000238
11797  20.902  -62.269  9.385 0.8000000119
11810  24.788  -62.378  8.260 0.6000000238
11811  23.564  -62.721  8.999 0.6000000238
11833  18.944  -62.628  6.102 0.8000000119
11863  27.314  -62.082  3.180 0.6000000238
11866  16.159  -62.381  3.410 0.6000000238
11874  15.839  -62.493  2.471 0.6000000238
11885  14.343  -62.659  1.080 0.6000000238
11888  27.243  -62.495  0.356 0.5000000000
11891  19.786  -62.661  0.648 0.6000000238
11915  26.728  -61.601  -1.100 0.5000000000
11916  21.055  -63.237  -2.050 0.6000000238
11917  20.753  -62.579  -1.792 0.5000000000
11919  17.087  -63.025  -1.970 0.6000000238
11920  15.407  -62.975  -2.189 0.6000000238
11921  13.821  -62.677  -1.966 0.5000000000
11932  20.054  -62.561  -2.214 0.5000000000
11935  31.025  -62.717  -3.196 0.3000000119
11938  28.770  -62.245  -3.101 0.3000000119
12426  24.030  -61.180  9.229 0.6000000238
12452  19.761  -61.737  8.185 0.8000000119
12465  27.042  -62.045  6.974 0.6000000238
12466  18.949  -61.132  6.120 0.6000000238
12467  14.839  -61.422  6.633 0.3000000119
12538  20.397  -61.363  -0.455 0.6000000238
12550  20.545  -61.050  -1.108 0.5000000000
12551  12.211  -61.786  -1.392 0.5000000000
12552  11.276  -61.139  -1.092 0.6000000238
12565  27.075  -61.339  -1.676 0.4000000060
12567  20.422  -61.814  -1.543 0.5000000000
12568  20.072  -61.143  -1.606 0.5000000000
12569  19.220  -61.209  -1.611 0.5000000000
12571  15.439  -61.997  -1.893 0.6000000238
12572  13.793  -61.981  -2.161 0.5000000000
12581  27.768  -61.426  -2.235 0.3000000119
12584  18.625  -62.010  -1.800 0.6000000238
12585  30.877  -61.981  -2.984 0.3000000119
13139  28.237  -60.344  7.259 0.5000000000
13140  19.680  -60.633  7.314 0.6000000238
13150  28.522  -60.526  6.541 0.5000000000
13157  9.971  -60.305  6.484 0.3000000119
13162  28.659  -60.516  5.678 0.5000000000
13232  26.194  -60.669  0.071 0.4000000060
13233  19.822  -60.909  0.937 0.6000000238
13247  20.438  -60.094  -1.019 0.6000000238
13253  11.006  -60.405  -0.911 0.6000000238
13261  31.223  -60.437  -1.420 0.3000000119
13267  19.687  -60.331  -1.401 0.5000000000
13277  30.157  -60.686  -2.273 0.3000000119
13278  29.208  -60.661  -2.214 0.3000000119
13824  23.127  -59.671  9.590 0.6000000238
13856  9.770  -59.461  7.516 0.3000000119
13862  21.089  -59.158  6.781 0.6000000238
13866  9.552  -59.696  6.755 0.3000000119
13914  27.949  -59.304  2.723 0.4000000060
13948  10.382  -59.807  -0.238 0.4000000060
13959  18.631  -59.191  -0.639 0.4000000060
13960  16.849  -59.711  -0.215 0.5000000000
13962  13.167  -59.927  -0.757 0.5000000000
13971  20.275  -59.565  -1.019 0.6000000238
13972  20.005  -59.554  -1.172 0.5000000000
13973  19.244  -59.748  -1.108 0.6000000238
14491  12.923  -58.367  9.544 0.4000000060
14575  27.447  -59.208  1.937 0.5000000000
14594  31.895  -58.394  0.087 0.3000000119
14595  26.950  -58.476  -0.200 0.4000000060
14609  31.016  -58.232  -0.557 0.3000000119
14612  20.140  -59.136  -0.853 0.6000000238
14613  19.847  -58.671  -0.461 0.6000000238
14623  29.568  -58.499  -1.334 0.3000000119
15181  12.703  -57.611  9.772 0.4000000060
15182  11.839  -57.380  9.748 0.3000000119
15192  11.187  -57.893  9.430 0.3000000119
15194  9.798  -57.514  8.740 0.3000000119
15202  9.105  -57.438  8.108 0.3000000119
15879  11.671  -56.550  9.736 0.4000000060
16610  12.433  -55.529  9.780 0.4000000060
16612  10.910  -56.113  9.448 0.3000000119
16621  11.061  -55.198  9.247 0.4000000060
16630  9.014  -55.499  7.781 0.3000000119
16648  8.045  -55.413  5.655 0.4000000060
17326  13.561  -54.690  9.643 0.3000000119
17344  11.364  -54.346  8.876 0.4000000060
17345  10.524  -54.679  8.619 0.3000000119
17354  10.886  -53.863  8.170 0.3000000119
17381  8.339  -53.944  6.000 0.4000000060
17382  7.774  -53.897  5.867 0.4000000060
18090  13.680  -52.759  8.707 0.3000000119
18109  11.250  -53.136  7.705 0.3000000119
18123  10.075  -52.936  6.660 0.5000000000
18124  9.368  -53.485  6.455 0.5000000000
18910  11.487  -52.428  7.433 0.3000000119
19703  11.580  -51.631  7.150 0.3000000119
19724  10.454  -51.428  6.406 0.3000000119
19741  9.916  -51.237  6.166 0.3000000119
19743  8.841  -50.954  6.044 0.3000000119
20546  9.300  -50.315  6.057 0.3000000119
21368  13.503  -48.888  7.704 0.3000000119
21380  9.658  -49.088  6.153 0.3000000119
21382  8.522  -49.244  6.549 0.3000000119
21392  9.128  -49.509  6.132 0.3000000119
22244  14.366  -48.222  8.151 0.3000000119
23161  10.067  -48.089  6.677 0.3000000119
115375  16.703  -65.071  0.110 0.6000000238
115460  13.354  -58.693  4.413 0.4000000060
115633  24.237  -62.993  8.459 0.6000000238
115701  29.399  -57.358  -1.618 0.3000000119
115710  23.648  -72.163  6.525 0.5000000000
115890  7.008  -53.828  5.985 0.3000000119
116054  9.061  -52.458  6.118 0.4000000060
116946  24.961  -71.783  4.716 0.6999999881
117033  31.992  -72.018  2.485 0.3000000119
117112  13.763  -56.142  9.949 0.4000000060
117125  29.468  -74.588  -5.218 0.4000000060
117806  19.440  -69.611  2.927 0.5000000000
117933  20.460  -69.057  7.467 0.6000000238
117970  24.061  -74.572  1.889 0.6999999881
118139  21.459  -65.470  -1.646 0.4000000060
118308  26.193  -76.005  0.190 0.5000000000
118844  23.504  -73.409  5.779 0.5000000000
118885  24.863  -80.863  3.535 0.3000000119
119094  14.802  -59.580  5.360 0.4000000060
119663  20.450  -65.338  7.370 0.6999999881
119888  23.678  -75.269  -5.610 0.4000000060
120093  19.045  -63.109  2.702 0.6000000238
120331  14.743  -59.833  6.847 0.4000000060
120483  27.882  -80.967  8.988 0.3000000119
120892  25.894  -79.152  3.639 0.3000000119
121256  31.169  -70.260  1.956 0.3000000119
121552  25.857  -78.629  7.854 0.3000000119
121555  20.507  -65.511  6.452 0.6999999881
121946  32.805  -60.477  -0.124 0.3000000119
122400  14.555  -62.502  -2.224 0.6000000238
122539  21.680  -66.283  8.647 0.6000000238
122644  27.334  -72.191  -4.269 0.5000000000
122736  22.020  -63.009  9.460 0.6999999881
122767  20.041  -60.183  7.858 0.6000000238
122961  32.638  -72.401  -4.539 0.4000000060
123282  21.163  -65.274  -2.556 0.6000000238
123290  28.533  -66.703  -1.689 0.4000000060
123441  12.481  -46.854  6.531 0.3000000119
123755  28.845  -75.750  -3.862 0.4000000060
123841  22.410  -59.141  9.426 0.5000000000
123925  25.239  -79.426  -2.743 0.5000000000
124003  23.488  -75.921  0.244 0.6000000238
124127  27.573  -62.094  3.941 0.6000000238
124158  26.527  -59.760  1.006 0.4000000060
124385  21.755  -60.707  9.524 0.6000000238
124762  25.817  -67.607  6.530 0.6000000238
124885  21.304  -62.843  9.407 0.6000000238
124953  29.949  -70.299  -4.543 0.4000000060
125042  9.483  -50.959  6.070 0.3000000119
125091  11.255  -47.569  6.411 0.3000000119
125914  27.050  -59.419  -1.231 0.3000000119
126047  28.377  -63.505  -3.227 0.4000000060
126930  14.354  -56.722  9.650 0.4000000060
127088  29.027  -63.666  -3.708 0.4000000060
127231  20.329  -59.794  -0.341 0.6000000238
127344  25.098  -72.448  1.250 0.6999999881
127357  29.183  -71.851  -0.603 0.3000000119
127442  18.708  -61.887  5.864 0.6999999881
127494  33.362  -70.036  -4.294 0.3000000119
127845  31.931  -60.706  -1.432 0.3000000119
127881  33.730  -70.000  -3.945 0.3000000119
128428  25.564  -80.485  5.995 0.3000000119
129655  26.888  -69.177  2.411 0.8000000119
129735  20.400  -63.889  -0.290 0.5000000000
130105  12.358  -62.256  -0.635 0.5000000000
130329  18.351  -68.036  -2.945 0.5000000000
130649  19.795  -60.909  8.110 0.6999999881
130696  25.386  -81.994  4.822 0.3000000119
130856  24.304  -79.911  3.008 0.3000000119
131004  15.188  -57.381  8.172 0.4000000060
131090  26.652  -70.680  -1.245 0.6000000238
131502  33.283  -68.626  -4.230 0.3000000119
131748  25.687  -77.124  -0.431 0.5000000000
131882  20.087  -68.048  -3.404 0.5000000000
132000  26.329  -60.434  -0.495 0.4000000060
132109  10.276  -60.030  0.154 0.4000000060
132372  25.034  -72.095  4.055 0.6000000238
132418  10.951  -51.628  6.712 0.3000000119
132442  30.370  -65.855  -4.523 0.4000000060
132879  18.187  -64.787  -1.790 0.5000000000
133168  24.562  -78.684  1.749 0.5000000000
133522  30.898  -70.417  -4.670 0.4000000060
133677  33.161  -70.879  -4.293 0.4000000060
133684  27.322  -69.232  -0.469 0.6999999881
133823  28.083  -66.351  1.924 0.6000000238
133931  17.498  -66.628  -1.146 0.5000000000
134270  27.074  -62.374  1.118 0.5000000000
134285  29.235  -73.248  2.359 0.3000000119
134733  25.170  -78.315  7.917 0.3000000119
134809  27.681  -60.728  7.461 0.5000000000
135025  20.282  -64.613  5.913 0.6999999881
135096  25.978  -61.792  7.800 0.6000000238
135528  21.210  -67.748  4.386 0.6000000238
135648  17.848  -68.413  -3.457 0.5000000000
136211  16.432  -64.591  -0.507 0.6000000238
136316  9.446  -58.818  7.714 0.3000000119
136831  25.829  -70.996  2.634 0.6999999881
136974  17.444  -61.520  -1.447 0.6000000238
137763  16.125  -62.937  5.301 0.4000000060
137814  27.357  -63.697  4.898 0.6999999881
137917  26.248  -70.428  2.316 0.6999999881
137942  7.723  -56.021  5.137 0.4000000060
138066  19.126  -63.818  -2.329 0.6000000238
138319  20.240  -59.186  -0.476 0.6000000238
138595  20.796  -68.102  -3.516 0.5000000000
138655  15.894  -62.050  5.571 0.4000000060
138684  18.936  -61.073  3.998 0.5000000000
138846  16.802  -61.096  -1.090 0.5000000000
138865  19.546  -60.219  2.496 0.5000000000
139040  25.436  -71.936  1.364 0.6999999881
139529  31.911  -72.767  -5.262 0.4000000060
139604  32.464  -73.018  -4.950 0.3000000119
139747  24.970  -74.800  -5.266 0.4000000060
