#!ascii label  , from subject sub-v1s11x0050160_ses-1 vox2ras=TkReg
338
64959  28.138  -1.789  -15.195 0.0000000000
59086  24.129  -7.465  -8.857 0.0000000000
71822  26.248  5.760  -17.229 0.0000000000
81834  24.835  16.507  -21.075 0.0000000000
56956  23.330  -8.928  -8.166 0.0000000000
74525  28.049  8.229  -16.679 0.0000000000
76313  27.365  11.038  -18.503 0.0000000000
64024  25.857  -1.583  -14.186 0.0000000000
62103  26.430  -3.871  -12.698 0.0000000000
62136  28.886  -4.368  -14.524 0.0000000000
128321  31.334  -0.293  -14.428 0.0000000000
63123  31.766  -4.798  -16.200 0.0000000000
127917  26.941  1.856  -15.757 0.0000000000
123866  28.607  4.843  -15.084 0.0000000000
124103  24.095  13.796  -19.475 0.0000000000
79124  26.902  13.538  -19.826 0.0000000000
61122  26.330  -5.533  -9.355 0.0000000000
75398  26.355  9.480  -18.767 0.0000000000
76324  26.167  11.061  -19.480 0.0000000000
64038  27.424  -2.292  -14.974 0.0000000000
63101  27.709  -3.303  -14.475 0.0000000000
64036  29.033  -3.377  -15.088 0.0000000000
58033  23.750  -8.203  -8.505 0.0000000000
69857  26.231  3.594  -16.615 0.0000000000
69839  28.102  3.538  -14.843 0.0000000000
71810  27.112  5.159  -16.058 0.0000000000
133667  29.377  9.299  -16.448 0.0000000000
73655  29.585  8.089  -15.828 0.0000000000
139439  24.498  17.790  -20.000 0.0000000000
80024  21.484  14.164  -19.553 0.0000000000
132226  24.915  15.142  -19.973 0.0000000000
80977  24.993  15.514  -25.163 0.0000000000
81850  26.388  15.954  -22.972 0.0000000000
116217  26.300  15.059  -21.391 0.0000000000
80926  27.332  15.164  -20.354 0.0000000000
79111  28.948  13.877  -18.986 0.0000000000
62086  27.470  -4.436  -11.745 0.0000000000
62066  26.091  -4.814  -10.839 0.0000000000
55915  21.983  -9.573  -7.395 0.0000000000
72771  26.729  6.724  -17.299 0.0000000000
74537  26.678  8.377  -18.017 0.0000000000
75388  27.534  9.550  -17.665 0.0000000000
77225  29.185  11.166  -17.416 0.0000000000
119570  24.475  -3.067  -12.847 0.0000000000
64010  26.368  -2.537  -13.667 0.0000000000
62121  27.917  -4.255  -13.607 0.0000000000
63075  29.547  -4.525  -12.923 0.0000000000
65920  29.566  -0.912  -14.472 0.0000000000
64035  29.974  -3.507  -15.164 0.0000000000
64034  31.659  -2.726  -15.471 0.0000000000
65934  26.661  -0.806  -15.483 0.0000000000
67933  25.751  1.292  -16.459 0.0000000000
66961  27.891  0.058  -14.947 0.0000000000
67898  28.486  1.657  -14.491 0.0000000000
68830  30.171  2.341  -14.238 0.0000000000
69823  30.391  3.650  -14.406 0.0000000000
72744  28.635  6.472  -15.606 0.0000000000
71794  29.902  5.757  -14.854 0.0000000000
78174  23.301  11.700  -19.543 0.0000000000
81851  24.885  15.957  -22.343 0.0000000000
137508  25.771  14.684  -20.837 0.0000000000
78173  25.503  13.044  -19.822 0.0000000000
124242  25.517  12.201  -19.663 0.0000000000
78158  27.562  12.472  -18.992 0.0000000000
78148  29.676  12.832  -18.611 0.0000000000
60159  23.984  -6.175  -9.742 0.0000000000
62088  25.025  -4.160  -11.911 0.0000000000
62147  30.522  -4.794  -15.098 0.0000000000
62117  30.605  -5.034  -14.509 0.0000000000
76334  25.126  10.354  -19.626 0.0000000000
76335  24.211  10.204  -19.636 0.0000000000
64975  27.639  -2.005  -15.182 0.0000000000
64037  28.142  -2.749  -15.087 0.0000000000
64974  28.601  -2.548  -15.107 0.0000000000
54935  22.080  -11.031  -6.355 0.0000000000
55902  22.001  -10.389  -6.906 0.0000000000
71811  26.395  5.100  -16.679 0.0000000000
70833  26.557  4.341  -16.299 0.0000000000
75385  30.428  10.173  -16.653 0.0000000000
74522  30.864  8.902  -16.285 0.0000000000
132271  24.647  17.000  -20.074 0.0000000000
81817  24.229  16.551  -19.561 0.0000000000
80910  23.487  15.201  -19.344 0.0000000000
80927  24.887  15.930  -20.221 0.0000000000
80940  26.972  15.424  -21.105 0.0000000000
80925  28.261  15.726  -19.937 0.0000000000
62064  28.298  -4.247  -11.141 0.0000000000
124648  27.725  -4.456  -10.738 0.0000000000
59100  22.837  -6.831  -9.196 0.0000000000
73679  26.260  7.886  -18.332 0.0000000000
74547  25.716  8.153  -18.949 0.0000000000
75397  26.952  10.143  -18.460 0.0000000000
76303  27.743  10.426  -17.853 0.0000000000
76302  28.445  10.615  -17.472 0.0000000000
76312  28.138  11.175  -17.887 0.0000000000
127956  24.594  19.298  -22.787 0.0000000000
64012  25.025  -2.276  -13.512 0.0000000000
64011  25.819  -1.978  -13.754 0.0000000000
119758  28.384  -3.686  -14.700 0.0000000000
63090  27.491  -3.618  -13.942 0.0000000000
62120  28.626  -4.552  -13.903 0.0000000000
62101  28.384  -4.629  -13.122 0.0000000000
62119  29.343  -4.874  -14.163 0.0000000000
56946  22.924  -9.596  -7.715 0.0000000000
55914  22.619  -10.152  -7.267 0.0000000000
65919  30.536  -0.613  -14.326 0.0000000000
64956  30.946  -2.239  -14.880 0.0000000000
65918  31.279  -1.260  -14.571 0.0000000000
65935  26.195  -0.763  -15.460 0.0000000000
127550  26.326  1.947  -16.382 0.0000000000
67932  26.503  1.131  -16.122 0.0000000000
66976  26.682  0.370  -15.857 0.0000000000
67916  27.139  1.024  -15.629 0.0000000000
129616  28.395  0.698  -14.578 0.0000000000
67915  27.556  1.803  -15.008 0.0000000000
70817  28.900  4.142  -14.748 0.0000000000
68831  29.221  2.649  -14.363 0.0000000000
69824  29.531  3.544  -14.426 0.0000000000
129800  30.018  3.045  -14.267 0.0000000000
70802  29.898  4.324  -14.492 0.0000000000
73657  27.412  7.549  -17.014 0.0000000000
72760  27.524  6.747  -16.530 0.0000000000
73656  28.112  7.423  -16.356 0.0000000000
72743  29.552  6.561  -15.252 0.0000000000
70815  31.270  4.960  -14.866 0.0000000000
125120  23.262  13.736  -19.378 0.0000000000
79128  21.216  13.569  -20.096 0.0000000000
78163  22.273  12.707  -19.646 0.0000000000
78176  21.603  12.630  -20.146 0.0000000000
78162  23.005  12.494  -19.500 0.0000000000
80964  25.458  15.581  -23.607 0.0000000000
80973  24.820  15.597  -24.756 0.0000000000
80957  25.180  15.595  -23.110 0.0000000000
80942  25.747  15.194  -21.649 0.0000000000
80039  26.486  14.629  -20.689 0.0000000000
79140  26.088  14.154  -20.403 0.0000000000
79126  26.027  13.445  -20.059 0.0000000000
126454  26.372  13.087  -19.851 0.0000000000
78171  26.406  12.365  -19.635 0.0000000000
78170  26.912  12.811  -19.577 0.0000000000
79110  29.646  14.287  -18.599 0.0000000000
78157  28.665  12.977  -18.880 0.0000000000
79101  30.184  13.414  -18.193 0.0000000000
78147  30.602  12.790  -17.883 0.0000000000
61147  23.560  -5.615  -10.261 0.0000000000
62104  25.522  -3.648  -12.561 0.0000000000
62105  24.709  -3.554  -12.451 0.0000000000
135682  25.807  -4.252  -11.989 0.0000000000
61144  25.939  -5.201  -10.014 0.0000000000
61145  25.244  -5.193  -10.471 0.0000000000
61123  25.454  -5.703  -9.605 0.0000000000
63109  31.408  -3.923  -15.923 0.0000000000
63110  30.588  -4.213  -15.447 0.0000000000
62146  31.302  -4.878  -15.538 0.0000000000
74555  25.930  8.973  -18.967 0.0000000000
75408  25.267  9.625  -19.542 0.0000000000
125145  26.282  10.297  -19.147 0.0000000000
76323  26.696  11.008  -19.058 0.0000000000
64039  26.757  -1.829  -14.814 0.0000000000
64023  26.521  -2.053  -14.246 0.0000000000
63113  27.891  -3.035  -14.851 0.0000000000
63112  28.505  -3.394  -14.930 0.0000000000
63100  29.040  -4.020  -14.934 0.0000000000
56945  23.864  -9.533  -7.756 0.0000000000
58016  24.160  -8.858  -8.158 0.0000000000
56944  24.624  -9.510  -7.498 0.0000000000
66946  31.838  0.425  -14.620 0.0000000000
65932  32.047  -1.325  -14.864 0.0000000000
69872  25.744  3.142  -17.077 0.0000000000
68862  26.784  2.710  -15.876 0.0000000000
68849  27.379  2.619  -15.241 0.0000000000
69840  27.377  3.470  -15.365 0.0000000000
70818  27.996  4.267  -15.155 0.0000000000
71796  27.931  5.060  -15.518 0.0000000000
74524  28.869  8.737  -16.360 0.0000000000
126497  28.674  7.962  -16.159 0.0000000000
74523  29.873  8.843  -16.178 0.0000000000
126611  30.508  8.413  -15.938 0.0000000000
80023  23.416  14.392  -19.340 0.0000000000
80022  24.393  14.645  -19.632 0.0000000000
80971  25.695  15.689  -23.859 0.0000000000
80955  26.186  15.546  -22.571 0.0000000000
80941  26.003  15.210  -21.950 0.0000000000
80038  26.993  14.292  -20.125 0.0000000000
80021  27.479  14.047  -19.673 0.0000000000
80037  27.771  14.831  -19.715 0.0000000000
80019  29.260  14.733  -18.860 0.0000000000
118927  27.046  -4.334  -12.515 0.0000000000
62087  26.526  -4.491  -11.769 0.0000000000
62065  26.977  -4.614  -10.828 0.0000000000
58017  22.414  -8.858  -7.938 0.0000000000
58034  22.860  -8.182  -8.409 0.0000000000
59087  23.284  -7.517  -8.833 0.0000000000
72772  25.981  6.239  -17.913 0.0000000000
73670  26.759  7.690  -17.693 0.0000000000
135543  27.335  8.513  -17.457 0.0000000000
74545  26.849  9.127  -18.153 0.0000000000
74536  28.110  9.093  -16.956 0.0000000000
75374  28.783  9.423  -16.704 0.0000000000
76301  29.783  10.607  -17.007 0.0000000000
76300  30.597  10.758  -17.007 0.0000000000
83505  24.536  18.433  -20.395 0.0000000000
83516  24.677  18.383  -21.345 0.0000000000
128532  24.726  17.261  -21.950 0.0000000000
63092  25.584  -2.539  -13.373 0.0000000000
63076  26.019  -3.079  -13.122 0.0000000000
63102  27.076  -2.848  -14.095 0.0000000000
63091  26.810  -3.267  -13.482 0.0000000000
62122  27.259  -3.953  -13.201 0.0000000000
62102  27.686  -4.424  -12.800 0.0000000000
62085  28.270  -4.355  -12.172 0.0000000000
62084  28.975  -4.469  -12.534 0.0000000000
128652  28.714  -1.139  -14.815 0.0000000000
64021  29.508  -2.692  -15.015 0.0000000000
139512  30.285  -2.706  -15.004 0.0000000000
121658  30.832  -3.175  -15.381 0.0000000000
64972  32.458  -1.956  -15.392 0.0000000000
64048  32.320  -3.020  -16.007 0.0000000000
127466  32.295  -4.677  -16.599 0.0000000000
64977  26.194  -1.181  -15.082 0.0000000000
64976  26.868  -1.458  -15.201 0.0000000000
65933  27.299  -1.140  -15.309 0.0000000000
66977  26.147  0.600  -16.080 0.0000000000
129354  26.895  -0.375  -15.619 0.0000000000
65921  27.996  -0.815  -15.083 0.0000000000
66949  28.815  -0.142  -14.607 0.0000000000
66948  29.898  0.165  -14.223 0.0000000000
68848  28.109  2.701  -14.673 0.0000000000
67897  29.492  1.802  -14.262 0.0000000000
67896  30.340  1.330  -14.184 0.0000000000
67895  31.470  1.326  -14.465 0.0000000000
68829  31.072  2.175  -14.333 0.0000000000
71821  26.939  5.943  -16.577 0.0000000000
71809  27.846  5.999  -15.906 0.0000000000
71795  28.821  5.683  -15.255 0.0000000000
73635  28.888  7.274  -15.716 0.0000000000
117905  29.417  4.993  -14.781 0.0000000000
70816  30.368  5.047  -14.645 0.0000000000
127962  24.532  17.440  -23.014 0.0000000000
82690  24.482  16.506  -23.691 0.0000000000
80943  25.205  15.606  -21.431 0.0000000000
80058  25.359  15.082  -20.758 0.0000000000
79127  25.030  13.803  -19.855 0.0000000000
80057  26.003  14.711  -21.054 0.0000000000
137470  25.790  14.042  -20.298 0.0000000000
79113  24.574  13.046  -19.582 0.0000000000
78161  23.953  12.369  -19.438 0.0000000000
78160  24.876  12.259  -19.600 0.0000000000
117035  24.965  11.299  -19.607 0.0000000000
77245  26.081  11.786  -19.612 0.0000000000
77238  26.516  11.700  -19.426 0.0000000000
77237  27.097  11.685  -19.074 0.0000000000
79112  27.772  13.423  -19.200 0.0000000000
78149  28.306  12.244  -18.699 0.0000000000
77233  27.845  11.707  -18.601 0.0000000000
77232  28.895  11.781  -18.069 0.0000000000
77224  30.297  11.286  -17.315 0.0000000000
59099  23.647  -6.845  -9.271 0.0000000000
60145  24.424  -6.707  -9.227 0.0000000000
61155  24.546  -4.739  -11.124 0.0000000000
62067  25.435  -4.644  -11.316 0.0000000000
61146  24.391  -5.498  -10.297 0.0000000000
61124  24.713  -6.011  -9.643 0.0000000000
63111  29.781  -4.211  -15.133 0.0000000000
62135  29.720  -4.729  -14.743 0.0000000000
61194  31.593  -5.193  -15.498 0.0000000000
129604  31.145  -5.100  -15.169 0.0000000000
62118  29.995  -5.094  -14.350 0.0000000000
63089  30.258  -4.968  -13.896 0.0000000000
61182  31.640  -5.191  -15.441 0.0000000000
61193  31.858  -5.330  -15.720 0.0000000000
62099  29.722  -4.921  -13.682 0.0000000000
62100  29.070  -4.793  -13.446 0.0000000000
62134  30.424  -5.003  -14.771 0.0000000000
62137  28.163  -3.987  -14.263 0.0000000000
62154  32.230  -5.180  -16.411 0.0000000000
63077  25.186  -3.076  -12.967 0.0000000000
63122  32.183  -4.025  -16.463 0.0000000000
63137  32.748  -4.905  -16.955 0.0000000000
64022  27.258  -2.560  -14.600 0.0000000000
64957  30.204  -1.775  -14.623 0.0000000000
64958  29.105  -1.868  -14.855 0.0000000000
64973  31.651  -2.010  -14.966 0.0000000000
65917  31.997  -0.516  -14.715 0.0000000000
65953  26.248  -0.116  -15.768 0.0000000000
66947  30.919  0.406  -14.248 0.0000000000
66962  27.280  0.208  -15.492 0.0000000000
68863  26.248  2.818  -16.557 0.0000000000
69825  28.756  3.336  -14.573 0.0000000000
69856  26.677  3.560  -16.012 0.0000000000
70801  30.807  4.339  -14.599 0.0000000000
70832  27.216  4.338  -15.663 0.0000000000
71793  30.893  5.681  -14.915 0.0000000000
72759  28.186  6.787  -16.020 0.0000000000
73633  30.591  6.910  -15.311 0.0000000000
73634  29.840  7.348  -15.468 0.0000000000
74546  26.308  8.657  -18.543 0.0000000000
74556  25.432  8.900  -19.332 0.0000000000
75373  30.181  9.466  -16.437 0.0000000000
75386  29.373  9.939  -16.723 0.0000000000
75387  28.381  9.942  -17.194 0.0000000000
75407  25.841  9.627  -19.248 0.0000000000
76325  25.745  10.371  -19.490 0.0000000000
76333  25.683  11.128  -19.594 0.0000000000
77231  30.118  12.042  -17.844 0.0000000000
77239  24.185  11.687  -19.482 0.0000000000
77246  25.727  11.810  -19.620 0.0000000000
78159  26.847  12.198  -19.415 0.0000000000
78172  25.984  12.535  -19.792 0.0000000000
79102  29.519  13.677  -18.730 0.0000000000
79114  23.603  13.117  -19.433 0.0000000000
79115  22.731  13.251  -19.469 0.0000000000
79116  21.915  13.375  -19.612 0.0000000000
79125  26.386  13.861  -20.136 0.0000000000
80020  28.264  14.368  -19.203 0.0000000000
80040  25.345  14.523  -20.232 0.0000000000
80908  28.771  15.269  -19.345 0.0000000000
80909  24.278  15.614  -19.599 0.0000000000
80963  25.921  15.553  -23.262 0.0000000000
80972  25.272  15.581  -24.435 0.0000000000
81802  23.417  16.074  -19.276 0.0000000000
82656  24.676  17.590  -20.768 0.0000000000
82657  24.182  17.457  -19.524 0.0000000000
82679  24.622  16.507  -22.882 0.0000000000
117540  28.994  10.437  -17.139 0.0000000000
121278  30.754  2.941  -14.369 0.0000000000
121298  25.391  15.541  -22.328 0.0000000000
122659  27.724  0.909  -14.911 0.0000000000
128647  29.229  0.933  -14.301 0.0000000000
132524  24.699  15.674  -25.304 0.0000000000
134203  27.428  -0.462  -15.355 0.0000000000
136652  27.709  3.112  -14.965 0.0000000000
136806  22.454  14.069  -19.317 0.0000000000
136996  24.382  -9.208  -7.834 0.0000000000
137496  24.930  -5.585  -9.995 0.0000000000
138540  25.956  -4.565  -11.488 0.0000000000
139160  28.093  -2.334  -15.208 0.0000000000
139239  31.272  -2.508  -15.169 0.0000000000
