#!ascii label  , from subject sub-v1s11x0050144_ses-1 vox2ras=TkReg
989
57239  -31.828  -23.149  44.923 0.0000000000
58338  -14.754  -22.167  45.053 0.0000000000
53958  -22.556  -26.842  45.378 0.0000000000
82256  -44.551  -1.689  30.632 0.0000000000
83448  -50.222  -0.577  24.631 0.0000000000
57096  -6.823  -23.872  50.772 0.0000000000
79978  -40.581  -3.632  32.813 0.0000000000
135433  -34.560  -19.277  43.511 0.0000000000
57210  -26.256  -23.450  45.477 0.0000000000
137764  -10.438  -22.740  47.929 0.0000000000
53922  -9.413  -26.781  47.302 0.0000000000
60790  -26.169  -20.884  40.525 0.0000000000
62009  -29.848  -19.460  38.541 0.0000000000
54970  -18.430  -25.920  45.460 0.0000000000
140609  -21.698  -19.645  43.832 0.0000000000
71029  -36.785  -11.798  32.909 0.0000000000
74687  -40.973  -8.695  32.585 0.0000000000
76848  -44.493  -6.625  31.127 0.0000000000
49756  -3.477  -30.015  52.897 0.0000000000
47448  -0.554  -32.777  55.133 0.0000000000
143488  -30.634  -16.114  37.519 0.0000000000
69842  -30.044  -12.529  36.466 0.0000000000
137976  -32.961  -13.096  34.586 0.0000000000
162600  -5.879  -28.524  50.266 0.0000000000
56068  -14.179  -24.253  45.842 0.0000000000
57182  -16.160  -23.402  46.622 0.0000000000
57236  -29.365  -23.871  44.715 0.0000000000
60652  -14.352  -19.906  47.089 0.0000000000
58324  -12.604  -22.485  46.058 0.0000000000
57179  -12.223  -24.162  45.942 0.0000000000
63047  -26.391  -18.283  42.427 0.0000000000
63045  -24.055  -18.749  42.213 0.0000000000
73527  -36.753  -9.210  32.972 0.0000000000
71045  -39.132  -10.948  32.660 0.0000000000
148195  -37.841  -7.679  32.608 0.0000000000
78919  -42.250  -4.601  31.056 0.0000000000
78935  -44.584  -4.261  30.047 0.0000000000
77879  -46.458  -5.318  30.733 0.0000000000
80021  -45.935  -3.590  29.123 0.0000000000
80038  -47.679  -3.334  27.649 0.0000000000
65275  -28.900  -17.015  40.747 0.0000000000
64157  -30.004  -18.005  38.005 0.0000000000
66416  -27.663  -15.231  39.742 0.0000000000
70981  -27.062  -11.456  37.220 0.0000000000
72265  -29.128  -10.073  35.357 0.0000000000
145982  -31.416  -12.693  35.236 0.0000000000
73511  -31.295  -9.800  34.500 0.0000000000
72282  -33.493  -10.641  34.109 0.0000000000
53945  -20.414  -27.253  45.884 0.0000000000
53858  -4.792  -26.937  51.747 0.0000000000
53878  -6.211  -26.349  49.973 0.0000000000
45318  -1.465  -34.787  57.139 0.0000000000
44192  0.399  -36.042  58.109 0.0000000000
78887  -38.393  -4.701  34.190 0.0000000000
64121  -34.842  -17.412  42.462 0.0000000000
56092  -24.268  -24.580  45.385 0.0000000000
57117  -9.042  -22.987  48.911 0.0000000000
54922  -7.716  -25.462  48.614 0.0000000000
56051  -10.035  -24.668  47.115 0.0000000000
150313  -51.421  0.100  23.390 0.0000000000
140706  -29.339  -23.075  41.917 0.0000000000
58435  -30.720  -22.083  40.752 0.0000000000
60810  -28.536  -20.920  39.444 0.0000000000
60706  -16.321  -20.686  44.723 0.0000000000
57205  -16.740  -23.395  45.088 0.0000000000
58341  -18.393  -22.572  44.633 0.0000000000
150464  -19.664  -25.388  44.950 0.0000000000
151174  -21.123  -24.978  44.236 0.0000000000
59553  -21.361  -21.783  45.209 0.0000000000
57253  -22.132  -23.564  42.994 0.0000000000
59590  -23.765  -21.835  42.972 0.0000000000
58396  -26.288  -22.608  41.900 0.0000000000
68671  -37.087  -13.772  35.176 0.0000000000
150450  -40.109  -5.798  32.091 0.0000000000
75813  -42.654  -7.973  31.899 0.0000000000
80048  -49.234  -3.076  26.403 0.0000000000
49713  -2.039  -31.474  54.125 0.0000000000
46429  -2.783  -33.363  55.733 0.0000000000
61974  -32.615  -19.883  39.957 0.0000000000
64152  -32.844  -17.840  38.902 0.0000000000
66436  -32.423  -15.674  38.366 0.0000000000
68618  -26.861  -13.484  38.457 0.0000000000
67565  -29.394  -13.913  37.645 0.0000000000
68606  -31.870  -12.688  39.516 0.0000000000
69810  -32.101  -11.743  38.657 0.0000000000
68654  -33.591  -13.693  36.610 0.0000000000
67582  -35.704  -14.047  36.298 0.0000000000
69867  -35.276  -13.120  33.961 0.0000000000
72284  -34.961  -10.696  33.929 0.0000000000
163128  -17.238  -25.905  47.190 0.0000000000
52691  -3.530  -27.842  53.274 0.0000000000
50730  -4.806  -29.082  51.530 0.0000000000
52777  -7.722  -27.579  48.485 0.0000000000
43108  2.216  -37.580  58.945 0.0000000000
57203  -14.455  -23.388  45.589 0.0000000000
57180  -14.963  -23.456  46.120 0.0000000000
57204  -15.363  -23.006  45.598 0.0000000000
57237  -30.289  -23.548  44.429 0.0000000000
59548  -14.159  -20.874  45.794 0.0000000000
59533  -13.466  -21.204  46.124 0.0000000000
58325  -13.291  -22.027  45.705 0.0000000000
58336  -13.347  -23.038  45.518 0.0000000000
75801  -36.496  -7.413  33.558 0.0000000000
74667  -36.845  -8.423  32.998 0.0000000000
75802  -36.026  -6.470  33.194 0.0000000000
81109  -43.928  -2.140  30.773 0.0000000000
79990  -42.882  -3.110  30.877 0.0000000000
81118  -44.268  -2.624  30.029 0.0000000000
78956  -45.388  -4.081  29.661 0.0000000000
81135  -44.871  -2.763  29.554 0.0000000000
81146  -45.956  -2.345  28.688 0.0000000000
65274  -28.580  -16.505  40.185 0.0000000000
73486  -28.648  -8.590  36.537 0.0000000000
73498  -29.854  -9.738  34.922 0.0000000000
75785  -31.018  -7.783  35.666 0.0000000000
151931  -32.455  -8.078  35.358 0.0000000000
52863  -21.975  -27.161  45.642 0.0000000000
52822  -21.560  -27.558  47.168 0.0000000000
147852  -22.656  -27.275  46.899 0.0000000000
163704  -5.616  -25.622  51.222 0.0000000000
56002  -6.813  -24.872  49.870 0.0000000000
156250  -50.644  -1.962  24.863 0.0000000000
44214  -0.763  -35.373  57.587 0.0000000000
159168  -35.007  -19.894  44.747 0.0000000000
63050  -34.578  -18.212  42.618 0.0000000000
57208  -24.798  -23.611  45.613 0.0000000000
137496  -25.899  -23.563  46.196 0.0000000000
59505  -11.490  -21.391  48.474 0.0000000000
59504  -10.767  -21.714  48.848 0.0000000000
58286  -9.417  -22.348  49.512 0.0000000000
57138  -9.789  -23.025  48.259 0.0000000000
57137  -9.204  -23.574  48.312 0.0000000000
57156  -10.256  -23.294  47.668 0.0000000000
139930  -13.003  -25.683  46.169 0.0000000000
54953  -12.041  -25.759  46.247 0.0000000000
58431  -27.700  -22.492  40.698 0.0000000000
58447  -28.788  -22.205  40.023 0.0000000000
60791  -27.784  -21.154  39.972 0.0000000000
60687  -17.463  -20.158  45.071 0.0000000000
59569  -17.438  -21.479  44.477 0.0000000000
59551  -18.634  -21.158  44.980 0.0000000000
57183  -20.086  -24.107  46.190 0.0000000000
56072  -20.558  -24.371  45.875 0.0000000000
56104  -20.406  -25.138  44.836 0.0000000000
56091  -20.795  -24.454  45.335 0.0000000000
61876  -22.023  -19.211  45.604 0.0000000000
60709  -21.255  -20.895  44.723 0.0000000000
58359  -21.403  -22.712  43.786 0.0000000000
59587  -21.608  -21.731  43.413 0.0000000000
58377  -22.491  -22.549  42.966 0.0000000000
59601  -22.612  -21.042  42.681 0.0000000000
61945  -25.264  -19.446  41.187 0.0000000000
59617  -24.998  -21.246  41.436 0.0000000000
58408  -26.199  -22.176  41.063 0.0000000000
57267  -27.710  -23.257  42.176 0.0000000000
68691  -36.830  -13.276  33.781 0.0000000000
68673  -38.865  -13.217  34.909 0.0000000000
69878  -37.941  -12.672  33.279 0.0000000000
73542  -39.631  -9.391  32.493 0.0000000000
72302  -40.556  -10.930  33.287 0.0000000000
78898  -39.855  -3.906  33.282 0.0000000000
77847  -38.505  -5.110  32.798 0.0000000000
78907  -40.131  -4.378  32.383 0.0000000000
77859  -43.354  -6.023  30.983 0.0000000000
76846  -42.551  -6.196  31.267 0.0000000000
141299  -43.948  -7.196  31.328 0.0000000000
74710  -44.139  -8.071  31.758 0.0000000000
80039  -48.411  -3.518  27.395 0.0000000000
81164  -48.197  -2.413  26.622 0.0000000000
136039  -48.807  -2.297  26.168 0.0000000000
50688  -2.822  -29.827  53.441 0.0000000000
50676  -2.223  -29.748  54.125 0.0000000000
49734  -3.252  -30.747  53.231 0.0000000000
47474  -3.748  -32.254  54.546 0.0000000000
46412  -3.547  -33.325  57.056 0.0000000000
59657  -30.743  -21.270  39.489 0.0000000000
59644  -31.661  -21.281  40.493 0.0000000000
60813  -31.178  -20.536  38.919 0.0000000000
65299  -30.584  -16.831  37.573 0.0000000000
63100  -31.666  -18.517  37.952 0.0000000000
64166  -31.970  -16.960  37.764 0.0000000000
142777  -32.884  -17.098  38.806 0.0000000000
65292  -31.973  -16.099  37.749 0.0000000000
70962  -26.415  -11.788  39.444 0.0000000000
155872  -28.217  -12.030  36.589 0.0000000000
136356  -27.719  -12.888  37.390 0.0000000000
68638  -29.794  -13.130  37.476 0.0000000000
67549  -30.753  -13.735  37.960 0.0000000000
69808  -30.989  -12.614  38.065 0.0000000000
69790  -31.588  -11.945  39.070 0.0000000000
69827  -31.180  -12.499  37.662 0.0000000000
69864  -32.042  -12.600  34.664 0.0000000000
159053  -32.073  -13.314  36.043 0.0000000000
68679  -32.954  -13.558  35.290 0.0000000000
67580  -34.410  -13.908  36.758 0.0000000000
68668  -34.470  -13.974  35.317 0.0000000000
68669  -35.295  -13.993  35.082 0.0000000000
159976  -33.876  -13.186  34.403 0.0000000000
73501  -34.511  -9.336  35.165 0.0000000000
73513  -34.733  -9.899  34.580 0.0000000000
73502  -35.231  -9.455  35.368 0.0000000000
56088  -17.554  -24.606  45.229 0.0000000000
56070  -17.024  -25.018  46.024 0.0000000000
54957  -17.425  -25.798  46.422 0.0000000000
149616  -5.548  -27.850  50.473 0.0000000000
51751  -4.800  -28.362  51.449 0.0000000000
51752  -5.300  -28.651  50.865 0.0000000000
54923  -8.359  -25.659  48.030 0.0000000000
53904  -7.833  -26.506  48.311 0.0000000000
53905  -8.316  -27.262  48.001 0.0000000000
54955  -14.088  -24.829  46.327 0.0000000000
56052  -14.575  -23.994  46.604 0.0000000000
57159  -15.959  -22.979  47.387 0.0000000000
56030  -16.216  -23.465  48.262 0.0000000000
156845  -27.752  -23.857  44.854 0.0000000000
57189  -27.310  -23.999  46.322 0.0000000000
60650  -12.886  -20.612  47.753 0.0000000000
59518  -12.442  -21.262  47.268 0.0000000000
58310  -11.511  -22.346  47.252 0.0000000000
57178  -11.244  -23.903  46.561 0.0000000000
140874  -12.602  -23.342  45.842 0.0000000000
56085  -13.058  -24.842  45.704 0.0000000000
61946  -26.279  -19.344  41.018 0.0000000000
61947  -27.297  -19.328  41.152 0.0000000000
63020  -22.878  -18.259  44.191 0.0000000000
61906  -22.691  -19.175  42.925 0.0000000000
63046  -25.400  -18.101  42.266 0.0000000000
72320  -36.872  -10.952  32.764 0.0000000000
71044  -38.339  -11.320  32.630 0.0000000000
142703  -37.780  -9.943  32.476 0.0000000000
74685  -38.192  -8.574  32.483 0.0000000000
74686  -39.703  -8.481  32.414 0.0000000000
79988  -41.409  -3.703  31.708 0.0000000000
156020  -42.371  -3.321  31.253 0.0000000000
78933  -42.996  -4.535  30.652 0.0000000000
77877  -44.589  -5.151  30.527 0.0000000000
77862  -46.009  -5.917  31.038 0.0000000000
146660  -45.231  -4.724  30.245 0.0000000000
78957  -46.348  -4.264  29.610 0.0000000000
78958  -47.318  -4.392  29.465 0.0000000000
80031  -46.360  -3.136  28.484 0.0000000000
81147  -46.499  -2.233  28.132 0.0000000000
48640  -4.643  -30.900  52.821 0.0000000000
48613  -4.074  -31.233  53.235 0.0000000000
48614  -4.890  -31.348  53.441 0.0000000000
148223  -29.253  -18.134  39.031 0.0000000000
63099  -30.049  -18.736  38.288 0.0000000000
64151  -29.390  -17.559  38.574 0.0000000000
65290  -29.323  -16.685  38.201 0.0000000000
66434  -29.043  -15.826  38.073 0.0000000000
72228  -26.783  -10.206  38.647 0.0000000000
73473  -27.395  -9.714  37.213 0.0000000000
72252  -28.041  -10.784  36.143 0.0000000000
70993  -29.411  -11.452  35.483 0.0000000000
69853  -30.070  -12.167  35.651 0.0000000000
71000  -30.250  -11.552  35.016 0.0000000000
71012  -31.016  -11.586  34.688 0.0000000000
162495  -31.964  -10.912  34.191 0.0000000000
135756  -32.641  -11.014  34.035 0.0000000000
73499  -32.651  -9.331  34.565 0.0000000000
143417  -18.906  -26.597  45.744 0.0000000000
53943  -18.489  -26.828  46.627 0.0000000000
52820  -19.699  -27.461  47.397 0.0000000000
54900  -5.728  -26.269  50.705 0.0000000000
143469  -5.845  -27.104  50.200 0.0000000000
46409  -1.309  -33.989  55.589 0.0000000000
46426  0.340  -33.581  55.748 0.0000000000
45334  -0.075  -34.873  56.337 0.0000000000
44233  0.619  -35.208  56.905 0.0000000000
148345  1.139  -35.524  57.489 0.0000000000
146560  -34.863  -16.026  41.798 0.0000000000
147661  -23.630  -25.379  44.713 0.0000000000
53947  -23.369  -26.595  46.174 0.0000000000
58285  -8.688  -22.726  49.811 0.0000000000
57115  -7.654  -23.761  49.746 0.0000000000
56003  -7.381  -24.470  49.479 0.0000000000
56004  -7.913  -24.100  49.044 0.0000000000
56049  -8.761  -24.999  47.841 0.0000000000
163772  -9.731  -25.372  47.107 0.0000000000
56065  -10.763  -24.723  46.631 0.0000000000
54940  -10.349  -25.497  46.724 0.0000000000
53923  -10.715  -26.388  46.666 0.0000000000
83449  -50.896  -0.445  23.956 0.0000000000
58382  -30.740  -22.937  43.074 0.0000000000
58398  -31.232  -22.466  42.447 0.0000000000
58411  -30.103  -22.626  41.439 0.0000000000
58448  -29.550  -22.105  39.946 0.0000000000
151619  -28.985  -20.333  39.097 0.0000000000
61972  -28.204  -19.598  40.397 0.0000000000
61973  -28.570  -19.130  40.124 0.0000000000
63082  -28.967  -18.465  39.821 0.0000000000
64136  -29.029  -17.809  40.955 0.0000000000
58355  -15.240  -21.709  44.839 0.0000000000
140737  -16.079  -22.873  45.300 0.0000000000
58357  -16.868  -22.165  44.546 0.0000000000
162792  -17.912  -23.016  44.487 0.0000000000
56089  -18.424  -24.318  44.808 0.0000000000
58342  -19.215  -22.541  45.471 0.0000000000
57206  -19.071  -24.025  44.874 0.0000000000
54971  -19.162  -25.796  45.099 0.0000000000
54972  -20.129  -26.024  44.872 0.0000000000
139522  -21.031  -26.497  44.886 0.0000000000
54984  -22.315  -25.826  43.785 0.0000000000
147071  -21.293  -23.900  45.492 0.0000000000
147642  -21.264  -23.460  44.443 0.0000000000
159641  -21.679  -24.072  43.340 0.0000000000
54999  -22.629  -25.219  43.474 0.0000000000
56105  -23.585  -23.905  43.880 0.0000000000
57231  -23.825  -23.013  44.006 0.0000000000
58361  -25.025  -22.707  44.251 0.0000000000
60745  -23.788  -20.409  42.000 0.0000000000
58394  -24.858  -22.056  43.005 0.0000000000
58362  -25.718  -22.853  43.895 0.0000000000
57256  -27.391  -23.431  43.052 0.0000000000
57269  -28.994  -23.444  42.911 0.0000000000
60666  -15.351  -20.228  45.734 0.0000000000
69879  -39.566  -12.070  33.457 0.0000000000
76838  -37.551  -5.841  32.875 0.0000000000
75810  -38.590  -6.888  32.458 0.0000000000
75812  -40.599  -7.389  32.123 0.0000000000
77857  -40.965  -5.488  31.660 0.0000000000
75824  -41.423  -7.261  31.845 0.0000000000
144314  -41.983  -7.956  32.052 0.0000000000
73546  -43.146  -8.852  32.765 0.0000000000
80061  -50.542  -3.097  25.785 0.0000000000
82298  -49.401  -1.674  25.546 0.0000000000
83441  -49.585  -0.680  25.222 0.0000000000
49696  -1.363  -31.100  54.724 0.0000000000
48588  -1.683  -32.033  54.393 0.0000000000
48589  -3.256  -31.996  53.917 0.0000000000
47473  -2.944  -32.539  54.485 0.0000000000
46440  -1.814  -33.212  54.893 0.0000000000
46410  -2.201  -33.853  56.116 0.0000000000
58399  -32.031  -22.102  42.679 0.0000000000
60746  -33.105  -20.807  41.930 0.0000000000
147694  -33.328  -19.717  41.127 0.0000000000
62011  -31.357  -19.220  38.240 0.0000000000
61994  -32.932  -19.081  39.737 0.0000000000
63070  -33.611  -19.041  41.165 0.0000000000
64145  -33.699  -17.765  40.312 0.0000000000
142369  -33.910  -16.877  40.299 0.0000000000
66418  -33.913  -15.257  40.315 0.0000000000
67530  -27.276  -14.509  39.491 0.0000000000
67548  -27.968  -14.470  38.222 0.0000000000
69823  -27.016  -12.362  37.531 0.0000000000
68619  -27.690  -13.729  37.882 0.0000000000
66442  -30.284  -15.389  37.586 0.0000000000
67550  -31.330  -14.634  37.988 0.0000000000
66426  -32.803  -14.977  39.195 0.0000000000
69844  -31.526  -12.727  36.856 0.0000000000
69829  -32.567  -12.286  37.958 0.0000000000
68655  -36.385  -13.974  35.857 0.0000000000
68683  -36.552  -13.609  34.382 0.0000000000
147460  -35.719  -12.538  33.552 0.0000000000
71015  -34.416  -11.786  33.805 0.0000000000
71016  -35.284  -11.701  33.563 0.0000000000
72301  -35.716  -10.970  33.457 0.0000000000
73525  -35.642  -10.151  33.782 0.0000000000
73515  -35.889  -9.492  34.289 0.0000000000
136665  -16.185  -23.246  45.789 0.0000000000
54942  -16.497  -24.396  47.617 0.0000000000
53909  -18.289  -26.795  48.511 0.0000000000
143802  -3.171  -29.064  53.210 0.0000000000
139044  -4.341  -27.225  52.334 0.0000000000
51732  -4.362  -28.521  52.008 0.0000000000
49757  -4.261  -30.150  52.449 0.0000000000
49758  -5.117  -30.501  52.322 0.0000000000
54910  -7.216  -25.211  49.224 0.0000000000
53893  -6.716  -26.616  49.307 0.0000000000
52776  -6.885  -27.587  49.107 0.0000000000
43111  0.351  -36.553  59.475 0.0000000000
43126  1.010  -36.749  58.788 0.0000000000
44191  2.357  -36.351  58.266 0.0000000000
58364  -32.423  -22.755  44.835 0.0000000000
148397  -14.665  -22.757  45.282 0.0000000000
57238  -31.178  -23.324  44.669 0.0000000000
59549  -14.545  -21.455  45.216 0.0000000000
158709  -13.859  -21.564  45.561 0.0000000000
58337  -14.048  -22.324  45.294 0.0000000000
151493  -14.033  -23.087  45.332 0.0000000000
75797  -36.196  -7.037  34.174 0.0000000000
149744  -35.660  -6.293  33.660 0.0000000000
81119  -44.934  -2.022  29.876 0.0000000000
74623  -30.236  -8.110  35.722 0.0000000000
53946  -22.995  -26.845  45.888 0.0000000000
55984  -6.613  -24.497  50.464 0.0000000000
82308  -50.768  -1.340  24.452 0.0000000000
63026  -34.994  -18.846  44.019 0.0000000000
61928  -34.348  -18.974  42.823 0.0000000000
57209  -25.479  -23.333  45.577 0.0000000000
57186  -25.263  -23.672  46.257 0.0000000000
58299  -10.997  -22.136  47.971 0.0000000000
58298  -10.292  -22.342  48.512 0.0000000000
58430  -26.887  -22.068  40.635 0.0000000000
59640  -27.626  -21.850  40.270 0.0000000000
138240  -26.957  -21.239  40.389 0.0000000000
60688  -18.267  -20.424  45.303 0.0000000000
56054  -21.006  -24.526  46.951 0.0000000000
57185  -21.092  -24.407  46.177 0.0000000000
61892  -21.745  -19.365  44.621 0.0000000000
61875  -21.539  -20.085  45.372 0.0000000000
61891  -21.408  -20.142  44.298 0.0000000000
60728  -21.370  -20.903  43.802 0.0000000000
61904  -21.624  -20.253  43.575 0.0000000000
60729  -21.868  -20.836  43.033 0.0000000000
61905  -22.113  -19.843  43.142 0.0000000000
60764  -25.750  -20.225  40.746 0.0000000000
59638  -25.538  -21.034  40.797 0.0000000000
59639  -26.190  -21.560  40.692 0.0000000000
58409  -26.938  -22.586  41.149 0.0000000000
68692  -37.391  -12.982  33.489 0.0000000000
68693  -37.984  -13.022  33.706 0.0000000000
71030  -37.408  -12.367  33.006 0.0000000000
156929  -40.281  -8.842  32.531 0.0000000000
73543  -40.547  -9.455  32.725 0.0000000000
73544  -41.414  -9.273  32.911 0.0000000000
77860  -44.163  -5.947  30.846 0.0000000000
156374  -43.840  -6.525  31.071 0.0000000000
75826  -44.747  -7.384  31.435 0.0000000000
82290  -48.186  -1.725  26.508 0.0000000000
60812  -30.226  -20.842  38.905 0.0000000000
60831  -30.463  -20.086  38.584 0.0000000000
65298  -29.862  -16.175  37.627 0.0000000000
64165  -31.298  -17.297  37.582 0.0000000000
65300  -31.311  -16.485  37.550 0.0000000000
69841  -28.755  -12.258  36.523 0.0000000000
69825  -29.321  -12.695  36.936 0.0000000000
68620  -30.600  -13.007  37.874 0.0000000000
69826  -30.463  -12.789  37.411 0.0000000000
68667  -33.657  -13.859  35.686 0.0000000000
68680  -33.738  -13.619  34.892 0.0000000000
54969  -17.765  -25.547  45.633 0.0000000000
53942  -18.065  -26.273  46.065 0.0000000000
50753  -5.977  -29.202  50.495 0.0000000000
53921  -8.630  -26.604  47.709 0.0000000000
52815  -8.993  -27.469  47.669 0.0000000000
48565  -0.383  -31.952  55.403 0.0000000000
47426  0.128  -32.321  55.739 0.0000000000
59573  -34.178  -21.196  44.633 0.0000000000
57181  -15.779  -23.138  46.438 0.0000000000
57158  -15.392  -23.247  47.082 0.0000000000
57160  -15.987  -22.942  48.051 0.0000000000
56053  -16.183  -23.351  47.477 0.0000000000
56107  -28.533  -24.021  45.180 0.0000000000
57212  -27.821  -24.019  45.581 0.0000000000
61832  -14.121  -19.687  47.926 0.0000000000
60651  -13.599  -20.236  47.409 0.0000000000
59532  -12.786  -21.607  46.440 0.0000000000
58311  -12.117  -22.030  46.842 0.0000000000
58323  -11.837  -23.001  46.503 0.0000000000
57202  -13.792  -23.769  45.518 0.0000000000
57201  -13.109  -23.990  45.588 0.0000000000
56086  -13.571  -24.436  45.691 0.0000000000
54968  -13.660  -25.027  45.940 0.0000000000
61923  -26.873  -18.806  41.782 0.0000000000
64096  -23.660  -17.790  44.440 0.0000000000
155518  -25.878  -17.819  43.089 0.0000000000
63068  -25.814  -18.660  41.589 0.0000000000
73539  -36.930  -9.978  32.742 0.0000000000
74684  -37.396  -8.285  32.709 0.0000000000
139696  -39.018  -8.799  32.414 0.0000000000
144792  -38.890  -8.010  32.436 0.0000000000
79980  -41.904  -3.048  31.872 0.0000000000
81107  -42.616  -2.656  31.622 0.0000000000
80002  -43.225  -3.752  30.408 0.0000000000
78934  -43.802  -4.434  30.360 0.0000000000
77876  -43.588  -5.233  30.691 0.0000000000
80020  -45.299  -3.230  29.297 0.0000000000
80022  -46.649  -3.876  29.001 0.0000000000
80032  -47.290  -3.768  28.440 0.0000000000
163227  -45.776  -1.757  29.073 0.0000000000
64144  -29.120  -17.650  39.812 0.0000000000
65283  -28.926  -16.936  39.399 0.0000000000
66417  -28.140  -15.923  40.063 0.0000000000
151228  -28.560  -16.291  39.471 0.0000000000
65282  -28.831  -16.296  38.727 0.0000000000
66425  -28.309  -15.699  38.951 0.0000000000
73497  -28.753  -9.260  35.831 0.0000000000
73485  -28.084  -9.378  36.447 0.0000000000
147608  -28.318  -10.030  35.863 0.0000000000
72264  -28.740  -10.790  35.634 0.0000000000
160983  -29.257  -10.769  35.308 0.0000000000
73510  -30.613  -9.305  34.765 0.0000000000
72279  -30.543  -10.237  34.622 0.0000000000
72280  -31.316  -10.785  34.421 0.0000000000
71013  -31.853  -11.636  34.375 0.0000000000
72281  -32.102  -10.178  34.266 0.0000000000
144855  -31.913  -9.368  34.536 0.0000000000
53944  -19.724  -27.068  45.815 0.0000000000
52838  -19.261  -27.202  46.505 0.0000000000
52839  -20.086  -27.406  46.513 0.0000000000
52806  -21.135  -27.676  48.084 0.0000000000
54890  -6.181  -25.310  50.532 0.0000000000
45336  -1.678  -34.310  56.421 0.0000000000
45348  -0.503  -34.320  55.829 0.0000000000
45335  -0.967  -34.635  56.272 0.0000000000
156455  -0.065  -35.661  57.643 0.0000000000
44213  -0.065  -35.374  57.037 0.0000000000
44212  0.549  -35.640  57.504 0.0000000000
64114  -35.038  -17.794  43.168 0.0000000000
64122  -35.360  -16.932  43.048 0.0000000000
65248  -35.037  -16.689  42.310 0.0000000000
160698  -23.829  -24.467  44.527 0.0000000000
54973  -23.888  -25.594  45.534 0.0000000000
54974  -24.361  -25.262  46.227 0.0000000000
57098  -7.987  -23.114  50.128 0.0000000000
57116  -8.288  -23.384  49.354 0.0000000000
57136  -8.581  -23.799  48.657 0.0000000000
138607  -9.694  -23.894  47.702 0.0000000000
56027  -8.960  -24.267  48.065 0.0000000000
56050  -9.360  -24.796  47.522 0.0000000000
54939  -9.129  -25.760  47.438 0.0000000000
56066  -11.610  -24.893  46.226 0.0000000000
54952  -11.162  -25.643  46.435 0.0000000000
57270  -29.887  -23.214  42.928 0.0000000000
58397  -30.386  -22.794  42.234 0.0000000000
139228  -29.482  -22.709  41.109 0.0000000000
59654  -28.324  -21.693  39.872 0.0000000000
59655  -29.056  -21.636  39.515 0.0000000000
60811  -29.353  -20.946  39.073 0.0000000000
61924  -27.743  -18.917  42.082 0.0000000000
61971  -27.597  -19.834  40.520 0.0000000000
61948  -28.100  -19.256  41.404 0.0000000000
63069  -28.834  -18.428  41.237 0.0000000000
59567  -15.778  -21.136  44.679 0.0000000000
58356  -16.027  -21.962  44.691 0.0000000000
59568  -16.568  -21.352  44.525 0.0000000000
59570  -18.230  -21.682  44.622 0.0000000000
58358  -17.709  -22.320  44.485 0.0000000000
57228  -18.458  -23.413  44.680 0.0000000000
56071  -19.772  -24.638  45.064 0.0000000000
142682  -19.459  -23.687  45.374 0.0000000000
56090  -19.094  -24.926  44.857 0.0000000000
161106  -20.789  -24.674  44.748 0.0000000000
53971  -21.062  -25.755  44.538 0.0000000000
53972  -21.733  -26.220  44.315 0.0000000000
54983  -21.681  -25.538  43.849 0.0000000000
60689  -21.511  -20.985  45.588 0.0000000000
140795  -21.816  -21.745  46.210 0.0000000000
58327  -21.632  -22.919  45.954 0.0000000000
58343  -21.304  -22.730  44.772 0.0000000000
158715  -21.674  -23.315  43.365 0.0000000000
56118  -22.120  -24.594  43.183 0.0000000000
56119  -22.805  -24.331  43.260 0.0000000000
140315  -23.334  -24.991  43.829 0.0000000000
58378  -23.613  -22.430  43.316 0.0000000000
58360  -24.409  -22.825  44.190 0.0000000000
58379  -24.443  -22.286  43.488 0.0000000000
61920  -23.395  -19.533  42.318 0.0000000000
58407  -25.568  -22.006  41.631 0.0000000000
59603  -24.905  -21.748  42.261 0.0000000000
58395  -25.480  -22.290  42.558 0.0000000000
58380  -25.248  -22.439  43.463 0.0000000000
58381  -26.033  -22.793  43.023 0.0000000000
57255  -26.625  -23.264  43.704 0.0000000000
57266  -26.850  -23.095  42.587 0.0000000000
57280  -28.376  -23.088  41.572 0.0000000000
57268  -28.516  -23.317  42.283 0.0000000000
61872  -16.059  -20.010  45.690 0.0000000000
61851  -15.522  -19.876  46.324 0.0000000000
60685  -15.697  -20.494  45.091 0.0000000000
60684  -14.891  -20.670  45.443 0.0000000000
68656  -37.232  -13.784  36.310 0.0000000000
68686  -39.024  -12.927  34.265 0.0000000000
68674  -39.526  -13.114  35.709 0.0000000000
71031  -38.975  -11.814  32.923 0.0000000000
77838  -37.303  -5.280  33.913 0.0000000000
77845  -36.489  -5.671  33.430 0.0000000000
77846  -37.582  -5.264  33.274 0.0000000000
77848  -39.562  -5.070  32.386 0.0000000000
76839  -39.037  -5.828  32.462 0.0000000000
144092  -39.841  -6.677  32.202 0.0000000000
78918  -41.397  -4.524  31.468 0.0000000000
77858  -41.915  -5.414  31.316 0.0000000000
75825  -42.380  -7.206  31.568 0.0000000000
141822  -41.654  -6.359  31.559 0.0000000000
74689  -42.516  -8.475  32.416 0.0000000000
152980  -43.862  -8.660  32.492 0.0000000000
78972  -48.151  -3.913  28.108 0.0000000000
80047  -48.596  -3.043  26.697 0.0000000000
80040  -49.265  -3.714  27.103 0.0000000000
80049  -49.989  -3.477  26.452 0.0000000000
82291  -48.681  -1.311  26.046 0.0000000000
49714  -2.016  -30.679  54.097 0.0000000000
48590  -4.177  -31.742  53.903 0.0000000000
145662  -3.498  -31.467  53.527 0.0000000000
144447  -3.422  -32.795  55.288 0.0000000000
47450  -2.540  -33.068  55.000 0.0000000000
47472  -2.142  -32.652  54.525 0.0000000000
46428  -2.039  -33.561  55.343 0.0000000000
46393  -3.151  -33.736  57.497 0.0000000000
58412  -30.885  -22.325  41.542 0.0000000000
59604  -31.700  -21.914  41.813 0.0000000000
60794  -32.220  -20.686  40.382 0.0000000000
59619  -32.024  -21.299  41.177 0.0000000000
60765  -32.694  -20.793  41.287 0.0000000000
60766  -33.239  -20.244  41.515 0.0000000000
60795  -32.913  -20.164  40.765 0.0000000000
62010  -30.634  -19.341  38.311 0.0000000000
140649  -30.788  -18.539  37.879 0.0000000000
63101  -32.317  -18.248  38.331 0.0000000000
63093  -32.636  -18.673  39.019 0.0000000000
63083  -33.446  -18.637  40.386 0.0000000000
63084  -33.928  -18.229  41.133 0.0000000000
65284  -33.067  -16.257  39.082 0.0000000000
157961  -33.616  -16.420  39.766 0.0000000000
65276  -34.021  -16.021  40.305 0.0000000000
66427  -33.531  -15.628  39.738 0.0000000000
68603  -26.445  -13.050  39.104 0.0000000000
68604  -26.775  -13.822  39.284 0.0000000000
67547  -27.316  -14.230  38.649 0.0000000000
67531  -27.788  -14.915  38.831 0.0000000000
72240  -26.998  -10.578  37.374 0.0000000000
72227  -26.606  -10.973  38.041 0.0000000000
68637  -28.682  -13.292  37.427 0.0000000000
67564  -28.595  -14.262  37.806 0.0000000000
67566  -30.052  -14.403  37.653 0.0000000000
67567  -30.710  -14.774  37.711 0.0000000000
67532  -31.375  -13.529  38.758 0.0000000000
67533  -32.087  -13.952  39.212 0.0000000000
67516  -33.404  -14.663  39.975 0.0000000000
67534  -32.691  -13.838  39.721 0.0000000000
69809  -31.357  -12.193  38.424 0.0000000000
69854  -30.721  -12.595  35.807 0.0000000000
69843  -30.780  -12.624  36.732 0.0000000000
68652  -31.374  -12.996  35.899 0.0000000000
68653  -32.847  -13.618  36.019 0.0000000000
68639  -32.462  -13.051  36.950 0.0000000000
68640  -33.228  -13.114  37.425 0.0000000000
67581  -35.005  -14.047  36.539 0.0000000000
67568  -34.839  -13.877  37.145 0.0000000000
67570  -35.559  -13.898  37.205 0.0000000000
68642  -36.447  -13.868  36.873 0.0000000000
154078  -35.719  -14.060  35.592 0.0000000000
68682  -35.682  -13.620  34.465 0.0000000000
69876  -36.105  -13.249  33.825 0.0000000000
71014  -33.505  -11.481  33.946 0.0000000000
56087  -16.720  -24.012  45.741 0.0000000000
54956  -16.861  -25.226  46.930 0.0000000000
56069  -16.520  -24.212  46.712 0.0000000000
145783  -16.852  -25.433  47.816 0.0000000000
52819  -18.913  -27.205  47.202 0.0000000000
53928  -18.292  -26.849  47.535 0.0000000000
52803  -18.985  -27.267  48.011 0.0000000000
53929  -23.671  -26.618  47.009 0.0000000000
163343  -3.342  -28.444  53.256 0.0000000000
50708  -4.274  -29.317  52.155 0.0000000000
49773  -4.874  -29.838  51.877 0.0000000000
56025  -7.660  -24.760  48.927 0.0000000000
158144  -7.220  -26.877  48.776 0.0000000000
43109  1.950  -37.798  59.805 0.0000000000
43110  1.306  -37.238  59.981 0.0000000000
146077  1.795  -37.344  59.243 0.0000000000
43125  2.007  -36.939  58.621 0.0000000000
57213  -29.961  -23.935  45.105 0.0000000000
60664  -13.858  -20.498  46.564 0.0000000000
63035  -26.784  -18.139  43.409 0.0000000000
74666  -36.558  -8.886  33.511 0.0000000000
151072  -36.837  -7.498  32.963 0.0000000000
75809  -37.100  -6.709  32.840 0.0000000000
81117  -43.532  -2.896  30.462 0.0000000000
80003  -43.968  -3.597  30.063 0.0000000000
78955  -44.671  -3.470  29.662 0.0000000000
80030  -45.718  -2.959  28.868 0.0000000000
81136  -45.400  -2.382  29.241 0.0000000000
65263  -28.489  -16.079  41.055 0.0000000000
67515  -27.769  -15.202  40.835 0.0000000000
159230  -29.407  -9.254  35.420 0.0000000000
74636  -30.009  -8.854  35.240 0.0000000000
74637  -30.786  -8.486  35.144 0.0000000000
74653  -31.373  -8.937  34.731 0.0000000000
74638  -31.604  -8.238  35.215 0.0000000000
52862  -21.169  -27.152  45.577 0.0000000000
52840  -20.923  -27.445  46.424 0.0000000000
52841  -21.728  -27.393  46.275 0.0000000000
143959  -22.179  -27.420  46.786 0.0000000000
52823  -22.355  -27.471  47.428 0.0000000000
81188  -51.337  -2.076  24.623 0.0000000000
45317  -0.678  -35.062  56.813 0.0000000000
137401  -1.499  -35.085  58.019 0.0000000000
44194  -1.080  -35.535  58.549 0.0000000000
44193  -0.347  -35.819  58.241 0.0000000000
63041  -35.241  -18.137  43.833 0.0000000000
56073  -24.751  -24.221  46.282 0.0000000000
57187  -25.683  -23.844  46.838 0.0000000000
57164  -25.977  -23.969  47.519 0.0000000000
59493  -10.581  -21.464  49.684 0.0000000000
58287  -10.092  -22.004  49.225 0.0000000000
135368  -9.699  -22.504  48.856 0.0000000000
56067  -12.394  -25.129  45.933 0.0000000000
57298  -28.203  -22.858  40.986 0.0000000000
58410  -28.836  -22.876  41.058 0.0000000000
58432  -28.482  -22.542  40.586 0.0000000000
60686  -16.585  -20.189  45.047 0.0000000000
60707  -17.075  -20.665  44.630 0.0000000000
60708  -17.952  -20.814  44.674 0.0000000000
157410  -18.769  -22.057  44.924 0.0000000000
58326  -19.575  -23.226  46.595 0.0000000000
61855  -21.934  -19.768  46.176 0.0000000000
59571  -21.274  -21.734  44.214 0.0000000000
58376  -21.822  -22.601  43.137 0.0000000000
59588  -22.090  -21.745  42.851 0.0000000000
59589  -22.956  -21.734  42.851 0.0000000000
61921  -24.329  -19.653  41.629 0.0000000000
60762  -24.419  -20.572  41.588 0.0000000000
60763  -24.961  -20.373  41.111 0.0000000000
147511  -25.673  -21.649  41.053 0.0000000000
57279  -27.656  -22.923  41.320 0.0000000000
68684  -37.469  -13.389  34.216 0.0000000000
68672  -38.029  -13.475  34.967 0.0000000000
68685  -38.359  -13.163  34.238 0.0000000000
69868  -38.712  -12.611  33.538 0.0000000000
136269  -39.171  -10.161  32.494 0.0000000000
72323  -39.975  -10.366  32.765 0.0000000000
78897  -39.125  -4.269  33.760 0.0000000000
78896  -38.328  -4.796  33.475 0.0000000000
78906  -39.223  -4.502  32.937 0.0000000000
77856  -40.301  -5.100  31.987 0.0000000000
77875  -42.756  -5.334  30.959 0.0000000000
76847  -43.221  -6.812  31.261 0.0000000000
74709  -43.268  -7.631  31.617 0.0000000000
74711  -45.133  -8.097  31.741 0.0000000000
154698  -47.439  -2.692  27.365 0.0000000000
81157  -47.929  -2.895  27.026 0.0000000000
49733  -2.568  -30.492  53.618 0.0000000000
48612  -2.705  -31.345  53.679 0.0000000000
59643  -31.087  -21.577  40.228 0.0000000000
60793  -31.515  -20.979  39.766 0.0000000000
60814  -31.996  -20.295  39.389 0.0000000000
64158  -30.623  -17.658  37.662 0.0000000000
63109  -31.268  -17.988  37.664 0.0000000000
64159  -31.900  -17.779  37.801 0.0000000000
64160  -32.450  -17.448  38.260 0.0000000000
65293  -32.519  -16.604  38.278 0.0000000000
159275  -26.348  -12.357  39.026 0.0000000000
70991  -27.792  -11.474  36.571 0.0000000000
69840  -27.643  -12.163  36.964 0.0000000000
69824  -28.378  -12.570  36.942 0.0000000000
158410  -30.104  -13.581  37.698 0.0000000000
68621  -30.981  -12.848  38.477 0.0000000000
68605  -31.283  -12.538  38.971 0.0000000000
68666  -32.146  -13.207  35.258 0.0000000000
67589  -34.370  -14.063  36.107 0.0000000000
67590  -35.093  -14.125  35.800 0.0000000000
68681  -34.691  -13.546  34.568 0.0000000000
69866  -34.468  -12.821  34.020 0.0000000000
73512  -33.966  -9.968  34.477 0.0000000000
73514  -35.273  -9.794  34.614 0.0000000000
154511  -17.138  -23.982  45.156 0.0000000000
52729  -5.003  -27.755  51.165 0.0000000000
52728  -4.546  -27.764  51.861 0.0000000000
50731  -5.506  -29.616  51.226 0.0000000000
60711  -34.539  -20.372  44.381 0.0000000000
60731  -34.348  -20.079  43.667 0.0000000000
54954  -13.665  -25.432  46.628 0.0000000000
54941  -14.191  -24.822  47.070 0.0000000000
150600  -14.713  -23.668  47.614 0.0000000000
57211  -27.094  -23.787  45.491 0.0000000000
137325  -26.561  -23.721  46.071 0.0000000000
60640  -12.702  -20.415  48.611 0.0000000000
59519  -13.124  -20.856  46.900 0.0000000000
59506  -12.190  -20.996  48.111 0.0000000000
59517  -11.773  -21.673  47.651 0.0000000000
57157  -10.933  -23.010  47.277 0.0000000000
61970  -26.756  -20.196  40.547 0.0000000000
63006  -22.366  -18.658  44.888 0.0000000000
63019  -22.193  -18.947  43.785 0.0000000000
150056  -22.846  -18.538  43.394 0.0000000000
64108  -23.453  -18.049  43.533 0.0000000000
63033  -24.064  -18.043  42.872 0.0000000000
63034  -24.972  -17.726  43.065 0.0000000000
155770  -24.630  -18.182  42.356 0.0000000000
61922  -24.847  -18.709  41.731 0.0000000000
71043  -37.523  -11.583  32.708 0.0000000000
72321  -37.631  -10.708  32.545 0.0000000000
72322  -38.449  -10.449  32.477 0.0000000000
73540  -37.440  -9.124  32.625 0.0000000000
73541  -38.534  -9.497  32.422 0.0000000000
78908  -40.807  -3.958  31.945 0.0000000000
79989  -41.940  -3.843  31.272 0.0000000000
80001  -42.553  -3.872  30.792 0.0000000000
77861  -45.098  -6.026  30.925 0.0000000000
77878  -45.583  -5.327  30.628 0.0000000000
78936  -45.988  -4.746  30.230 0.0000000000
78937  -46.874  -4.755  30.274 0.0000000000
81148  -46.950  -2.934  27.811 0.0000000000
81155  -47.044  -2.137  27.535 0.0000000000
49735  -3.919  -30.642  52.875 0.0000000000
63092  -29.397  -18.765  38.752 0.0000000000
150719  -29.625  -18.232  38.512 0.0000000000
65291  -29.938  -17.170  37.821 0.0000000000
73459  -27.172  -9.546  38.226 0.0000000000
73474  -28.042  -8.779  37.192 0.0000000000
73484  -27.768  -10.093  36.403 0.0000000000
72251  -27.420  -10.688  36.733 0.0000000000
70992  -28.584  -11.611  36.099 0.0000000000
149225  -29.335  -12.209  36.154 0.0000000000
71001  -30.810  -12.172  35.176 0.0000000000
72266  -29.787  -10.713  34.896 0.0000000000
71011  -30.543  -11.005  34.629 0.0000000000
69863  -31.410  -12.189  34.782 0.0000000000
136849  -32.734  -12.121  34.199 0.0000000000
135274  -33.075  -10.043  34.279 0.0000000000
74654  -32.168  -8.728  34.855 0.0000000000
73500  -33.557  -9.292  34.768 0.0000000000
74640  -33.907  -8.688  35.343 0.0000000000
75788  -34.297  -8.088  35.877 0.0000000000
52821  -20.623  -27.565  47.255 0.0000000000
141331  -20.348  -27.609  47.964 0.0000000000
53859  -5.259  -26.234  51.443 0.0000000000
139534  -5.326  -27.017  50.920 0.0000000000
52753  -6.201  -27.970  49.766 0.0000000000
52816  -9.795  -27.537  47.517 0.0000000000
149254  -1.144  -33.377  55.026 0.0000000000
47447  0.081  -33.064  55.550 0.0000000000
46427  -0.395  -33.653  55.454 0.0000000000
45347  0.205  -34.205  55.899 0.0000000000
45333  0.717  -34.617  56.521 0.0000000000
44232  1.295  -35.029  57.217 0.0000000000
78876  -38.633  -4.792  34.986 0.0000000000
79970  -39.782  -3.739  34.183 0.0000000000
79971  -40.454  -3.374  33.764 0.0000000000
66402  -35.249  -15.479  42.271 0.0000000000
154319  -23.284  -26.294  45.244 0.0000000000
54958  -23.844  -26.113  46.175 0.0000000000
58273  -8.359  -22.554  50.761 0.0000000000
57097  -7.406  -23.516  50.446 0.0000000000
55985  -7.096  -24.150  50.121 0.0000000000
56026  -8.256  -24.695  48.435 0.0000000000
57177  -10.464  -23.885  47.150 0.0000000000
147718  -9.880  -26.164  46.912 0.0000000000
143101  -10.222  -27.017  47.007 0.0000000000
84543  -50.414  0.202  24.438 0.0000000000
57259  -30.981  -23.085  43.889 0.0000000000
58363  -31.815  -22.793  44.201 0.0000000000
162843  -30.442  -22.357  41.117 0.0000000000
58433  -29.181  -22.516  40.522 0.0000000000
58434  -29.986  -22.354  40.687 0.0000000000
59642  -30.357  -21.869  40.042 0.0000000000
59656  -29.896  -21.504  39.423 0.0000000000
60830  -29.611  -20.217  38.747 0.0000000000
155004  -27.395  -20.581  40.248 0.0000000000
60792  -27.987  -20.376  39.946 0.0000000000
140373  -28.483  -19.054  41.074 0.0000000000
61990  -28.514  -20.003  39.567 0.0000000000
61991  -29.033  -19.487  39.080 0.0000000000
65264  -29.221  -17.217  41.709 0.0000000000
58339  -15.472  -22.481  45.027 0.0000000000
58340  -16.397  -22.649  44.829 0.0000000000
57227  -17.205  -22.921  44.634 0.0000000000
56103  -17.635  -23.706  44.767 0.0000000000
147622  -18.408  -25.210  45.075 0.0000000000
59552  -19.003  -21.619  45.412 0.0000000000
57229  -18.945  -23.033  44.866 0.0000000000
53955  -19.628  -26.469  45.335 0.0000000000
53956  -20.320  -26.791  45.343 0.0000000000
53957  -21.844  -26.794  44.992 0.0000000000
53973  -22.524  -26.382  44.523 0.0000000000
57207  -21.080  -24.223  44.558 0.0000000000
57230  -21.379  -23.665  43.826 0.0000000000
143841  -21.363  -24.365  43.844 0.0000000000
54998  -22.069  -25.254  43.426 0.0000000000
54985  -23.057  -25.830  44.073 0.0000000000
57254  -23.080  -23.293  43.227 0.0000000000
56106  -24.314  -23.514  44.740 0.0000000000
57232  -24.937  -23.098  44.965 0.0000000000
57233  -25.803  -23.093  44.741 0.0000000000
61919  -22.719  -19.862  42.664 0.0000000000
60744  -23.079  -20.402  42.444 0.0000000000
140393  -23.516  -21.162  42.470 0.0000000000
59616  -24.283  -21.150  42.060 0.0000000000
59602  -24.265  -21.705  42.742 0.0000000000
148000  -26.869  -23.556  44.688 0.0000000000
57234  -27.679  -23.679  43.882 0.0000000000
57235  -28.548  -23.824  44.336 0.0000000000
156615  -28.551  -23.652  43.593 0.0000000000
57257  -29.436  -23.551  43.798 0.0000000000
57258  -30.280  -23.266  43.630 0.0000000000
61850  -15.036  -19.731  46.854 0.0000000000
60665  -14.699  -20.201  46.225 0.0000000000
143404  -38.566  -13.416  35.697 0.0000000000
69887  -38.172  -12.150  32.888 0.0000000000
69869  -39.539  -12.552  34.028 0.0000000000
71032  -39.748  -11.329  33.069 0.0000000000
76831  -35.659  -5.968  33.544 0.0000000000
76837  -36.218  -6.021  33.061 0.0000000000
75811  -39.733  -7.609  32.302 0.0000000000
144858  -40.460  -8.178  32.337 0.0000000000
78917  -40.703  -4.696  31.816 0.0000000000
76840  -40.766  -6.516  31.879 0.0000000000
147567  -41.218  -8.017  32.221 0.0000000000
73545  -42.340  -9.154  33.018 0.0000000000
81165  -49.662  -2.672  25.894 0.0000000000
81172  -50.189  -2.256  25.327 0.0000000000
82299  -50.098  -1.450  24.949 0.0000000000
84527  -49.366  0.113  25.931 0.0000000000
48566  -0.942  -31.982  54.852 0.0000000000
47449  -1.372  -32.700  54.740 0.0000000000
151975  -2.465  -32.059  54.112 0.0000000000
154458  -1.583  -33.559  55.171 0.0000000000
46411  -2.947  -33.604  56.629 0.0000000000
45319  -2.361  -34.152  57.108 0.0000000000
58384  -32.283  -22.291  43.529 0.0000000000
59605  -32.532  -21.422  42.054 0.0000000000
60747  -33.596  -20.210  42.341 0.0000000000
61927  -33.970  -19.428  42.400 0.0000000000
61992  -31.727  -19.795  38.711 0.0000000000
61993  -32.354  -19.497  39.169 0.0000000000
61975  -33.167  -19.443  40.498 0.0000000000
61950  -33.636  -19.563  41.768 0.0000000000
61951  -34.069  -18.740  41.987 0.0000000000
63071  -34.388  -17.828  41.844 0.0000000000
65285  -33.376  -17.229  39.507 0.0000000000
64137  -34.655  -16.979  41.730 0.0000000000
65277  -34.380  -16.444  41.000 0.0000000000
66419  -34.424  -15.415  40.991 0.0000000000
157083  -27.359  -14.655  40.278 0.0000000000
140862  -26.929  -13.372  40.795 0.0000000000
68590  -26.939  -14.023  40.163 0.0000000000
66433  -28.503  -15.055  38.166 0.0000000000
66441  -29.388  -15.029  37.754 0.0000000000
70974  -26.433  -11.755  38.615 0.0000000000
69807  -26.609  -12.583  38.325 0.0000000000
68636  -27.071  -13.077  37.825 0.0000000000
66443  -31.201  -15.566  37.616 0.0000000000
66435  -31.841  -15.369  37.922 0.0000000000
67551  -31.968  -14.711  38.558 0.0000000000
67517  -33.951  -14.380  40.702 0.0000000000
69828  -31.834  -12.286  37.799 0.0000000000
68670  -36.120  -13.955  35.042 0.0000000000
69877  -36.607  -12.635  33.327 0.0000000000
69865  -33.633  -12.480  34.088 0.0000000000
72283  -34.198  -10.752  34.104 0.0000000000
142564  -35.027  -12.405  33.752 0.0000000000
71028  -36.051  -11.807  33.249 0.0000000000
161892  -36.329  -11.188  33.077 0.0000000000
145309  -36.258  -10.450  33.174 0.0000000000
73526  -36.308  -9.695  33.381 0.0000000000
74655  -36.520  -8.625  34.253 0.0000000000
53927  -17.781  -26.398  46.924 0.0000000000
53908  -17.499  -26.264  47.961 0.0000000000
54927  -16.933  -25.594  48.716 0.0000000000
52843  -23.069  -26.993  46.599 0.0000000000
52824  -23.104  -27.220  47.497 0.0000000000
50677  -2.608  -28.870  54.117 0.0000000000
52710  -4.076  -27.843  52.527 0.0000000000
51731  -3.752  -28.645  52.700 0.0000000000
50707  -3.747  -29.472  52.643 0.0000000000
49774  -5.502  -30.183  51.823 0.0000000000
54909  -6.686  -25.720  49.617 0.0000000000
150321  -7.179  -26.051  48.929 0.0000000000
152452  -6.337  -27.136  49.635 0.0000000000
52797  -8.570  -27.936  48.162 0.0000000000
157812  -7.431  -28.227  48.880 0.0000000000
51798  -6.936  -28.493  49.350 0.0000000000
51777  -6.445  -28.850  49.910 0.0000000000
44174  -0.470  -36.020  59.079 0.0000000000
43127  0.140  -36.273  58.664 0.0000000000
43097  0.552  -36.713  60.667 0.0000000000
43135  1.351  -36.202  58.062 0.0000000000
44211  2.018  -35.611  58.020 0.0000000000
159269  2.472  -37.650  58.578 0.0000000000
155532  3.032  -36.997  58.030 0.0000000000
43124  2.677  -36.830  58.226 0.0000000000
52842  -22.484  -27.181  46.193 0.0000000000
56117  -21.681  -24.831  43.539 0.0000000000
57214  -30.654  -23.744  45.210 0.0000000000
57278  -27.087  -22.919  41.772 0.0000000000
58383  -31.519  -22.610  43.310 0.0000000000
59550  -15.156  -21.026  44.933 0.0000000000
59618  -31.377  -21.783  40.987 0.0000000000
59641  -28.186  -22.193  40.269 0.0000000000
60743  -22.457  -20.401  42.729 0.0000000000
60832  -31.111  -19.842  38.495 0.0000000000
61908  -34.128  -19.746  42.985 0.0000000000
62012  -32.051  -19.029  38.513 0.0000000000
63007  -23.143  -18.140  45.165 0.0000000000
63032  -23.348  -18.615  42.796 0.0000000000
63040  -34.776  -18.529  43.344 0.0000000000
64146  -34.193  -17.366  41.051 0.0000000000
64153  -33.209  -18.223  39.604 0.0000000000
69822  -26.633  -11.831  37.899 0.0000000000
74690  -43.268  -8.319  32.115 0.0000000000
76825  -35.606  -6.058  33.885 0.0000000000
77837  -35.995  -5.753  33.960 0.0000000000
144234  -26.906  -10.174  37.864 0.0000000000
146839  -37.923  -5.152  34.488 0.0000000000
151794  -28.133  -23.552  42.980 0.0000000000
163147  -32.498  -13.459  35.626 0.0000000000
