#!ascii label  , from subject sub-v1s11x0050144_ses-1 vox2ras=TkReg
952
67079  -28.411  -15.866  -16.493 0.4285714328
68220  -27.900  -14.154  -17.849 0.2857142985
68201  -28.278  -14.566  -17.117 0.4285714328
69326  -29.662  -13.804  -16.328 0.4285714328
69327  -30.419  -13.437  -16.092 0.4285714328
136115  -29.057  -13.049  -17.962 0.2857142985
69344  -30.055  -13.005  -16.831 0.4285714328
70526  -30.454  -12.338  -17.339 0.4285714328
139402  -29.211  -12.128  -19.113 0.4285714328
71745  -30.786  -11.667  -17.761 0.4285714328
138534  -30.010  -11.233  -19.729 0.4285714328
71786  -31.494  -10.558  -18.875 0.4285714328
71815  -29.467  -11.029  -21.503 0.5714285970
73026  -30.603  -10.663  -20.023 0.5714285970
162388  -31.169  -10.470  -19.560 0.4285714328
73015  -31.784  -10.059  -19.492 0.2857142985
73027  -31.292  -10.094  -20.284 0.7142857313
74223  -31.992  -9.569  -20.084 0.7142857313
75345  -32.924  -8.637  -20.221 0.7142857313
75336  -33.508  -8.519  -19.592 0.4285714328
139429  -31.680  -9.508  -20.837 0.7142857313
74211  -33.032  -9.102  -19.535 0.5714285970
76399  -33.594  -7.436  -20.429 0.5714285970
75357  -32.552  -8.471  -20.991 0.5714285970
75358  -33.097  -7.965  -20.759 0.5714285970
76411  -33.276  -7.240  -21.236 0.5714285970
76400  -34.109  -6.947  -20.042 0.5714285970
145635  -32.237  -8.339  -21.594 0.5714285970
77396  -33.792  -6.647  -20.835 0.5714285970
139890  -34.377  -5.247  -20.905 0.5714285970
76422  -32.850  -7.067  -22.146 0.7142857313
77412  -34.036  -5.854  -21.294 0.7142857313
79531  -34.492  -4.530  -20.687 0.5714285970
77411  -33.554  -6.450  -21.743 0.5714285970
76433  -31.611  -7.608  -23.905 0.5714285970
77422  -33.317  -6.235  -22.635 0.8571428657
162125  -34.418  -4.701  -21.283 0.7142857313
153785  -34.508  -3.862  -20.652 0.5714285970
77431  -32.515  -6.472  -23.833 0.5714285970
80631  -34.471  -3.595  -22.045 0.7142857313
80609  -34.496  -3.329  -21.129 0.5714285970
78464  -33.858  -5.577  -22.260 0.7142857313
79556  -34.355  -4.449  -21.868 0.7142857313
78486  -33.989  -4.906  -22.945 0.7142857313
154602  -34.544  -2.668  -21.702 0.5714285970
78485  -33.566  -5.521  -23.130 0.5714285970
80643  -34.310  -3.519  -22.988 0.7142857313
149426  -34.471  -2.787  -22.591 0.7142857313
79587  -33.660  -4.119  -23.959 0.7142857313
155490  -34.287  -2.848  -23.263 0.7142857313
81746  -34.448  -2.108  -23.085 0.7142857313
80657  -34.026  -3.353  -23.697 0.7142857313
161099  -33.234  -4.650  -24.158 0.5714285970
82903  -34.271  -1.355  -23.432 0.5714285970
83989  -34.579  -0.449  -23.164 0.5714285970
161727  -33.916  -2.929  -23.956 0.8571428657
80656  -33.499  -3.389  -24.153 0.8571428657
82916  -34.058  -1.808  -23.887 0.7142857313
81769  -33.713  -2.495  -24.102 0.8571428657
150296  -33.677  -0.174  -23.632 0.8571428657
136516  -34.242  0.010  -23.578 0.5714285970
138925  -34.033  -0.957  -23.679 0.8571428657
82914  -32.708  -1.576  -24.044 0.8571428657
82915  -33.612  -1.693  -24.003 0.8571428657
85098  -32.305  0.506  -23.482 0.8571428657
85099  -33.241  0.649  -23.638 0.8571428657
86129  -32.543  1.297  -23.524 0.8571428657
83997  -33.268  -0.915  -23.750 0.8571428657
85096  -30.903  0.879  -23.406 1.0000000000
86128  -31.617  1.100  -23.316 1.0000000000
83987  -32.081  -0.127  -23.576 0.8571428657
85097  -31.485  0.340  -23.543 1.0000000000
87207  -31.138  2.729  -23.187 1.0000000000
88318  -29.674  3.316  -23.563 0.7142857313
86127  -30.740  1.723  -23.231 1.0000000000
87206  -30.088  2.574  -23.264 1.0000000000
91537  -29.963  6.482  -23.632 1.0000000000
148422  -29.483  5.994  -23.938 0.8571428657
92494  -29.376  7.449  -24.256 0.8571428657
92486  -29.790  7.112  -23.770 1.0000000000
94342  -30.215  10.343  -25.237 0.8571428657
94334  -29.934  9.160  -24.460 0.8571428657
96431  -30.681  11.663  -26.009 0.8571428657
96432  -31.765  12.049  -25.729 0.8571428657
97483  -30.917  12.265  -26.343 0.7142857313
136392  -29.190  10.766  -26.897 0.5714285970
96440  -29.895  12.567  -27.348 0.7142857313
97495  -31.219  13.395  -26.894 0.5714285970
96444  -27.625  11.606  -28.193 0.5714285970
95410  -28.769  11.200  -27.622 0.5714285970
96443  -26.880  11.513  -28.053 0.4285714328
142025  -28.096  13.142  -28.186 0.4285714328
98620  -29.481  13.707  -27.874 0.4285714328
96429  -25.519  11.403  -26.310 0.2857142985
97481  -26.013  12.174  -26.337 0.2857142985
97492  -25.992  11.810  -27.026 0.2857142985
97476  -25.746  12.175  -25.497 0.2857142985
69342  -28.596  -13.742  -17.476 0.2857142985
149664  -34.470  -4.085  -21.277 0.5714285970
83998  -34.333  -0.486  -23.431 0.5714285970
81770  -34.121  -2.430  -23.710 0.7142857313
139636  -29.908  3.975  -23.416 0.8571428657
142311  -25.057  12.026  -23.217 0.1428571492
69358  -27.567  -13.842  -18.612 0.2857142985
69381  -27.953  -13.076  -19.324 0.2857142985
69360  -28.746  -12.711  -18.724 0.2857142985
70541  -30.137  -12.015  -18.068 0.4285714328
71746  -31.511  -11.311  -17.530 0.4285714328
70558  -28.635  -12.437  -19.392 0.2857142985
70540  -29.486  -12.376  -18.398 0.4285714328
73001  -31.880  -10.666  -18.060 0.4285714328
142347  -29.257  -11.358  -20.891 0.5714285970
140447  -30.611  -10.380  -20.857 0.5714285970
73016  -32.446  -9.584  -19.446 0.4285714328
74234  -30.547  -10.012  -21.700 0.2857142985
154768  -31.089  -9.876  -21.065 0.7142857313
74224  -32.299  -9.072  -20.576 0.7142857313
75346  -33.425  -8.084  -20.133 0.4285714328
75368  -31.709  -8.577  -21.975 0.5714285970
78409  -34.459  -5.783  -19.446 0.4285714328
75369  -32.201  -7.885  -22.239 0.7142857313
78440  -34.289  -6.030  -20.339 0.5714285970
78465  -34.225  -5.133  -21.660 0.7142857313
76434  -32.184  -7.132  -23.492 0.5714285970
76421  -32.673  -6.670  -23.022 0.5714285970
82879  -34.577  -1.796  -21.330 0.5714285970
77432  -33.034  -6.017  -23.405 0.5714285970
81717  -34.518  -2.529  -20.802 0.5714285970
79581  -34.042  -4.180  -23.388 0.7142857313
79570  -34.272  -4.271  -22.624 0.7142857313
144703  -34.575  -1.932  -22.262 0.5714285970
79580  -33.583  -4.851  -23.678 0.8571428657
87208  -31.879  1.982  -23.306 1.0000000000
159143  -30.601  0.251  -23.981 1.0000000000
89410  -29.352  4.129  -23.972 0.7142857313
89390  -29.930  4.706  -23.519 1.0000000000
89391  -30.676  4.281  -23.304 1.0000000000
90481  -29.294  5.204  -24.131 0.7142857313
160924  -30.699  4.990  -23.353 1.0000000000
94341  -29.749  9.706  -25.248 0.8571428657
93386  -30.323  8.619  -23.821 1.0000000000
93378  -29.992  7.802  -23.687 1.0000000000
96430  -29.875  11.196  -26.432 0.7142857313
97500  -27.916  12.368  -28.210 0.7142857313
96446  -29.247  12.015  -27.684 0.7142857313
95413  -26.544  10.658  -28.024 0.4285714328
143882  -27.084  12.821  -27.537 0.2857142985
143416  -27.595  12.989  -27.989 0.4285714328
97503  -30.238  13.304  -27.432 0.4285714328
155840  -28.184  13.821  -28.195 0.4285714328
74247  -30.711  -9.480  -22.285 0.4285714328
74248  -31.125  -8.892  -22.598 0.4285714328
97499  -27.241  12.239  -28.045 0.4285714328
97501  -28.609  12.570  -28.044 0.7142857313
97493  -26.625  12.059  -27.561 0.2857142985
67096  -28.103  -15.250  -16.797 0.4285714328
68202  -28.916  -14.165  -16.649 0.4285714328
68219  -27.378  -14.507  -18.228 0.2857142985
67122  -27.022  -14.995  -18.240 0.2857142985
69343  -29.363  -13.405  -17.177 0.4285714328
69359  -28.308  -13.432  -18.327 0.2857142985
70525  -29.756  -12.675  -17.632 0.4285714328
70559  -28.945  -11.935  -19.791 0.2857142985
71784  -29.913  -11.665  -18.889 0.4285714328
71767  -30.526  -11.491  -18.431 0.4285714328
71785  -30.660  -10.973  -19.093 0.4285714328
70576  -28.779  -11.786  -20.569 0.4285714328
71801  -29.900  -10.922  -20.639 0.4285714328
71816  -30.064  -10.576  -21.384 0.2857142985
74235  -31.268  -9.329  -21.669 0.5714285970
74236  -31.960  -8.889  -21.269 0.5714285970
76410  -32.700  -7.826  -21.487 0.5714285970
154280  -34.478  -5.105  -20.086 0.5714285970
156868  -32.336  -7.286  -22.775 0.7142857313
75384  -31.838  -7.734  -23.055 0.7142857313
150312  -33.233  -5.463  -23.719 0.7142857313
83996  -32.343  -0.796  -23.790 0.8571428657
83988  -32.835  -0.162  -23.546 0.8571428657
138306  -33.051  -2.215  -24.194 0.8571428657
95400  -30.399  10.949  -25.610 0.8571428657
156541  -29.421  11.425  -27.137 0.7142857313
135455  -30.088  11.970  -26.882 0.7142857313
96445  -28.368  11.749  -28.062 0.5714285970
142334  -27.273  10.982  -28.143 0.5714285970
96439  -26.156  11.323  -27.628 0.4285714328
96417  -25.362  11.371  -25.472 0.2857142985
96406  -25.441  11.691  -24.677 0.2857142985
96401  -25.453  12.147  -23.825 0.1428571492
73046  -30.247  -9.890  -22.470 0.2857142985
97502  -29.349  12.914  -27.709 0.5714285970
101201  -32.141  17.319  -29.044 0.2857142985
101200  -31.232  17.556  -28.937 0.1428571492
100381  -29.871  15.591  -28.374 0.2857142985
101202  -33.051  17.060  -29.390 0.2857142985
101183  -29.596  16.363  -28.529 0.1428571492
101199  -29.307  17.211  -28.588 0.1428571492
98617  -27.454  13.675  -27.653 0.1428571492
152251  -29.217  15.019  -28.375 0.2857142985
99551  -27.484  14.537  -27.995 0.1428571492
101203  -33.729  16.446  -30.051 0.2857142985
101185  -32.474  16.676  -28.624 0.2857142985
98628  -34.275  13.285  -31.202 0.2857142985
99566  -34.414  14.472  -30.408 0.2857142985
101180  -27.221  16.184  -28.224 0.1428571492
99553  -29.691  14.424  -28.037 0.2857142985
98622  -34.216  13.997  -28.033 0.2857142985
100383  -32.767  15.971  -28.149 0.2857142985
148744  -30.832  15.382  -28.080 0.2857142985
96450  -34.516  11.740  -29.272 0.1428571492
99563  -34.491  14.174  -29.553 0.2857142985
99562  -34.317  15.065  -29.504 0.2857142985
100378  -27.538  15.302  -28.348 0.1428571492
99556  -33.099  15.233  -27.703 0.2857142985
162921  -31.174  14.998  -27.742 0.2857142985
94385  -34.028  9.719  -29.825 0.1428571492
95418  -34.469  10.934  -29.078 0.1428571492
98623  -34.518  13.234  -28.650 0.4285714328
98610  -31.845  14.059  -26.980 0.2857142985
94356  -33.901  9.777  -25.837 0.2857142985
96441  -34.056  11.815  -26.890 0.4285714328
98602  -33.158  13.195  -26.530 0.2857142985
98621  -30.170  13.999  -27.693 0.2857142985
151967  -34.344  8.269  -26.358 0.1428571492
95403  -34.505  10.332  -26.979 0.2857142985
95401  -33.214  11.017  -25.515 0.5714285970
92506  -33.680  7.190  -25.164 0.1428571492
154596  -33.653  8.654  -25.276 0.1428571492
96433  -32.875  11.901  -25.669 0.7142857313
97484  -31.555  12.787  -26.344 0.4285714328
94343  -32.709  9.573  -24.640 0.4285714328
91551  -33.546  6.528  -24.356 0.2857142985
91540  -32.987  7.162  -23.813 0.7142857313
95385  -31.802  10.698  -24.731 0.7142857313
92487  -30.478  7.119  -23.548 0.8571428657
92495  -31.837  8.313  -23.864 0.8571428657
94337  -32.046  9.981  -24.382 0.5714285970
90482  -33.517  4.783  -24.499 0.2857142985
141107  -33.577  5.584  -24.966 0.2857142985
93388  -32.141  9.038  -24.225 0.7142857313
94355  -29.111  9.541  -26.036 0.5714285970
138654  -30.627  9.273  -24.074 0.8571428657
148153  -32.954  6.180  -23.577 0.7142857313
89428  -33.661  3.964  -25.284 0.1428571492
155387  -29.750  -0.454  -25.402 0.5714285970
86144  -30.203  1.140  -23.709 0.8571428657
86126  -29.917  1.891  -23.520 0.8571428657
85105  -29.781  0.710  -24.475 0.4285714328
87219  -29.530  2.524  -23.970 0.5714285970
159496  -30.156  5.622  -23.512 0.8571428657
88320  -31.622  3.768  -23.250 0.8571428657
91538  -30.846  6.365  -23.351 0.8571428657
88339  -33.616  3.293  -24.922 0.2857142985
90468  -32.294  5.431  -23.236 0.8571428657
91539  -31.936  6.288  -23.158 0.8571428657
93387  -31.195  8.844  -23.821 0.8571428657
88353  -33.929  3.340  -25.596 0.4285714328
89394  -33.235  4.293  -23.807 0.7142857313
84020  -29.904  -1.130  -25.897 0.2857142985
85115  -29.983  -0.141  -24.716 0.5714285970
89392  -31.531  4.766  -23.186 0.8571428657
90467  -31.243  5.586  -23.175 0.8571428657
88322  -33.373  3.506  -23.963 0.4285714328
88321  -32.719  3.687  -23.573 0.8571428657
89393  -32.479  4.529  -23.415 0.8571428657
87234  -33.942  2.679  -25.140 0.4285714328
79591  -31.420  -5.000  -25.482 0.7142857313
80671  -30.526  -3.560  -26.547 0.4285714328
79592  -32.073  -4.519  -24.815 0.7142857313
81784  -32.134  -3.100  -24.641 0.8571428657
81782  -30.800  -2.399  -25.403 0.5714285970
156899  -30.279  -1.966  -26.023 0.5714285970
82942  -29.717  -1.741  -26.654 0.4285714328
81768  -32.128  -2.306  -24.389 0.8571428657
82928  -30.512  -1.608  -25.201 0.5714285970
84008  -30.249  -0.856  -25.001 0.5714285970
83995  -31.406  -0.488  -23.973 0.7142857313
86130  -33.304  1.450  -23.803 0.7142857313
150481  -32.246  2.898  -23.418 0.7142857313
86159  -34.660  2.123  -24.767 0.2857142985
86158  -34.186  2.098  -24.720 0.4285714328
87220  -33.723  2.036  -24.348 0.5714285970
77443  -32.776  -5.808  -24.087 0.4285714328
78508  -31.980  -5.338  -25.065 0.4285714328
79596  -30.831  -5.230  -26.378 0.4285714328
152265  -32.905  -2.873  -24.387 0.7142857313
82913  -31.772  -1.387  -24.230 0.8571428657
85116  -33.777  0.701  -23.726 0.7142857313
85117  -34.341  1.469  -24.228 0.2857142985
86145  -33.875  1.376  -24.125 0.5714285970
77442  -32.316  -6.244  -24.617 0.4285714328
77451  -31.303  -6.331  -25.840 0.5714285970
79586  -32.671  -4.928  -24.548 0.5714285970
83999  -34.642  0.320  -23.475 0.4285714328
85106  -34.473  0.883  -23.769 0.4285714328
85118  -34.678  1.497  -24.164 0.4285714328
75383  -31.241  -8.345  -23.386 0.5714285970
80582  -34.522  -3.239  -20.297 0.4285714328
82897  -34.786  -0.325  -22.501 0.4285714328
82896  -34.567  -1.195  -22.790 0.4285714328
163353  -34.972  0.194  -22.504 0.4285714328
85100  -34.978  0.293  -22.991 0.4285714328
72976  -32.712  -10.319  -17.864 0.1428571492
82880  -34.664  -0.967  -21.873 0.4285714328
161299  -34.801  -0.339  -21.919 0.4285714328
74196  -33.016  -9.511  -18.904 0.1428571492
74198  -34.143  -8.926  -18.443 0.1428571492
77347  -34.544  -6.541  -18.807 0.2857142985
80548  -34.661  -3.007  -18.338 0.2857142985
83930  -34.924  -0.754  -18.639 0.2857142985
82837  -34.683  -1.532  -18.805 0.2857142985
159747  -34.537  -3.939  -18.847 0.4285714328
83943  -34.922  -0.328  -19.448 0.2857142985
82851  -34.581  -1.645  -19.604 0.2857142985
80547  -34.540  -3.172  -19.395 0.2857142985
83942  -34.682  -0.927  -20.024 0.2857142985
83955  -34.645  -0.943  -20.895 0.4285714328
72977  -33.472  -9.888  -17.770 0.1428571492
74159  -34.113  -9.387  -17.850 0.1428571492
73002  -32.354  -10.095  -18.725 0.1428571492
155989  -34.917  -8.342  -17.726 0.2857142985
76312  -34.940  -7.767  -17.895 0.2857142985
142738  -35.139  -4.922  -16.673 0.2857142985
80549  -34.895  -3.304  -17.157 0.2857142985
79495  -34.659  -3.848  -18.005 0.2857142985
78394  -34.582  -5.577  -18.571 0.2857142985
155128  -34.534  -9.248  -17.360 0.1428571492
77325  -35.521  -6.612  -16.499 0.2857142985
75271  -35.509  -8.339  -16.608 0.2857142985
77335  -35.053  -6.393  -17.410 0.2857142985
76313  -35.258  -7.282  -17.319 0.2857142985
75313  -34.063  -8.415  -19.025 0.2857142985
77334  -34.724  -6.182  -18.082 0.2857142985
70509  -30.763  -12.643  -16.557 0.2857142985
71747  -32.295  -10.920  -17.272 0.1428571492
72944  -33.191  -10.497  -17.010 0.1428571492
67080  -29.136  -15.869  -16.194 0.2857142985
65978  -29.527  -16.533  -15.908 0.2857142985
65977  -28.851  -16.598  -16.227 0.2857142985
71718  -31.866  -11.579  -16.757 0.2857142985
67066  -30.519  -15.831  -15.489 0.1428571492
65976  -27.940  -16.532  -16.490 0.2857142985
64856  -28.548  -17.073  -16.130 0.1428571492
74160  -34.598  -8.843  -17.851 0.1428571492
76303  -35.592  -7.650  -16.655 0.2857142985
78386  -35.211  -5.784  -16.881 0.2857142985
81685  -34.917  -2.367  -17.486 0.2857142985
79485  -34.599  -4.664  -18.265 0.2857142985
151934  -34.714  -2.126  -18.315 0.2857142985
81697  -34.531  -2.434  -19.933 0.4285714328
83956  -34.856  -0.081  -20.404 0.2857142985
80666  -31.604  -3.742  -25.040 0.7142857313
83964  -34.801  -0.270  -21.349 0.4285714328
82912  -30.941  -1.151  -24.540 0.5714285970
85107  -34.815  1.149  -23.802 0.2857142985
93385  -29.571  8.307  -24.330 0.7142857313
155204  -33.042  3.009  -23.706 0.7142857313
95398  -28.971  10.083  -26.659 0.4285714328
95399  -29.617  10.381  -26.005 0.5714285970
94335  -30.538  9.908  -24.563 0.7142857313
143271  -31.444  7.042  -23.448 0.8571428657
91541  -33.539  5.675  -24.046 0.5714285970
99543  -32.443  14.678  -27.253 0.2857142985
93408  -34.121  8.944  -25.912 0.4285714328
95387  -33.481  10.261  -25.492 0.4285714328
100369  -27.182  15.301  -26.997 0.1428571492
97504  -34.532  12.381  -28.510 0.2857142985
96447  -34.553  11.524  -28.380 0.1428571492
100392  -34.010  15.852  -29.464 0.2857142985
68175  -30.089  -15.167  -15.650 0.1428571492
67095  -27.535  -15.086  -17.480 0.2857142985
69328  -31.107  -13.035  -15.778 0.1428571492
70527  -31.128  -11.940  -17.020 0.2857142985
74132  -35.270  -8.963  -16.349 0.1428571492
75256  -35.731  -8.529  -15.876 0.1428571492
155383  -34.372  -7.866  -19.028 0.2857142985
146736  -34.769  -6.964  -17.984 0.2857142985
78385  -34.801  -5.414  -17.606 0.2857142985
79494  -34.509  -4.864  -19.189 0.2857142985
78519  -30.547  -5.538  -26.965 0.2857142985
85039  -35.174  0.503  -19.604 0.2857142985
85054  -35.171  0.784  -20.393 0.2857142985
162813  -31.475  -4.413  -25.257 0.7142857313
80655  -32.562  -3.664  -24.522 0.5714285970
143100  -30.110  -2.975  -27.032 0.4285714328
81794  -30.960  -3.249  -25.655 0.5714285970
85065  -35.049  0.445  -21.127 0.4285714328
84019  -29.364  -0.352  -26.094 0.2857142985
82929  -31.197  -1.984  -24.673 0.7142857313
85114  -29.420  0.326  -25.415 0.2857142985
85078  -35.155  0.641  -22.441 0.1428571492
144806  -35.257  1.034  -23.050 0.4285714328
146600  -35.101  0.952  -23.287 0.4285714328
86131  -35.177  1.532  -23.738 0.1428571492
151994  -33.494  2.724  -24.268 0.5714285970
92488  -31.014  7.938  -23.581 0.8571428657
89446  -34.065  4.060  -25.909 0.1428571492
97482  -26.536  12.627  -26.841 0.2857142985
143201  -33.838  4.819  -25.576 0.1428571492
92496  -32.744  8.074  -24.208 0.5714285970
161988  -33.849  5.511  -25.511 0.1428571492
149583  -34.022  7.947  -25.721 0.1428571492
99541  -27.294  14.468  -27.342 0.1428571492
139538  -34.199  6.952  -25.980 0.1428571492
98613  -34.259  13.024  -27.824 0.2857142985
94357  -34.336  9.638  -26.463 0.2857142985
94370  -34.580  9.438  -27.290 0.1428571492
94369  -34.368  9.261  -28.246 0.1428571492
95415  -34.355  10.059  -28.879 0.1428571492
97510  -34.474  12.814  -30.085 0.2857142985
97512  -33.945  12.652  -31.654 0.2857142985
136982  -33.972  11.876  -31.225 0.1428571492
139851  -33.889  11.142  -30.797 0.1428571492
69301  -32.230  -13.779  -14.463 0.1428571492
72946  -34.397  -10.004  -16.317 0.1428571492
82838  -34.946  -1.427  -17.808 0.2857142985
142744  -35.040  2.408  -25.002 0.2857142985
95424  -33.434  10.496  -31.344 0.1428571492
97515  -33.555  12.706  -32.523 0.2857142985
67094  -26.779  -15.546  -17.816 0.2857142985
68186  -29.417  -14.867  -16.008 0.2857142985
68187  -30.126  -14.318  -15.714 0.1428571492
69315  -31.557  -13.578  -15.055 0.1428571492
70493  -31.782  -12.617  -15.535 0.1428571492
70510  -31.501  -12.292  -16.300 0.1428571492
73003  -33.035  -9.834  -18.330 0.1428571492
74212  -33.593  -9.007  -18.992 0.2857142985
76370  -34.367  -7.210  -19.309 0.2857142985
79509  -34.531  -4.106  -19.884 0.4285714328
78499  -33.053  -5.194  -24.207 0.4285714328
146633  -33.004  -4.240  -24.318 0.7142857313
87209  -32.940  2.169  -23.674 0.7142857313
88319  -30.438  3.439  -23.249 0.8571428657
96418  -31.308  11.265  -25.294 0.7142857313
97485  -32.553  12.691  -26.043 0.5714285970
98611  -32.864  13.976  -26.846 0.2857142985
99554  -30.591  14.623  -27.788 0.2857142985
138499  -31.635  -8.294  -22.644 0.5714285970
83994  -30.627  -0.490  -24.425 0.5714285970
99542  -31.459  14.632  -27.445 0.2857142985
151960  -30.032  14.991  -28.145 0.2857142985
98618  -27.760  13.776  -28.087 0.2857142985
155245  -30.637  16.183  -28.436 0.2857142985
151888  -30.401  17.020  -28.669 0.1428571492
101182  -28.514  16.441  -28.561 0.1428571492
100380  -28.927  15.734  -28.520 0.1428571492
141871  -27.882  14.477  -28.345 0.1428571492
100391  -33.441  16.369  -28.942 0.2857142985
98629  -34.461  13.521  -30.394 0.2857142985
100398  -34.190  15.480  -30.481 0.2857142985
99557  -34.290  14.620  -28.705 0.2857142985
100377  -27.177  15.369  -27.852 0.1428571492
99544  -33.436  14.443  -27.420 0.2857142985
98626  -34.541  13.377  -29.487 0.2857142985
98612  -33.699  13.587  -27.231 0.2857142985
99555  -31.910  15.347  -27.693 0.2857142985
100384  -33.783  15.504  -28.553 0.2857142985
97497  -34.345  12.106  -27.678 0.2857142985
96453  -34.347  11.969  -30.249 0.1428571492
96449  -34.291  11.069  -29.949 0.1428571492
147758  -33.864  14.823  -28.005 0.2857142985
95420  -33.828  10.299  -30.471 0.1428571492
95416  -34.605  10.777  -28.327 0.1428571492
96419  -32.331  11.283  -25.195 0.5714285970
96434  -33.647  11.464  -26.177 0.4285714328
97486  -33.393  12.354  -26.292 0.5714285970
92522  -34.465  8.095  -26.900 0.1428571492
93389  -33.478  8.035  -24.873 0.1428571492
155918  -34.215  11.057  -26.735 0.2857142985
94380  -34.656  10.170  -27.852 0.2857142985
95386  -32.768  10.391  -24.899 0.5714285970
95374  -31.325  10.217  -24.454 0.7142857313
92497  -33.341  7.420  -24.410 0.4285714328
93398  -33.071  8.830  -24.691 0.5714285970
157790  -32.323  6.879  -23.492 0.7142857313
92489  -32.080  7.592  -23.699 0.7142857313
89411  -33.467  3.963  -24.456 0.4285714328
86143  -29.612  1.622  -24.237 0.4285714328
90469  -33.119  5.169  -23.691 0.8571428657
141766  -30.939  -4.267  -25.838 0.4285714328
81783  -31.445  -2.815  -24.919 0.7142857313
81793  -30.491  -2.721  -26.231 0.4285714328
162589  -30.035  -2.347  -26.619 0.4285714328
81800  -29.636  -2.379  -27.244 0.2857142985
78498  -32.463  -5.556  -24.658 0.5714285970
77452  -32.055  -5.995  -25.343 0.5714285970
86146  -34.960  1.791  -24.357 0.2857142985
82868  -34.560  -1.709  -20.431 0.4285714328
83977  -34.976  0.178  -21.939 0.4285714328
76333  -34.602  -7.463  -18.587 0.2857142985
81684  -34.553  -2.314  -19.067 0.2857142985
82852  -34.723  -1.010  -19.322 0.2857142985
72978  -34.048  -9.825  -17.085 0.1428571492
74131  -34.716  -9.387  -16.724 0.1428571492
156532  -35.330  -8.056  -17.290 0.2857142985
79486  -34.815  -4.350  -17.356 0.2857142985
74161  -35.023  -8.742  -17.154 0.1428571492
150142  -30.100  -16.425  -15.654 0.1428571492
156279  -31.096  -15.505  -15.189 0.1428571492
99536  -27.048  14.265  -26.391 0.1428571492
68177  -31.406  -14.741  -14.966 0.1428571492
69316  -32.054  -12.941  -14.932 0.1428571492
98600  -26.705  13.347  -26.375 0.1428571492
93396  -28.503  8.107  -25.874 0.5714285970
91560  -28.343  6.424  -25.394 0.4285714328
92504  -28.459  7.269  -25.550 0.4285714328
92505  -28.936  7.824  -24.976 0.5714285970
93397  -29.234  8.779  -25.311 0.4285714328
89409  -28.712  4.623  -24.780 0.4285714328
160194  -28.777  5.325  -24.691 0.4285714328
90493  -28.284  5.467  -25.281 0.4285714328
90480  -28.893  5.998  -24.621 0.5714285970
91550  -29.370  6.654  -24.159 0.5714285970
92493  -28.825  6.944  -24.780 0.5714285970
161346  -29.216  2.789  -24.551 0.5714285970
83932  -35.393  0.269  -17.401 0.1428571492
85021  -35.880  1.211  -15.927 0.1428571492
86048  -36.418  2.204  -16.512 0.1428571492
85029  -35.502  0.958  -16.884 0.1428571492
87153  -36.807  3.103  -17.041 0.1428571492
71814  -28.731  -11.627  -21.542 0.2857142985
81674  -35.150  -1.771  -16.583 0.1428571492
82823  -35.302  -0.545  -15.474 0.1428571492
83920  -35.416  0.324  -16.116 0.1428571492
87138  -37.398  2.059  -15.604 0.1428571492
83905  -35.956  0.162  -15.177 0.1428571492
87156  -41.038  2.460  -17.688 0.1428571492
87149  -38.794  2.611  -16.386 0.1428571492
141260  -40.181  2.683  -17.355 0.1428571492
70594  -27.986  -12.148  -21.937 0.2857142985
79475  -35.527  -4.469  -15.592 0.1428571492
79476  -35.597  -3.414  -14.841 0.1428571492
80539  -35.262  -3.076  -15.880 0.1428571492
79487  -35.143  -3.939  -16.311 0.1428571492
162580  -35.368  -2.549  -15.501 0.1428571492
138270  -36.365  -0.766  -15.048 0.1428571492
82808  -35.595  -1.388  -14.907 0.1428571492
84995  -37.024  0.604  -14.125 0.1428571492
86035  -38.057  1.761  -15.334 0.1428571492
86045  -40.526  1.298  -16.465 0.1428571492
86050  -40.806  1.968  -16.997 0.1428571492
86049  -39.773  2.161  -16.547 0.1428571492
136195  -28.134  -12.203  -20.975 0.2857142985
69428  -27.340  -12.627  -21.335 0.2857142985
155501  -27.019  -13.071  -20.613 0.2857142985
163755  -35.701  -6.127  -15.927 0.1428571492
79462  -36.044  -3.957  -14.172 0.1428571492
80522  -36.528  -2.883  -14.076 0.1428571492
147244  -37.289  -0.188  -13.955 0.1428571492
80533  -36.858  -2.244  -14.017 0.1428571492
84969  -38.164  0.326  -14.041 0.1428571492
86044  -39.708  1.344  -15.913 0.1428571492
84997  -38.820  0.529  -14.742 0.1428571492
86057  -42.310  2.020  -17.929 0.1428571492
86051  -41.654  1.758  -17.438 0.1428571492
76292  -35.878  -7.353  -15.898 0.1428571492
141911  -35.918  -5.716  -15.374 0.1428571492
77304  -36.447  -5.963  -14.654 0.1428571492
80505  -38.038  -3.090  -13.003 0.1428571492
79451  -36.753  -4.274  -13.267 0.1428571492
82767  -38.822  -1.322  -12.595 0.1428571492
79463  -37.008  -3.101  -13.629 0.1428571492
82780  -38.857  -0.889  -13.137 0.1428571492
81655  -37.648  -1.782  -13.150 0.1428571492
83867  -38.059  -0.285  -13.258 0.1428571492
85011  -39.557  0.586  -15.478 0.1428571492
148417  -41.893  1.022  -17.201 0.1428571492
86046  -41.301  1.175  -16.890 0.1428571492
77305  -36.783  -6.548  -14.074 0.1428571492
161170  -35.807  -7.999  -16.110 0.1428571492
145163  -39.660  -4.098  -13.042 0.1428571492
78358  -38.041  -5.063  -13.227 0.1428571492
142143  -36.893  -5.675  -13.745 0.1428571492
142809  -37.982  -5.170  -13.276 0.1428571492
78356  -36.664  -5.085  -13.714 0.1428571492
81656  -39.868  -1.897  -14.708 0.1428571492
81639  -39.796  -2.049  -13.765 0.1428571492
82798  -39.519  -1.031  -14.816 0.1428571492
82809  -39.996  -0.850  -15.706 0.1428571492
82781  -39.016  -0.834  -13.809 0.1428571492
85012  -40.305  0.540  -16.036 0.1428571492
83868  -38.838  -0.203  -14.269 0.1428571492
78342  -40.573  -5.464  -13.010 0.1428571492
78340  -39.152  -5.600  -12.853 0.1428571492
77306  -37.390  -5.954  -13.442 0.1428571492
79453  -40.660  -4.218  -13.656 0.1428571492
79436  -40.250  -4.594  -12.995 0.1428571492
81640  -40.193  -2.618  -14.363 0.1428571492
80507  -40.463  -3.406  -13.968 0.1428571492
83906  -40.025  -0.073  -15.728 0.1428571492
82799  -40.107  -1.785  -15.622 0.1428571492
79435  -39.828  -3.995  -12.733 0.1428571492
80480  -38.855  -2.414  -11.903 0.1428571492
157058  -38.018  -1.245  -13.975 0.1428571492
86052  -42.388  1.239  -17.585 0.1428571492
87164  -42.778  2.371  -18.471 0.1428571492
86034  -37.211  1.430  -14.965 0.1428571492
155777  -38.907  2.003  -15.850 0.1428571492
85041  -35.424  1.087  -17.846 0.1428571492
69404  -27.647  -12.758  -20.361 0.2857142985
83907  -40.612  -0.438  -16.267 0.1428571492
85022  -41.635  0.389  -17.009 0.1428571492
86058  -43.100  1.495  -18.098 0.1428571492
88337  -28.920  3.794  -24.654 0.4285714328
87163  -42.023  2.632  -18.449 0.1428571492
87154  -37.979  3.132  -16.732 0.1428571492
87162  -40.509  3.073  -18.100 0.1428571492
85040  -35.419  1.192  -18.870 0.1428571492
93407  -28.677  8.884  -26.127 0.4285714328
97514  -33.084  11.955  -33.132 0.1428571492
70575  -28.364  -12.383  -20.081 0.2857142985
156454  -33.535  13.440  -32.812 0.1428571492
83944  -35.261  0.189  -18.560 0.1428571492
77317  -35.948  -6.519  -15.614 0.1428571492
78376  -35.554  -5.522  -16.075 0.1428571492
152156  -35.156  -2.522  -16.369 0.1428571492
140426  -35.232  0.888  -21.722 0.1428571492
83919  -35.214  -0.982  -16.715 0.1428571492
83931  -35.202  -0.509  -17.730 0.1428571492
150466  -35.742  1.719  -17.090 0.1428571492
86042  -36.680  1.801  -15.622 0.1428571492
85010  -36.374  0.900  -14.853 0.1428571492
162959  -35.352  -0.316  -16.802 0.1428571492
87148  -37.185  2.539  -16.210 0.1428571492
81667  -35.492  -1.947  -15.124 0.1428571492
82822  -35.336  -1.264  -15.568 0.1428571492
86043  -38.037  2.432  -15.977 0.1428571492
87155  -39.195  3.016  -17.003 0.1428571492
78367  -35.821  -4.938  -15.179 0.1428571492
80532  -35.634  -2.613  -14.586 0.1428571492
82797  -36.957  -1.587  -14.380 0.1428571492
83892  -36.439  0.139  -14.055 0.1428571492
84996  -37.936  1.005  -14.493 0.1428571492
84968  -37.592  0.305  -13.785 0.1428571492
86036  -38.854  1.265  -15.267 0.1428571492
80523  -37.381  -2.202  -13.415 0.1428571492
83866  -37.189  -0.064  -13.445 0.1428571492
144457  -37.976  -0.547  -13.296 0.1428571492
83893  -39.454  -0.190  -15.153 0.1428571492
77318  -36.421  -7.033  -15.083 0.1428571492
79452  -39.030  -3.878  -12.935 0.1428571492
78357  -37.228  -5.010  -13.283 0.1428571492
82766  -38.396  -1.463  -12.280 0.1428571492
82768  -39.313  -1.428  -13.227 0.1428571492
81628  -39.573  -2.214  -12.860 0.1428571492
80504  -38.096  -2.218  -13.025 0.1428571492
80481  -39.176  -2.875  -12.041 0.1428571492
152129  -40.297  -2.552  -15.839 0.1428571492
82810  -40.464  -1.446  -16.359 0.1428571492
80482  -39.602  -3.066  -12.506 0.1428571492
80492  -40.128  -3.706  -13.011 0.1428571492
64871  -25.288  -16.979  -16.856 0.1428571492
65975  -27.047  -16.713  -16.772 0.1428571492
154127  -24.923  -16.693  -17.283 0.1428571492
65991  -25.562  -16.529  -17.391 0.1428571492
65993  -27.204  -16.000  -17.112 0.1428571492
66013  -25.708  -16.034  -17.971 0.1428571492
67121  -26.413  -15.227  -18.586 0.1428571492
68218  -26.922  -14.440  -18.869 0.1428571492
68246  -26.213  -14.703  -19.341 0.1428571492
69379  -26.647  -13.988  -19.626 0.1428571492
139762  -27.172  -13.372  -19.924 0.1428571492
68245  -25.454  -14.734  -19.595 0.1428571492
68267  -25.218  -14.185  -20.216 0.1428571492
69403  -26.508  -13.571  -20.347 0.1428571492
69426  -25.518  -13.134  -21.293 0.1428571492
70592  -25.220  -12.632  -21.867 0.1428571492
70617  -27.365  -12.443  -22.353 0.1428571492
142153  -26.775  -12.665  -21.890 0.1428571492
70618  -27.897  -12.171  -22.777 0.1428571492
71831  -28.452  -11.773  -22.556 0.1428571492
71832  -29.094  -11.236  -22.351 0.1428571492
70637  -27.412  -12.207  -23.207 0.2857142985
73062  -29.786  -10.100  -23.113 0.2857142985
75403  -30.706  -7.809  -25.254 0.4285714328
76443  -32.018  -6.952  -24.331 0.4285714328
77441  -31.723  -6.661  -25.143 0.4285714328
87233  -29.139  2.236  -24.864 0.2857142985
88352  -28.913  3.096  -25.025 0.2857142985
88338  -29.262  3.280  -24.281 0.2857142985
91572  -27.613  6.599  -26.783 0.2857142985
91573  -27.966  6.849  -26.127 0.2857142985
92520  -28.138  7.484  -26.183 0.2857142985
144969  -28.014  7.913  -26.534 0.4285714328
70636  -26.756  -11.973  -23.536 0.1428571492
71848  -28.155  -11.818  -23.447 0.2857142985
73045  -29.761  -10.512  -22.220 0.1428571492
67142  -25.709  -15.258  -18.987 0.1428571492
69425  -24.692  -12.964  -21.240 0.1428571492
70593  -26.063  -12.722  -21.900 0.1428571492
150795  -25.764  -12.270  -22.474 0.1428571492
160430  -26.152  -11.987  -23.066 0.1428571492
71846  -26.775  -11.316  -24.099 0.2857142985
71849  -28.668  -11.154  -23.706 0.2857142985
71865  -28.136  -11.318  -24.182 0.2857142985
137511  -29.222  -10.837  -23.085 0.2857142985
75382  -30.507  -8.835  -23.896 0.4285714328
75402  -30.064  -8.221  -25.563 0.2857142985
86157  -29.284  1.289  -25.110 0.2857142985
87232  -28.757  2.531  -25.545 0.2857142985
88351  -28.421  3.142  -25.793 0.2857142985
139764  -28.487  3.852  -25.298 0.2857142985
91559  -27.710  6.031  -26.127 0.2857142985
90504  -27.504  5.460  -26.844 0.2857142985
73061  -29.206  -10.393  -23.940 0.2857142985
86156  -28.870  1.831  -25.705 0.2857142985
157283  -28.613  1.530  -26.383 0.2857142985
89445  -27.925  3.882  -26.028 0.2857142985
89444  -27.605  4.668  -26.430 0.2857142985
89427  -28.073  4.616  -25.591 0.2857142985
88364  -27.907  3.160  -26.557 0.2857142985
88363  -27.477  3.959  -26.904 0.2857142985
75394  -30.968  -8.085  -24.355 0.4285714328
69380  -27.232  -13.725  -19.260 0.1428571492
74267  -30.454  -9.388  -23.071 0.4285714328
66014  -26.234  -15.757  -18.078 0.1428571492
89426  -27.718  5.255  -25.976 0.2857142985
150078  -28.755  -11.440  -23.077 0.1428571492
69427  -26.427  -13.041  -21.132 0.1428571492
64872  -26.137  -16.854  -16.852 0.1428571492
67119  -25.237  -15.692  -18.490 0.1428571492
68268  -26.002  -14.232  -20.052 0.1428571492
143196  -25.780  -13.651  -20.662 0.1428571492
69402  -24.957  -13.581  -20.761 0.1428571492
139549  -30.314  -8.515  -24.835 0.4285714328
74278  -29.966  -9.151  -24.558 0.4285714328
77457  -30.643  -6.709  -26.419 0.2857142985
76451  -31.090  -7.102  -25.663 0.2857142985
78507  -31.429  -5.763  -25.773 0.2857142985
100412  -32.232  15.816  -35.831 0.1428571492
99582  -31.876  14.980  -35.665 0.1428571492
99574  -33.515  14.893  -33.283 0.1428571492
139979  -33.608  14.124  -32.737 0.1428571492
143658  -33.601  16.327  -31.777 0.1428571492
102025  -32.486  17.623  -32.828 0.1428571492
77463  -30.375  -5.957  -27.054 0.2857142985
98637  -32.672  13.105  -34.048 0.1428571492
98644  -31.518  14.022  -35.542 0.1428571492
98632  -33.980  13.691  -31.963 0.1428571492
99578  -33.074  14.655  -34.210 0.1428571492
98638  -33.258  13.844  -33.526 0.1428571492
101213  -33.926  16.123  -30.962 0.1428571492
99569  -34.229  14.644  -31.317 0.1428571492
101231  -33.125  16.117  -33.808 0.1428571492
101226  -32.752  16.753  -33.273 0.1428571492
101227  -33.357  16.237  -32.844 0.1428571492
101212  -33.233  17.194  -30.389 0.1428571492
102001  -32.523  17.755  -29.854 0.1428571492
154488  -33.607  16.669  -30.904 0.1428571492
99572  -33.860  14.733  -32.228 0.1428571492
100402  -33.992  15.496  -31.561 0.1428571492
76442  -31.379  -7.383  -24.801 0.2857142985
100408  -32.800  15.275  -35.071 0.1428571492
100413  -32.956  16.077  -35.282 0.1428571492
99577  -32.463  14.351  -34.928 0.1428571492
100404  -33.684  15.560  -32.512 0.1428571492
100406  -33.428  15.666  -33.354 0.1428571492
101237  -32.015  16.402  -35.870 0.1428571492
87256  -27.777  2.443  -27.098 0.1428571492
87242  -28.401  2.338  -26.305 0.1428571492
89465  -27.086  4.858  -27.499 0.1428571492
90544  -25.737  4.983  -29.107 0.1428571492
90518  -26.467  5.425  -28.459 0.1428571492
86169  -28.947  1.011  -25.958 0.1428571492
91584  -26.387  6.233  -28.534 0.1428571492
92530  -26.331  7.045  -28.292 0.2857142985
80674  -30.278  -3.761  -27.631 0.1428571492
85134  -28.766  -0.222  -26.826 0.1428571492
85124  -28.999  0.304  -26.229 0.1428571492
87243  -34.210  3.007  -25.642 0.1428571492
146289  -27.489  6.119  -27.099 0.1428571492
92519  -27.633  7.315  -26.887 0.1428571492
93420  -27.139  8.345  -28.009 0.2857142985
95412  -25.985  9.868  -27.944 0.2857142985
94367  -25.243  9.580  -27.556 0.2857142985
95408  -25.756  10.499  -27.573 0.2857142985
95371  -25.018  10.900  -23.750 0.1428571492
93406  -28.129  8.568  -26.626 0.2857142985
92542  -26.401  7.839  -28.308 0.2857142985
93421  -27.607  8.919  -27.355 0.2857142985
95409  -28.487  10.356  -27.385 0.2857142985
94379  -26.889  9.499  -28.148 0.2857142985
94378  -26.166  9.275  -28.269 0.2857142985
95414  -27.195  10.278  -28.112 0.2857142985
146861  -26.594  9.918  -28.113 0.2857142985
94377  -25.559  9.172  -28.092 0.2857142985
96438  -25.531  11.044  -27.129 0.1428571492
95406  -24.781  9.746  -27.068 0.2857142985
97465  -25.780  12.519  -24.521 0.1428571492
94366  -24.564  8.934  -27.500 0.1428571492
93419  -24.424  8.279  -28.033 0.1428571492
155208  -24.457  9.227  -27.159 0.2857142985
95397  -25.165  10.491  -26.681 0.1428571492
95407  -25.266  10.267  -27.146 0.2857142985
95383  -25.125  10.743  -25.920 0.1428571492
95382  -24.982  10.542  -25.480 0.1428571492
141128  -25.759  5.892  -28.935 0.2857142985
94340  -24.261  9.278  -25.627 0.1428571492
140996  -25.305  5.388  -27.298 0.1428571492
141011  -29.295  -0.983  -26.783 0.1428571492
157659  -28.179  0.565  -27.599 0.1428571492
87244  -34.587  3.160  -25.809 0.1428571492
86181  -28.023  1.053  -27.659 0.1428571492
87255  -27.352  2.575  -27.801 0.1428571492
88393  -26.917  3.121  -28.196 0.1428571492
88377  -26.887  3.945  -27.735 0.1428571492
89486  -26.138  4.901  -28.958 0.1428571492
90519  -26.992  5.824  -27.725 0.1428571492
91585  -27.113  6.683  -27.681 0.1428571492
91592  -25.810  6.536  -28.730 0.2857142985
149417  -25.738  8.039  -28.457 0.1428571492
93432  -26.431  8.649  -28.297 0.2857142985
93431  -25.479  8.514  -28.395 0.1428571492
94353  -23.761  8.707  -26.496 0.2857142985
95396  -24.898  10.031  -26.503 0.1428571492
95373  -25.056  10.758  -24.449 0.1428571492
96405  -25.145  10.973  -24.969 0.1428571492
87236  -34.840  2.714  -25.488 0.1428571492
87235  -34.396  2.615  -25.363 0.1428571492
158962  -27.945  10.840  -28.052 0.2857142985
82953  -29.155  -1.708  -27.412 0.1428571492
87221  -35.211  2.257  -24.370 0.1428571492
94354  -28.362  9.448  -26.840 0.2857142985
86168  -28.166  1.654  -27.010 0.1428571492
88378  -27.426  3.216  -27.381 0.1428571492
87266  -27.035  2.265  -28.531 0.1428571492
86180  -27.555  1.781  -27.830 0.1428571492
89464  -26.549  4.622  -28.260 0.1428571492
90533  -25.920  5.683  -29.017 0.1428571492
85123  -28.561  0.765  -26.932 0.1428571492
85133  -28.258  0.009  -27.587 0.1428571492
92531  -27.102  7.554  -27.864 0.2857142985
92541  -25.643  7.448  -28.506 0.2857142985
93405  -27.597  8.112  -27.203 0.2857142985
96400  -25.203  11.248  -23.934 0.1428571492
145697  -27.166  9.047  -28.020 0.2857142985
94368  -27.670  9.788  -27.819 0.2857142985
94376  -24.961  8.710  -28.025 0.1428571492
97466  -26.217  13.029  -25.107 0.1428571492
73059  -25.656  -10.515  -23.774 0.1428571492
71864  -27.471  -10.985  -24.390 0.1428571492
74265  -25.393  -9.710  -23.926 0.1428571492
144190  -25.569  -9.093  -24.258 0.1428571492
75392  -25.381  -8.368  -24.433 0.1428571492
150299  -26.516  -9.723  -24.577 0.1428571492
75398  -26.471  -8.289  -25.165 0.1428571492
74276  -26.914  -9.148  -25.010 0.1428571492
73078  -28.858  -10.311  -24.578 0.1428571492
76448  -26.821  -7.667  -25.703 0.1428571492
75400  -28.239  -8.709  -25.917 0.1428571492
74284  -29.192  -9.318  -25.481 0.1428571492
75407  -28.861  -8.397  -26.188 0.1428571492
154523  -28.992  -8.933  -26.024 0.1428571492
76447  -26.000  -7.373  -25.253 0.1428571492
76449  -27.668  -7.965  -26.132 0.1428571492
75409  -29.857  -7.899  -26.034 0.1428571492
76463  -29.600  -6.988  -26.858 0.1428571492
79601  -30.465  -4.998  -27.260 0.1428571492
91583  -25.381  6.400  -28.682 0.1428571492
73083  -27.401  -10.072  -24.831 0.1428571492
74266  -29.861  -9.585  -23.888 0.1428571492
71844  -25.315  -10.995  -23.345 0.1428571492
74264  -24.607  -9.434  -23.519 0.1428571492
74275  -25.929  -9.508  -24.308 0.1428571492
79595  -30.520  -4.425  -26.976 0.1428571492
76450  -30.446  -7.523  -25.996 0.1428571492
73060  -26.254  -10.753  -24.042 0.1428571492
71866  -28.625  -10.778  -24.234 0.1428571492
73085  -28.756  -9.911  -25.078 0.1428571492
76459  -30.143  -7.268  -26.515 0.1428571492
73076  -26.750  -10.547  -24.410 0.1428571492
75391  -24.791  -8.300  -24.078 0.1428571492
75393  -26.098  -8.886  -24.629 0.1428571492
75399  -27.285  -8.529  -25.550 0.1428571492
74282  -27.773  -9.318  -25.348 0.1428571492
73084  -28.135  -9.887  -25.144 0.1428571492
74283  -28.539  -9.377  -25.527 0.1428571492
75406  -28.390  -8.086  -26.299 0.1428571492
76441  -25.422  -7.516  -24.761 0.1428571492
73044  -24.219  -10.539  -22.755 0.1428571492
64855  -27.715  -17.132  -16.257 0.1428571492
65959  -30.672  -16.629  -15.337 0.1428571492
65992  -26.382  -16.237  -17.449 0.1428571492
67054  -31.696  -15.804  -14.872 0.1428571492
67065  -29.791  -15.850  -15.813 0.2857142985
67078  -27.785  -15.734  -16.785 0.4285714328
67120  -25.877  -15.629  -18.459 0.1428571492
68176  -30.688  -14.926  -15.401 0.1428571492
68185  -28.665  -15.076  -16.461 0.4285714328
70616  -26.635  -12.408  -22.681 0.1428571492
71768  -31.136  -11.107  -18.297 0.4285714328
71800  -29.406  -11.479  -20.189 0.4285714328
71847  -27.474  -11.772  -23.948 0.2857142985
72945  -33.808  -10.368  -16.462 0.1428571492
73075  -26.074  -10.130  -24.188 0.1428571492
73077  -28.221  -10.523  -24.672 0.1428571492
74197  -33.598  -9.442  -18.398 0.1428571492
74277  -29.369  -9.694  -24.731 0.1428571492
74285  -29.724  -8.964  -25.236 0.1428571492
75397  -25.860  -8.098  -24.862 0.1428571492
75401  -29.509  -8.635  -25.783 0.2857142985
75408  -29.333  -8.224  -26.112 0.1428571492
76369  -33.930  -7.783  -19.647 0.4285714328
77307  -37.899  -5.938  -13.215 0.1428571492
77363  -34.360  -6.519  -19.606 0.4285714328
78341  -39.923  -5.157  -12.783 0.1428571492
78355  -36.226  -5.006  -14.429 0.1428571492
78474  -34.160  -4.882  -22.292 0.7142857313
78513  -30.870  -5.977  -26.438 0.2857142985
79425  -39.274  -3.381  -12.456 0.1428571492
79437  -40.896  -5.009  -13.530 0.1428571492
80490  -38.724  -2.333  -12.592 0.1428571492
80491  -38.726  -3.072  -12.048 0.1428571492
80506  -40.024  -2.862  -13.339 0.1428571492
80524  -40.490  -3.118  -15.198 0.1428571492
81615  -38.830  -1.853  -12.117 0.1428571492
81616  -39.228  -2.347  -12.246 0.1428571492
81626  -38.456  -1.993  -12.032 0.1428571492
81627  -39.216  -1.774  -12.571 0.1428571492
81638  -38.351  -1.729  -12.500 0.1428571492
81657  -40.169  -2.415  -15.184 0.1428571492
82779  -38.372  -1.303  -12.877 0.1428571492
83854  -38.216  -0.970  -12.667 0.1428571492
87157  -41.682  2.363  -17.943 0.1428571492
94336  -31.302  9.601  -24.140 0.8571428657
94344  -33.436  9.506  -25.207 0.2857142985
95384  -30.910  10.634  -24.886 0.8571428657
95402  -33.942  10.515  -26.159 0.4285714328
96435  -34.519  11.117  -27.528 0.2857142985
97494  -30.628  12.723  -26.870 0.7142857313
97496  -33.875  12.709  -27.026 0.2857142985
97506  -34.555  12.582  -29.389 0.2857142985
97509  -34.305  12.671  -30.826 0.2857142985
98601  -32.240  13.416  -26.492 0.4285714328
98609  -30.891  14.007  -27.351 0.4285714328
98619  -28.724  13.402  -28.045 0.4285714328
98640  -32.810  13.859  -34.307 0.1428571492
99552  -28.731  14.284  -28.259 0.2857142985
99558  -34.492  13.910  -28.853 0.2857142985
100379  -28.255  15.209  -28.574 0.1428571492
100382  -31.662  16.091  -28.196 0.2857142985
100409  -33.178  15.611  -34.287 0.1428571492
101184  -31.435  16.802  -28.626 0.2857142985
102018  -32.725  17.800  -31.833 0.1428571492
138411  -32.547  -9.200  -19.977 0.5714285970
147202  -27.820  15.946  -28.601 0.1428571492
150173  -34.581  -8.275  -18.402 0.2857142985
154029  -34.234  10.411  -29.653 0.1428571492
154144  -34.375  13.921  -31.086 0.1428571492
159004  -39.519  -1.428  -14.088 0.1428571492
159651  -29.489  -11.665  -19.528 0.4285714328
161700  -28.297  15.819  -28.626 0.1428571492
161948  -30.831  -8.856  -23.227 0.4285714328
