#!ascii label  , from subject sub-v1s11x0050166_ses-1 vox2ras=TkReg
477
15932  -36.054  -65.731  -41.305 0.0000000000
15975  -41.737  -65.804  -45.212 0.0000000000
14948  -40.027  -66.773  -34.281 0.0000000000
15074  -40.677  -67.340  -42.548 0.0000000000
14066  -46.088  -67.425  -36.395 0.0000000000
108533  -35.079  -63.422  -35.751 0.0000000000
19459  -37.175  -62.364  -31.428 0.0000000000
22152  -32.860  -58.257  -29.973 0.0000000000
113035  -40.841  -64.178  -34.150 0.0000000000
14966  -42.795  -67.263  -35.017 0.0000000000
17655  -43.001  -63.675  -35.213 0.0000000000
17615  -36.352  -64.352  -32.167 0.0000000000
18497  -35.468  -63.254  -29.949 0.0000000000
105021  -32.293  -54.926  -31.004 0.0000000000
22988  -33.850  -57.106  -32.342 0.0000000000
114798  -35.699  -68.862  -43.219 0.0000000000
14223  -43.062  -67.105  -44.588 0.0000000000
12413  -39.745  -69.235  -46.441 0.0000000000
13362  -40.177  -68.627  -48.064 0.0000000000
15896  -38.302  -65.919  -38.450 0.0000000000
110098  -38.016  -65.996  -41.696 0.0000000000
13261  -43.239  -68.868  -39.564 0.0000000000
15036  -43.745  -66.758  -40.474 0.0000000000
16723  -37.309  -64.760  -35.660 0.0000000000
16697  -38.902  -65.049  -32.244 0.0000000000
19475  -38.365  -61.789  -33.558 0.0000000000
20377  -33.623  -60.977  -29.577 0.0000000000
119957  -34.721  -60.258  -30.881 0.0000000000
21309  -35.665  -59.002  -33.164 0.0000000000
106123  -38.289  -58.718  -34.815 0.0000000000
120193  -37.105  -69.849  -44.626 0.0000000000
17727  -39.115  -63.848  -41.142 0.0000000000
124900  -39.171  -64.564  -44.762 0.0000000000
14246  -36.976  -67.704  -46.389 0.0000000000
19490  -41.132  -61.948  -34.829 0.0000000000
17640  -42.181  -63.748  -34.886 0.0000000000
15069  -35.793  -66.670  -42.306 0.0000000000
15104  -42.897  -66.853  -44.952 0.0000000000
14249  -42.208  -67.080  -46.063 0.0000000000
15127  -41.325  -66.710  -47.097 0.0000000000
14276  -39.549  -67.584  -49.162 0.0000000000
16005  -40.646  -65.947  -46.762 0.0000000000
14981  -39.509  -66.518  -36.108 0.0000000000
14994  -40.776  -67.503  -36.562 0.0000000000
14065  -45.151  -67.851  -35.972 0.0000000000
13215  -42.790  -68.768  -36.781 0.0000000000
13229  -44.386  -68.693  -37.657 0.0000000000
14143  -44.255  -67.908  -39.967 0.0000000000
14996  -44.842  -67.660  -37.928 0.0000000000
16766  -36.519  -64.685  -37.262 0.0000000000
17654  -36.265  -64.049  -35.637 0.0000000000
17594  -36.687  -64.602  -30.978 0.0000000000
16696  -37.764  -65.287  -31.951 0.0000000000
18509  -37.818  -63.527  -31.422 0.0000000000
18541  -38.655  -62.626  -33.103 0.0000000000
19464  -37.421  -61.893  -32.325 0.0000000000
21277  -32.882  -59.659  -29.523 0.0000000000
20390  -33.979  -60.461  -29.844 0.0000000000
21298  -33.747  -59.246  -30.646 0.0000000000
22994  -34.827  -57.067  -33.410 0.0000000000
22167  -34.655  -58.244  -32.546 0.0000000000
22172  -35.623  -58.206  -33.553 0.0000000000
21320  -36.816  -59.041  -34.122 0.0000000000
15073  -39.126  -66.594  -42.783 0.0000000000
14204  -37.221  -67.354  -43.727 0.0000000000
122249  -38.664  -67.141  -44.039 0.0000000000
10635  -38.657  -71.826  -46.001 0.0000000000
17735  -37.539  -62.883  -41.482 0.0000000000
16817  -39.347  -64.065  -42.627 0.0000000000
15112  -36.624  -65.886  -45.332 0.0000000000
15820  -40.688  -65.935  -33.705 0.0000000000
122717  -41.543  -67.015  -34.506 0.0000000000
15833  -42.248  -65.517  -34.642 0.0000000000
112779  -43.081  -65.237  -35.081 0.0000000000
104971  -44.801  -65.319  -35.465 0.0000000000
17637  -35.638  -63.425  -34.286 0.0000000000
16679  -35.988  -64.393  -30.776 0.0000000000
18498  -36.267  -63.329  -30.377 0.0000000000
23837  -32.476  -56.598  -30.236 0.0000000000
22980  -32.971  -57.098  -30.965 0.0000000000
24690  -32.928  -55.693  -31.787 0.0000000000
24694  -33.460  -55.228  -32.757 0.0000000000
24700  -34.517  -55.272  -33.816 0.0000000000
103775  -41.884  -67.678  -43.160 0.0000000000
14221  -40.005  -67.654  -44.994 0.0000000000
105882  -40.923  -68.028  -46.068 0.0000000000
13350  -40.343  -68.746  -47.193 0.0000000000
10660  -38.740  -71.318  -47.756 0.0000000000
12463  -39.192  -69.164  -49.324 0.0000000000
13398  -38.359  -68.505  -49.984 0.0000000000
12462  -37.768  -68.678  -50.119 0.0000000000
15910  -37.302  -65.500  -39.642 0.0000000000
15934  -37.425  -65.781  -41.350 0.0000000000
14140  -39.905  -67.048  -39.956 0.0000000000
14159  -40.566  -67.483  -40.574 0.0000000000
106956  -41.678  -68.131  -36.532 0.0000000000
14122  -41.690  -68.510  -38.517 0.0000000000
115308  -42.050  -68.472  -40.824 0.0000000000
14174  -43.432  -68.047  -41.886 0.0000000000
15076  -44.069  -66.978  -42.454 0.0000000000
15937  -43.183  -65.976  -42.352 0.0000000000
15877  -37.164  -65.219  -37.954 0.0000000000
15866  -38.373  -65.719  -36.739 0.0000000000
14947  -38.816  -65.949  -34.835 0.0000000000
16709  -36.998  -64.441  -33.963 0.0000000000
15829  -38.262  -65.606  -33.501 0.0000000000
109432  -39.253  -66.066  -33.081 0.0000000000
17632  -40.008  -64.279  -33.470 0.0000000000
18556  -39.742  -62.469  -34.152 0.0000000000
19488  -39.566  -61.502  -34.408 0.0000000000
18491  -34.193  -62.418  -29.564 0.0000000000
19451  -35.337  -62.197  -29.906 0.0000000000
20397  -36.110  -61.138  -31.545 0.0000000000
22161  -34.174  -58.422  -31.812 0.0000000000
21304  -35.355  -59.474  -32.426 0.0000000000
20401  -36.390  -60.719  -32.443 0.0000000000
20408  -37.424  -60.640  -33.635 0.0000000000
20419  -37.934  -60.151  -34.235 0.0000000000
15087  -36.850  -66.840  -43.174 0.0000000000
12383  -36.532  -69.684  -44.050 0.0000000000
12411  -38.366  -68.923  -45.425 0.0000000000
10621  -37.903  -72.309  -44.791 0.0000000000
14995  -43.969  -66.817  -37.993 0.0000000000
15926  -42.556  -66.005  -40.524 0.0000000000
16819  -41.424  -65.155  -43.015 0.0000000000
106955  -40.088  -64.533  -43.147 0.0000000000
15974  -40.654  -65.323  -45.088 0.0000000000
16004  -38.954  -65.648  -47.017 0.0000000000
14247  -37.834  -67.438  -47.318 0.0000000000
19498  -40.920  -61.104  -35.009 0.0000000000
15049  -36.423  -66.099  -42.004 0.0000000000
15103  -42.510  -66.421  -45.170 0.0000000000
15114  -42.368  -66.844  -45.751 0.0000000000
15128  -41.692  -66.492  -46.366 0.0000000000
116439  -40.462  -66.395  -47.661 0.0000000000
15992  -41.217  -65.817  -45.906 0.0000000000
14964  -39.796  -66.703  -35.153 0.0000000000
14993  -39.961  -66.902  -36.826 0.0000000000
14965  -40.514  -67.090  -34.898 0.0000000000
14082  -44.536  -68.431  -36.308 0.0000000000
14102  -45.568  -68.088  -37.037 0.0000000000
14123  -44.575  -68.205  -38.434 0.0000000000
14101  -45.025  -68.185  -37.484 0.0000000000
17674  -34.708  -63.563  -36.482 0.0000000000
17675  -35.617  -63.857  -36.266 0.0000000000
17653  -35.651  -63.585  -35.294 0.0000000000
18508  -37.394  -63.227  -31.084 0.0000000000
17595  -37.380  -64.201  -31.016 0.0000000000
18522  -37.742  -62.720  -31.803 0.0000000000
22961  -32.443  -57.875  -29.517 0.0000000000
22124  -32.126  -58.331  -29.033 0.0000000000
22132  -32.559  -58.483  -29.504 0.0000000000
21276  -32.417  -59.030  -29.273 0.0000000000
22133  -32.942  -58.947  -29.743 0.0000000000
21290  -33.500  -59.590  -29.973 0.0000000000
22153  -33.314  -58.769  -30.330 0.0000000000
23855  -34.657  -56.240  -33.576 0.0000000000
22996  -36.236  -57.870  -34.197 0.0000000000
107345  -36.231  -56.938  -34.479 0.0000000000
118189  -39.948  -66.975  -42.901 0.0000000000
15089  -38.617  -66.799  -43.496 0.0000000000
15090  -39.613  -67.032  -43.540 0.0000000000
17759  -37.905  -63.755  -44.114 0.0000000000
15988  -37.150  -65.224  -45.490 0.0000000000
15972  -36.552  -65.093  -44.915 0.0000000000
15832  -41.447  -65.777  -34.200 0.0000000000
123277  -41.678  -64.651  -34.471 0.0000000000
16711  -42.536  -64.527  -34.933 0.0000000000
16724  -43.300  -64.373  -35.232 0.0000000000
15850  -43.911  -65.977  -35.280 0.0000000000
16725  -44.033  -64.803  -35.346 0.0000000000
17578  -36.233  -64.193  -30.636 0.0000000000
24671  -32.086  -55.834  -29.804 0.0000000000
24684  -32.368  -55.676  -30.623 0.0000000000
23843  -32.734  -56.201  -31.154 0.0000000000
124550  -32.580  -55.494  -31.276 0.0000000000
24695  -33.917  -55.801  -33.056 0.0000000000
11471  -35.701  -70.233  -42.946 0.0000000000
109497  -42.314  -67.539  -44.238 0.0000000000
108585  -41.594  -67.593  -44.666 0.0000000000
14222  -42.481  -67.270  -45.219 0.0000000000
13363  -40.513  -67.834  -48.117 0.0000000000
13339  -41.072  -67.720  -47.163 0.0000000000
12441  -39.970  -69.269  -47.538 0.0000000000
11582  -39.380  -69.866  -48.389 0.0000000000
11581  -38.791  -70.218  -48.871 0.0000000000
14260  -39.442  -67.204  -48.902 0.0000000000
12482  -38.881  -68.422  -49.783 0.0000000000
13380  -38.804  -68.009  -49.725 0.0000000000
12481  -37.721  -68.983  -50.389 0.0000000000
13379  -38.328  -68.215  -49.602 0.0000000000
15923  -38.029  -65.834  -40.087 0.0000000000
14141  -40.730  -67.693  -39.705 0.0000000000
14062  -41.960  -67.541  -34.924 0.0000000000
14079  -41.247  -67.588  -35.538 0.0000000000
14080  -42.349  -68.196  -35.772 0.0000000000
13243  -42.576  -68.956  -38.194 0.0000000000
13260  -42.452  -68.919  -39.089 0.0000000000
13277  -42.383  -68.755  -40.094 0.0000000000
14173  -42.347  -68.243  -41.623 0.0000000000
15037  -44.193  -67.411  -40.842 0.0000000000
14161  -44.046  -67.731  -41.440 0.0000000000
111581  -44.077  -66.860  -41.407 0.0000000000
15075  -43.774  -66.648  -42.872 0.0000000000
15054  -43.966  -66.668  -42.112 0.0000000000
16743  -36.979  -64.720  -36.471 0.0000000000
16767  -37.233  -65.065  -37.110 0.0000000000
15865  -37.696  -65.206  -36.367 0.0000000000
15848  -38.423  -65.650  -35.692 0.0000000000
15847  -38.305  -65.535  -34.658 0.0000000000
17629  -36.347  -63.952  -33.515 0.0000000000
17638  -36.315  -63.894  -34.664 0.0000000000
16701  -37.047  -64.749  -32.614 0.0000000000
16681  -38.184  -65.024  -31.771 0.0000000000
15817  -38.245  -65.576  -32.563 0.0000000000
15811  -38.491  -65.419  -32.288 0.0000000000
15818  -38.749  -65.863  -32.818 0.0000000000
15812  -39.119  -65.647  -32.675 0.0000000000
16703  -39.585  -65.183  -32.852 0.0000000000
17631  -39.382  -64.324  -32.799 0.0000000000
18542  -39.196  -62.813  -33.492 0.0000000000
19476  -39.018  -62.084  -33.890 0.0000000000
19487  -38.819  -61.255  -34.207 0.0000000000
19441  -33.794  -61.793  -29.518 0.0000000000
20391  -34.521  -60.634  -30.156 0.0000000000
20392  -35.109  -61.154  -30.300 0.0000000000
19457  -35.789  -61.612  -30.623 0.0000000000
20396  -35.425  -60.707  -31.195 0.0000000000
22981  -33.588  -57.654  -31.593 0.0000000000
22160  -33.670  -58.589  -31.097 0.0000000000
22982  -34.117  -57.776  -32.229 0.0000000000
105516  -35.113  -58.812  -32.636 0.0000000000
20400  -35.687  -60.299  -32.061 0.0000000000
21305  -36.020  -59.901  -32.869 0.0000000000
20402  -37.048  -61.110  -32.837 0.0000000000
20407  -36.710  -60.298  -33.296 0.0000000000
109746  -37.443  -58.896  -34.446 0.0000000000
21311  -37.194  -59.729  -34.036 0.0000000000
118349  -37.872  -59.417  -34.442 0.0000000000
21321  -38.532  -59.590  -34.618 0.0000000000
15071  -37.097  -66.364  -42.664 0.0000000000
14219  -37.875  -67.733  -44.422 0.0000000000
13315  -37.059  -68.160  -44.156 0.0000000000
12396  -36.993  -69.035  -44.453 0.0000000000
124390  -36.690  -71.212  -43.645 0.0000000000
11486  -36.931  -70.676  -44.320 0.0000000000
107102  -39.275  -68.655  -45.690 0.0000000000
14235  -39.597  -68.042  -45.384 0.0000000000
123469  -39.043  -69.396  -45.908 0.0000000000
8956  -37.612  -73.471  -45.582 0.0000000000
10634  -38.120  -71.606  -45.377 0.0000000000
15925  -41.540  -65.378  -40.654 0.0000000000
15936  -42.360  -65.664  -41.437 0.0000000000
16800  -41.350  -65.146  -41.478 0.0000000000
16828  -38.888  -64.201  -44.108 0.0000000000
16829  -39.372  -64.240  -43.461 0.0000000000
16841  -40.011  -64.699  -44.187 0.0000000000
16840  -39.745  -64.912  -45.094 0.0000000000
15991  -39.429  -65.417  -46.501 0.0000000000
16857  -38.960  -64.844  -45.614 0.0000000000
109495  -37.610  -66.883  -46.683 0.0000000000
15124  -37.897  -66.163  -46.642 0.0000000000
13349  -37.324  -68.265  -47.146 0.0000000000
114915  -40.524  -62.455  -34.486 0.0000000000
17639  -41.550  -63.706  -34.604 0.0000000000
18558  -41.177  -62.967  -34.606 0.0000000000
18559  -41.904  -63.097  -34.847 0.0000000000
18568  -42.583  -62.948  -35.140 0.0000000000
111763  -32.634  -54.972  -31.693 0.0000000000
25543  -32.332  -54.220  -31.476 0.0000000000
13313  -35.815  -68.123  -43.175 0.0000000000
109468  -43.253  -66.915  -44.314 0.0000000000
14237  -42.673  -67.019  -45.328 0.0000000000
119144  -41.900  -66.914  -46.449 0.0000000000
14262  -40.835  -67.044  -47.847 0.0000000000
13381  -39.909  -68.024  -48.925 0.0000000000
14261  -40.106  -67.307  -48.703 0.0000000000
15140  -40.075  -66.720  -48.406 0.0000000000
15126  -39.528  -66.170  -47.725 0.0000000000
14992  -39.096  -66.296  -37.092 0.0000000000
115574  -40.431  -67.365  -37.461 0.0000000000
14064  -43.814  -67.876  -35.580 0.0000000000
14081  -43.425  -68.534  -36.009 0.0000000000
13216  -43.976  -68.885  -36.836 0.0000000000
110810  -43.981  -68.768  -38.340 0.0000000000
13262  -43.840  -68.389  -39.931 0.0000000000
13245  -44.035  -68.428  -39.165 0.0000000000
109340  -44.383  -67.883  -39.280 0.0000000000
15025  -44.210  -67.499  -39.883 0.0000000000
16742  -36.332  -64.339  -36.425 0.0000000000
111083  -36.755  -64.430  -35.883 0.0000000000
16695  -36.963  -64.882  -31.529 0.0000000000
16680  -37.431  -64.797  -31.426 0.0000000000
17596  -37.986  -64.309  -31.467 0.0000000000
17616  -38.605  -64.332  -31.994 0.0000000000
119723  -38.995  -64.341  -32.375 0.0000000000
18523  -38.341  -63.322  -32.066 0.0000000000
19465  -38.027  -62.299  -32.701 0.0000000000
19474  -37.699  -61.470  -33.220 0.0000000000
110126  -33.388  -60.209  -29.662 0.0000000000
21291  -34.132  -59.911  -30.434 0.0000000000
22989  -34.425  -57.452  -32.775 0.0000000000
22990  -35.004  -57.814  -33.206 0.0000000000
21310  -36.428  -59.456  -33.591 0.0000000000
22173  -36.262  -58.664  -33.869 0.0000000000
22180  -36.882  -58.360  -34.389 0.0000000000
22181  -37.640  -58.097  -34.776 0.0000000000
15051  -38.845  -66.352  -41.900 0.0000000000
15072  -38.055  -66.303  -42.606 0.0000000000
14205  -38.109  -67.158  -43.948 0.0000000000
13326  -37.707  -68.532  -44.785 0.0000000000
12412  -39.234  -70.241  -46.386 0.0000000000
104503  -37.704  -63.068  -42.290 0.0000000000
17745  -38.480  -63.530  -42.481 0.0000000000
17737  -39.023  -63.757  -41.921 0.0000000000
17754  -38.623  -63.796  -43.330 0.0000000000
16839  -38.374  -64.322  -44.857 0.0000000000
15990  -38.493  -65.189  -46.212 0.0000000000
15113  -37.466  -65.694  -45.957 0.0000000000
15123  -37.039  -66.635  -45.934 0.0000000000
14937  -40.328  -66.461  -33.816 0.0000000000
14949  -40.606  -66.870  -34.315 0.0000000000
107371  -41.110  -66.597  -34.168 0.0000000000
14950  -41.991  -66.601  -34.532 0.0000000000
15849  -42.878  -66.268  -34.899 0.0000000000
113266  -43.522  -66.928  -35.213 0.0000000000
14967  -44.521  -67.079  -35.504 0.0000000000
14968  -45.733  -67.048  -35.839 0.0000000000
17628  -35.623  -63.500  -33.111 0.0000000000
17614  -35.604  -63.980  -31.646 0.0000000000
116203  -36.392  -64.595  -31.190 0.0000000000
17579  -36.856  -63.828  -30.682 0.0000000000
18507  -36.935  -62.931  -30.769 0.0000000000
116853  -32.349  -57.213  -29.623 0.0000000000
22973  -32.705  -57.511  -30.160 0.0000000000
22974  -33.198  -57.975  -30.668 0.0000000000
119263  -33.302  -56.568  -31.832 0.0000000000
24691  -33.384  -55.803  -32.378 0.0000000000
23850  -33.712  -56.402  -32.521 0.0000000000
23851  -34.214  -56.684  -32.936 0.0000000000
24701  -35.274  -55.875  -34.221 0.0000000000
14207  -40.844  -67.436  -43.630 0.0000000000
14206  -40.366  -67.489  -44.436 0.0000000000
13338  -40.353  -68.483  -46.338 0.0000000000
12483  -39.422  -68.472  -49.319 0.0000000000
11600  -38.450  -69.094  -50.073 0.0000000000
11599  -37.679  -69.453  -50.487 0.0000000000
11614  -36.835  -69.384  -50.802 0.0000000000
120756  -36.798  -65.415  -40.167 0.0000000000
15933  -36.738  -65.714  -41.367 0.0000000000
15922  -37.218  -65.585  -40.616 0.0000000000
15935  -38.006  -65.877  -40.904 0.0000000000
15035  -38.685  -66.236  -40.456 0.0000000000
112624  -39.229  -66.576  -40.065 0.0000000000
124464  -38.612  -66.205  -41.174 0.0000000000
120602  -39.533  -66.694  -40.951 0.0000000000
15052  -39.767  -66.795  -42.099 0.0000000000
15053  -40.533  -67.335  -41.541 0.0000000000
14100  -41.888  -68.520  -37.531 0.0000000000
14142  -41.576  -68.432  -39.438 0.0000000000
14172  -41.380  -67.938  -41.139 0.0000000000
14188  -41.558  -67.799  -42.097 0.0000000000
14189  -42.796  -67.912  -42.604 0.0000000000
14190  -43.547  -67.435  -42.916 0.0000000000
13279  -44.016  -68.091  -40.617 0.0000000000
14175  -43.990  -67.346  -42.278 0.0000000000
14209  -43.461  -67.103  -43.776 0.0000000000
15091  -43.509  -66.790  -43.669 0.0000000000
15959  -42.986  -66.440  -44.359 0.0000000000
15948  -43.201  -66.127  -43.373 0.0000000000
15909  -36.456  -65.278  -39.736 0.0000000000
15895  -37.608  -65.560  -38.705 0.0000000000
111671  -37.861  -65.609  -38.034 0.0000000000
15878  -37.787  -65.450  -37.336 0.0000000000
15879  -38.398  -65.874  -37.648 0.0000000000
14980  -38.873  -66.060  -36.229 0.0000000000
14963  -39.111  -66.199  -35.438 0.0000000000
120966  -39.379  -66.387  -34.494 0.0000000000
16722  -36.894  -64.362  -35.094 0.0000000000
16710  -37.622  -64.959  -34.525 0.0000000000
16702  -37.677  -65.212  -33.081 0.0000000000
15830  -38.901  -66.100  -33.763 0.0000000000
15831  -39.653  -66.342  -33.659 0.0000000000
15819  -39.831  -65.900  -33.224 0.0000000000
16704  -40.341  -65.206  -33.472 0.0000000000
17630  -38.996  -63.569  -32.721 0.0000000000
18543  -39.590  -63.435  -33.480 0.0000000000
18557  -40.285  -63.282  -34.116 0.0000000000
19489  -40.342  -61.708  -34.627 0.0000000000
120470  -34.482  -61.545  -29.714 0.0000000000
19452  -35.931  -62.515  -30.246 0.0000000000
19458  -36.528  -62.128  -30.876 0.0000000000
21299  -34.288  -59.328  -31.272 0.0000000000
21303  -34.727  -59.027  -32.097 0.0000000000
121703  -35.033  -59.827  -31.667 0.0000000000
19463  -36.787  -61.531  -31.927 0.0000000000
20409  -38.109  -60.980  -33.955 0.0000000000
20420  -38.663  -60.420  -34.416 0.0000000000
20421  -39.411  -60.664  -34.592 0.0000000000
14187  -36.162  -67.243  -42.999 0.0000000000
114831  -36.515  -67.800  -43.553 0.0000000000
12382  -35.944  -69.541  -43.416 0.0000000000
11472  -36.301  -70.396  -43.551 0.0000000000
14220  -38.792  -67.518  -44.563 0.0000000000
13327  -38.538  -68.130  -45.078 0.0000000000
12397  -37.634  -69.443  -45.068 0.0000000000
11506  -38.626  -70.968  -45.871 0.0000000000
11487  -37.667  -70.528  -45.165 0.0000000000
106938  -43.009  -62.192  -35.379 0.0000000000
16726  -45.414  -64.420  -35.615 0.0000000000
15851  -45.886  -65.418  -35.624 0.0000000000
14969  -46.683  -66.605  -36.143 0.0000000000
14998  -46.623  -67.090  -37.030 0.0000000000
15010  -44.293  -67.492  -38.814 0.0000000000
15024  -43.788  -66.930  -39.430 0.0000000000
15899  -43.055  -66.370  -38.407 0.0000000000
15914  -42.706  -66.261  -39.449 0.0000000000
15947  -42.236  -65.517  -42.805 0.0000000000
15958  -42.119  -65.596  -43.756 0.0000000000
16807  -39.675  -64.186  -41.768 0.0000000000
16818  -40.248  -64.511  -42.364 0.0000000000
109668  -41.200  -65.006  -42.293 0.0000000000
121967  -40.768  -64.788  -42.844 0.0000000000
16830  -40.927  -65.004  -43.525 0.0000000000
15957  -41.282  -65.390  -44.391 0.0000000000
15973  -40.084  -65.347  -45.837 0.0000000000
117212  -39.781  -65.853  -47.231 0.0000000000
15139  -39.194  -66.577  -48.139 0.0000000000
15138  -38.346  -66.656  -47.392 0.0000000000
14259  -38.664  -67.176  -48.280 0.0000000000
13360  -37.989  -68.038  -48.300 0.0000000000
9776  -38.291  -72.494  -45.544 0.0000000000
12429  -39.786  -69.741  -46.942 0.0000000000
12464  -39.743  -69.090  -48.477 0.0000000000
13217  -44.936  -68.496  -37.020 0.0000000000
13292  -42.848  -68.565  -41.003 0.0000000000
13314  -36.347  -68.725  -43.727 0.0000000000
13361  -38.802  -67.638  -49.250 0.0000000000
14048  -41.135  -67.207  -34.652 0.0000000000
14063  -42.842  -67.965  -35.427 0.0000000000
14083  -45.491  -68.078  -36.652 0.0000000000
14103  -46.119  -67.582  -36.885 0.0000000000
14160  -41.437  -68.203  -40.292 0.0000000000
14191  -43.830  -67.043  -43.026 0.0000000000
14208  -43.059  -67.513  -43.640 0.0000000000
14248  -41.593  -67.085  -46.877 0.0000000000
14275  -39.266  -67.939  -49.505 0.0000000000
14970  -47.097  -66.371  -36.536 0.0000000000
14982  -40.306  -67.072  -35.835 0.0000000000
14983  -46.730  -66.940  -36.690 0.0000000000
14997  -45.735  -67.671  -37.293 0.0000000000
15050  -37.258  -65.974  -41.996 0.0000000000
15055  -44.177  -67.124  -41.793 0.0000000000
15070  -36.460  -66.598  -42.644 0.0000000000
15088  -37.639  -66.709  -43.307 0.0000000000
15102  -39.250  -67.222  -44.157 0.0000000000
15125  -38.695  -66.067  -47.301 0.0000000000
15911  -38.140  -65.876  -39.242 0.0000000000
15993  -42.005  -66.320  -45.736 0.0000000000
16808  -40.495  -64.636  -41.600 0.0000000000
16855  -37.323  -64.691  -45.253 0.0000000000
16856  -38.016  -64.633  -45.534 0.0000000000
22168  -35.199  -58.405  -33.005 0.0000000000
106338  -37.544  -71.357  -44.778 0.0000000000
109803  -43.438  -66.322  -41.445 0.0000000000
109947  -45.124  -66.198  -35.546 0.0000000000
111832  -37.860  -65.182  -35.415 0.0000000000
113123  -46.167  -66.253  -35.730 0.0000000000
114774  -41.557  -67.616  -45.585 0.0000000000
116056  -39.156  -67.653  -49.405 0.0000000000
118215  -42.067  -65.426  -42.070 0.0000000000
119238  -43.576  -68.255  -41.060 0.0000000000
120279  -38.395  -69.913  -45.661 0.0000000000
122431  -36.669  -67.292  -43.379 0.0000000000
122827  -42.672  -68.925  -37.558 0.0000000000
123682  -42.269  -65.885  -44.661 0.0000000000
124626  -40.999  -65.187  -33.973 0.0000000000
