#!ascii label  , from subject sub-v1s11x0050166_ses-1 vox2ras=TkReg
1619
31554  8.796  -46.800  29.741 0.0000000000
54890  42.591  -22.110  12.418 0.0000000000
39275  25.473  -38.153  26.772 0.0000000000
42198  35.610  -35.415  31.819 0.0000000000
34575  20.558  -43.834  24.401 0.0000000000
111732  17.605  -46.109  32.155 0.0000000000
61500  52.761  -15.585  7.208 0.0000000000
57631  51.638  -19.319  15.750 0.0000000000
48433  36.596  -29.289  21.148 0.0000000000
66201  56.292  -10.733  -0.434 0.0000000000
37366  23.820  -41.189  31.075 0.0000000000
33509  12.561  -44.520  31.601 0.0000000000
60521  52.491  -16.213  11.749 0.0000000000
59625  47.109  -17.802  10.223 0.0000000000
53013  43.285  -24.134  17.896 0.0000000000
126775  47.291  -22.905  18.243 0.0000000000
52175  38.684  -25.206  16.409 0.0000000000
42273  32.633  -35.874  24.243 0.0000000000
39243  30.775  -38.586  28.273 0.0000000000
32513  21.931  -45.288  30.464 0.0000000000
27562  21.418  -50.365  31.777 0.0000000000
30583  19.104  -47.054  27.695 0.0000000000
33568  13.843  -44.572  26.839 0.0000000000
37460  22.427  -40.598  25.351 0.0000000000
61496  58.159  -15.705  7.957 0.0000000000
60497  58.458  -15.955  13.011 0.0000000000
56729  47.019  -20.750  14.168 0.0000000000
52099  38.801  -25.558  22.086 0.0000000000
45358  36.176  -32.056  26.412 0.0000000000
63362  54.854  -13.834  3.114 0.0000000000
107175  59.846  -13.904  1.934 0.0000000000
64367  62.606  -11.059  -1.187 0.0000000000
112152  22.752  -44.136  34.169 0.0000000000
32516  10.413  -45.366  30.477 0.0000000000
106424  12.262  -44.511  35.126 0.0000000000
32478  9.771  -45.294  34.343 0.0000000000
60588  47.092  -16.642  7.656 0.0000000000
53849  42.691  -23.009  20.321 0.0000000000
54771  44.935  -22.608  21.474 0.0000000000
27559  4.672  -51.077  32.221 0.0000000000
52237  38.695  -25.737  12.642 0.0000000000
40219  26.724  -37.537  23.798 0.0000000000
40199  29.239  -37.529  24.500 0.0000000000
39272  28.335  -38.306  26.725 0.0000000000
33552  21.368  -44.481  27.550 0.0000000000
31560  20.957  -46.936  28.685 0.0000000000
32556  19.905  -45.858  26.070 0.0000000000
35605  21.379  -42.584  24.485 0.0000000000
35561  21.927  -42.876  27.921 0.0000000000
29548  19.319  -49.053  32.086 0.0000000000
61498  55.691  -15.542  7.482 0.0000000000
107114  57.946  -16.249  10.315 0.0000000000
60548  55.420  -16.391  10.014 0.0000000000
59576  52.097  -17.536  14.207 0.0000000000
59573  55.265  -16.850  15.242 0.0000000000
56773  42.671  -20.510  10.544 0.0000000000
57691  44.892  -19.609  11.087 0.0000000000
55841  44.674  -21.490  13.314 0.0000000000
49444  35.500  -27.888  17.728 0.0000000000
52138  36.749  -25.388  19.046 0.0000000000
50330  37.388  -27.045  21.579 0.0000000000
41194  34.050  -36.101  27.642 0.0000000000
43365  34.439  -34.454  25.362 0.0000000000
121871  35.934  -33.893  29.079 0.0000000000
62460  50.773  -14.266  4.715 0.0000000000
63365  52.373  -13.307  3.452 0.0000000000
62439  53.539  -14.721  5.134 0.0000000000
62436  56.437  -14.817  5.145 0.0000000000
65323  59.639  -10.925  -3.106 0.0000000000
64370  58.641  -12.365  -1.091 0.0000000000
112932  61.134  -13.174  0.990 0.0000000000
63403  58.188  -13.140  0.253 0.0000000000
38337  24.406  -39.132  28.418 0.0000000000
38319  26.730  -39.200  29.761 0.0000000000
38286  25.499  -40.005  31.575 0.0000000000
33506  15.046  -44.706  31.690 0.0000000000
31500  17.810  -46.403  35.900 0.0000000000
118077  14.678  -44.594  34.885 0.0000000000
61530  50.428  -15.633  6.657 0.0000000000
127556  52.463  -16.437  9.119 0.0000000000
60572  49.738  -16.758  8.480 0.0000000000
110290  49.603  -17.151  11.215 0.0000000000
58646  49.242  -17.997  12.850 0.0000000000
53924  42.819  -23.932  15.142 0.0000000000
53922  44.753  -22.983  15.408 0.0000000000
127004  45.255  -23.612  18.073 0.0000000000
46424  35.521  -31.200  19.724 0.0000000000
44293  35.999  -33.083  33.461 0.0000000000
29570  7.420  -48.423  30.517 0.0000000000
30517  7.643  -47.564  33.606 0.0000000000
28560  6.266  -49.224  33.166 0.0000000000
53964  40.702  -23.330  11.856 0.0000000000
53084  41.100  -24.490  14.045 0.0000000000
121287  40.816  -24.740  17.339 0.0000000000
112857  40.158  -23.254  19.819 0.0000000000
105747  30.478  -36.516  22.083 0.0000000000
40178  31.876  -37.030  26.065 0.0000000000
40136  33.970  -38.081  30.324 0.0000000000
38298  29.986  -39.769  30.426 0.0000000000
38270  32.559  -39.579  32.696 0.0000000000
31524  22.412  -46.070  32.845 0.0000000000
107904  23.174  -49.534  32.991 0.0000000000
119779  22.105  -48.321  31.272 0.0000000000
29565  20.554  -49.008  30.263 0.0000000000
31533  18.038  -46.746  30.757 0.0000000000
32557  17.696  -45.587  25.882 0.0000000000
32546  16.556  -45.317  27.232 0.0000000000
32525  15.874  -45.096  29.712 0.0000000000
126270  13.225  -44.448  28.898 0.0000000000
33546  11.046  -45.091  28.115 0.0000000000
110556  9.747  -45.916  28.137 0.0000000000
109925  24.240  -36.930  23.359 0.0000000000
39309  22.774  -38.331  23.306 0.0000000000
39289  23.742  -38.150  25.770 0.0000000000
37416  22.930  -40.642  28.092 0.0000000000
111783  22.503  -42.977  30.250 0.0000000000
58655  59.749  -17.452  12.135 0.0000000000
60500  55.213  -16.085  12.593 0.0000000000
59638  45.032  -17.953  9.145 0.0000000000
58649  47.066  -18.929  11.966 0.0000000000
56726  49.253  -20.029  14.928 0.0000000000
55807  47.242  -22.138  16.134 0.0000000000
112216  49.029  -21.645  16.586 0.0000000000
52196  36.390  -25.418  15.593 0.0000000000
53000  38.301  -23.991  19.001 0.0000000000
53807  41.124  -23.724  23.159 0.0000000000
45394  35.067  -32.753  22.776 0.0000000000
47347  36.459  -30.557  24.387 0.0000000000
46322  37.604  -31.568  30.666 0.0000000000
47311  37.351  -29.770  27.696 0.0000000000
49338  37.296  -28.495  25.017 0.0000000000
51202  38.999  -26.219  25.630 0.0000000000
52905  41.174  -24.819  26.698 0.0000000000
64347  55.304  -12.203  1.002 0.0000000000
62484  57.404  -14.180  2.759 0.0000000000
121214  59.029  -14.547  5.016 0.0000000000
33443  22.978  -44.809  35.627 0.0000000000
32517  9.811  -45.721  30.939 0.0000000000
32494  9.780  -45.510  32.639 0.0000000000
31527  9.257  -46.038  32.291 0.0000000000
54754  42.540  -21.753  22.287 0.0000000000
54753  43.356  -21.873  22.386 0.0000000000
27581  4.507  -50.768  30.476 0.0000000000
40202  26.216  -37.562  24.583 0.0000000000
40183  27.515  -37.821  25.265 0.0000000000
39273  27.305  -38.274  26.835 0.0000000000
34552  20.966  -44.183  25.952 0.0000000000
32555  20.444  -45.680  26.547 0.0000000000
32570  19.873  -45.263  25.310 0.0000000000
116842  21.225  -42.236  22.830 0.0000000000
34574  21.075  -43.292  24.807 0.0000000000
34562  21.268  -43.352  25.658 0.0000000000
30510  18.450  -47.513  32.734 0.0000000000
30499  18.491  -47.718  34.278 0.0000000000
126143  54.345  -15.462  7.252 0.0000000000
120030  55.547  -15.845  8.298 0.0000000000
60568  53.711  -16.053  8.556 0.0000000000
58618  51.622  -18.230  14.646 0.0000000000
58599  53.647  -17.773  15.569 0.0000000000
55861  42.466  -21.176  11.128 0.0000000000
122768  43.603  -20.973  11.775 0.0000000000
55842  43.970  -21.672  13.023 0.0000000000
48451  35.867  -29.983  18.903 0.0000000000
49424  36.344  -28.361  19.675 0.0000000000
50345  36.676  -27.302  20.237 0.0000000000
49403  36.856  -28.439  21.414 0.0000000000
42211  35.141  -36.025  30.166 0.0000000000
42220  35.118  -35.225  28.837 0.0000000000
108237  35.769  -35.063  30.914 0.0000000000
61547  51.679  -15.119  5.934 0.0000000000
62440  52.693  -14.661  5.040 0.0000000000
110656  53.147  -14.926  5.670 0.0000000000
61544  54.656  -15.069  5.923 0.0000000000
65315  57.738  -10.977  -1.822 0.0000000000
65301  57.435  -11.483  -1.225 0.0000000000
64344  58.058  -12.647  -0.386 0.0000000000
64359  56.875  -12.353  -0.027 0.0000000000
37400  24.297  -39.856  29.632 0.0000000000
38302  24.916  -39.547  29.899 0.0000000000
37365  24.384  -40.598  31.114 0.0000000000
33508  13.628  -44.536  31.637 0.0000000000
33479  15.387  -44.760  33.483 0.0000000000
108692  13.830  -44.520  33.517 0.0000000000
33434  11.857  -44.488  36.783 0.0000000000
33417  13.652  -44.413  37.347 0.0000000000
61532  49.054  -15.533  6.318 0.0000000000
61503  49.965  -16.102  7.221 0.0000000000
61504  49.028  -16.093  7.017 0.0000000000
60574  47.099  -17.132  8.510 0.0000000000
59635  48.517  -17.210  9.390 0.0000000000
59623  48.268  -17.549  10.765 0.0000000000
59608  49.396  -17.357  11.828 0.0000000000
59609  48.235  -17.825  11.525 0.0000000000
53060  43.029  -24.248  16.415 0.0000000000
53915  43.794  -23.940  16.509 0.0000000000
105951  44.068  -23.875  18.183 0.0000000000
62443  49.577  -14.694  5.405 0.0000000000
29553  6.925  -48.939  31.892 0.0000000000
28582  6.449  -49.558  31.477 0.0000000000
53965  39.416  -23.514  10.812 0.0000000000
53956  40.921  -23.819  12.696 0.0000000000
124179  39.743  -24.424  11.930 0.0000000000
52211  38.736  -25.883  14.670 0.0000000000
52210  39.627  -25.565  14.312 0.0000000000
117957  39.608  -25.082  16.642 0.0000000000
53016  40.599  -24.296  18.304 0.0000000000
53017  39.565  -24.131  18.519 0.0000000000
116461  28.959  -37.044  21.730 0.0000000000
39270  30.162  -38.110  26.860 0.0000000000
40180  30.457  -37.500  25.434 0.0000000000
40159  31.672  -37.641  27.208 0.0000000000
40157  32.963  -37.286  27.999 0.0000000000
39241  32.214  -38.443  28.989 0.0000000000
121648  27.144  -39.737  31.127 0.0000000000
110586  28.265  -39.640  30.358 0.0000000000
122240  28.532  -40.101  31.810 0.0000000000
38257  31.340  -39.817  33.466 0.0000000000
39203  33.513  -38.659  33.225 0.0000000000
32501  22.096  -45.676  31.258 0.0000000000
110912  22.411  -46.914  32.439 0.0000000000
31532  22.031  -46.784  31.002 0.0000000000
30569  20.415  -47.436  28.554 0.0000000000
29576  20.686  -48.461  29.738 0.0000000000
29577  19.860  -48.209  29.357 0.0000000000
30545  19.305  -48.209  30.157 0.0000000000
31551  18.698  -47.270  29.042 0.0000000000
32598  17.965  -44.893  23.858 0.0000000000
120752  14.658  -44.637  26.263 0.0000000000
33567  15.368  -44.706  25.758 0.0000000000
32547  15.673  -44.959  27.436 0.0000000000
32524  16.567  -45.466  29.176 0.0000000000
33554  14.976  -44.724  27.812 0.0000000000
125669  14.319  -44.604  29.055 0.0000000000
33556  13.346  -44.513  27.705 0.0000000000
32537  10.394  -45.465  28.539 0.0000000000
40265  24.648  -36.606  22.108 0.0000000000
41254  23.822  -36.559  22.031 0.0000000000
37485  22.417  -40.196  23.609 0.0000000000
38390  22.627  -39.580  24.246 0.0000000000
39298  23.430  -38.144  24.881 0.0000000000
38377  22.809  -39.692  25.566 0.0000000000
38350  23.359  -39.435  26.905 0.0000000000
116623  22.524  -40.801  26.811 0.0000000000
34522  21.833  -43.986  29.031 0.0000000000
113401  22.393  -42.675  29.400 0.0000000000
34513  22.235  -43.748  30.462 0.0000000000
32500  22.265  -44.784  31.851 0.0000000000
28564  22.809  -50.307  32.667 0.0000000000
30507  6.741  -47.848  34.743 0.0000000000
31505  7.767  -46.763  35.670 0.0000000000
60563  59.545  -15.906  9.327 0.0000000000
60516  58.193  -16.006  12.055 0.0000000000
60514  59.572  -16.289  11.969 0.0000000000
60496  59.161  -16.173  12.640 0.0000000000
58641  58.830  -17.156  13.485 0.0000000000
60537  51.959  -16.582  10.332 0.0000000000
106330  53.742  -16.378  10.804 0.0000000000
60520  53.331  -16.149  11.818 0.0000000000
59572  56.349  -16.937  15.731 0.0000000000
56748  46.265  -20.206  12.847 0.0000000000
57690  45.640  -19.374  11.317 0.0000000000
57662  46.939  -19.913  13.116 0.0000000000
57661  48.467  -19.180  13.505 0.0000000000
56737  48.076  -19.926  14.024 0.0000000000
53912  46.004  -23.197  16.903 0.0000000000
54854  46.025  -22.794  16.158 0.0000000000
54844  46.794  -22.965  17.396 0.0000000000
116033  34.796  -25.502  15.391 0.0000000000
52123  37.615  -25.616  20.281 0.0000000000
53002  37.237  -24.583  18.737 0.0000000000
52967  38.852  -24.890  21.204 0.0000000000
53824  40.093  -23.651  21.352 0.0000000000
52953  40.182  -24.416  22.326 0.0000000000
42311  31.682  -35.875  21.949 0.0000000000
42309  33.076  -35.271  22.718 0.0000000000
44384  35.333  -33.466  26.269 0.0000000000
111679  34.733  -33.616  23.984 0.0000000000
45381  35.467  -32.519  24.340 0.0000000000
112758  35.777  -31.658  23.201 0.0000000000
46364  36.204  -31.428  25.332 0.0000000000
46308  37.250  -32.311  32.099 0.0000000000
49301  37.997  -28.266  28.455 0.0000000000
128031  37.368  -28.858  26.572 0.0000000000
50264  37.795  -27.840  26.807 0.0000000000
50277  37.962  -27.164  25.447 0.0000000000
51170  38.645  -26.989  27.577 0.0000000000
63363  53.991  -13.668  3.207 0.0000000000
64318  54.892  -12.951  2.002 0.0000000000
63387  56.445  -13.350  1.583 0.0000000000
62486  55.690  -14.017  2.988 0.0000000000
61541  57.463  -15.177  6.247 0.0000000000
62455  57.131  -14.651  4.578 0.0000000000
61540  58.407  -15.198  6.491 0.0000000000
62421  60.265  -14.703  6.403 0.0000000000
65312  61.220  -11.404  -2.829 0.0000000000
63384  60.811  -13.317  1.951 0.0000000000
63371  61.438  -12.604  2.890 0.0000000000
63360  60.322  -13.744  3.738 0.0000000000
35510  23.353  -42.286  32.418 0.0000000000
36456  24.209  -41.429  32.930 0.0000000000
34461  23.291  -43.159  34.559 0.0000000000
33510  11.653  -44.658  31.165 0.0000000000
33482  12.323  -44.573  33.445 0.0000000000
33497  10.900  -44.887  32.394 0.0000000000
122189  10.977  -44.714  34.450 0.0000000000
33435  10.514  -44.695  36.482 0.0000000000
60575  46.268  -16.980  8.104 0.0000000000
59646  46.298  -17.433  8.949 0.0000000000
53888  43.182  -23.821  18.820 0.0000000000
53865  44.323  -23.303  19.782 0.0000000000
54772  43.832  -22.475  21.689 0.0000000000
55715  44.882  -21.871  23.030 0.0000000000
28583  5.935  -50.117  31.099 0.0000000000
27580  5.279  -50.534  30.735 0.0000000000
26579  3.930  -51.568  31.824 0.0000000000
53106  38.629  -24.795  11.173 0.0000000000
52224  37.431  -26.299  13.612 0.0000000000
111675  28.642  -37.329  23.047 0.0000000000
40200  28.401  -37.594  24.293 0.0000000000
39283  28.887  -38.030  26.002 0.0000000000
39257  29.538  -38.517  27.557 0.0000000000
33540  21.555  -44.655  28.428 0.0000000000
113476  21.636  -45.685  29.599 0.0000000000
32533  21.039  -46.202  28.230 0.0000000000
31561  20.528  -46.830  27.980 0.0000000000
31571  19.596  -46.798  27.158 0.0000000000
33570  12.366  -44.546  26.363 0.0000000000
33585  11.821  -44.459  25.696 0.0000000000
36563  21.677  -41.672  23.315 0.0000000000
36548  22.105  -41.241  24.746 0.0000000000
35583  22.141  -41.659  26.804 0.0000000000
35584  21.809  -42.275  26.413 0.0000000000
34541  21.551  -43.516  27.170 0.0000000000
28565  20.452  -50.453  32.149 0.0000000000
110232  56.376  -15.509  7.320 0.0000000000
60564  58.332  -16.005  8.870 0.0000000000
60565  56.390  -16.090  8.849 0.0000000000
60547  56.549  -16.387  10.077 0.0000000000
60517  56.745  -16.317  11.487 0.0000000000
60488  52.106  -16.523  13.052 0.0000000000
60487  52.988  -16.280  13.155 0.0000000000
59575  53.048  -17.278  14.491 0.0000000000
124548  55.072  -17.966  16.837 0.0000000000
57716  43.361  -19.249  9.655 0.0000000000
56772  43.459  -20.209  10.732 0.0000000000
56750  44.814  -20.563  12.229 0.0000000000
55839  46.012  -21.091  13.768 0.0000000000
110051  48.214  -22.648  18.763 0.0000000000
51318  34.352  -26.326  16.510 0.0000000000
118617  35.156  -25.609  17.161 0.0000000000
51292  35.727  -26.135  18.267 0.0000000000
51264  37.070  -26.406  20.289 0.0000000000
51238  38.258  -26.300  22.655 0.0000000000
41210  33.045  -36.109  25.804 0.0000000000
42272  33.442  -35.326  24.367 0.0000000000
107644  34.312  -35.244  26.688 0.0000000000
43355  35.171  -34.009  26.941 0.0000000000
45351  35.982  -32.886  27.524 0.0000000000
63368  50.133  -13.092  3.901 0.0000000000
124795  51.204  -12.727  3.504 0.0000000000
63346  52.060  -13.797  3.970 0.0000000000
62476  52.737  -13.791  3.748 0.0000000000
62474  54.405  -14.176  3.781 0.0000000000
108924  55.259  -14.270  3.667 0.0000000000
121824  55.029  -14.826  5.263 0.0000000000
61543  55.633  -15.059  5.803 0.0000000000
122544  58.141  -10.345  -2.322 0.0000000000
109413  59.188  -11.324  -2.492 0.0000000000
64368  61.434  -12.297  -1.258 0.0000000000
116299  62.468  -11.474  -0.167 0.0000000000
64357  60.515  -12.879  -0.679 0.0000000000
63402  59.648  -13.601  0.589 0.0000000000
122435  59.239  -13.812  1.111 0.0000000000
39262  24.707  -38.486  27.248 0.0000000000
39246  26.197  -38.571  28.182 0.0000000000
39236  25.678  -38.805  28.837 0.0000000000
38300  26.524  -39.538  30.676 0.0000000000
38275  26.858  -40.022  32.741 0.0000000000
121108  16.706  -45.379  32.788 0.0000000000
31519  17.890  -46.272  33.974 0.0000000000
32484  16.843  -45.412  33.620 0.0000000000
127956  16.271  -44.986  35.323 0.0000000000
33446  13.867  -44.528  35.439 0.0000000000
33431  14.758  -44.556  36.640 0.0000000000
61529  51.336  -15.506  6.639 0.0000000000
60583  52.375  -15.953  7.876 0.0000000000
127590  51.636  -16.098  7.846 0.0000000000
60570  51.241  -16.589  8.829 0.0000000000
106268  51.326  -16.775  10.008 0.0000000000
60573  48.937  -16.796  8.257 0.0000000000
60554  50.021  -16.987  9.360 0.0000000000
60523  50.908  -16.696  11.635 0.0000000000
59598  50.685  -16.984  12.733 0.0000000000
59587  50.892  -17.308  13.318 0.0000000000
58619  50.804  -18.467  14.397 0.0000000000
53943  42.875  -22.961  13.732 0.0000000000
54875  43.702  -22.698  14.145 0.0000000000
53931  43.933  -23.134  14.925 0.0000000000
107366  45.175  -23.557  16.925 0.0000000000
54830  46.524  -23.031  18.800 0.0000000000
53847  45.118  -23.114  19.910 0.0000000000
54791  46.340  -22.618  20.408 0.0000000000
54790  47.330  -22.449  20.100 0.0000000000
47388  35.891  -30.719  20.535 0.0000000000
43254  35.714  -34.666  32.541 0.0000000000
63349  49.482  -13.387  4.274 0.0000000000
62461  49.772  -14.185  4.792 0.0000000000
62442  50.324  -14.711  5.358 0.0000000000
67068  57.357  -8.842  0.421 0.0000000000
67069  56.602  -9.366  0.391 0.0000000000
30550  8.480  -47.139  30.294 0.0000000000
30539  8.336  -47.205  31.704 0.0000000000
30540  7.881  -47.730  31.958 0.0000000000
29543  7.234  -48.163  33.168 0.0000000000
29535  6.042  -48.472  34.694 0.0000000000
116525  5.805  -49.822  32.787 0.0000000000
55862  41.701  -21.548  10.960 0.0000000000
54908  40.306  -22.300  10.603 0.0000000000
54891  41.866  -22.444  12.144 0.0000000000
112677  41.572  -23.574  13.204 0.0000000000
126879  41.910  -24.171  14.502 0.0000000000
53062  41.573  -24.682  15.498 0.0000000000
52222  39.922  -25.211  13.422 0.0000000000
53063  40.869  -24.982  15.174 0.0000000000
53029  41.620  -24.581  17.514 0.0000000000
53015  41.732  -24.217  18.378 0.0000000000
53868  40.892  -22.913  19.990 0.0000000000
54775  41.460  -22.305  21.394 0.0000000000
110713  31.281  -36.368  23.244 0.0000000000
121897  29.786  -37.215  23.916 0.0000000000
41239  31.297  -36.602  24.120 0.0000000000
126994  32.010  -36.537  25.029 0.0000000000
41203  32.838  -36.819  27.092 0.0000000000
41182  34.199  -36.967  29.249 0.0000000000
41175  35.012  -36.597  30.851 0.0000000000
106533  27.719  -38.747  28.264 0.0000000000
38334  29.111  -39.149  28.865 0.0000000000
38315  30.522  -39.443  29.706 0.0000000000
127636  30.070  -40.282  32.421 0.0000000000
38282  30.991  -39.996  31.372 0.0000000000
38313  32.218  -39.403  30.436 0.0000000000
39218  33.206  -39.240  31.265 0.0000000000
40122  34.629  -37.688  32.283 0.0000000000
110466  34.971  -36.746  32.520 0.0000000000
31517  22.792  -47.037  34.106 0.0000000000
30508  22.842  -47.704  33.514 0.0000000000
29547  22.589  -49.353  32.210 0.0000000000
28575  22.030  -49.929  31.773 0.0000000000
30544  21.363  -47.820  29.859 0.0000000000
29564  21.080  -49.026  30.390 0.0000000000
28577  20.753  -49.932  31.236 0.0000000000
123461  19.649  -49.151  31.251 0.0000000000
30521  19.075  -48.449  31.581 0.0000000000
31525  18.070  -46.735  31.625 0.0000000000
32585  19.202  -45.358  24.987 0.0000000000
31594  18.601  -45.926  25.923 0.0000000000
31585  18.254  -46.125  26.556 0.0000000000
32575  16.045  -44.769  25.232 0.0000000000
32558  16.754  -45.291  26.387 0.0000000000
31563  17.653  -46.238  28.262 0.0000000000
32523  17.222  -45.928  28.973 0.0000000000
110492  17.185  -45.862  29.746 0.0000000000
32502  17.196  -45.805  31.518 0.0000000000
32515  15.861  -45.075  30.645 0.0000000000
33519  14.473  -44.637  30.575 0.0000000000
33532  12.953  -44.442  30.021 0.0000000000
33557  12.610  -44.545  27.683 0.0000000000
110582  12.099  -44.564  28.965 0.0000000000
33534  11.541  -44.801  29.482 0.0000000000
33523  10.998  -45.133  29.981 0.0000000000
32538  9.920  -45.817  29.080 0.0000000000
31553  9.299  -46.352  29.488 0.0000000000
30562  8.315  -47.325  29.473 0.0000000000
30563  7.716  -47.865  29.129 0.0000000000
40242  26.179  -37.178  22.536 0.0000000000
119136  25.785  -37.377  24.025 0.0000000000
40203  25.246  -37.403  24.592 0.0000000000
115952  23.644  -37.059  23.266 0.0000000000
40205  23.804  -37.501  24.485 0.0000000000
39288  24.238  -37.841  25.881 0.0000000000
39263  24.136  -38.567  26.890 0.0000000000
38338  23.874  -39.419  28.075 0.0000000000
36492  23.449  -40.903  29.745 0.0000000000
36503  22.603  -41.491  28.356 0.0000000000
105960  22.713  -41.875  29.177 0.0000000000
36480  23.089  -41.864  30.372 0.0000000000
34490  22.688  -43.509  32.346 0.0000000000
32482  22.509  -45.404  33.621 0.0000000000
31521  8.642  -46.461  33.594 0.0000000000
32466  8.762  -45.888  35.871 0.0000000000
60545  59.876  -16.037  10.366 0.0000000000
60536  53.991  -16.403  9.934 0.0000000000
60518  55.503  -16.311  11.586 0.0000000000
106748  56.402  -16.099  12.573 0.0000000000
60486  55.511  -16.158  13.731 0.0000000000
60485  56.715  -16.190  14.025 0.0000000000
60474  57.964  -16.549  14.457 0.0000000000
113088  44.651  -17.593  8.571 0.0000000000
59637  46.310  -17.912  9.805 0.0000000000
57701  44.481  -19.299  10.394 0.0000000000
58663  46.125  -18.796  10.947 0.0000000000
58677  47.257  -18.075  10.911 0.0000000000
58647  48.464  -18.458  12.748 0.0000000000
57660  49.267  -18.970  13.891 0.0000000000
57647  50.404  -19.150  14.788 0.0000000000
55831  44.977  -21.879  14.017 0.0000000000
55830  45.789  -21.622  14.313 0.0000000000
55828  47.074  -21.166  14.711 0.0000000000
54851  48.277  -22.459  17.364 0.0000000000
55806  48.133  -22.029  16.516 0.0000000000
56717  48.225  -20.802  15.090 0.0000000000
56716  48.881  -20.644  15.347 0.0000000000
56714  50.489  -20.222  15.850 0.0000000000
52225  36.466  -26.261  13.935 0.0000000000
52195  37.307  -25.478  15.618 0.0000000000
52159  36.003  -24.783  17.184 0.0000000000
53032  37.357  -24.375  17.726 0.0000000000
53031  38.117  -24.227  17.952 0.0000000000
53870  39.467  -23.662  19.584 0.0000000000
53851  40.416  -22.964  20.803 0.0000000000
126872  41.798  -22.075  23.242 0.0000000000
43390  34.200  -34.237  23.542 0.0000000000
45457  35.194  -32.228  21.114 0.0000000000
47378  35.882  -31.045  21.390 0.0000000000
107003  36.523  -30.131  22.793 0.0000000000
44322  36.506  -33.803  31.509 0.0000000000
45330  36.919  -32.842  30.426 0.0000000000
107351  36.930  -32.061  29.124 0.0000000000
47285  37.589  -30.799  29.620 0.0000000000
108119  36.749  -31.385  27.511 0.0000000000
108772  36.807  -30.332  26.143 0.0000000000
107408  36.731  -29.832  24.180 0.0000000000
49370  36.979  -29.015  23.313 0.0000000000
50306  37.519  -27.622  23.886 0.0000000000
50305  37.907  -26.958  23.904 0.0000000000
52072  38.915  -26.009  23.991 0.0000000000
52032  39.829  -25.962  27.618 0.0000000000
52062  39.807  -25.738  26.063 0.0000000000
52084  40.321  -25.184  24.119 0.0000000000
52918  41.570  -24.186  25.008 0.0000000000
67070  55.780  -9.737  0.660 0.0000000000
64346  56.005  -12.160  0.383 0.0000000000
63405  56.789  -12.929  0.737 0.0000000000
63386  57.304  -13.525  1.340 0.0000000000
62483  58.315  -14.200  2.663 0.0000000000
62472  57.002  -14.415  3.641 0.0000000000
114397  57.927  -14.361  3.427 0.0000000000
62471  59.435  -14.173  3.838 0.0000000000
62453  60.546  -14.009  5.116 0.0000000000
31498  23.068  -46.678  35.636 0.0000000000
115322  23.338  -46.763  35.922 0.0000000000
31545  9.169  -46.389  30.441 0.0000000000
31535  9.244  -46.170  31.436 0.0000000000
55718  42.300  -21.615  22.695 0.0000000000
55717  42.958  -21.428  22.939 0.0000000000
39286  26.039  -37.848  26.007 0.0000000000
39285  26.990  -37.981  26.003 0.0000000000
39274  26.439  -38.115  26.596 0.0000000000
34563  20.764  -43.990  25.197 0.0000000000
33580  20.488  -44.747  25.558 0.0000000000
33596  20.243  -44.543  24.805 0.0000000000
109561  18.133  -46.810  32.497 0.0000000000
115995  18.659  -47.973  33.367 0.0000000000
31518  18.241  -47.023  33.482 0.0000000000
61499  53.619  -15.494  7.215 0.0000000000
61486  54.075  -15.690  7.878 0.0000000000
61487  53.231  -15.807  7.882 0.0000000000
58601  52.013  -18.643  15.351 0.0000000000
57630  52.551  -19.040  16.154 0.0000000000
54897  42.202  -21.803  11.683 0.0000000000
55853  43.027  -21.432  11.906 0.0000000000
54889  43.290  -21.845  12.698 0.0000000000
48450  36.157  -29.486  19.651 0.0000000000
48463  36.037  -29.073  18.890 0.0000000000
48440  36.445  -29.115  20.305 0.0000000000
49415  36.668  -28.364  20.656 0.0000000000
42204  35.408  -35.815  30.949 0.0000000000
117095  35.502  -35.429  30.334 0.0000000000
61528  52.231  -15.366  6.558 0.0000000000
61546  52.487  -15.025  5.827 0.0000000000
111574  53.174  -15.236  6.428 0.0000000000
65302  56.779  -11.152  -0.880 0.0000000000
65290  57.111  -11.932  -0.657 0.0000000000
65291  56.439  -11.642  -0.305 0.0000000000
37384  23.967  -40.578  30.220 0.0000000000
37383  24.607  -40.086  30.420 0.0000000000
33480  13.810  -44.542  32.727 0.0000000000
33494  13.218  -44.526  32.317 0.0000000000
61533  48.364  -15.297  5.995 0.0000000000
122802  48.407  -15.781  6.546 0.0000000000
110163  47.067  -17.485  9.406 0.0000000000
59636  47.840  -17.460  9.935 0.0000000000
59624  47.649  -17.749  10.598 0.0000000000
53044  43.199  -24.266  17.092 0.0000000000
53902  43.948  -23.964  17.366 0.0000000000
29562  6.930  -49.006  31.011 0.0000000000
53974  38.988  -23.105  10.252 0.0000000000
113052  38.897  -23.578  10.488 0.0000000000
110252  39.951  -23.794  11.530 0.0000000000
53105  39.328  -24.287  11.339 0.0000000000
52194  38.251  -25.576  15.599 0.0000000000
52193  39.357  -25.561  15.372 0.0000000000
125145  39.810  -24.621  17.609 0.0000000000
53047  38.789  -24.659  17.362 0.0000000000
39256  30.493  -38.316  27.572 0.0000000000
39269  30.996  -37.890  26.998 0.0000000000
39255  31.239  -38.085  27.735 0.0000000000
40151  31.845  -37.864  27.867 0.0000000000
39242  31.628  -38.397  28.479 0.0000000000
38284  27.462  -39.935  31.816 0.0000000000
122119  27.915  -39.839  31.088 0.0000000000
107474  28.782  -40.251  32.863 0.0000000000
31542  21.822  -46.232  30.340 0.0000000000
30570  19.944  -47.767  28.611 0.0000000000
122794  19.429  -47.698  28.966 0.0000000000
30558  19.028  -47.711  29.605 0.0000000000
31562  18.467  -46.901  28.370 0.0000000000
33583  13.878  -44.492  25.843 0.0000000000
107240  14.811  -44.699  27.114 0.0000000000
33555  14.232  -44.594  27.737 0.0000000000
37471  22.391  -40.463  24.458 0.0000000000
123023  22.626  -39.895  24.914 0.0000000000
38389  22.926  -39.107  24.916 0.0000000000
37446  22.646  -40.292  26.171 0.0000000000
33517  21.872  -44.881  29.939 0.0000000000
33528  21.964  -44.204  29.820 0.0000000000
33516  22.059  -44.507  30.503 0.0000000000
32512  22.102  -44.862  31.069 0.0000000000
27561  22.108  -50.565  32.209 0.0000000000
30494  6.570  -47.549  35.594 0.0000000000
31506  7.093  -47.078  36.072 0.0000000000
110042  58.800  -15.434  7.337 0.0000000000
61495  59.206  -15.613  8.049 0.0000000000
61482  59.064  -15.814  8.560 0.0000000000
126534  58.905  -15.953  12.596 0.0000000000
60482  58.781  -16.390  13.336 0.0000000000
106144  52.033  -16.455  11.124 0.0000000000
106329  52.765  -16.395  10.813 0.0000000000
123041  52.850  -16.103  12.198 0.0000000000
56739  46.549  -20.587  13.591 0.0000000000
56738  47.320  -20.237  13.797 0.0000000000
53899  46.363  -23.233  18.028 0.0000000000
52198  34.386  -25.617  15.492 0.0000000000
52110  38.401  -25.543  21.397 0.0000000000
52122  38.267  -25.128  20.669 0.0000000000
52954  39.486  -24.675  21.754 0.0000000000
52098  39.557  -25.214  22.666 0.0000000000
42292  32.479  -35.725  23.241 0.0000000000
42310  32.369  -35.606  22.351 0.0000000000
45359  35.827  -32.758  26.760 0.0000000000
108654  35.455  -32.689  25.003 0.0000000000
45370  35.684  -32.578  25.777 0.0000000000
46365  35.804  -32.017  24.983 0.0000000000
45369  36.076  -31.880  25.708 0.0000000000
49293  38.122  -28.542  29.445 0.0000000000
50250  37.864  -28.078  27.591 0.0000000000
50249  38.334  -27.616  28.099 0.0000000000
120092  38.155  -27.541  27.366 0.0000000000
51154  38.866  -27.077  28.573 0.0000000000
63378  53.618  -13.068  2.722 0.0000000000
63377  54.456  -13.295  2.592 0.0000000000
63376  55.275  -13.506  2.473 0.0000000000
61523  57.746  -15.421  7.056 0.0000000000
64379  61.814  -11.577  -2.090 0.0000000000
65311  62.299  -10.852  -2.676 0.0000000000
65299  62.677  -10.748  -1.915 0.0000000000
64366  62.974  -10.586  -1.405 0.0000000000
63372  60.535  -13.509  2.867 0.0000000000
63359  61.344  -13.008  3.843 0.0000000000
35500  23.001  -42.953  32.874 0.0000000000
35499  23.469  -42.436  33.303 0.0000000000
113934  22.968  -43.553  34.121 0.0000000000
33511  10.980  -44.962  30.828 0.0000000000
119255  11.024  -44.909  31.619 0.0000000000
122287  10.658  -45.086  31.899 0.0000000000
32487  9.773  -45.400  33.479 0.0000000000
32486  10.507  -44.947  33.862 0.0000000000
32477  10.381  -44.896  34.750 0.0000000000
33450  10.292  -44.841  35.662 0.0000000000
117434  9.775  -45.141  35.077 0.0000000000
60576  45.471  -16.741  7.747 0.0000000000
59647  45.436  -17.363  8.539 0.0000000000
53867  42.440  -23.385  19.623 0.0000000000
53848  43.598  -23.116  20.321 0.0000000000
54793  43.072  -22.669  21.104 0.0000000000
27571  4.672  -51.076  31.223 0.0000000000
113261  26.727  -37.378  23.025 0.0000000000
40218  27.642  -37.442  23.145 0.0000000000
108639  27.666  -37.608  24.021 0.0000000000
39284  27.920  -38.061  25.996 0.0000000000
39271  29.244  -38.264  26.750 0.0000000000
39258  28.740  -38.493  27.313 0.0000000000
32532  21.416  -45.500  28.720 0.0000000000
32544  21.214  -45.380  27.864 0.0000000000
109184  20.657  -46.099  27.370 0.0000000000
31583  20.074  -46.360  26.751 0.0000000000
31570  20.186  -46.736  27.384 0.0000000000
35616  21.297  -42.406  23.672 0.0000000000
119920  21.709  -41.830  24.204 0.0000000000
36562  22.082  -41.064  23.866 0.0000000000
36549  21.739  -42.001  25.119 0.0000000000
36527  21.925  -41.797  25.956 0.0000000000
35595  21.610  -42.511  25.788 0.0000000000
34551  21.316  -43.678  26.372 0.0000000000
28578  19.968  -49.723  31.636 0.0000000000
28566  19.542  -49.750  32.652 0.0000000000
61484  56.355  -15.747  7.982 0.0000000000
60566  55.417  -16.207  9.203 0.0000000000
106332  55.759  -16.441  10.713 0.0000000000
59586  51.704  -17.108  13.519 0.0000000000
59585  52.572  -16.849  13.691 0.0000000000
56784  42.062  -20.129  9.769 0.0000000000
57702  42.979  -19.847  10.061 0.0000000000
55852  44.410  -21.136  12.631 0.0000000000
56751  44.151  -20.789  11.990 0.0000000000
55851  45.104  -20.925  12.904 0.0000000000
55840  45.393  -21.295  13.577 0.0000000000
50380  34.687  -27.084  16.866 0.0000000000
50379  35.148  -27.029  17.436 0.0000000000
51304  35.306  -26.194  17.638 0.0000000000
50369  35.544  -27.016  18.089 0.0000000000
50331  37.000  -27.656  21.121 0.0000000000
50344  37.140  -26.965  20.821 0.0000000000
51263  37.487  -26.412  20.929 0.0000000000
51239  37.793  -26.710  22.182 0.0000000000
42243  33.655  -35.839  26.364 0.0000000000
42257  33.533  -35.650  25.652 0.0000000000
42232  34.003  -35.814  27.027 0.0000000000
43325  35.549  -34.420  28.632 0.0000000000
43326  35.006  -34.933  28.007 0.0000000000
43342  35.369  -34.157  27.709 0.0000000000
44369  35.592  -33.445  27.245 0.0000000000
44357  35.924  -33.425  28.277 0.0000000000
63348  50.365  -13.667  4.263 0.0000000000
63347  51.227  -13.777  4.151 0.0000000000
62459  52.664  -14.205  4.277 0.0000000000
62458  53.264  -14.434  4.547 0.0000000000
62475  53.454  -14.062  3.875 0.0000000000
114765  53.979  -14.472  4.490 0.0000000000
110875  54.895  -14.548  4.480 0.0000000000
62438  54.320  -14.778  5.201 0.0000000000
61526  55.043  -15.330  6.793 0.0000000000
61525  56.022  -15.326  6.708 0.0000000000
107520  58.136  -11.701  -1.537 0.0000000000
65314  58.439  -11.163  -2.188 0.0000000000
65300  58.870  -11.793  -1.849 0.0000000000
122753  59.584  -11.792  -2.120 0.0000000000
64369  59.510  -12.235  -1.558 0.0000000000
111371  60.254  -12.515  -1.311 0.0000000000
64358  59.538  -12.742  -0.858 0.0000000000
63420  58.830  -12.966  -0.311 0.0000000000
105789  58.965  -13.454  0.408 0.0000000000
63385  58.251  -13.648  1.041 0.0000000000
39248  24.807  -38.713  28.020 0.0000000000
39247  25.381  -38.652  28.295 0.0000000000
38336  24.959  -38.887  28.711 0.0000000000
38287  25.236  -39.792  30.679 0.0000000000
38301  25.738  -39.347  30.132 0.0000000000
108695  25.849  -39.650  30.954 0.0000000000
38285  26.442  -39.807  31.608 0.0000000000
107611  25.984  -39.986  32.294 0.0000000000
32492  16.290  -45.148  32.215 0.0000000000
32485  16.142  -45.059  33.089 0.0000000000
33461  15.409  -44.717  34.395 0.0000000000
33460  16.031  -44.863  34.745 0.0000000000
33444  15.571  -44.733  35.366 0.0000000000
33429  16.221  -44.966  36.124 0.0000000000
33430  15.502  -44.712  36.407 0.0000000000
33465  12.291  -44.552  34.298 0.0000000000
123316  13.072  -44.507  33.921 0.0000000000
33464  13.041  -44.505  34.806 0.0000000000
61501  51.888  -15.758  7.250 0.0000000000
61502  50.946  -16.022  7.382 0.0000000000
60585  50.280  -16.405  7.956 0.0000000000
60571  50.550  -16.687  8.684 0.0000000000
60553  50.926  -16.786  9.387 0.0000000000
61505  47.973  -16.301  7.103 0.0000000000
107898  48.028  -16.840  8.094 0.0000000000
59634  49.195  -17.182  9.763 0.0000000000
59622  49.824  -17.097  10.337 0.0000000000
60538  50.647  -16.931  10.139 0.0000000000
59621  50.401  -16.905  11.028 0.0000000000
59607  50.157  -16.980  12.043 0.0000000000
59599  49.526  -17.502  12.368 0.0000000000
59588  50.053  -17.525  12.968 0.0000000000
58632  50.441  -18.014  13.724 0.0000000000
58633  49.662  -18.297  13.497 0.0000000000
53932  43.212  -23.373  14.582 0.0000000000
110864  43.447  -23.624  15.232 0.0000000000
53901  44.793  -23.742  17.642 0.0000000000
53914  44.608  -23.555  16.269 0.0000000000
53900  45.651  -23.476  17.661 0.0000000000
53886  45.661  -23.371  18.586 0.0000000000
124633  44.364  -22.941  20.713 0.0000000000
54792  45.453  -22.794  20.596 0.0000000000
54769  46.904  -22.276  21.051 0.0000000000
54810  46.549  -22.804  19.600 0.0000000000
55752  47.924  -22.015  20.883 0.0000000000
46438  35.321  -31.195  18.788 0.0000000000
112732  35.635  -30.675  19.105 0.0000000000
63350  48.598  -13.289  4.445 0.0000000000
62462  48.999  -13.866  4.692 0.0000000000
61549  49.839  -15.200  6.027 0.0000000000
61548  50.806  -15.151  5.995 0.0000000000
67057  57.182  -8.740  1.031 0.0000000000
30551  7.888  -47.830  29.993 0.0000000000
111940  7.994  -47.626  31.012 0.0000000000
29561  7.445  -48.367  31.458 0.0000000000
29552  7.374  -48.302  32.340 0.0000000000
110286  6.821  -48.789  32.737 0.0000000000
124622  6.569  -48.392  34.183 0.0000000000
29545  6.116  -48.952  33.984 0.0000000000
27570  5.367  -50.614  31.602 0.0000000000
28572  5.932  -50.049  31.954 0.0000000000
27558  5.301  -50.469  32.490 0.0000000000
55870  41.179  -21.304  10.320 0.0000000000
54900  40.150  -23.052  11.058 0.0000000000
54899  40.817  -22.588  11.261 0.0000000000
53963  41.268  -22.725  11.834 0.0000000000
53955  41.432  -23.116  12.455 0.0000000000
53945  41.049  -24.204  13.443 0.0000000000
53072  42.110  -24.286  15.001 0.0000000000
53073  41.441  -24.543  14.653 0.0000000000
52247  38.331  -25.542  11.768 0.0000000000
53096  39.208  -25.062  11.991 0.0000000000
52236  39.383  -25.381  12.817 0.0000000000
52174  40.194  -25.259  15.774 0.0000000000
52192  40.204  -25.302  14.848 0.0000000000
107640  40.969  -24.973  15.882 0.0000000000
120523  41.520  -24.767  16.476 0.0000000000
53891  39.866  -23.730  19.145 0.0000000000
53890  40.928  -23.596  19.223 0.0000000000
54795  41.104  -22.549  20.676 0.0000000000
54796  40.839  -22.594  20.957 0.0000000000
115907  31.158  -36.253  22.408 0.0000000000
41253  30.673  -36.590  22.867 0.0000000000
110593  28.973  -37.388  23.763 0.0000000000
40217  29.484  -37.156  23.169 0.0000000000
40179  31.319  -37.185  25.614 0.0000000000
40197  30.925  -37.085  24.791 0.0000000000
41227  31.590  -36.746  24.929 0.0000000000
41212  31.964  -36.740  25.479 0.0000000000
41211  32.474  -36.638  26.106 0.0000000000
126743  33.110  -37.687  28.688 0.0000000000
40149  33.601  -37.167  28.573 0.0000000000
40142  34.265  -37.446  29.938 0.0000000000
41181  34.677  -36.769  30.026 0.0000000000
40135  34.570  -37.492  30.762 0.0000000000
39235  26.473  -38.842  28.943 0.0000000000
39259  27.094  -38.516  27.745 0.0000000000
39234  27.326  -38.952  28.992 0.0000000000
38299  29.114  -39.716  30.382 0.0000000000
38317  28.681  -39.422  29.620 0.0000000000
38316  29.591  -39.463  29.623 0.0000000000
38256  32.075  -39.604  33.258 0.0000000000
38271  31.713  -39.940  32.570 0.0000000000
38281  31.738  -39.952  31.698 0.0000000000
38296  31.647  -39.737  30.873 0.0000000000
38295  32.496  -39.611  31.273 0.0000000000
39225  32.892  -39.125  30.548 0.0000000000
38269  33.131  -39.472  32.028 0.0000000000
40123  34.157  -38.220  32.822 0.0000000000
118389  22.587  -46.256  33.841 0.0000000000
106441  22.563  -46.954  33.222 0.0000000000
30531  22.284  -47.485  31.657 0.0000000000
107377  22.472  -48.439  31.949 0.0000000000
29555  22.046  -49.116  31.412 0.0000000000
107998  21.425  -46.865  29.505 0.0000000000
28586  20.743  -49.428  30.679 0.0000000000
127481  20.239  -49.513  31.040 0.0000000000
28587  20.086  -49.177  30.610 0.0000000000
30546  18.613  -47.522  30.419 0.0000000000
30533  18.835  -47.987  30.996 0.0000000000
30534  18.381  -47.306  31.146 0.0000000000
30522  18.502  -47.571  31.875 0.0000000000
32573  17.614  -45.167  24.783 0.0000000000
32572  18.503  -45.551  25.251 0.0000000000
113033  15.396  -44.384  24.217 0.0000000000
33581  15.359  -44.550  24.919 0.0000000000
125583  16.103  -45.057  26.749 0.0000000000
32559  16.090  -44.937  26.058 0.0000000000
32545  17.360  -45.740  26.841 0.0000000000
32534  17.124  -45.707  27.730 0.0000000000
121256  16.976  -45.666  28.472 0.0000000000
112730  15.859  -45.121  28.917 0.0000000000
32514  16.564  -45.416  30.217 0.0000000000
110147  17.206  -45.863  30.708 0.0000000000
32503  16.563  -45.385  31.290 0.0000000000
113812  13.739  -44.514  28.521 0.0000000000
33531  14.420  -44.638  29.762 0.0000000000
33543  13.599  -44.498  29.393 0.0000000000
108569  13.754  -44.532  30.265 0.0000000000
107223  12.792  -44.449  29.247 0.0000000000
112599  12.894  -44.538  26.998 0.0000000000
33545  11.936  -44.666  28.073 0.0000000000
116889  11.503  -44.836  28.752 0.0000000000
33535  10.908  -45.162  29.096 0.0000000000
31564  9.201  -46.357  28.611 0.0000000000
31565  8.531  -46.860  28.237 0.0000000000
30574  8.144  -47.340  28.703 0.0000000000
40243  25.024  -36.876  22.872 0.0000000000
40221  24.867  -37.118  23.828 0.0000000000
40246  23.007  -37.475  22.943 0.0000000000
40245  23.385  -36.923  22.494 0.0000000000
39297  23.974  -37.659  25.175 0.0000000000
39277  23.999  -38.201  26.336 0.0000000000
38361  23.645  -38.768  26.454 0.0000000000
37430  23.296  -39.861  27.609 0.0000000000
37415  23.462  -40.062  28.531 0.0000000000
37402  23.097  -40.927  29.025 0.0000000000
35573  22.193  -42.001  27.717 0.0000000000
35546  22.800  -42.245  29.946 0.0000000000
35532  22.871  -42.426  30.743 0.0000000000
35523  23.068  -42.394  31.556 0.0000000000
120515  22.591  -43.258  31.319 0.0000000000
32490  22.381  -45.087  32.761 0.0000000000
28544  23.507  -49.105  33.723 0.0000000000
31511  17.854  -46.286  34.900 0.0000000000
31510  18.184  -46.924  34.507 0.0000000000
31499  18.175  -47.015  35.452 0.0000000000
30527  8.287  -47.146  32.400 0.0000000000
31528  8.718  -46.531  32.763 0.0000000000
31522  8.065  -46.968  34.023 0.0000000000
32467  8.356  -45.984  36.643 0.0000000000
31504  8.364  -46.320  35.289 0.0000000000
32465  9.080  -45.476  36.618 0.0000000000
33421  8.844  -45.342  38.348 0.0000000000
60546  58.699  -16.093  9.793 0.0000000000
108546  59.052  -16.022  10.663 0.0000000000
122725  59.677  -16.603  12.333 0.0000000000
60569  52.824  -16.186  8.543 0.0000000000
60550  53.282  -16.357  9.321 0.0000000000
60519  54.404  -16.238  11.670 0.0000000000
59584  53.570  -16.558  13.887 0.0000000000
116269  54.132  -16.133  13.302 0.0000000000
60476  54.753  -16.429  14.235 0.0000000000
60475  56.187  -16.446  14.769 0.0000000000
117267  57.327  -16.482  14.713 0.0000000000
60484  57.540  -16.215  14.035 0.0000000000
59570  58.099  -17.033  14.739 0.0000000000
58721  44.236  -18.102  8.925 0.0000000000
110616  45.707  -17.777  9.259 0.0000000000
58700  45.496  -18.265  9.803 0.0000000000
56771  44.169  -19.920  10.899 0.0000000000
57715  44.042  -19.122  9.851 0.0000000000
57689  46.355  -19.172  11.630 0.0000000000
58662  46.827  -18.573  11.279 0.0000000000
58661  47.583  -18.283  11.601 0.0000000000
58648  47.749  -18.675  12.333 0.0000000000
57649  48.857  -19.630  14.268 0.0000000000
57648  49.637  -19.398  14.527 0.0000000000
57633  50.038  -19.813  15.167 0.0000000000
54874  44.477  -22.499  14.493 0.0000000000
54881  44.221  -22.074  13.723 0.0000000000
54873  45.268  -22.285  14.773 0.0000000000
54864  46.437  -22.225  15.647 0.0000000000
55820  45.924  -22.075  15.008 0.0000000000
55819  46.466  -21.637  14.870 0.0000000000
109875  47.095  -21.654  15.383 0.0000000000
55817  48.412  -21.298  15.778 0.0000000000
55818  47.693  -21.194  15.195 0.0000000000
55816  49.329  -21.061  16.053 0.0000000000
52226  35.515  -26.121  14.122 0.0000000000
52213  35.982  -25.777  14.835 0.0000000000
52212  37.071  -25.973  14.716 0.0000000000
52148  35.689  -25.333  17.623 0.0000000000
52160  35.428  -25.127  16.910 0.0000000000
52147  36.343  -24.764  17.808 0.0000000000
53001  37.864  -24.264  19.118 0.0000000000
53019  36.985  -24.408  18.072 0.0000000000
53018  37.821  -24.202  18.508 0.0000000000
53893  38.446  -24.024  18.905 0.0000000000
53903  38.405  -24.139  18.575 0.0000000000
53871  38.830  -23.889  19.275 0.0000000000
53835  40.714  -22.928  21.453 0.0000000000
54757  41.129  -22.572  21.979 0.0000000000
54743  41.166  -23.091  22.706 0.0000000000
43375  34.205  -34.505  24.425 0.0000000000
43391  33.735  -34.860  23.801 0.0000000000
44433  34.926  -33.125  23.318 0.0000000000
123046  34.534  -33.665  23.223 0.0000000000
123179  34.609  -33.365  22.510 0.0000000000
118076  34.760  -32.847  21.169 0.0000000000
45436  34.981  -32.675  21.959 0.0000000000
46382  36.173  -31.121  23.811 0.0000000000
127837  35.774  -31.456  22.239 0.0000000000
120841  36.177  -30.907  22.956 0.0000000000
114024  36.214  -30.613  22.096 0.0000000000
47356  36.479  -30.376  23.595 0.0000000000
44308  36.154  -33.910  32.440 0.0000000000
44307  36.701  -33.165  32.301 0.0000000000
45319  37.339  -32.285  30.999 0.0000000000
45320  36.921  -33.022  31.326 0.0000000000
45336  36.795  -32.742  29.575 0.0000000000
46334  37.273  -32.076  30.027 0.0000000000
48318  37.583  -29.570  28.483 0.0000000000
48303  37.814  -30.076  29.872 0.0000000000
47298  37.351  -30.358  28.316 0.0000000000
47299  37.056  -31.113  28.212 0.0000000000
47312  37.055  -30.585  27.592 0.0000000000
113762  36.776  -30.863  26.861 0.0000000000
48334  37.079  -30.022  26.932 0.0000000000
49325  37.430  -28.386  26.065 0.0000000000
48373  37.147  -29.066  25.510 0.0000000000
126563  37.155  -28.809  24.531 0.0000000000
49350  37.035  -29.064  24.017 0.0000000000
107931  37.276  -28.362  24.280 0.0000000000
49369  37.203  -28.395  23.557 0.0000000000
51187  38.420  -26.814  26.047 0.0000000000
50293  37.830  -27.201  24.671 0.0000000000
51203  38.373  -26.668  25.155 0.0000000000
51227  38.313  -26.453  23.523 0.0000000000
51216  38.914  -26.113  24.818 0.0000000000
52015  39.939  -25.994  28.457 0.0000000000
52014  40.551  -25.561  28.792 0.0000000000
52047  40.420  -25.495  26.988 0.0000000000
52061  40.665  -25.157  26.077 0.0000000000
52070  40.316  -25.333  25.150 0.0000000000
116772  41.060  -24.768  25.488 0.0000000000
52931  40.966  -24.697  24.593 0.0000000000
52904  41.591  -24.376  25.980 0.0000000000
67059  55.569  -9.410  1.300 0.0000000000
64309  51.922  -12.602  3.213 0.0000000000
64310  51.224  -12.058  3.286 0.0000000000
65281  54.828  -11.628  0.999 0.0000000000
65280  55.306  -11.457  0.560 0.0000000000
64327  55.905  -12.786  1.167 0.0000000000
63374  56.931  -13.845  2.130 0.0000000000
63373  57.821  -13.938  1.937 0.0000000000
62457  55.639  -14.495  4.168 0.0000000000
62473  56.079  -14.345  3.587 0.0000000000
62456  56.325  -14.570  4.309 0.0000000000
110841  58.100  -14.665  4.984 0.0000000000
121890  57.724  -14.504  4.138 0.0000000000
108491  58.615  -14.420  4.184 0.0000000000
113078  58.708  -14.284  3.361 0.0000000000
62454  59.601  -14.298  4.659 0.0000000000
62434  59.912  -14.457  5.503 0.0000000000
113225  58.480  -9.553  -2.870 0.0000000000
66229  59.000  -9.693  -3.464 0.0000000000
66228  59.710  -10.157  -3.804 0.0000000000
63400  61.742  -12.454  0.391 0.0000000000
115061  22.944  -45.412  35.678 0.0000000000
115955  10.316  -45.224  32.184 0.0000000000
32506  9.817  -45.632  31.818 0.0000000000
31520  9.206  -45.933  33.121 0.0000000000
54774  42.235  -22.095  21.619 0.0000000000
54773  42.957  -22.127  21.843 0.0000000000
40201  27.121  -37.688  24.585 0.0000000000
40184  26.611  -37.741  25.273 0.0000000000
33565  21.164  -44.339  26.713 0.0000000000
33553  20.960  -45.175  27.034 0.0000000000
33566  20.726  -44.930  26.277 0.0000000000
109970  20.286  -45.354  25.927 0.0000000000
115715  21.427  -42.760  25.160 0.0000000000
30509  18.829  -48.233  32.461 0.0000000000
29539  19.089  -48.842  33.130 0.0000000000
30498  18.839  -48.566  34.167 0.0000000000
61485  54.885  -15.606  7.726 0.0000000000
60567  54.651  -15.980  8.565 0.0000000000
125468  54.749  -16.215  9.138 0.0000000000
58617  52.502  -17.973  14.972 0.0000000000
58600  52.840  -18.409  15.693 0.0000000000
55860  43.194  -20.804  11.249 0.0000000000
124441  43.746  -21.310  12.340 0.0000000000
125218  35.779  -28.975  18.007 0.0000000000
49436  35.913  -27.907  18.639 0.0000000000
41188  34.722  -36.065  29.232 0.0000000000
109127  34.579  -35.700  28.266 0.0000000000
42210  35.330  -35.415  29.636 0.0000000000
42219  35.531  -34.853  29.283 0.0000000000
43291  35.774  -34.785  30.021 0.0000000000
110424  51.974  -14.809  5.327 0.0000000000
108765  51.795  -14.353  4.649 0.0000000000
61545  53.825  -15.010  5.840 0.0000000000
61527  54.110  -15.278  6.584 0.0000000000
64371  57.793  -12.157  -0.912 0.0000000000
123334  57.464  -12.401  -0.373 0.0000000000
64345  57.495  -12.789  0.150 0.0000000000
38322  24.025  -39.611  28.878 0.0000000000
38321  24.594  -39.322  29.152 0.0000000000
122839  24.897  -40.190  31.121 0.0000000000
33493  14.377  -44.603  32.160 0.0000000000
32493  15.392  -44.793  32.457 0.0000000000
119894  14.563  -44.606  33.045 0.0000000000
33462  14.610  -44.581  33.945 0.0000000000
33448  12.115  -44.520  35.956 0.0000000000
33447  12.942  -44.500  35.725 0.0000000000
61531  49.663  -15.729  6.650 0.0000000000
60586  49.438  -16.451  7.760 0.0000000000
122953  48.509  -17.033  8.712 0.0000000000
59645  47.843  -17.204  8.986 0.0000000000
124780  48.561  -17.340  10.090 0.0000000000
116952  49.043  -17.283  10.594 0.0000000000
113420  48.880  -17.460  11.356 0.0000000000
59600  48.814  -17.769  12.133 0.0000000000
123777  44.846  -23.638  18.430 0.0000000000
54770  45.947  -22.469  21.256 0.0000000000
61550  49.018  -14.983  5.718 0.0000000000
29581  7.278  -48.447  29.602 0.0000000000
28571  6.407  -49.439  32.332 0.0000000000
54909  39.618  -22.699  10.417 0.0000000000
53104  40.288  -24.133  12.247 0.0000000000
53094  40.449  -24.505  13.007 0.0000000000
52223  39.000  -25.836  13.593 0.0000000000
53046  40.508  -24.970  16.620 0.0000000000
40260  29.703  -36.792  21.738 0.0000000000
40169  29.869  -37.901  26.080 0.0000000000
40198  30.121  -37.359  24.655 0.0000000000
40168  30.742  -37.665  26.237 0.0000000000
40167  31.471  -37.433  26.467 0.0000000000
40166  32.106  -37.154  26.727 0.0000000000
40158  32.308  -37.442  27.531 0.0000000000
40150  32.418  -37.902  28.381 0.0000000000
39230  33.268  -38.526  29.957 0.0000000000
121117  27.394  -39.555  30.441 0.0000000000
38318  27.775  -39.322  29.666 0.0000000000
124995  28.666  -39.893  30.984 0.0000000000
38283  29.486  -40.033  31.254 0.0000000000
39205  31.910  -39.277  33.937 0.0000000000
39212  33.175  -39.225  32.778 0.0000000000
106630  22.272  -45.578  32.128 0.0000000000
31531  22.257  -46.401  31.885 0.0000000000
30557  20.897  -47.668  29.170 0.0000000000
29587  20.355  -47.946  29.064 0.0000000000
29566  19.982  -48.796  30.027 0.0000000000
31543  18.294  -47.032  29.868 0.0000000000
32588  16.671  -44.839  24.654 0.0000000000
33582  14.627  -44.510  25.374 0.0000000000
120744  15.452  -44.825  26.576 0.0000000000
32535  16.321  -45.286  28.189 0.0000000000
32536  15.446  -44.900  28.330 0.0000000000
33541  15.125  -44.796  29.187 0.0000000000
33542  14.652  -44.664  28.437 0.0000000000
32549  9.501  -45.803  27.269 0.0000000000
40244  24.069  -36.732  22.732 0.0000000000
38400  22.619  -39.274  23.494 0.0000000000
39299  22.893  -38.604  24.142 0.0000000000
38376  23.273  -38.847  25.669 0.0000000000
38362  23.094  -39.488  26.287 0.0000000000
37431  22.951  -40.067  26.865 0.0000000000
122646  22.816  -40.509  27.386 0.0000000000
34532  22.026  -43.164  28.800 0.0000000000
35560  22.288  -42.340  28.569 0.0000000000
34521  22.141  -43.444  29.638 0.0000000000
124382  22.424  -43.991  31.868 0.0000000000
33505  22.254  -44.177  31.189 0.0000000000
30506  7.476  -47.434  34.408 0.0000000000
31515  7.893  -46.834  34.834 0.0000000000
30493  7.254  -47.234  35.204 0.0000000000
31493  7.659  -46.571  36.605 0.0000000000
60535  58.596  -16.068  11.250 0.0000000000
60515  59.152  -15.994  12.133 0.0000000000
59596  59.328  -16.838  12.838 0.0000000000
60551  52.578  -16.507  9.841 0.0000000000
123979  53.265  -16.447  10.129 0.0000000000
107446  54.156  -16.067  12.581 0.0000000000
59565  55.828  -17.347  16.285 0.0000000000
56760  45.231  -19.991  11.758 0.0000000000
57678  45.903  -19.740  11.979 0.0000000000
57677  46.550  -19.589  12.372 0.0000000000
57676  47.311  -19.278  12.682 0.0000000000
57675  47.925  -19.030  12.929 0.0000000000
111889  47.669  -19.599  13.347 0.0000000000
56727  48.494  -20.280  14.684 0.0000000000
53913  45.377  -23.167  16.196 0.0000000000
54865  45.626  -22.590  15.530 0.0000000000
54853  46.667  -22.679  16.520 0.0000000000
54852  47.463  -22.572  16.911 0.0000000000
55805  49.945  -21.411  16.797 0.0000000000
52214  35.108  -25.676  14.885 0.0000000000
52197  35.436  -25.341  15.625 0.0000000000
52124  37.106  -25.769  19.733 0.0000000000
110396  36.678  -24.788  18.377 0.0000000000
52137  37.418  -24.994  19.451 0.0000000000
52983  38.076  -24.657  19.830 0.0000000000
116611  38.822  -24.200  20.270 0.0000000000
52982  38.531  -24.015  19.440 0.0000000000
52966  39.388  -24.179  20.973 0.0000000000
122080  40.676  -24.264  22.906 0.0000000000
44402  34.925  -33.842  25.618 0.0000000000
44420  34.778  -33.765  24.884 0.0000000000
44401  35.238  -33.243  25.345 0.0000000000
123930  35.174  -32.978  23.934 0.0000000000
45393  35.387  -32.442  23.466 0.0000000000
45414  35.409  -32.183  22.597 0.0000000000
46375  35.779  -31.833  24.081 0.0000000000
46374  36.169  -31.280  24.641 0.0000000000
45307  36.726  -32.521  33.039 0.0000000000
46307  37.635  -31.631  31.459 0.0000000000
117933  37.349  -29.221  27.039 0.0000000000
49315  37.624  -28.875  27.844 0.0000000000
110958  37.552  -28.515  26.980 0.0000000000
50278  37.604  -27.734  25.316 0.0000000000
111169  37.839  -27.492  26.075 0.0000000000
50263  38.226  -27.225  26.777 0.0000000000
115551  38.691  -26.739  26.823 0.0000000000
63364  53.158  -13.469  3.300 0.0000000000
63379  52.797  -12.816  2.945 0.0000000000
64329  54.619  -12.220  1.510 0.0000000000
64328  55.273  -12.698  1.504 0.0000000000
63388  55.639  -13.196  1.825 0.0000000000
63375  56.087  -13.693  2.307 0.0000000000
62485  56.529  -14.132  2.881 0.0000000000
62435  57.278  -14.886  5.431 0.0000000000
111303  58.037  -14.953  5.779 0.0000000000
62422  59.035  -14.882  5.826 0.0000000000
61522  59.510  -15.136  6.838 0.0000000000
65313  60.099  -11.443  -2.696 0.0000000000
65322  60.666  -10.825  -3.586 0.0000000000
63383  61.651  -12.278  2.027 0.0000000000
64308  62.055  -12.403  3.555 0.0000000000
36467  23.587  -41.750  31.743 0.0000000000
108867  23.818  -41.692  32.408 0.0000000000
110295  23.750  -41.923  32.955 0.0000000000
34462  23.039  -43.782  34.810 0.0000000000
33495  12.411  -44.563  32.579 0.0000000000
33496  11.665  -44.684  32.040 0.0000000000
118510  11.579  -44.653  32.910 0.0000000000
33466  11.453  -44.675  33.840 0.0000000000
116038  10.341  -45.059  32.953 0.0000000000
33483  10.916  -44.781  33.183 0.0000000000
105970  11.595  -44.590  34.694 0.0000000000
112811  11.202  -44.592  36.032 0.0000000000
117326  11.053  -44.544  37.003 0.0000000000
33420  10.856  -44.483  37.941 0.0000000000
53866  43.437  -23.408  19.632 0.0000000000
54752  44.378  -22.191  22.343 0.0000000000
54751  45.451  -22.293  22.165 0.0000000000
28591  6.383  -49.552  30.626 0.0000000000
28592  5.760  -49.943  30.304 0.0000000000
27560  4.168  -51.108  33.141 0.0000000000
126858  38.220  -26.124  13.304 0.0000000000
109083  38.090  -26.144  14.146 0.0000000000
111607  37.903  -25.885  14.969 0.0000000000
117998  28.254  -37.494  23.662 0.0000000000
123111  27.844  -37.704  24.655 0.0000000000
40182  28.482  -37.803  25.135 0.0000000000
40181  29.539  -37.712  25.289 0.0000000000
39244  30.052  -38.665  28.097 0.0000000000
33529  21.709  -44.804  29.265 0.0000000000
107936  21.293  -46.248  28.941 0.0000000000
30582  19.948  -47.275  27.869 0.0000000000
33601  13.822  -44.269  24.872 0.0000000000
33569  13.132  -44.487  26.190 0.0000000000
36526  22.291  -41.091  26.096 0.0000000000
36538  22.110  -41.354  25.459 0.0000000000
118874  21.865  -42.539  27.075 0.0000000000
114701  21.565  -42.966  26.414 0.0000000000
34533  21.720  -43.774  28.150 0.0000000000
61497  57.077  -15.620  7.576 0.0000000000
61483  57.246  -15.913  8.404 0.0000000000
112118  57.483  -16.198  9.346 0.0000000000
106747  57.564  -16.300  10.997 0.0000000000
109440  57.480  -16.025  12.565 0.0000000000
60502  52.431  -16.229  12.476 0.0000000000
59574  54.100  -16.991  14.819 0.0000000000
59566  54.706  -17.350  15.719 0.0000000000
111363  43.765  -19.611  10.272 0.0000000000
56762  43.852  -20.494  11.371 0.0000000000
56761  44.516  -20.242  11.551 0.0000000000
56749  45.597  -20.315  12.463 0.0000000000
56740  45.815  -20.738  13.185 0.0000000000
118804  48.034  -22.513  19.482 0.0000000000
51328  34.154  -25.825  15.905 0.0000000000
52161  34.795  -25.542  16.543 0.0000000000
51305  34.824  -26.233  17.066 0.0000000000
51291  36.220  -26.221  18.901 0.0000000000
50359  36.234  -27.168  19.326 0.0000000000
51277  36.624  -26.370  19.618 0.0000000000
52111  37.940  -25.904  21.109 0.0000000000
51251  38.145  -26.110  21.830 0.0000000000
41225  33.155  -35.801  25.050 0.0000000000
42256  33.827  -35.182  25.115 0.0000000000
43343  34.826  -34.681  27.195 0.0000000000
43356  34.738  -34.387  26.278 0.0000000000
63367  50.820  -13.195  3.799 0.0000000000
63366  51.593  -13.252  3.662 0.0000000000
62437  55.656  -14.713  4.856 0.0000000000
61542  56.604  -15.141  6.005 0.0000000000
61524  56.855  -15.365  6.817 0.0000000000
67095  58.157  -9.459  -2.103 0.0000000000
66214  58.874  -10.529  -2.908 0.0000000000
66215  57.649  -10.096  -1.725 0.0000000000
64380  60.534  -12.030  -2.042 0.0000000000
124741  61.424  -12.667  -0.411 0.0000000000
63418  60.845  -13.213  0.048 0.0000000000
63419  59.767  -13.299  -0.091 0.0000000000
63401  60.282  -13.518  0.492 0.0000000000
120996  60.179  -13.697  1.147 0.0000000000
39260  26.326  -38.344  27.302 0.0000000000
39261  25.446  -38.456  27.653 0.0000000000
38320  25.260  -39.103  29.377 0.0000000000
115402  25.946  -38.996  29.435 0.0000000000
37350  24.209  -41.113  32.005 0.0000000000
116596  24.848  -40.502  31.855 0.0000000000
37364  25.398  -40.312  32.457 0.0000000000
37348  25.401  -40.469  33.165 0.0000000000
33618  20.059  -44.278  24.118 0.0000000000
32491  17.246  -45.746  32.897 0.0000000000
31526  17.807  -46.245  33.100 0.0000000000
111834  17.472  -45.863  33.580 0.0000000000
32483  17.395  -45.776  34.336 0.0000000000
32475  17.345  -45.788  35.323 0.0000000000
33478  16.108  -44.962  33.999 0.0000000000
32476  16.674  -45.298  34.714 0.0000000000
32470  17.363  -45.876  36.380 0.0000000000
33481  13.115  -44.543  33.089 0.0000000000
33463  13.842  -44.518  34.407 0.0000000000
33445  14.767  -44.585  35.799 0.0000000000
33432  13.594  -44.485  36.343 0.0000000000
120639  14.220  -44.522  36.172 0.0000000000
113853  51.905  -16.343  8.539 0.0000000000
60584  51.085  -16.375  8.200 0.0000000000
60552  51.767  -16.602  9.422 0.0000000000
105844  51.288  -16.707  10.861 0.0000000000
60587  48.684  -16.506  7.638 0.0000000000
60555  49.167  -17.040  8.960 0.0000000000
60522  51.682  -16.389  11.850 0.0000000000
60503  51.725  -16.467  12.537 0.0000000000
59597  51.347  -16.770  12.926 0.0000000000
58631  51.250  -17.775  13.970 0.0000000000
57646  51.178  -18.884  15.070 0.0000000000
54883  42.890  -22.375  13.054 0.0000000000
54882  43.500  -22.261  13.390 0.0000000000
111958  43.980  -23.578  15.684 0.0000000000
127563  46.204  -23.250  17.502 0.0000000000
53887  44.178  -23.596  18.986 0.0000000000
108115  44.976  -23.407  19.172 0.0000000000
116410  45.540  -23.187  19.355 0.0000000000
54811  45.840  -22.897  19.844 0.0000000000
54831  46.015  -23.031  19.235 0.0000000000
54809  47.302  -22.770  19.168 0.0000000000
47413  35.498  -30.574  18.415 0.0000000000
47402  35.885  -30.347  19.721 0.0000000000
47387  36.248  -29.910  20.423 0.0000000000
42186  35.344  -35.335  32.771 0.0000000000
107701  35.618  -33.983  33.317 0.0000000000
62441  51.222  -14.741  5.312 0.0000000000
110862  8.645  -46.825  31.144 0.0000000000
30528  7.751  -47.648  32.784 0.0000000000
30518  7.093  -48.026  33.956 0.0000000000
29525  5.262  -48.449  35.414 0.0000000000
55869  41.882  -20.889  10.413 0.0000000000
54907  41.000  -21.934  10.786 0.0000000000
54898  41.477  -22.165  11.453 0.0000000000
53944  42.197  -22.836  12.967 0.0000000000
111384  42.150  -23.438  13.651 0.0000000000
53933  42.401  -23.756  14.368 0.0000000000
53061  42.424  -24.415  15.861 0.0000000000
53045  42.430  -24.511  16.800 0.0000000000
53095  39.852  -24.810  12.560 0.0000000000
53085  40.584  -24.745  13.740 0.0000000000
52209  40.235  -25.162  14.132 0.0000000000
53074  40.736  -24.879  14.430 0.0000000000
53028  42.512  -24.371  17.658 0.0000000000
53014  42.584  -24.111  18.344 0.0000000000
53889  42.083  -23.768  19.011 0.0000000000
127027  41.599  -23.288  19.614 0.0000000000
53850  41.722  -22.887  20.211 0.0000000000
54794  41.964  -22.478  20.900 0.0000000000
54755  42.061  -21.823  21.997 0.0000000000
55719  41.846  -21.806  22.422 0.0000000000
41271  30.989  -36.213  21.477 0.0000000000
41252  31.803  -35.992  22.822 0.0000000000
41238  31.903  -36.141  23.708 0.0000000000
40239  29.191  -37.117  22.396 0.0000000000
40238  29.973  -36.858  22.593 0.0000000000
40215  30.553  -36.961  24.062 0.0000000000
41240  30.824  -36.676  23.530 0.0000000000
105983  31.987  -36.365  24.535 0.0000000000
41226  32.472  -36.312  25.171 0.0000000000
41202  33.105  -36.353  26.474 0.0000000000
41195  33.529  -36.290  27.049 0.0000000000
111576  33.519  -36.702  27.778 0.0000000000
41189  34.130  -36.483  28.424 0.0000000000
41168  35.227  -36.290  31.667 0.0000000000
110020  27.978  -38.526  27.484 0.0000000000
38335  28.217  -39.076  28.901 0.0000000000
39245  28.675  -38.769  28.084 0.0000000000
120108  29.470  -38.826  28.282 0.0000000000
38333  30.070  -39.044  28.823 0.0000000000
39233  31.062  -38.974  29.042 0.0000000000
112564  29.496  -40.258  32.184 0.0000000000
113123  30.313  -40.228  31.869 0.0000000000
117657  31.107  -40.190  32.042 0.0000000000
115289  30.319  -39.989  31.105 0.0000000000
38297  30.836  -39.748  30.568 0.0000000000
38314  31.518  -39.355  29.904 0.0000000000
39232  31.776  -38.837  29.207 0.0000000000
39231  32.413  -38.888  29.716 0.0000000000
39224  33.571  -38.734  30.809 0.0000000000
39211  33.739  -38.915  32.421 0.0000000000
39210  34.283  -38.423  31.992 0.0000000000
40128  34.160  -38.285  31.183 0.0000000000
40127  34.551  -37.849  31.561 0.0000000000
41169  34.879  -37.135  31.593 0.0000000000
41160  35.292  -35.968  32.357 0.0000000000
30497  23.080  -47.184  35.000 0.0000000000
29530  23.274  -48.250  33.996 0.0000000000
29538  22.953  -48.595  32.924 0.0000000000
30520  22.597  -47.694  32.578 0.0000000000
117175  21.725  -47.121  30.259 0.0000000000
30532  21.836  -47.833  30.695 0.0000000000
125606  21.316  -48.465  30.236 0.0000000000
29556  21.626  -48.766  30.796 0.0000000000
28576  21.363  -49.549  31.075 0.0000000000
29557  19.467  -48.677  30.751 0.0000000000
33597  19.510  -44.818  24.403 0.0000000000
32571  19.273  -45.775  25.631 0.0000000000
31584  19.236  -46.314  26.402 0.0000000000
31572  18.745  -46.606  27.109 0.0000000000
33599  15.971  -44.576  24.436 0.0000000000
32574  16.800  -45.115  25.510 0.0000000000
31573  17.894  -46.217  27.351 0.0000000000
111959  18.362  -46.637  27.738 0.0000000000
31552  17.849  -46.525  29.203 0.0000000000
31544  17.682  -46.361  30.173 0.0000000000
125423  17.622  -46.277  30.729 0.0000000000
107739  16.960  -45.560  32.146 0.0000000000
32504  15.745  -44.957  31.542 0.0000000000
33518  15.145  -44.775  30.982 0.0000000000
33530  15.170  -44.817  30.138 0.0000000000
33507  14.430  -44.613  31.333 0.0000000000
108570  13.890  -44.553  30.940 0.0000000000
33520  13.165  -44.474  30.849 0.0000000000
33521  12.324  -44.510  30.616 0.0000000000
33544  12.803  -44.484  28.444 0.0000000000
33533  12.191  -44.535  29.772 0.0000000000
33522  11.592  -44.734  30.309 0.0000000000
119953  10.426  -45.455  29.101 0.0000000000
32526  10.435  -45.457  29.639 0.0000000000
32527  9.884  -45.871  30.021 0.0000000000
115424  8.708  -46.831  29.034 0.0000000000
40264  25.625  -36.886  21.941 0.0000000000
40220  25.872  -37.254  23.346 0.0000000000
40185  25.655  -37.620  25.283 0.0000000000
39287  25.055  -37.801  25.988 0.0000000000
40222  23.951  -37.100  23.948 0.0000000000
39308  23.357  -37.638  23.876 0.0000000000
40204  24.347  -37.354  24.552 0.0000000000
40186  24.696  -37.563  25.266 0.0000000000
39276  24.519  -38.138  26.525 0.0000000000
38348  24.290  -38.908  27.636 0.0000000000
38349  23.794  -39.137  27.254 0.0000000000
37401  23.702  -40.267  29.340 0.0000000000
36479  23.439  -41.306  30.368 0.0000000000
36514  22.511  -41.181  27.529 0.0000000000
36493  23.090  -41.516  29.778 0.0000000000
36468  23.281  -41.808  30.989 0.0000000000
35511  22.913  -42.874  32.103 0.0000000000
34476  22.757  -43.701  33.331 0.0000000000
33492  22.480  -44.263  32.608 0.0000000000
33477  22.554  -44.561  33.467 0.0000000000
32474  22.647  -45.666  34.504 0.0000000000
31536  8.770  -46.649  31.963 0.0000000000
32479  9.167  -45.866  33.985 0.0000000000
31514  8.531  -46.367  34.445 0.0000000000
123426  9.087  -45.706  34.952 0.0000000000
106155  9.481  -45.347  35.774 0.0000000000
110783  10.266  -44.682  37.255 0.0000000000
122535  54.188  -16.247  9.186 0.0000000000
60549  54.747  -16.329  9.659 0.0000000000
106331  54.773  -16.400  10.595 0.0000000000
60498  57.413  -16.037  13.394 0.0000000000
60501  53.265  -16.110  12.621 0.0000000000
126211  55.010  -16.055  13.149 0.0000000000
60499  56.197  -16.076  13.380 0.0000000000
123740  57.045  -16.157  13.727 0.0000000000
60483  58.200  -16.208  13.759 0.0000000000
59583  58.418  -16.699  14.045 0.0000000000
60577  44.700  -17.082  7.994 0.0000000000
58702  43.780  -18.675  9.315 0.0000000000
58701  44.638  -18.617  9.716 0.0000000000
57700  45.321  -18.902  10.533 0.0000000000
58679  45.964  -18.420  10.356 0.0000000000
58678  46.595  -18.260  10.599 0.0000000000
59610  47.791  -17.878  11.095 0.0000000000
58660  48.153  -18.161  12.083 0.0000000000
58634  49.008  -18.570  13.314 0.0000000000
58620  50.019  -18.711  14.158 0.0000000000
57632  50.814  -19.562  15.446 0.0000000000
55829  46.485  -21.144  14.229 0.0000000000
54843  47.616  -22.749  17.587 0.0000000000
125251  47.701  -21.651  15.795 0.0000000000
56728  47.689  -20.615  14.522 0.0000000000
56715  49.689  -20.456  15.576 0.0000000000
52176  37.587  -25.060  16.390 0.0000000000
108806  34.765  -25.385  15.894 0.0000000000
52179  35.325  -25.133  16.341 0.0000000000
52178  35.966  -25.040  16.281 0.0000000000
53033  36.645  -24.579  17.439 0.0000000000
53050  36.308  -24.731  16.835 0.0000000000
53049  37.011  -24.595  16.989 0.0000000000
53048  37.867  -24.634  17.173 0.0000000000
53030  38.877  -24.236  18.224 0.0000000000
53892  38.992  -23.884  18.948 0.0000000000
53853  39.223  -23.700  19.768 0.0000000000
109543  39.893  -23.286  20.127 0.0000000000
53869  40.490  -22.903  20.440 0.0000000000
54776  41.022  -22.529  21.389 0.0000000000
54756  41.498  -22.163  21.938 0.0000000000
42291  33.154  -35.361  23.581 0.0000000000
43406  33.666  -34.739  23.105 0.0000000000
43405  34.152  -34.099  22.760 0.0000000000
45480  35.151  -32.018  20.103 0.0000000000
45435  35.389  -32.051  21.892 0.0000000000
46398  35.554  -31.663  21.486 0.0000000000
46410  35.542  -31.491  20.728 0.0000000000
47377  36.281  -30.261  21.247 0.0000000000
110782  36.545  -29.777  22.000 0.0000000000
43276  36.039  -34.560  31.646 0.0000000000
43275  36.222  -34.330  30.755 0.0000000000
44346  36.261  -33.990  29.851 0.0000000000
44335  36.629  -33.586  30.631 0.0000000000
107997  36.640  -33.338  29.938 0.0000000000
44345  36.388  -33.373  29.231 0.0000000000
126083  36.318  -32.644  28.002 0.0000000000
45350  36.351  -32.193  27.319 0.0000000000
121647  37.808  -31.105  31.045 0.0000000000
48292  37.976  -30.002  30.681 0.0000000000
47272  37.768  -30.786  30.431 0.0000000000
107732  37.545  -31.356  30.042 0.0000000000
121422  37.078  -31.494  28.764 0.0000000000
117932  36.512  -31.564  26.846 0.0000000000
46356  36.452  -31.267  26.083 0.0000000000
47338  36.517  -30.670  25.266 0.0000000000
48353  37.148  -29.375  26.241 0.0000000000
48374  36.872  -29.791  25.459 0.0000000000
48412  36.760  -29.639  23.439 0.0000000000
48425  36.797  -29.356  22.728 0.0000000000
110090  36.868  -28.919  22.027 0.0000000000
49402  37.141  -27.936  22.058 0.0000000000
50316  37.492  -27.276  22.381 0.0000000000
51228  37.762  -26.997  23.091 0.0000000000
52086  38.900  -25.876  23.095 0.0000000000
51142  39.516  -26.560  28.964 0.0000000000
51153  39.350  -26.518  28.082 0.0000000000
52048  39.664  -25.955  26.884 0.0000000000
52031  40.481  -25.567  27.968 0.0000000000
119854  39.518  -25.806  25.235 0.0000000000
52071  39.607  -25.672  24.491 0.0000000000
52085  39.609  -25.523  23.595 0.0000000000
52942  40.236  -24.918  23.205 0.0000000000
111186  40.859  -24.524  23.669 0.0000000000
53790  41.434  -23.978  24.050 0.0000000000
53776  42.009  -23.582  25.489 0.0000000000
53789  41.875  -23.298  24.493 0.0000000000
66187  55.973  -10.190  0.060 0.0000000000
66188  55.386  -10.570  0.435 0.0000000000
65292  55.800  -11.184  0.013 0.0000000000
63404  57.598  -13.238  0.684 0.0000000000
62489  58.778  -14.013  1.874 0.0000000000
63361  59.412  -14.085  2.867 0.0000000000
62470  60.166  -13.977  4.381 0.0000000000
62433  60.978  -14.161  5.980 0.0000000000
29544  6.695  -48.604  33.534 0.0000000000
30516  8.175  -47.052  33.200 0.0000000000
30571  19.309  -47.388  28.378 0.0000000000
31492  8.216  -46.360  36.019 0.0000000000
31534  17.613  -46.232  31.258 0.0000000000
32456  9.445  -45.091  37.554 0.0000000000
32462  23.178  -45.208  35.983 0.0000000000
32464  16.802  -45.391  36.777 0.0000000000
32471  16.785  -45.363  35.765 0.0000000000
32505  10.410  -45.236  31.394 0.0000000000
33436  9.834  -44.967  36.539 0.0000000000
33449  10.996  -44.647  35.142 0.0000000000
34448  23.171  -44.099  35.563 0.0000000000
34475  23.157  -43.051  33.725 0.0000000000
35492  23.625  -42.552  34.175 0.0000000000
37335  25.199  -40.777  33.750 0.0000000000
38274  27.903  -40.126  32.501 0.0000000000
39217  33.740  -38.922  31.629 0.0000000000
40143  33.637  -37.763  29.392 0.0000000000
40144  32.855  -38.218  29.172 0.0000000000
40216  30.239  -36.905  23.354 0.0000000000
41272  30.300  -36.496  21.393 0.0000000000
42231  34.463  -35.440  27.458 0.0000000000
42242  34.100  -35.178  25.902 0.0000000000
43308  35.812  -34.390  29.368 0.0000000000
44419  35.169  -33.139  24.575 0.0000000000
45342  36.539  -32.717  28.722 0.0000000000
46333  37.341  -31.464  29.403 0.0000000000
46343  37.359  -30.908  28.889 0.0000000000
46344  36.718  -31.948  28.227 0.0000000000
49388  37.377  -27.791  22.973 0.0000000000
49389  37.058  -28.570  22.791 0.0000000000
50294  37.484  -27.860  24.635 0.0000000000
50368  35.880  -26.889  18.683 0.0000000000
51169  39.215  -26.414  27.250 0.0000000000
51186  39.122  -26.308  26.449 0.0000000000
51217  38.341  -26.560  24.342 0.0000000000
51252  37.745  -26.450  21.532 0.0000000000
52177  36.720  -25.004  16.319 0.0000000000
52227  34.652  -25.997  14.280 0.0000000000
53051  35.796  -24.917  16.717 0.0000000000
53806  41.598  -22.928  23.453 0.0000000000
53823  40.753  -23.491  22.235 0.0000000000
53852  39.670  -23.546  20.431 0.0000000000
53923  43.253  -23.981  15.815 0.0000000000
53934  41.674  -24.049  13.974 0.0000000000
54742  41.572  -22.189  22.616 0.0000000000
60504  51.073  -16.659  12.304 0.0000000000
106451  37.805  -29.406  29.289 0.0000000000
107999  37.570  -30.176  29.080 0.0000000000
108517  11.627  -44.553  35.372 0.0000000000
110146  36.698  -30.028  24.819 0.0000000000
110306  8.635  -45.653  37.422 0.0000000000
110886  46.079  -19.976  12.398 0.0000000000
113788  22.769  -45.183  35.106 0.0000000000
116966  36.976  -29.297  24.793 0.0000000000
121675  36.202  -25.375  18.346 0.0000000000
123014  32.379  -39.800  32.057 0.0000000000
125440  44.483  -23.798  16.936 0.0000000000
125805  26.975  -38.699  28.424 0.0000000000
126044  13.761  -44.545  32.216 0.0000000000
126117  41.144  -24.788  26.063 0.0000000000
126840  39.503  -25.353  16.034 0.0000000000
