#!ascii label  , from subject sub-v1s11x0050158_ses-1 vox2ras=TkReg
1093
52864  -18.794  -8.943  -1.748 0.5555555820
52008  -19.413  -8.778  -2.151 0.6666666865
52889  -20.123  -7.871  -3.012 0.7777777910
52890  -20.559  -8.072  -3.143 0.7777777910
54686  -20.707  -6.818  -4.065 0.8888888955
106497  -23.105  -6.714  -4.627 0.8888888955
52850  -17.453  -9.224  -0.768 0.5555555820
53772  -18.953  -7.741  -2.508 0.6666666865
53773  -19.651  -7.642  -2.904 0.8888888955
52891  -21.151  -7.842  -3.515 0.8888888955
53793  -21.743  -6.808  -4.411 0.8888888955
54693  -22.869  -6.102  -5.026 1.0000000000
53795  -23.973  -6.604  -4.611 0.8888888955
111545  -24.724  -5.338  -5.175 1.0000000000
53771  -18.153  -7.539  -2.211 0.7777777910
54684  -19.028  -6.383  -3.364 1.0000000000
55487  -19.291  -5.784  -3.934 1.0000000000
106519  -20.523  -6.287  -4.367 1.0000000000
56294  -21.669  -5.233  -5.573 1.0000000000
55490  -20.043  -5.850  -4.444 1.0000000000
114109  -22.736  -5.269  -5.659 1.0000000000
55500  -22.467  -5.117  -5.785 1.0000000000
55508  -23.112  -4.839  -5.941 1.0000000000
55504  -24.720  -4.809  -5.497 1.0000000000
111096  -22.764  -4.823  -6.006 1.0000000000
55510  -24.155  -4.418  -6.007 1.0000000000
56297  -25.259  -4.322  -5.587 1.0000000000
98027  -24.727  -3.658  -6.296 1.0000000000
57053  -26.107  -3.674  -5.541 0.7777777910
56283  -18.297  -4.118  -4.279 0.8888888955
103018  -20.353  -5.303  -4.898 1.0000000000
56302  -22.298  -4.705  -6.096 1.0000000000
56292  -19.886  -4.523  -5.095 1.0000000000
110826  -21.832  -4.166  -6.352 1.0000000000
56307  -23.498  -4.008  -6.612 1.0000000000
57062  -24.403  -3.675  -6.496 1.0000000000
57063  -25.088  -3.442  -6.280 1.0000000000
57064  -25.751  -3.260  -6.054 1.0000000000
57843  -26.621  -2.982  -5.547 0.8888888955
57844  -27.865  -2.658  -4.830 0.7777777910
58630  -29.313  -2.071  -4.666 0.7777777910
101223  -18.490  -2.642  -5.069 0.5555555820
58639  -20.105  -1.820  -6.542 0.7777777910
57058  -19.980  -3.169  -5.745 0.8888888955
57850  -21.696  -3.325  -6.722 1.0000000000
57060  -22.678  -4.000  -6.601 1.0000000000
57858  -21.955  -2.634  -7.234 0.8888888955
57068  -22.659  -3.179  -7.108 1.0000000000
57860  -24.136  -2.838  -7.153 1.0000000000
99741  -25.886  -2.209  -6.582 1.0000000000
99110  -27.088  -2.119  -5.524 0.8888888955
58628  -26.502  -1.730  -6.205 1.0000000000
113432  -27.551  -1.028  -5.487 0.8888888955
60248  -30.750  -0.710  -5.533 0.7777777910
59413  -31.397  -1.609  -5.857 0.6666666865
59405  -17.662  -0.600  -5.502 0.4444444478
58637  -18.732  -1.506  -5.752 0.7777777910
58645  -19.629  -0.847  -6.737 0.6666666865
58656  -22.541  -1.216  -7.799 0.7777777910
58647  -21.705  -1.799  -7.458 0.8888888955
58648  -23.255  -1.895  -7.627 0.8888888955
57861  -24.568  -2.672  -6.979 1.0000000000
58650  -24.463  -1.623  -7.453 1.0000000000
58652  -25.337  -1.291  -7.228 1.0000000000
58641  -25.930  -1.532  -6.812 1.0000000000
59423  -26.642  -0.838  -6.461 0.8888888955
60246  -28.555  -0.059  -5.167 0.7777777910
60247  -29.809  -0.310  -5.130 0.7777777910
59425  -32.102  -1.693  -7.122 0.5555555820
109587  -31.412  0.072  -6.338 0.7777777910
60262  -32.101  -0.625  -7.360 0.6666666865
60270  -20.004  0.377  -7.513 0.6666666865
59430  -18.995  -0.125  -6.690 0.6666666865
59432  -21.401  -0.811  -7.633 0.7777777910
59438  -20.994  0.120  -7.788 0.7777777910
107834  -24.082  -0.929  -7.822 0.8888888955
104797  -23.722  -0.415  -8.106 1.0000000000
58658  -24.472  -0.506  -7.865 1.0000000000
59435  -25.225  -0.315  -7.633 1.0000000000
59422  -25.871  -0.602  -7.101 0.8888888955
60259  -28.244  0.886  -5.471 0.8888888955
60260  -29.649  0.755  -5.306 0.8888888955
61136  -27.794  1.665  -5.986 0.8888888955
61137  -28.988  1.815  -5.312 0.7777777910
61138  -30.183  1.680  -5.714 0.7777777910
108343  -31.636  0.535  -6.926 0.7777777910
60273  -32.335  0.120  -8.040 0.6666666865
60269  -19.126  0.506  -7.105 0.6666666865
60256  -18.261  0.411  -6.523 0.5555555820
60281  -22.543  0.483  -8.450 0.8888888955
100010  -23.566  0.366  -8.414 0.8888888955
60282  -24.179  0.609  -8.391 1.0000000000
59434  -24.793  0.008  -7.999 1.0000000000
60257  -26.448  0.822  -6.994 1.0000000000
60258  -27.230  0.811  -6.352 0.8888888955
62003  -31.343  2.146  -7.184 0.7777777910
60285  -32.414  0.816  -8.562 0.6666666865
61165  -32.853  0.767  -9.458 0.5555555820
60286  -33.076  -0.205  -9.225 0.5555555820
98788  -20.505  0.975  -7.914 0.7777777910
61158  -20.130  1.772  -7.926 0.6666666865
60280  -21.493  0.694  -8.268 0.8888888955
61162  -24.462  1.226  -8.452 1.0000000000
60271  -24.967  1.186  -8.229 1.0000000000
61999  -27.243  2.262  -6.542 0.8888888955
62772  -28.772  3.282  -6.031 0.8888888955
62002  -30.599  2.896  -6.609 0.7777777910
62788  -31.747  2.940  -8.482 0.7777777910
62018  -31.722  2.403  -8.002 0.7777777910
113826  -32.415  1.401  -8.922 0.5555555820
62774  -30.614  3.641  -7.008 0.7777777910
62042  -32.245  2.635  -9.581 0.5555555820
62032  -32.599  1.614  -9.591 0.5555555820
62798  -31.696  3.562  -9.072 0.6666666865
62782  -18.443  3.010  -7.466 0.4444444478
116002  -19.437  2.024  -7.683 0.5555555820
62027  -22.290  2.136  -8.819 0.7777777910
61161  -23.868  1.212  -8.641 1.0000000000
61160  -22.981  1.217  -8.711 0.8888888955
100553  -24.621  2.049  -8.498 1.0000000000
62015  -25.898  2.587  -7.729 0.8888888955
62016  -26.680  2.754  -7.081 0.8888888955
62000  -27.654  3.006  -6.363 0.8888888955
62773  -29.830  3.507  -6.280 0.8888888955
62787  -31.218  3.790  -7.985 0.6666666865
62047  -32.492  2.798  -10.571 0.5555555820
63544  -22.696  4.275  -9.264 0.6666666865
62038  -22.095  2.936  -8.956 0.6666666865
62807  -23.932  3.439  -8.994 0.7777777910
62796  -25.175  3.212  -8.326 0.8888888955
62795  -24.746  3.499  -8.526 0.7777777910
62797  -25.727  3.567  -7.968 0.7777777910
62785  -26.137  3.206  -7.580 0.8888888955
63522  -26.918  4.393  -7.030 0.7777777910
62786  -26.990  3.564  -6.758 0.8888888955
63524  -29.125  4.913  -6.526 0.7777777910
114223  -28.000  4.274  -6.446 0.7777777910
63511  -29.952  4.248  -6.652 0.6666666865
64237  -28.706  5.841  -6.700 0.6666666865
112207  -30.945  5.248  -8.405 0.6666666865
63536  -30.950  4.743  -7.998 0.6666666865
105319  -30.614  4.283  -7.325 0.5555555820
65030  -30.535  6.425  -8.331 0.6666666865
64250  -30.957  5.705  -8.923 0.5555555820
63552  -31.717  4.201  -10.500 0.5555555820
62809  -31.985  3.476  -10.076 0.4444444478
64262  -31.381  5.112  -9.907 0.5555555820
106280  -21.956  6.116  -9.047 0.3333333433
64258  -22.072  5.225  -9.159 0.3333333433
107940  -23.109  4.963  -9.346 0.5555555820
63545  -23.567  4.149  -9.219 0.6666666865
64261  -24.219  5.266  -8.951 0.5555555820
109660  -24.306  4.524  -8.849 0.7777777910
109621  -25.207  4.538  -8.335 0.7777777910
64249  -25.990  5.553  -7.861 0.6666666865
109239  -26.328  4.941  -7.483 0.6666666865
109029  -27.119  5.175  -7.051 0.6666666865
65018  -29.382  6.659  -7.174 0.6666666865
65029  -30.100  7.011  -7.851 0.6666666865
65041  -30.742  6.553  -9.268 0.6666666865
105123  -31.112  5.982  -9.818 0.5555555820
110076  -31.172  5.961  -11.666 0.5555555820
65047  -30.894  6.615  -10.214 0.6666666865
65039  -23.208  6.372  -9.212 0.4444444478
64259  -22.701  5.846  -9.258 0.4444444478
65853  -23.670  6.885  -9.091 0.5555555820
115858  -24.328  5.845  -8.924 0.5555555820
64247  -24.701  5.634  -8.708 0.6666666865
64248  -25.317  5.358  -8.357 0.6666666865
65028  -25.769  6.255  -8.185 0.6666666865
64235  -26.730  5.745  -7.271 0.6666666865
65017  -28.273  6.634  -6.863 0.6666666865
65824  -29.485  7.528  -7.593 0.6666666865
65855  -30.602  7.347  -9.616 0.6666666865
65860  -30.622  7.352  -10.610 0.5555555820
65054  -30.864  6.589  -11.167 0.6666666865
101042  -22.998  7.040  -9.092 0.4444444478
65836  -25.625  7.032  -8.325 0.6666666865
106067  -26.110  6.975  -7.911 0.6666666865
65016  -27.232  6.597  -7.024 0.6666666865
65015  -26.389  6.417  -7.595 0.6666666865
114655  -30.036  7.668  -8.148 0.6666666865
53781  -20.656  -7.509  -3.528 0.8888888955
53779  -19.396  -7.085  -3.092 1.0000000000
54685  -19.900  -6.527  -3.830 1.0000000000
54691  -21.095  -6.233  -4.604 1.0000000000
107941  -23.404  -5.449  -5.432 1.0000000000
59421  -18.488  -0.673  -6.077 0.5555555820
60245  -27.480  -0.029  -5.978 0.8888888955
61147  -19.496  1.266  -7.541 0.5555555820
62783  -19.194  3.253  -7.749 0.5555555820
113183  -20.951  1.491  -8.331 0.7777777910
61163  -24.799  1.556  -8.362 1.0000000000
108877  -18.652  3.750  -7.554 0.2222222239
63535  -25.450  4.021  -8.212 0.7777777910
65027  -25.164  6.305  -8.557 0.6666666865
100097  -24.985  7.227  -8.629 0.6666666865
59420  -17.818  -0.121  -5.944 0.4444444478
61134  -18.013  1.265  -6.750 0.4444444478
106148  -30.817  6.505  -12.145 0.5555555820
65037  -21.551  6.743  -8.709 0.2222222239
65038  -22.369  6.743  -9.008 0.3333333433
65866  -30.544  7.305  -11.603 0.5555555820
51008  -18.640  -10.188  -0.994 0.5555555820
51021  -19.327  -10.134  -1.406 0.5555555820
51991  -19.179  -9.466  -1.649 0.6666666865
52009  -19.749  -9.131  -2.132 0.5555555820
52010  -21.058  -9.022  -2.869 0.5555555820
52893  -23.106  -8.207  -3.669 0.7777777910
52902  -23.502  -7.409  -4.205 0.8888888955
51007  -18.100  -10.520  -0.460 0.5555555820
52018  -20.758  -8.549  -2.992 0.6666666865
52019  -21.417  -8.458  -3.260 0.6666666865
52892  -21.775  -7.869  -3.634 0.8888888955
52903  -24.446  -7.322  -4.175 0.7777777910
53796  -24.874  -6.571  -4.433 0.7777777910
54696  -25.252  -5.240  -5.002 0.8888888955
51972  -17.253  -9.877  -0.293 0.4444444478
53759  -17.088  -7.870  -0.964 0.5555555820
54657  -17.582  -6.875  -2.078 0.2222222239
54679  -17.816  -6.320  -2.585 0.6666666865
56285  -26.619  -4.525  -4.764 0.8888888955
57043  -27.465  -4.087  -4.631 0.6666666865
57845  -29.026  -2.925  -4.515 0.7777777910
57834  -30.210  -3.065  -4.693 0.6666666865
107354  -18.149  -5.432  -3.299 0.5555555820
58631  -30.755  -2.232  -5.175 0.6666666865
56282  -17.452  -3.922  -3.807 0.4444444478
58632  -31.581  -2.583  -5.970 0.5555555820
58643  -32.702  -2.760  -8.087 0.5555555820
57825  -17.170  -2.113  -4.482 0.2222222239
59426  -32.713  -1.851  -8.312 0.5555555820
113280  -16.996  1.363  -6.026 0.3333333433
59445  -33.975  -0.654  -9.935 0.5555555820
62013  -18.984  2.524  -7.596 0.4444444478
60292  -33.942  0.605  -10.386 0.4444444478
62780  -17.422  3.140  -6.862 0.3333333433
62048  -33.027  2.347  -10.904 0.5555555820
62814  -32.615  3.009  -11.212 0.4444444478
64257  -21.339  5.900  -8.751 0.3333333433
64246  -21.179  5.027  -8.714 0.3333333433
63543  -21.794  4.308  -8.972 0.4444444478
63558  -31.825  4.143  -11.459 0.4444444478
64274  -31.473  5.059  -11.798 0.4444444478
65060  -30.958  6.279  -13.378 0.2222222239
65852  -22.536  7.425  -8.827 0.3333333433
65835  -24.188  7.541  -8.821 0.6666666865
97965  -26.169  7.779  -7.982 0.6666666865
65837  -26.839  7.383  -7.415 0.6666666865
65839  -28.704  8.068  -7.504 0.6666666865
66656  -28.983  8.872  -8.007 0.6666666865
66669  -30.021  8.840  -9.496 0.6666666865
66670  -30.443  8.140  -10.011 0.6666666865
100601  -25.506  7.763  -8.382 0.5555555820
100820  -18.096  -9.098  -1.317 0.5555555820
51990  -18.545  -9.550  -1.325 0.5555555820
52878  -19.022  -8.404  -2.185 0.6666666865
52880  -20.083  -8.551  -2.621 0.7777777910
52879  -19.552  -8.181  -2.572 0.7777777910
53792  -21.416  -6.555  -4.490 1.0000000000
53782  -21.224  -7.159  -4.031 0.8888888955
53794  -22.320  -6.772  -4.530 0.8888888955
107726  -22.497  -7.514  -4.046 0.8888888955
51973  -17.945  -9.872  -0.772 0.5555555820
52862  -17.537  -8.494  -1.226 0.5555555820
52863  -18.286  -8.311  -1.884 0.6666666865
53780  -20.097  -7.261  -3.406 0.8888888955
52901  -21.754  -7.332  -4.044 0.8888888955
54694  -23.634  -5.952  -5.050 1.0000000000
54692  -22.112  -6.218  -4.889 1.0000000000
54706  -22.738  -5.628  -5.393 1.0000000000
54695  -24.407  -5.869  -4.936 1.0000000000
54707  -24.138  -5.231  -5.408 1.0000000000
103734  -17.100  -7.140  -1.350 0.5555555820
54680  -18.468  -6.884  -2.698 0.8888888955
53760  -17.551  -7.711  -1.639 0.6666666865
54683  -18.266  -6.098  -3.075 0.8888888955
104227  -18.524  -5.028  -3.816 0.8888888955
55489  -19.379  -4.978  -4.482 1.0000000000
54690  -20.776  -5.836  -4.750 1.0000000000
55499  -21.030  -5.464  -5.155 1.0000000000
54705  -22.117  -5.649  -5.370 1.0000000000
55501  -23.243  -5.099  -5.700 1.0000000000
110838  -20.806  -4.930  -5.396 1.0000000000
56293  -21.361  -4.550  -5.882 1.0000000000
55503  -24.277  -4.761  -5.652 1.0000000000
55505  -25.258  -4.760  -5.318 0.8888888955
56295  -24.636  -4.424  -5.759 1.0000000000
56304  -23.715  -4.343  -6.266 1.0000000000
56303  -23.062  -4.503  -6.254 1.0000000000
56305  -24.531  -4.059  -6.125 1.0000000000
56306  -24.939  -4.029  -5.893 1.0000000000
56298  -25.846  -4.205  -5.366 0.8888888955
57831  -27.063  -3.478  -4.986 0.7777777910
56291  -19.062  -4.082  -4.769 1.0000000000
116776  -18.079  -4.454  -3.892 0.6666666865
57051  -20.395  -4.112  -5.595 1.0000000000
57050  -19.317  -3.508  -5.226 0.8888888955
57059  -20.956  -3.741  -6.155 1.0000000000
57069  -23.300  -3.558  -6.920 1.0000000000
57071  -24.306  -3.370  -6.756 1.0000000000
57851  -25.001  -2.788  -6.675 1.0000000000
57852  -25.526  -2.791  -6.486 1.0000000000
58629  -28.082  -1.739  -4.914 0.8888888955
57826  -17.829  -2.551  -4.660 0.5555555820
57041  -17.413  -3.092  -4.259 0.5555555820
57840  -17.877  -1.941  -4.941 0.6666666865
57841  -19.141  -2.697  -5.460 0.6666666865
57049  -18.393  -3.294  -4.704 0.7777777910
57848  -19.461  -2.194  -5.895 0.7777777910
58638  -19.261  -1.401  -6.179 0.6666666865
58646  -20.690  -1.357  -7.180 0.8888888955
57849  -20.539  -2.781  -6.347 0.8888888955
57857  -21.117  -2.305  -6.934 0.8888888955
103805  -22.611  -2.295  -7.486 0.8888888955
57859  -23.458  -2.812  -7.301 1.0000000000
58640  -25.426  -2.169  -6.872 1.0000000000
59411  -28.882  -0.997  -4.825 0.8888888955
59412  -30.212  -1.258  -5.066 0.7777777910
59424  -31.494  -0.687  -6.202 0.6666666865
58642  -32.119  -2.663  -6.964 0.5555555820
98855  -17.339  -0.555  -5.209 0.3333333433
58625  -17.416  -1.328  -4.989 0.3333333433
58626  -18.050  -1.324  -5.404 0.4444444478
111102  -18.580  -2.029  -5.398 0.6666666865
59431  -20.365  -0.454  -7.382 0.6666666865
115631  -24.321  -2.313  -7.281 1.0000000000
59433  -24.828  -0.947  -7.567 1.0000000000
106206  -30.847  0.823  -5.933 0.7777777910
60274  -32.817  -1.014  -8.675 0.5555555820
59439  -22.029  -0.203  -8.118 0.8888888955
60272  -25.736  0.434  -7.462 1.0000000000
61139  -31.126  1.467  -6.519 0.7777777910
60255  -17.403  0.723  -6.078 0.4444444478
103188  -25.074  0.563  -8.012 1.0000000000
61149  -26.028  1.321  -7.460 0.8888888955
62001  -29.691  2.661  -5.796 0.7777777910
61164  -32.039  1.705  -8.133 0.6666666865
61172  -33.225  1.053  -10.098 0.5555555820
60289  -33.586  0.182  -9.962 0.5555555820
101266  -18.818  1.863  -7.402 0.5555555820
115750  -20.529  2.134  -8.270 0.6666666865
101341  -25.624  1.914  -7.870 1.0000000000
106361  -28.362  2.527  -5.850 0.8888888955
62017  -31.240  2.991  -7.516 0.8888888955
62031  -32.178  2.139  -8.770 0.6666666865
63510  -28.979  3.997  -6.299 0.8888888955
62043  -32.822  1.933  -10.301 0.5555555820
62024  -19.839  2.571  -7.926 0.5555555820
99808  -21.266  2.098  -8.543 0.5555555820
61171  -23.366  1.981  -8.914 1.0000000000
62040  -23.687  2.747  -8.979 0.7777777910
62026  -21.413  2.804  -8.669 0.7777777910
62014  -25.349  2.480  -8.157 0.8888888955
116109  -24.484  2.418  -8.581 0.7777777910
63532  -20.986  4.220  -8.592 0.5555555820
62794  -21.558  3.535  -8.780 0.5555555820
62806  -23.223  3.474  -9.202 0.6666666865
63546  -24.141  4.042  -8.952 0.6666666865
62039  -22.851  2.775  -9.098 0.7777777910
62025  -20.595  2.737  -8.377 0.7777777910
62793  -20.759  3.468  -8.492 0.6666666865
63534  -24.964  3.993  -8.444 0.7777777910
62041  -24.275  2.815  -8.725 0.7777777910
63523  -27.908  5.089  -6.564 0.6666666865
63525  -30.239  4.954  -7.139 0.6666666865
64238  -29.782  5.758  -7.030 0.6666666865
65019  -30.161  6.326  -7.585 0.6666666865
64239  -30.597  5.626  -7.850 0.6666666865
63547  -31.211  4.893  -8.907 0.5555555820
63548  -31.547  4.246  -9.542 0.5555555820
64268  -31.513  4.850  -10.886 0.4444444478
108136  -32.176  3.500  -10.989 0.4444444478
64267  -31.214  5.754  -10.773 0.5555555820
64260  -23.543  5.537  -9.247 0.5555555820
109497  -24.734  4.731  -8.581 0.6666666865
65841  -30.389  7.195  -8.676 0.6666666865
65040  -23.924  6.072  -9.130 0.5555555820
65026  -24.436  6.489  -8.877 0.6666666865
65822  -27.899  7.392  -7.109 0.6666666865
65840  -29.586  8.253  -8.038 0.6666666865
113560  -18.269  1.740  -7.099 0.4444444478
62792  -19.971  3.396  -8.125 0.3333333433
105929  -17.318  0.219  -5.590 0.4444444478
60254  -17.167  1.076  -6.036 0.4444444478
64278  -31.512  5.489  -13.409 0.3333333433
65872  -30.477  7.225  -12.658 0.3333333433
52894  -24.109  -8.112  -3.781 0.6666666865
51006  -17.574  -10.510  -0.179 0.4444444478
55491  -25.905  -5.238  -4.713 0.7777777910
100294  -16.910  -9.805  0.030 0.3333333433
52849  -17.044  -8.617  -0.626 0.4444444478
57832  -28.260  -3.480  -4.567 0.6666666865
105743  -16.654  -2.111  -4.206 0.1111111119
58613  -17.092  -1.523  -4.614 0.1111111119
59419  -17.161  0.614  -5.688 0.4444444478
61132  -17.153  1.735  -6.340 0.3333333433
61146  -18.149  2.047  -7.142 0.3333333433
63531  -20.208  4.148  -8.301 0.3333333433
66679  -30.103  8.835  -10.451 0.6666666865
66692  -30.298  8.066  -12.071 0.4444444478
111721  -22.500  -11.719  -1.840 0.4444444478
49217  -24.326  -12.436  -0.686 0.2222222239
49229  -19.386  -11.479  -0.733 0.4444444478
49230  -20.233  -11.654  -1.218 0.4444444478
51022  -19.944  -10.077  -1.774 0.4444444478
117666  -20.215  -10.691  -1.621 0.4444444478
50122  -22.334  -10.835  -2.291 0.4444444478
51038  -23.312  -10.716  -2.434 0.4444444478
50124  -24.855  -11.402  -2.308 0.2222222239
51036  -21.132  -9.649  -2.532 0.4444444478
51037  -21.807  -9.955  -2.551 0.4444444478
51048  -22.559  -9.870  -2.696 0.4444444478
50126  -26.310  -11.095  -2.281 0.1111111119
50113  -26.940  -10.929  -2.270 0.1111111119
51049  -23.533  -9.798  -2.806 0.4444444478
51050  -24.597  -9.824  -2.909 0.3333333433
111336  -21.803  -9.153  -2.943 0.4444444478
51051  -25.689  -9.979  -3.027 0.3333333433
51041  -26.122  -10.747  -2.699 0.2222222239
105353  -22.793  -9.018  -3.137 0.4444444478
52895  -26.780  -8.287  -3.432 0.2222222239
52024  -27.452  -9.350  -3.297 0.1111111119
52026  -28.925  -9.146  -3.371 0.1111111119
109801  -25.773  -8.167  -3.580 0.3333333433
53783  -26.191  -7.531  -3.653 0.3333333433
52904  -25.363  -7.341  -3.947 0.4444444478
53797  -25.935  -6.676  -3.987 0.5555555820
111379  -27.059  -6.616  -3.719 0.6666666865
53798  -28.288  -7.039  -3.718 0.4444444478
54697  -25.961  -5.855  -4.357 0.6666666865
55495  -30.349  -6.403  -4.431 0.3333333433
55492  -26.868  -5.281  -4.336 0.6666666865
56287  -29.117  -5.138  -4.229 0.5555555820
57044  -28.879  -4.231  -4.381 0.5555555820
105689  -29.884  -4.671  -4.497 0.5555555820
56288  -30.365  -5.437  -4.548 0.4444444478
57046  -30.795  -4.661  -4.920 0.3333333433
56286  -27.824  -4.815  -4.298 0.5555555820
57846  -31.329  -3.216  -5.596 0.4444444478
57054  -31.043  -3.958  -5.253 0.4444444478
65838  -27.671  8.116  -7.442 0.5555555820
111256  -26.907  8.160  -7.642 0.5555555820
104459  -28.240  8.681  -7.722 0.5555555820
67456  -29.077  9.524  -8.607 0.5555555820
112276  -29.561  9.363  -9.175 0.5555555820
67468  -29.730  9.490  -9.902 0.5555555820
49231  -21.231  -11.978  -1.460 0.4444444478
49234  -24.408  -12.354  -1.378 0.2222222239
51034  -19.706  -9.598  -1.857 0.4444444478
52023  -26.267  -9.170  -3.299 0.2222222239
53784  -26.998  -7.447  -3.546 0.4444444478
53785  -27.991  -7.566  -3.537 0.3333333433
54698  -27.603  -6.167  -3.784 0.6666666865
54699  -28.722  -6.564  -3.940 0.4444444478
57055  -31.980  -4.266  -6.408 0.3333333433
57853  -32.058  -3.506  -6.744 0.4444444478
59436  -33.339  -1.872  -9.017 0.4444444478
107097  -27.219  9.377  -7.948 0.5555555820
67454  -26.957  9.892  -8.078 0.5555555820
51035  -20.367  -9.317  -2.365 0.4444444478
53799  -29.234  -7.278  -4.021 0.2222222239
48332  -19.897  -13.095  -0.388 0.4444444478
48333  -20.935  -13.314  -0.691 0.4444444478
48334  -21.906  -13.643  -0.730 0.4444444478
49233  -23.564  -12.866  -1.059 0.2222222239
49216  -23.785  -12.767  -0.149 0.2222222239
49201  -24.330  -12.191  0.146 0.1111111119
49228  -18.759  -11.434  -0.309 0.4444444478
49215  -19.756  -12.193  -0.681 0.4444444478
49235  -25.040  -11.996  -1.581 0.1111111119
50112  -26.472  -11.090  -1.686 0.1111111119
50096  -24.918  -11.795  -0.287 0.1111111119
51024  -27.266  -10.600  -1.584 0.1111111119
51053  -27.644  -10.363  -3.077 0.1111111119
52011  -29.034  -9.889  -3.155 0.1111111119
52027  -29.716  -9.160  -3.250 0.1111111119
52898  -29.342  -8.381  -3.549 0.1111111119
53800  -30.143  -7.212  -4.304 0.2222222239
98046  -31.322  -6.004  -4.703 0.1111111119
99929  -31.655  -4.764  -5.763 0.2222222239
116990  -32.355  -4.942  -6.461 0.2222222239
57065  -32.636  -4.237  -7.212 0.3333333433
58653  -33.435  -2.700  -8.895 0.3333333433
58655  -34.492  -2.222  -9.088 0.3333333433
59442  -33.612  -1.280  -9.445 0.4444444478
59443  -34.382  -1.205  -9.606 0.3333333433
61177  -33.435  1.460  -10.527 0.4444444478
63562  -31.947  4.159  -12.408 0.3333333433
66691  -30.009  8.805  -11.490 0.5555555820
66653  -25.820  8.530  -8.205 0.5555555820
105611  -26.371  9.331  -8.042 0.5555555820
67455  -28.221  9.429  -8.071 0.5555555820
68214  -28.502  10.346  -8.706 0.5555555820
68241  -29.382  10.183  -10.284 0.5555555820
50107  -19.025  -10.778  -0.810 0.4444444478
50108  -19.635  -10.779  -1.282 0.4444444478
52020  -22.189  -8.336  -3.436 0.5555555820
102117  -25.174  -5.861  -4.676 0.6666666865
57833  -29.340  -3.518  -4.498 0.5555555820
116133  -24.932  -7.944  -3.789 0.3333333433
52021  -23.834  -8.948  -3.263 0.3333333433
50110  -21.736  -11.388  -1.866 0.4444444478
49242  -23.847  -12.217  -1.742 0.4444444478
49241  -23.012  -12.393  -1.579 0.3333333433
105432  -23.194  -11.601  -2.013 0.4444444478
49232  -22.135  -12.291  -1.517 0.4444444478
49218  -24.849  -12.157  -1.028 0.1111111119
48345  -20.865  -12.498  -1.092 0.4444444478
50120  -20.607  -10.170  -2.076 0.4444444478
50109  -20.869  -11.029  -1.752 0.4444444478
50121  -21.375  -10.487  -2.225 0.4444444478
50123  -24.042  -11.511  -2.199 0.4444444478
49243  -24.594  -11.960  -1.927 0.2222222239
51039  -24.262  -10.674  -2.547 0.4444444478
50111  -25.712  -11.535  -1.766 0.1111111119
51040  -25.218  -10.718  -2.647 0.2222222239
105033  -26.937  -10.713  -2.703 0.1111111119
52022  -25.022  -8.870  -3.390 0.3333333433
51052  -26.742  -10.194  -3.085 0.2222222239
52896  -27.744  -8.286  -3.399 0.2222222239
52897  -28.571  -8.324  -3.481 0.1111111119
52025  -28.258  -8.985  -3.366 0.1111111119
53786  -28.895  -7.748  -3.702 0.1111111119
54700  -29.562  -6.781  -4.237 0.3333333433
55494  -29.400  -6.025  -4.177 0.4444444478
55493  -28.232  -5.670  -3.968 0.5555555820
57045  -30.080  -3.982  -4.612 0.5555555820
56289  -31.465  -5.327  -5.193 0.3333333433
57854  -32.847  -3.662  -7.758 0.4444444478
66655  -27.476  8.765  -7.739 0.5555555820
66654  -26.613  8.657  -7.863 0.5555555820
67467  -29.254  9.988  -9.336 0.5555555820
48346  -21.631  -12.866  -1.132 0.4444444478
48347  -22.586  -13.102  -1.113 0.4444444478
51054  -28.361  -9.873  -3.247 0.1111111119
114732  -27.140  10.457  -8.142 0.5555555820
53787  -29.755  -7.786  -3.915 0.2222222239
106416  -20.315  -12.546  -0.814 0.4444444478
48335  -22.580  -13.580  -0.558 0.4444444478
48336  -23.164  -13.293  -0.370 0.2222222239
114113  -22.976  -13.252  -0.803 0.4444444478
48331  -19.122  -12.235  -0.177 0.4444444478
49214  -18.425  -11.967  0.134 0.4444444478
50097  -25.363  -11.739  -1.024 0.1111111119
51042  -27.579  -10.625  -2.577 0.1111111119
43965  -20.725  -18.341  6.232 0.1111111119
45728  -18.133  -16.503  2.538 0.3333333433
44865  -19.485  -17.158  4.122 0.2222222239
44852  -19.982  -17.424  4.906 0.2222222239
44839  -20.488  -17.743  5.675 0.1111111119
45692  -20.627  -16.837  5.173 0.1111111119
47423  -16.858  -14.790  2.255 0.3333333433
46569  -16.772  -15.299  2.768 0.3333333433
45727  -17.380  -16.119  2.771 0.3333333433
45744  -19.265  -16.009  1.934 0.3333333433
45730  -19.680  -16.093  2.707 0.3333333433
101472  -19.988  -16.322  3.813 0.2222222239
46561  -20.448  -15.635  3.157 0.2222222239
112340  -20.088  -16.795  4.530 0.2222222239
45709  -20.470  -16.327  4.526 0.1111111119
49179  -16.605  -12.630  1.751 0.2222222239
107403  -16.589  -13.381  1.877 0.2222222239
115080  -16.348  -13.804  2.403 0.2222222239
47434  -17.450  -14.580  1.692 0.3333333433
45742  -17.917  -15.964  2.193 0.3333333433
45743  -18.555  -16.053  2.025 0.3333333433
49197  -17.055  -12.180  0.961 0.2222222239
109770  -16.900  -12.893  1.342 0.3333333433
49198  -17.540  -12.151  0.612 0.3333333433
48305  -17.174  -13.527  1.384 0.3333333433
49199  -17.963  -12.524  0.515 0.3333333433
105663  -18.430  -13.369  0.654 0.3333333433
47448  -17.936  -13.905  1.167 0.3333333433
47449  -18.591  -14.154  1.004 0.3333333433
46597  -19.614  -15.024  0.965 0.3333333433
47450  -19.251  -14.123  0.642 0.3333333433
46598  -20.348  -15.147  0.928 0.3333333433
47452  -21.121  -14.853  0.879 0.3333333433
46585  -20.661  -15.183  1.578 0.3333333433
46572  -20.891  -15.094  2.510 0.1111111119
47436  -21.401  -14.646  1.854 0.2222222239
50081  -17.052  -11.407  0.652 0.2222222239
50082  -17.470  -11.609  0.464 0.3333333433
49213  -17.909  -11.787  0.297 0.3333333433
112317  -18.596  -12.613  0.279 0.3333333433
47463  -19.805  -13.802  0.152 0.3333333433
47451  -20.115  -14.518  0.447 0.3333333433
47464  -20.524  -14.007  -0.139 0.3333333433
103354  -16.756  -10.605  0.684 0.3333333433
50093  -17.381  -11.050  0.228 0.3333333433
50095  -18.440  -10.892  -0.408 0.3333333433
47465  -21.367  -14.173  -0.294 0.3333333433
47466  -22.097  -14.117  -0.227 0.3333333433
57066  -33.265  -4.340  -7.466 0.2222222239
57863  -33.952  -3.193  -8.749 0.2222222239
57855  -33.775  -3.754  -8.096 0.2222222239
60291  -34.562  0.281  -10.062 0.3333333433
59446  -34.672  -0.546  -9.977 0.2222222239
45729  -18.849  -16.559  2.629 0.3333333433
45720  -19.269  -16.737  3.370 0.3333333433
46550  -20.722  -15.745  4.109 0.1111111119
46582  -18.958  -15.420  1.480 0.3333333433
46583  -19.688  -15.483  1.468 0.3333333433
45745  -19.772  -15.730  1.942 0.3333333433
48318  -17.378  -12.711  0.938 0.3333333433
116752  -22.179  -14.177  0.391 0.3333333433
43990  -20.108  -18.696  5.770 0.1111111119
43005  -20.675  -19.060  6.457 0.1111111119
45726  -16.663  -15.842  3.481 0.3333333433
111455  -17.782  -16.879  3.077 0.3333333433
116997  -17.995  -17.312  3.222 0.3333333433
44864  -18.874  -17.791  3.867 0.3333333433
44003  -19.401  -17.954  4.608 0.3333333433
43006  -21.373  -19.391  6.975 0.1111111119
44823  -21.197  -17.767  6.321 0.1111111119
44840  -21.070  -17.152  5.871 0.1111111119
48290  -16.362  -13.287  2.433 0.2222222239
45710  -21.001  -16.015  4.932 0.1111111119
114703  -16.445  -12.131  1.911 0.2222222239
46562  -21.211  -15.042  3.529 0.1111111119
117583  -21.765  -14.327  2.346 0.1111111119
50059  -16.726  -11.837  1.306 0.2222222239
47437  -22.062  -14.101  1.907 0.1111111119
107473  -21.833  -14.368  1.048 0.1111111119
48321  -22.681  -13.756  0.103 0.1111111119
51936  -16.392  -9.605  1.442 0.1111111119
57864  -34.398  -2.772  -8.861 0.2222222239
61173  -34.435  1.146  -10.123 0.2222222239
61166  -34.769  0.786  -9.863 0.2222222239
98337  -17.007  -9.262  -0.350 0.2222222239
50987  -17.013  -10.625  0.240 0.3333333433
50094  -17.895  -11.084  0.046 0.4444444478
59444  -34.817  -0.957  -9.549 0.2222222239
44004  -19.852  -18.082  5.241 0.1111111119
44873  -18.294  -16.965  3.084 0.3333333433
44874  -18.727  -17.125  3.359 0.3333333433
114980  -19.072  -17.234  3.637 0.3333333433
47433  -16.660  -14.104  2.015 0.3333333433
46570  -17.391  -15.401  2.197 0.3333333433
46571  -20.248  -15.548  2.220 0.2222222239
46581  -18.099  -15.437  1.745 0.3333333433
48319  -17.750  -13.180  0.924 0.3333333433
47435  -18.329  -14.723  1.338 0.3333333433
46596  -18.979  -14.685  1.129 0.3333333433
46584  -20.129  -15.463  1.567 0.3333333433
102944  -20.886  -14.655  0.263 0.3333333433
47424  -21.503  -14.565  2.760 0.1111111119
50970  -16.748  -11.141  0.982 0.2222222239
48320  -19.171  -13.186  0.208 0.3333333433
47453  -21.593  -14.467  0.269 0.3333333433
43027  -20.135  -19.467  6.122 0.1111111119
45719  -17.110  -16.733  3.438 0.3333333433
44862  -17.580  -17.545  3.473 0.3333333433
44863  -18.241  -17.661  3.473 0.3333333433
47422  -16.390  -14.450  2.743 0.2222222239
46560  -16.447  -15.043  3.342 0.2222222239
57856  -34.362  -3.011  -8.282 0.1111111119
57847  -34.381  -3.047  -7.110 0.1111111119
58633  -34.574  -1.748  -6.370 0.1111111119
108933  -34.588  -2.307  -7.507 0.1111111119
59427  -34.815  -0.951  -8.143 0.1111111119
97876  -34.559  0.576  -6.575 0.1111111119
60263  -34.786  0.197  -7.750 0.1111111119
116519  -34.962  0.256  -8.788 0.1111111119
61152  -34.666  1.105  -7.926 0.1111111119
62051  -33.331  2.582  -11.224 0.2222222239
60287  -34.963  -0.077  -9.657 0.1111111119
100373  -34.807  0.935  -9.065 0.1111111119
114439  -32.899  3.692  -12.781 0.1111111119
62819  -32.412  3.511  -11.845 0.2222222239
63564  -32.284  4.365  -13.218 0.1111111119
62824  -33.683  3.607  -12.253 0.1111111119
63566  -33.446  4.533  -13.365 0.1111111119
64279  -31.667  4.892  -12.900 0.1111111119
105061  -24.535  9.214  -8.420 0.4444444478
65064  -31.925  5.711  -14.390 0.1111111119
102160  -27.672  10.116  -8.169 0.4444444478
66698  -29.835  8.809  -12.619 0.3333333433
65876  -30.507  7.242  -13.760 0.1111111119
65068  -32.323  6.390  -15.126 0.1111111119
68213  -27.614  10.952  -8.463 0.4444444478
68226  -28.187  11.252  -9.208 0.4444444478
102950  -28.914  10.770  -9.677 0.4444444478
68240  -28.965  10.885  -10.806 0.4444444478
111542  -29.110  10.225  -12.464 0.4444444478
67486  -29.569  9.539  -12.006 0.2222222239
67498  -29.171  9.714  -13.355 0.2222222239
66705  -29.694  8.860  -13.690 0.2222222239
66711  -29.798  8.970  -14.529 0.2222222239
66706  -30.149  8.111  -14.139 0.2222222239
69930  -28.773  12.942  -11.899 0.1111111119
69096  -28.812  11.334  -14.222 0.1111111119
67522  -31.042  9.096  -15.938 0.1111111119
68210  -24.516  10.246  -8.216 0.4444444478
98346  -25.261  10.934  -7.892 0.4444444478
104442  -25.516  10.325  -8.047 0.4444444478
68211  -26.066  10.976  -7.858 0.3333333433
68212  -26.857  11.001  -8.088 0.4444444478
69052  -27.847  12.030  -9.731 0.4444444478
69059  -27.995  12.128  -10.864 0.4444444478
69060  -28.477  11.494  -10.233 0.4444444478
68253  -28.706  10.803  -12.061 0.4444444478
69922  -27.507  12.688  -10.351 0.3333333433
69082  -28.016  11.282  -12.793 0.3333333433
68265  -27.520  10.934  -13.916 0.1111111119
68275  -27.616  10.626  -14.462 0.1111111119
68284  -27.640  10.905  -14.832 0.1111111119
67508  -29.047  9.622  -14.271 0.2222222239
67516  -28.253  10.197  -14.651 0.1111111119
68285  -28.866  10.393  -14.803 0.1111111119
117375  -27.106  11.562  -8.315 0.3333333433
69911  -26.885  12.252  -8.373 0.3333333433
69929  -27.620  12.638  -11.374 0.2222222239
69070  -27.913  12.042  -12.080 0.2222222239
69081  -27.698  11.787  -13.262 0.2222222239
69094  -27.503  11.507  -14.292 0.1111111119
69928  -27.421  12.980  -11.523 0.1111111119
69941  -27.724  12.515  -12.354 0.1111111119
69958  -27.800  12.321  -13.330 0.1111111119
69095  -27.922  11.817  -14.381 0.1111111119
69940  -27.616  13.018  -12.196 0.1111111119
70816  -27.824  13.120  -12.558 0.1111111119
69959  -27.876  12.341  -13.549 0.1111111119
69043  -26.507  11.702  -7.974 0.3333333433
69910  -26.095  12.564  -7.882 0.3333333433
70761  -26.492  13.057  -8.528 0.3333333433
69916  -27.168  12.669  -9.261 0.3333333433
70793  -27.190  13.144  -10.892 0.2222222239
70802  -27.342  13.471  -11.522 0.1111111119
70803  -27.893  13.692  -11.778 0.1111111119
70804  -28.110  13.453  -12.024 0.1111111119
71504  -28.132  14.226  -10.826 0.1111111119
70753  -24.140  13.982  -7.374 0.1111111119
70754  -25.060  13.831  -7.628 0.1111111119
70760  -25.760  13.468  -8.067 0.2222222239
71496  -25.587  14.693  -9.241 0.2222222239
70769  -26.584  13.464  -9.384 0.3333333433
71497  -26.138  14.167  -9.719 0.2222222239
70780  -26.993  13.276  -10.112 0.3333333433
71501  -25.707  14.840  -10.285 0.2222222239
71511  -25.844  14.884  -11.256 0.1111111119
72177  -25.611  15.566  -11.988 0.1111111119
71523  -26.148  14.890  -11.997 0.1111111119
72185  -26.630  14.985  -12.627 0.1111111119
116595  -27.358  13.776  -11.573 0.1111111119
71525  -27.536  14.105  -11.543 0.1111111119
71513  -27.405  14.839  -11.554 0.1111111119
69943  -29.202  12.357  -12.518 0.1111111119
71482  -24.847  14.512  -7.538 0.1111111119
71491  -25.042  15.200  -7.868 0.1111111119
108468  -25.331  14.443  -8.220 0.1111111119
72170  -24.741  16.267  -9.346 0.1111111119
72838  -24.848  16.278  -10.564 0.1111111119
72174  -25.356  15.581  -10.955 0.1111111119
73485  -25.064  17.655  -12.083 0.1111111119
72845  -25.624  16.322  -12.620 0.1111111119
73490  -26.008  16.649  -12.706 0.1111111119
72178  -27.083  15.551  -12.257 0.1111111119
72161  -25.028  15.621  -7.549 0.1111111119
72830  -24.853  16.548  -8.004 0.1111111119
105390  -24.637  16.765  -8.783 0.1111111119
72834  -24.546  17.330  -9.439 0.1111111119
117407  -24.564  16.834  -9.363 0.1111111119
73482  -24.657  17.792  -10.728 0.1111111119
72831  -25.140  17.045  -7.640 0.1111111119
113110  -25.145  17.568  -7.862 0.1111111119
58644  -34.651  -2.106  -8.447 0.1111111119
99773  -34.644  -1.306  -7.197 0.1111111119
98073  -34.649  -0.246  -6.877 0.1111111119
62044  -34.423  1.852  -10.114 0.1111111119
62033  -34.602  1.731  -9.478 0.1111111119
62049  -34.163  1.997  -10.486 0.1111111119
64282  -33.189  4.964  -14.005 0.1111111119
67453  -25.418  9.426  -8.234 0.4444444478
67476  -29.713  9.518  -10.884 0.4444444478
66699  -30.130  8.015  -13.137 0.2222222239
65879  -30.755  7.506  -14.718 0.1111111119
67517  -29.379  9.757  -14.710 0.2222222239
112001  -27.399  11.082  -14.621 0.1111111119
69107  -28.143  11.164  -14.973 0.1111111119
109076  -30.199  10.209  -14.995 0.1111111119
69942  -28.229  12.818  -12.769 0.1111111119
72165  -24.918  16.029  -8.353 0.1111111119
73488  -25.577  17.147  -12.478 0.1111111119
73479  -24.901  18.360  -8.813 0.1111111119
98482  -34.500  -0.053  -4.956 0.1111111119
59414  -34.594  -0.621  -5.986 0.1111111119
61179  -34.045  1.512  -10.483 0.2222222239
62820  -32.926  2.934  -11.570 0.2222222239
114311  -32.692  4.750  -13.793 0.1111111119
66651  -23.848  8.628  -8.565 0.4444444478
105017  -26.344  10.184  -8.034 0.4444444478
69044  -27.487  11.786  -8.839 0.4444444478
69071  -28.414  11.502  -11.470 0.4444444478
71481  -24.494  14.754  -7.214 0.1111111119
113726  -24.596  15.059  -6.999 0.1111111119
72821  -25.220  16.240  -7.287 0.1111111119
73475  -24.766  17.487  -8.476 0.1111111119
99106  -34.538  -1.096  -5.065 0.1111111119
57067  -33.978  -4.078  -7.131 0.1111111119
109591  -34.402  -3.268  -6.210 0.1111111119
60235  -34.192  0.357  -4.133 0.1111111119
59399  -34.436  -0.403  -4.149 0.1111111119
61126  -34.245  1.199  -5.776 0.1111111119
61141  -34.488  1.169  -6.841 0.1111111119
62005  -34.280  1.911  -7.027 0.1111111119
62020  -34.424  2.086  -8.135 0.1111111119
62811  -34.323  2.657  -9.748 0.1111111119
62800  -34.205  2.782  -8.771 0.1111111119
62816  -34.218  2.711  -10.625 0.1111111119
63553  -33.819  4.375  -11.301 0.1111111119
104343  -33.614  4.759  -13.153 0.1111111119
66652  -24.912  8.322  -8.536 0.4444444478
64283  -33.399  5.221  -13.922 0.1111111119
64285  -33.191  5.732  -14.611 0.1111111119
65883  -31.891  7.695  -15.643 0.1111111119
65069  -32.980  6.374  -15.138 0.1111111119
67452  -23.931  9.530  -8.401 0.4444444478
66716  -32.253  9.216  -16.160 0.1111111119
68294  -30.877  9.814  -15.766 0.1111111119
69041  -24.503  11.506  -7.921 0.2222222239
69032  -25.146  12.427  -7.655 0.2222222239
100069  -30.636  10.746  -14.863 0.1111111119
69900  -24.639  13.180  -7.540 0.1111111119
69901  -25.409  13.109  -7.705 0.2222222239
69083  -29.719  11.677  -13.167 0.1111111119
69931  -29.664  12.556  -11.596 0.1111111119
69899  -23.734  13.135  -7.496 0.1111111119
70752  -23.359  13.667  -7.315 0.1111111119
70795  -29.150  13.083  -11.101 0.1111111119
72154  -25.093  15.476  -6.877 0.1111111119
73489  -26.010  17.157  -12.479 0.1111111119
72843  -26.540  16.878  -11.958 0.1111111119
72172  -27.490  15.766  -10.037 0.1111111119
71503  -27.822  14.847  -10.208 0.1111111119
72822  -25.698  16.804  -6.957 0.1111111119
73478  -24.648  18.116  -9.561 0.1111111119
74135  -25.095  19.108  -10.991 0.1111111119
105597  -25.207  18.116  -8.040 0.1111111119
61181  -33.950  2.284  -10.841 0.1111111119
65067  -31.294  6.651  -14.505 0.1111111119
68254  -29.323  10.235  -11.375 0.4444444478
59437  -34.792  -1.481  -9.092 0.1111111119
62822  -32.564  3.779  -12.708 0.2222222239
60275  -34.994  -0.571  -9.007 0.1111111119
62053  -33.947  2.892  -11.399 0.1111111119
63563  -33.665  4.109  -12.692 0.1111111119
63560  -33.914  3.664  -12.021 0.1111111119
64284  -32.769  5.823  -14.910 0.1111111119
65880  -31.679  7.156  -15.259 0.1111111119
65070  -32.544  7.138  -15.445 0.1111111119
67497  -28.170  10.478  -13.510 0.2222222239
67507  -28.252  10.063  -14.250 0.1111111119
67518  -30.272  9.174  -15.284 0.2222222239
66712  -30.408  8.332  -14.992 0.1111111119
70794  -28.425  13.561  -11.337 0.1111111119
69108  -29.415  10.660  -14.577 0.1111111119
69960  -28.479  12.112  -13.529 0.1111111119
67523  -31.699  9.472  -16.222 0.1111111119
66715  -31.744  8.511  -15.991 0.1111111119
108241  -29.928  9.827  -15.029 0.2222222239
69042  -25.650  11.692  -7.755 0.3333333433
70779  -26.668  13.732  -10.758 0.2222222239
70792  -26.928  13.635  -11.217 0.1111111119
71524  -26.854  14.177  -11.811 0.1111111119
71526  -27.859  14.108  -11.400 0.1111111119
106539  -27.535  14.813  -10.984 0.1111111119
70768  -25.994  13.856  -8.806 0.3333333433
102539  -26.529  13.793  -10.142 0.3333333433
71502  -26.220  14.303  -10.610 0.2222222239
71512  -26.432  14.332  -11.267 0.1111111119
72842  -25.116  16.329  -11.755 0.1111111119
72184  -25.941  15.443  -12.676 0.1111111119
99748  -27.178  14.746  -12.012 0.1111111119
72176  -27.333  15.531  -10.911 0.1111111119
109290  -27.316  15.396  -11.555 0.1111111119
72166  -25.149  15.394  -8.753 0.1111111119
106875  -24.567  16.928  -10.109 0.1111111119
72171  -25.222  15.519  -9.825 0.1111111119
72837  -24.763  17.049  -11.378 0.1111111119
72841  -25.121  16.983  -12.266 0.1111111119
72846  -26.514  16.418  -12.470 0.1111111119
72175  -27.098  16.055  -11.839 0.1111111119
74138  -25.313  18.529  -11.677 0.1111111119
104875  -34.509  -2.268  -5.687 0.1111111119
60249  -34.499  0.323  -5.797 0.1111111119
105237  -34.063  2.606  -10.964 0.1111111119
65882  -31.177  7.911  -15.456 0.1111111119
73486  -25.677  17.854  -12.158 0.1111111119
74127  -25.346  19.077  -8.442 0.1111111119
61114  -34.184  0.770  -4.893 0.1111111119
62821  -34.042  3.158  -11.488 0.1111111119
63559  -33.820  4.343  -12.285 0.1111111119
68286  -31.277  10.624  -15.640 0.1111111119
69097  -30.529  11.244  -14.051 0.1111111119
69031  -23.334  12.486  -7.762 0.1111111119
71480  -23.688  14.297  -7.148 0.1111111119
73487  -26.105  17.808  -12.036 0.1111111119
74131  -24.803  18.571  -10.571 0.1111111119
74813  -25.347  19.672  -10.653 0.1111111119
44013  -17.834  -18.223  3.685 0.2222222239
55485  -17.212  -4.743  -2.843 0.2222222239
57040  -16.778  -3.294  -3.734 0.2222222239
55486  -17.634  -5.550  -2.795 0.3333333433
56277  -17.664  -4.712  -3.362 0.4444444478
65833  -22.352  8.110  -8.605 0.2222222239
68208  -22.652  10.440  -8.360 0.1111111119
68209  -23.498  10.967  -8.283 0.1111111119
107318  -23.537  10.139  -8.347 0.2222222239
107681  -20.530  4.781  -8.421 0.2222222239
109535  -19.389  4.098  -7.862 0.1111111119
54678  -17.410  -6.120  -2.284 0.2222222239
64233  -19.222  4.693  -7.698 0.1111111119
65036  -21.034  6.528  -8.486 0.1111111119
113254  -22.151  8.817  -8.450 0.1111111119
68225  -21.800  10.095  -8.341 0.1111111119
65834  -23.216  7.734  -8.797 0.2222222239
65851  -21.789  7.612  -8.598 0.1111111119
54656  -17.210  -6.444  -1.772 0.2222222239
102346  -16.092  -0.784  -3.721 0.1111111119
59390  -17.262  0.343  -5.586 0.3333333433
67451  -23.186  9.481  -8.397 0.3333333433
55475  -17.296  -5.491  -2.383 0.2222222239
66650  -22.855  8.687  -8.492 0.1111111119
67466  -22.336  9.488  -8.392 0.1111111119
65850  -21.214  7.442  -8.470 0.1111111119
66667  -21.258  8.319  -8.412 0.1111111119
67450  -21.104  8.794  -8.376 0.1111111119
67465  -21.679  9.309  -8.398 0.1111111119
43040  -17.702  -18.938  4.011 0.1111111119
43056  -18.319  -18.461  3.929 0.1111111119
43042  -19.067  -19.260  4.807 0.1111111119
111293  -16.470  -18.310  4.780 0.1111111119
44861  -16.784  -17.393  4.024 0.1111111119
45718  -16.538  -16.440  4.027 0.1111111119
53699  -16.332  -7.869  0.538 0.1111111119
57027  -16.682  -3.486  -3.371 0.1111111119
56276  -16.956  -4.018  -3.318 0.1111111119
62010  -17.115  2.510  -6.549 0.2222222239
62011  -17.782  2.676  -7.044 0.2222222239
62767  -17.038  3.163  -6.610 0.2222222239
63504  -17.092  3.506  -6.630 0.2222222239
102742  -16.733  -18.122  4.288 0.1111111119
109315  -16.518  -2.833  -3.667 0.1111111119
43041  -18.424  -19.331  4.415 0.1111111119
97767  -18.914  -18.602  4.414 0.1111111119
44851  -16.306  -17.617  4.806 0.1111111119
45708  -16.246  -16.779  4.740 0.1111111119
45717  -16.279  -15.978  4.568 0.1111111119
46559  -16.340  -15.323  4.075 0.1111111119
47408  -16.340  -14.437  3.606 0.1111111119
48273  -16.320  -13.823  3.489 0.1111111119
49163  -16.380  -12.689  2.416 0.1111111119
107222  -16.546  -6.627  0.096 0.1111111119
104609  -16.884  -4.134  -2.959 0.1111111119
61983  -16.203  2.400  -5.463 0.2222222239
64204  -17.147  4.683  -5.816 0.2222222239
63518  -17.733  4.069  -7.082 0.1111111119
43989  -19.474  -18.696  5.036 0.1111111119
98571  -17.757  -19.637  4.446 0.1111111119
108467  -17.704  3.747  -7.085 0.2222222239
63519  -18.230  4.130  -7.365 0.1111111119
61117  -16.277  1.655  -5.456 0.2222222239
57824  -16.643  -2.586  -4.013 0.1111111119
53736  -16.874  -8.124  -0.581 0.1111111119
50046  -16.432  -12.071  2.220 0.1111111119
98755  -16.562  -11.542  1.677 0.1111111119
52828  -16.886  -8.894  -0.315 0.1111111119
48289  -16.240  -13.804  2.926 0.1111111119
116382  -16.402  -15.888  4.037 0.1111111119
44012  -17.245  -18.247  3.852 0.1111111119
105691  -16.903  -7.446  -0.898 0.1111111119
113542  -16.177  -7.309  0.163 0.1111111119
55448  -16.748  -5.181  -1.497 0.1111111119
44002  -16.966  -18.832  4.331 0.1111111119
53676  -16.964  -7.772  1.267 0.1111111119
62754  -16.260  3.180  -5.505 0.1111111119
101063  -16.316  -14.836  4.349 0.1111111119
52801  -16.481  -8.653  1.146 0.1111111119
54623  -16.972  -6.933  -1.247 0.1111111119
64193  -17.474  4.797  -5.589 0.1111111119
64999  -18.087  5.414  -6.638 0.1111111119
64245  -20.624  5.526  -8.385 0.1111111119
60227  -16.250  1.116  -5.053 0.1111111119
64244  -19.924  4.782  -8.106 0.1111111119
49244  -25.178  -11.711  -2.027 0.2222222239
50125  -25.595  -11.279  -2.318 0.1111111119
54704  -21.417  -5.758  -5.047 1.0000000000
55502  -23.823  -4.871  -5.701 1.0000000000
55509  -23.640  -4.676  -5.925 1.0000000000
56284  -25.847  -4.710  -5.040 0.8888888955
56296  -24.956  -4.472  -5.606 1.0000000000
57042  -26.509  -4.004  -5.041 0.8888888955
57052  -25.389  -3.841  -5.843 1.0000000000
57056  -32.787  -4.794  -7.021 0.2222222239
57061  -23.975  -3.828  -6.645 1.0000000000
57070  -23.825  -3.453  -6.930 1.0000000000
57072  -24.676  -3.345  -6.534 1.0000000000
57842  -26.189  -2.546  -6.134 1.0000000000
57862  -33.370  -3.315  -8.456 0.2222222239
58649  -23.945  -1.955  -7.514 0.8888888955
58651  -24.937  -1.976  -7.169 1.0000000000
58654  -34.121  -2.715  -9.052 0.3333333433
58657  -23.490  -1.116  -7.848 0.8888888955
58659  -34.056  -2.055  -9.264 0.3333333433
58660  -34.604  -1.656  -9.373 0.3333333433
59440  -23.032  -0.370  -8.208 0.8888888955
59441  -24.141  -0.074  -8.148 1.0000000000
60239  -17.104  0.937  -5.827 0.3333333433
60261  -30.690  0.041  -5.665 0.7777777910
60283  -24.498  0.361  -8.205 1.0000000000
60284  -24.752  0.824  -8.252 1.0000000000
60290  -34.265  -0.116  -10.190 0.3333333433
60293  -34.166  0.856  -10.291 0.2222222239
61107  -16.364  1.259  -4.826 0.1111111119
61131  -16.772  2.044  -6.196 0.2222222239
61133  -17.400  1.465  -6.424 0.3333333433
61135  -26.816  1.494  -6.787 0.8888888955
61148  -25.123  1.775  -8.225 1.0000000000
61150  -26.392  2.053  -7.338 1.0000000000
61151  -31.841  1.154  -7.534 0.6666666865
61159  -21.937  1.339  -8.568 0.7777777910
61178  -33.849  1.184  -10.491 0.4444444478
61180  -33.637  2.000  -10.723 0.1111111119
61970  -16.217  2.719  -5.154 0.2222222239
61993  -16.962  2.733  -6.508 0.2222222239
61994  -17.377  2.160  -6.642 0.3333333433
62012  -18.321  2.317  -7.279 0.4444444478
62028  -24.180  2.039  -8.713 1.0000000000
62029  -24.681  2.814  -8.518 0.7777777910
62030  -24.944  2.310  -8.374 1.0000000000
62052  -33.698  2.658  -11.279 0.2222222239
62054  -33.213  2.915  -11.729 0.2222222239
62055  -33.584  3.001  -11.832 0.1111111119
62056  -33.882  3.290  -11.862 0.1111111119
62743  -16.601  3.040  -4.715 0.1111111119
62755  -16.520  3.485  -5.308 0.1111111119
62766  -16.946  3.174  -6.548 0.1111111119
62781  -18.011  3.442  -7.252 0.3333333433
62784  -25.601  3.027  -8.019 0.8888888955
62805  -22.364  3.536  -9.110 0.6666666865
62808  -24.405  3.439  -8.708 0.7777777910
62815  -34.032  3.594  -10.989 0.1111111119
62823  -33.361  3.428  -12.318 0.1111111119
62825  -33.389  3.883  -12.814 0.1111111119
63505  -17.334  3.820  -6.799 0.2222222239
63517  -17.331  3.647  -6.798 0.2222222239
63521  -25.982  4.205  -7.730 0.7777777910
63533  -24.552  4.022  -8.669 0.7777777910
63537  -31.339  4.252  -8.696 0.5555555820
63554  -33.955  3.978  -11.682 0.1111111119
63565  -32.954  4.197  -13.315 0.2222222239
64194  -18.026  4.796  -5.498 0.1111111119
64203  -16.791  4.243  -5.657 0.2222222239
64205  -17.645  5.128  -5.899 0.1111111119
64218  -17.671  5.117  -6.396 0.1111111119
64219  -18.105  5.352  -6.294 0.1111111119
64231  -18.321  4.446  -7.346 0.1111111119
64236  -27.640  5.860  -6.777 0.6666666865
64273  -31.253  5.714  -12.527 0.5555555820
64281  -32.734  5.289  -14.376 0.1111111119
65823  -28.770  7.285  -7.185 0.6666666865
65854  -30.183  8.089  -8.915 0.6666666865
66657  -29.595  8.854  -8.670 0.6666666865
66668  -21.667  8.548  -8.449 0.1111111119
66680  -30.338  8.081  -11.031 0.6666666865
66714  -30.870  8.582  -15.620 0.1111111119
67464  -21.254  9.092  -8.379 0.1111111119
68274  -27.511  11.372  -14.711 0.1111111119
69969  -27.676  11.836  -14.238 0.1111111119
70815  -27.580  13.556  -11.838 0.1111111119
72847  -26.305  15.928  -12.726 0.1111111119
100093  -26.630  -5.805  -4.110 0.6666666865
101000  -18.283  -11.409  -0.004 0.4444444478
102386  -21.644  -6.069  -4.868 1.0000000000
102903  -24.141  -4.038  -6.406 1.0000000000
103415  -32.435  9.208  -15.957 0.1111111119
103744  -18.608  1.187  -7.082 0.4444444478
105558  -30.634  2.217  -6.265 0.7777777910
106289  -32.103  4.992  -13.779 0.1111111119
107526  -26.288  3.763  -7.474 0.7777777910
108593  -26.544  0.079  -6.760 0.8888888955
108628  -19.601  -0.127  -7.145 0.6666666865
109255  -23.876  4.725  -9.142 0.5555555820
109470  -32.923  3.338  -12.247 0.2222222239
110097  -25.667  4.738  -8.034 0.7777777910
110921  -18.669  -5.763  -3.509 0.8888888955
112888  -25.344  1.207  -7.944 1.0000000000
115088  -17.369  2.618  -6.747 0.2222222239
115444  -28.052  3.629  -6.331 0.8888888955
115673  -34.614  1.275  -9.954 0.1111111119
115786  -17.389  -19.274  4.341 0.1111111119
