#!ascii label  , from subject sub-v1s11x0050158_ses-1 vox2ras=TkReg
423
108358  -30.873  -59.406  8.984 0.6999999881
11679  -30.485  -59.768  6.613 0.6000000238
11680  -31.503  -59.372  7.463 0.6000000238
11694  -32.376  -58.922  6.721 0.4000000060
11023  -25.853  -60.050  11.828 0.6999999881
112233  -25.890  -59.685  11.616 0.6999999881
11011  -25.950  -60.459  12.304 0.6999999881
11619  -26.199  -59.838  11.287 0.6000000238
11024  -26.301  -60.155  11.597 0.6999999881
12278  -26.501  -59.623  10.703 0.6000000238
117530  -26.730  -60.104  11.265 0.6000000238
11038  -26.586  -59.866  10.792 0.6000000238
11620  -28.369  -59.632  10.935 0.6000000238
100524  -27.035  -59.848  10.019 0.6000000238
11647  -26.949  -59.704  9.208 0.5000000000
11634  -27.985  -59.655  10.110 0.5000000000
11661  -27.114  -59.716  8.438 0.5000000000
103980  -28.771  -59.844  7.532 0.6000000238
104098  -29.861  -59.811  7.374 0.6000000238
11678  -29.365  -60.121  6.414 0.6000000238
11611  -25.624  -59.729  12.143 0.6000000238
12265  -26.736  -58.451  11.005 0.6000000238
12279  -26.530  -59.215  10.321 0.6000000238
12290  -26.692  -59.137  9.411 0.6000000238
11633  -26.819  -59.558  9.858 0.6000000238
12295  -26.848  -59.503  8.881 0.6000000238
11660  -26.970  -59.489  8.138 0.6000000238
11676  -27.261  -59.650  7.404 0.6000000238
109053  -27.687  -59.823  7.659 0.6000000238
11677  -28.066  -60.037  6.548 0.6000000238
11691  -28.794  -60.159  5.562 0.6000000238
11692  -30.525  -59.679  6.069 0.5000000000
98783  -30.823  -59.332  6.185 0.5000000000
12251  -25.672  -59.196  12.625 0.6000000238
12914  -26.409  -58.576  11.628 0.6000000238
114038  -27.347  -57.810  10.750 0.6000000238
12927  -26.974  -58.505  10.136 0.6000000238
106581  -27.382  -58.218  9.263 0.6000000238
12947  -27.494  -58.048  8.364 0.6000000238
12296  -26.785  -58.997  8.366 0.6000000238
12958  -27.268  -58.228  7.375 0.6000000238
12305  -26.944  -59.290  7.281 0.6999999881
11706  -29.073  -60.034  5.105 0.6000000238
12322  -29.480  -59.705  5.259 0.6000000238
12324  -31.555  -58.910  6.302 0.4000000060
12252  -26.095  -58.421  13.073 0.6000000238
12903  -26.549  -58.096  12.339 0.6000000238
108247  -27.364  -57.495  11.459 0.6000000238
12928  -27.680  -57.606  10.160 0.6000000238
12939  -28.095  -57.302  9.593 0.5000000000
12959  -27.992  -57.233  8.035 0.6000000238
12321  -26.964  -59.139  5.286 0.6000000238
11690  -27.332  -59.582  6.156 0.6000000238
11704  -27.506  -59.648  5.089 0.6000000238
114154  -27.950  -60.021  5.562 0.6000000238
12335  -28.607  -59.459  4.795 0.6000000238
12998  -29.122  -58.005  5.480 0.6000000238
12979  -29.822  -59.041  5.539 0.6000000238
101519  -30.761  -57.942  6.525 0.4000000060
12980  -30.750  -58.870  6.091 0.5000000000
12888  -26.748  -57.517  13.182 0.5000000000
12904  -27.242  -57.254  12.383 0.6000000238
13621  -27.892  -57.054  10.923 0.6000000238
14271  -28.653  -56.087  10.143 0.5000000000
13633  -28.544  -56.517  9.437 0.5000000000
13646  -28.297  -56.262  7.825 0.6000000238
12978  -27.155  -57.665  6.310 0.6999999881
13680  -26.655  -56.571  4.755 0.6000000238
98268  -26.963  -58.818  6.279 0.6999999881
12996  -26.711  -57.681  4.672 0.6000000238
12343  -26.961  -58.142  4.243 0.6000000238
114005  -27.410  -58.679  4.308 0.6000000238
12345  -27.923  -58.681  4.334 0.6000000238
12997  -28.542  -58.470  4.643 0.6000000238
105713  -29.946  -58.025  6.238 0.5000000000
13662  -30.302  -57.017  6.933 0.4000000060
13574  -27.237  -56.740  13.269 0.6000000238
111261  -27.610  -56.430  12.672 0.6000000238
13604  -27.883  -56.554  11.828 0.5000000000
13605  -28.427  -56.132  10.973 0.6000000238
14283  -28.944  -55.609  9.523 0.6000000238
14284  -29.228  -54.796  9.104 0.5000000000
116516  -28.771  -56.047  9.026 0.6000000238
14295  -28.777  -55.575  8.551 0.5000000000
14306  -28.392  -55.253  7.573 0.5000000000
106315  -27.745  -55.282  6.767 0.5000000000
14305  -27.882  -56.005  7.019 0.6000000238
14998  -27.466  -54.649  6.348 0.5000000000
14325  -27.176  -55.521  6.023 0.5000000000
13660  -27.279  -56.468  6.286 0.6000000238
14997  -27.115  -54.769  5.584 0.4000000060
13659  -26.786  -57.150  5.435 0.6999999881
107281  -26.942  -54.937  5.069 0.4000000060
13694  -26.859  -56.496  4.342 0.5000000000
13009  -26.825  -57.231  4.194 0.6000000238
14358  -27.690  -55.729  4.270 0.5000000000
13010  -27.517  -57.115  4.087 0.6000000238
14359  -28.281  -55.662  4.380 0.5000000000
13011  -28.007  -57.765  4.263 0.6000000238
100207  -29.632  -56.147  6.552 0.5000000000
13696  -28.303  -56.645  4.423 0.6000000238
13681  -28.527  -57.497  4.744 0.6000000238
13661  -29.514  -57.140  6.250 0.6000000238
14244  -28.009  -55.801  12.486 0.5000000000
14255  -28.313  -55.743  11.773 0.5000000000
114421  -28.871  -55.426  10.457 0.5000000000
14944  -29.250  -54.814  9.958 0.4000000060
14958  -28.899  -54.645  8.277 0.4000000060
14975  -28.553  -54.431  7.644 0.5000000000
15633  -28.403  -53.855  7.302 0.5000000000
16356  -27.018  -52.427  5.255 0.4000000060
15652  -27.181  -53.175  5.550 0.4000000060
15016  -27.118  -54.064  5.241 0.4000000060
15672  -27.230  -53.803  4.957 0.5000000000
15025  -27.266  -54.607  4.754 0.5000000000
15673  -27.612  -54.101  4.641 0.5000000000
15022  -27.441  -55.090  4.528 0.5000000000
15023  -28.023  -54.889  4.377 0.5000000000
14326  -29.323  -55.339  5.698 0.5000000000
14360  -28.773  -55.563  4.829 0.6000000238
13682  -28.961  -56.594  5.393 0.5000000000
15618  -28.889  -53.879  7.991 0.4000000060
103867  -28.220  -53.176  6.898 0.5000000000
16347  -27.512  -53.143  6.257 0.5000000000
16346  -27.215  -52.353  5.876 0.5000000000
108364  -27.132  -52.941  5.045 0.4000000060
16362  -27.949  -53.198  4.538 0.5000000000
14999  -29.609  -54.374  5.855 0.5000000000
108659  -29.945  -55.002  6.844 0.3000000119
102617  -28.232  -52.402  4.508 0.5000000000
15024  -28.660  -54.761  4.616 0.5000000000
15017  -29.165  -54.571  5.077 0.5000000000
16333  -27.942  -52.317  6.599 0.4000000060
16332  -27.370  -51.661  6.184 0.4000000060
17844  -26.776  -50.305  4.902 0.4000000060
104358  -26.886  -51.638  5.113 0.4000000060
17088  -27.574  -51.668  4.623 0.4000000060
17845  -27.245  -50.700  4.660 0.4000000060
17846  -28.125  -50.894  4.501 0.5000000000
15654  -29.864  -53.638  6.041 0.4000000060
16363  -28.861  -53.046  4.595 0.5000000000
15667  -29.520  -53.740  5.299 0.5000000000
98742  -28.982  -52.256  4.540 0.5000000000
16364  -29.540  -52.383  4.786 0.5000000000
15675  -29.071  -53.874  4.785 0.5000000000
18575  -26.846  -49.611  4.709 0.4000000060
18576  -27.722  -49.919  4.528 0.4000000060
17073  -30.412  -51.666  5.460 0.4000000060
16365  -29.991  -52.379  5.241 0.5000000000
17089  -28.589  -51.665  4.501 0.5000000000
17090  -29.445  -51.703  4.619 0.5000000000
17838  -30.574  -50.907  4.992 0.4000000060
112413  -28.719  -50.365  4.470 0.5000000000
99536  -29.131  -51.017  4.499 0.5000000000
17091  -30.089  -51.723  4.885 0.5000000000
19323  -27.213  -48.955  4.540 0.4000000060
19324  -28.271  -48.974  4.483 0.4000000060
99062  -29.984  -51.066  4.613 0.5000000000
111196  -28.915  -49.687  4.452 0.4000000060
17847  -29.671  -50.319  4.475 0.5000000000
105295  -27.704  -48.099  4.493 0.4000000060
17849  -30.849  -50.056  4.783 0.3000000119
18579  -31.383  -49.383  5.100 0.3000000119
107340  -30.195  -49.103  4.461 0.4000000060
107149  -28.851  -48.240  4.495 0.4000000060
18577  -29.730  -49.592  4.444 0.4000000060
20120  -27.657  -47.274  4.612 0.5000000000
19326  -30.736  -48.476  4.533 0.3000000119
110999  -31.448  -48.592  4.745 0.4000000060
20124  -31.382  -47.680  4.606 0.4000000060
20121  -28.481  -47.474  4.632 0.4000000060
19325  -29.845  -48.357  4.489 0.5000000000
20123  -30.400  -47.743  4.593 0.4000000060
20919  -29.063  -46.927  4.977 0.5000000000
20122  -29.449  -47.632  4.649 0.5000000000
20920  -29.998  -47.099  4.926 0.5000000000
20910  -30.612  -46.592  5.090 0.4000000060
106495  -30.846  -47.155  4.689 0.4000000060
20921  -31.630  -46.665  4.710 0.4000000060
108841  -32.251  -47.123  4.679 0.3000000119
20918  -28.127  -46.722  4.852 0.5000000000
20908  -28.704  -46.207  5.336 0.5000000000
116395  -31.030  -44.996  6.625 0.4000000060
102292  -31.851  -44.914  6.252 0.3000000119
22558  -28.060  -44.503  5.868 0.5000000000
21737  -30.261  -46.050  5.798 0.4000000060
20911  -31.211  -46.022  5.340 0.4000000060
101406  -31.973  -45.718  5.166 0.4000000060
22560  -32.275  -45.171  5.616 0.3000000119
21735  -28.381  -45.408  5.618 0.5000000000
20909  -29.641  -46.462  5.378 0.5000000000
22540  -30.896  -44.251  7.262 0.4000000060
106930  -31.763  -44.367  6.811 0.4000000060
23334  -27.454  -43.651  5.727 0.5000000000
22549  -32.577  -44.528  6.171 0.3000000119
22559  -28.950  -45.026  6.223 0.5000000000
22548  -29.462  -44.553  6.802 0.5000000000
21726  -29.993  -45.345  6.480 0.5000000000
21736  -29.300  -45.786  5.859 0.5000000000
23316  -31.634  -43.643  7.411 0.4000000060
24020  -28.918  -42.745  7.288 0.5000000000
23317  -32.328  -43.007  7.509 0.3000000119
23326  -32.466  -43.764  6.884 0.3000000119
24034  -27.785  -42.920  6.187 0.5000000000
106145  -28.395  -43.091  6.691 0.5000000000
22547  -28.694  -44.311  6.444 0.5000000000
11664  -30.712  -59.506  7.948 0.6000000238
11693  -31.284  -59.292  6.559 0.5000000000
117186  -27.635  -59.768  10.509 0.6000000238
106110  -29.143  -59.065  5.027 0.6000000238
13645  -27.677  -56.974  7.160 0.6999999881
12320  -26.816  -58.245  5.394 0.6999999881
14357  -26.900  -55.647  4.712 0.5000000000
12344  -27.409  -58.008  4.117 0.6000000238
15632  -27.818  -53.891  6.621 0.5000000000
15653  -27.270  -53.937  5.936 0.5000000000
14348  -26.834  -55.596  5.213 0.4000000060
17087  -26.955  -51.230  4.903 0.4000000060
111178  -27.560  -52.533  4.665 0.5000000000
17072  -26.972  -51.483  5.576 0.4000000060
103539  -30.359  -49.840  4.534 0.4000000060
21747  -32.280  -46.094  4.740 0.3000000119
23323  -28.189  -43.705  6.304 0.5000000000
23324  -28.985  -43.704  7.019 0.5000000000
7940  -27.870  -65.439  9.240 0.5000000000
111762  -29.108  -65.887  9.102 0.5000000000
7941  -28.749  -65.324  9.544 0.5000000000
8589  -30.776  -64.964  8.502 0.5000000000
7960  -30.232  -65.495  8.760 0.5000000000
8558  -28.624  -64.906  10.168 0.5000000000
98628  -30.110  -64.676  9.675 0.6000000238
8574  -29.317  -64.813  9.945 0.6000000238
7943  -30.338  -65.041  9.146 0.5000000000
7942  -29.670  -65.353  9.321 0.5000000000
9223  -31.923  -64.030  7.763 0.4000000060
7906  -27.201  -65.144  12.303 0.6999999881
8540  -27.921  -64.791  11.926 0.6999999881
106593  -29.004  -64.552  10.699 0.6999999881
8559  -29.868  -64.228  10.456 0.5000000000
8576  -31.396  -64.167  8.620 0.5000000000
114896  -31.117  -63.888  9.387 0.5000000000
8560  -30.573  -64.013  9.876 0.5000000000
9854  -32.608  -62.823  8.422 0.5000000000
102875  -32.016  -63.492  8.479 0.5000000000
7892  -25.746  -65.350  13.085 0.5000000000
101743  -25.938  -65.665  12.406 0.6999999881
8524  -27.010  -64.794  12.970 0.6999999881
8525  -27.651  -64.529  12.779 0.6999999881
8541  -28.674  -64.418  11.583 0.6000000238
9179  -30.504  -63.549  10.630 0.6999999881
9178  -29.979  -63.689  11.102 0.6000000238
9196  -31.634  -63.401  9.212 0.5000000000
9180  -31.211  -63.286  10.063 0.6000000238
99253  -33.217  -62.336  8.164 0.5000000000
8508  -25.380  -64.797  13.710 0.5000000000
8509  -26.364  -64.630  13.460 0.6999999881
8526  -28.381  -64.175  12.502 0.6999999881
9152  -28.710  -63.398  12.962 0.6999999881
9151  -27.968  -63.791  13.237 0.6999999881
8542  -29.409  -64.060  11.302 0.8000000119
9810  -30.059  -62.646  12.194 0.6999999881
9825  -31.519  -62.467  10.544 0.6000000238
9824  -30.970  -62.799  10.955 0.6999999881
9839  -31.958  -62.522  9.799 0.6999999881
117552  -32.961  -62.238  8.639 0.6000000238
9840  -32.665  -62.148  9.179 0.6000000238
111438  -33.881  -60.989  8.311 0.6000000238
9139  -24.818  -64.227  14.195 0.5000000000
9140  -25.811  -63.880  14.075 0.6000000238
9141  -26.427  -63.113  13.922 0.6000000238
117438  -26.657  -63.845  13.745 0.6000000238
8510  -27.209  -64.187  13.392 0.6999999881
9800  -28.869  -62.442  13.196 0.6999999881
9143  -28.148  -62.893  13.433 0.6000000238
9153  -29.418  -63.013  12.603 0.6999999881
9801  -29.601  -62.049  12.831 0.6999999881
9164  -30.369  -63.097  11.431 0.6999999881
10431  -32.434  -61.640  9.894 0.6999999881
10438  -33.299  -61.609  8.719 0.6999999881
10432  -32.894  -61.210  9.474 0.6999999881
9126  -24.930  -63.227  14.352 0.5000000000
9793  -26.864  -62.394  13.693 0.6000000238
9794  -27.572  -62.434  13.561 0.6000000238
9802  -30.182  -61.830  12.411 0.8000000119
107349  -30.187  -60.484  12.160 0.5000000000
102256  -28.815  -61.342  13.107 0.6000000238
10407  -31.450  -60.993  11.331 0.6999999881
11039  -31.079  -60.076  11.242 0.6999999881
10422  -32.424  -60.865  10.138 0.6999999881
11049  -32.147  -60.065  10.062 0.6999999881
11058  -33.699  -60.311  8.355 0.5000000000
10433  -33.339  -60.736  8.939 0.6999999881
11667  -33.430  -59.707  8.124 0.5000000000
9125  -24.026  -63.739  14.506 0.5000000000
9782  -25.214  -62.351  14.132 0.5000000000
102064  -25.796  -61.339  13.357 0.6000000238
108702  -25.707  -62.966  14.144 0.6000000238
106288  -26.485  -61.706  13.510 0.6000000238
10393  -26.484  -61.044  13.020 0.6000000238
10381  -27.233  -61.687  13.438 0.6000000238
108805  -26.672  -60.545  12.407 0.6000000238
11636  -30.267  -59.591  10.768 0.6000000238
11621  -29.390  -59.673  11.376 0.5000000000
11012  -27.375  -60.197  12.027 0.5000000000
11637  -31.316  -59.751  10.451 0.6000000238
11650  -30.611  -59.411  9.796 0.6000000238
11652  -32.396  -59.751  9.259 0.6000000238
11651  -31.556  -59.572  9.609 0.6000000238
103303  -32.165  -59.211  7.239 0.5000000000
9781  -24.550  -62.361  14.375 0.5000000000
10380  -25.254  -61.601  13.758 0.6000000238
11026  -28.499  -59.838  11.795 0.5000000000
11025  -27.339  -59.928  11.017 0.5000000000
99954  -29.698  -59.406  9.885 0.4000000060
11635  -29.105  -59.473  10.474 0.5000000000
11665  -31.651  -59.420  8.628 0.6000000238
98632  -23.865  -62.214  14.712 0.5000000000
10379  -24.738  -61.199  13.954 0.6000000238
10998  -25.207  -60.814  13.346 0.6000000238
10999  -25.703  -60.756  12.875 0.6000000238
11663  -29.675  -59.476  8.712 0.5000000000
11649  -28.656  -59.519  9.504 0.4000000060
9768  -23.090  -62.169  15.216 0.5000000000
10372  -24.297  -61.612  14.427 0.5000000000
10997  -24.741  -60.593  13.854 0.6000000238
11010  -25.534  -60.253  12.604 0.6000000238
117687  -22.580  -61.879  15.549 0.5000000000
10371  -23.646  -61.339  15.004 0.5000000000
10990  -24.224  -60.789  14.487 0.6000000238
10364  -22.857  -61.379  15.556 0.5000000000
115935  -23.792  -60.708  15.026 0.5000000000
11589  -24.579  -59.960  14.345 0.5000000000
11590  -25.240  -59.310  13.888 0.6000000238
11602  -25.387  -59.654  12.899 0.6000000238
10982  -23.269  -60.543  15.503 0.5000000000
10983  -23.966  -60.187  15.086 0.5000000000
11579  -22.676  -59.874  16.066 0.5000000000
111915  -25.593  -59.003  13.271 0.5000000000
11580  -23.483  -59.633  15.671 0.5000000000
99428  -24.888  -59.090  14.845 0.5000000000
11565  -22.106  -59.260  16.406 0.5000000000
12236  -23.820  -58.814  15.847 0.5000000000
99131  -25.798  -58.522  13.980 0.4000000060
12225  -23.302  -58.200  16.269 0.5000000000
115681  -24.516  -58.714  15.475 0.5000000000
12238  -25.785  -58.015  14.810 0.4000000060
12245  -25.393  -58.652  14.584 0.4000000060
114021  -24.417  -57.910  16.007 0.4000000060
12865  -25.486  -57.473  15.629 0.4000000060
12866  -26.187  -57.313  15.064 0.4000000060
11681  -32.994  -59.219  7.509 0.4000000060
12246  -26.381  -57.689  14.109 0.4000000060
13573  -26.863  -57.027  13.851 0.4000000060
9162  -29.086  -63.793  12.149 0.6999999881
10406  -31.024  -61.425  11.724 0.6999999881
10421  -31.931  -61.563  10.592 0.6999999881
9812  -31.346  -61.949  11.219 0.6999999881
11027  -29.497  -60.079  12.139 0.6000000238
10382  -28.104  -61.906  13.415 0.6000000238
11050  -32.760  -60.436  9.509 0.6999999881
11028  -30.811  -60.637  11.801 0.6999999881
11040  -31.814  -60.474  10.731 0.6999999881
11666  -32.562  -59.435  8.237 0.6000000238
11057  -33.149  -60.011  8.870 0.6000000238
7905  -26.496  -65.274  12.720 0.6999999881
7928  -28.046  -65.190  9.979 0.5000000000
8575  -30.731  -64.468  9.206 0.5000000000
9142  -27.309  -63.267  13.627 0.6000000238
9163  -29.744  -63.423  11.806 0.8000000119
9792  -25.973  -62.201  13.821 0.6000000238
9811  -30.705  -62.193  11.787 0.6999999881
9853  -32.184  -62.918  9.022 0.5000000000
10373  -24.799  -61.823  14.113 0.6000000238
10394  -29.701  -60.953  12.649 0.6000000238
10395  -30.508  -61.241  12.187 0.8000000119
11013  -28.648  -60.433  12.557 0.6000000238
11566  -22.958  -59.033  16.178 0.5000000000
11581  -24.245  -59.425  15.265 0.5000000000
11601  -25.029  -60.157  13.373 0.6000000238
11622  -30.257  -59.961  11.670 0.6000000238
11648  -27.393  -59.740  9.250 0.6000000238
11662  -28.092  -59.689  8.503 0.6000000238
11705  -28.282  -59.976  4.966 0.6000000238
11712  -27.776  -59.371  4.545 0.6000000238
12237  -25.139  -58.337  15.297 0.4000000060
12256  -25.958  -59.046  12.011 0.6000000238
12264  -26.206  -59.326  11.166 0.6999999881
12323  -30.218  -59.589  5.776 0.6000000238
12334  -27.152  -59.022  4.605 0.6000000238
12350  -27.032  -57.516  3.981 0.6000000238
12915  -26.863  -57.941  11.765 0.6000000238
12948  -28.135  -57.333  8.875 0.5000000000
13556  -26.677  -56.857  14.575 0.4000000060
13622  -28.294  -56.788  10.228 0.5000000000
13639  -28.489  -56.486  8.617 0.6000000238
13695  -27.875  -56.334  4.201 0.5000000000
13700  -27.007  -56.846  4.052 0.6000000238
14324  -26.858  -56.244  5.488 0.4000000060
14361  -27.133  -55.967  4.365 0.5000000000
14974  -28.094  -54.559  7.031 0.5000000000
15000  -29.995  -54.147  6.594 0.3000000119
15021  -27.092  -54.729  4.885 0.4000000060
15666  -27.112  -53.240  5.174 0.4000000060
15668  -29.872  -53.032  5.597 0.4000000060
15674  -28.382  -53.994  4.564 0.5000000000
15676  -29.542  -53.096  4.965 0.5000000000
16361  -27.373  -53.118  4.805 0.5000000000
17848  -30.363  -50.471  4.649 0.4000000060
18578  -30.890  -49.278  4.606 0.3000000119
21727  -30.806  -45.633  6.120 0.4000000060
98591  -27.117  -52.217  4.924 0.4000000060
99359  -32.395  -63.463  7.858 0.4000000060
106261  -29.318  -48.984  4.450 0.4000000060
109116  -27.135  -55.210  4.666 0.5000000000
110332  -29.654  -66.017  8.738 0.5000000000
111460  -31.534  -45.438  5.891 0.3000000119
113589  -26.862  -58.529  4.742 0.6000000238
114760  -29.790  -59.981  5.664 0.6000000238
115337  -31.777  -46.119  4.892 0.4000000060
116224  -27.419  -56.420  4.128 0.5000000000
116565  -27.026  -50.136  4.663 0.4000000060
116789  -27.671  -60.907  13.013 0.6000000238
117441  -27.516  -55.800  6.537 0.6000000238
