#!ascii label  , from subject sub-v1s11x0050158_ses-1 vox2ras=TkReg
852
49188  21.963  -14.194  71.158 0.0000000000
47513  9.964  -15.650  63.984 0.0000000000
49127  16.511  -14.051  76.972 0.0000000000
51918  16.227  -10.271  70.720 0.0000000000
53776  11.199  -8.365  63.852 0.0000000000
50037  20.608  -12.773  76.038 0.0000000000
115078  18.646  -9.395  74.538 0.0000000000
46594  24.656  -17.131  70.022 0.0000000000
44697  22.038  -17.384  74.090 0.0000000000
44677  18.350  -16.975  76.455 0.0000000000
55600  11.321  -6.174  72.205 0.0000000000
52862  13.938  -8.952  67.104 0.0000000000
109420  10.496  -5.396  67.770 0.0000000000
48287  11.928  -14.760  75.486 0.0000000000
115701  13.336  -14.166  71.150 0.0000000000
50055  16.462  -13.447  73.670 0.0000000000
53685  15.479  -7.428  74.328 0.0000000000
49241  14.564  -14.022  66.368 0.0000000000
50139  14.556  -12.513  61.623 0.0000000000
51030  10.414  -11.374  57.904 0.0000000000
55691  11.324  -7.195  61.076 0.0000000000
49154  21.941  -13.446  73.409 0.0000000000
50929  20.469  -11.138  72.950 0.0000000000
47465  23.582  -15.971  70.335 0.0000000000
45657  23.555  -17.308  71.667 0.0000000000
47448  23.055  -15.373  73.242 0.0000000000
47442  22.276  -15.162  75.429 0.0000000000
55610  10.518  -6.139  70.059 0.0000000000
48280  14.105  -14.402  76.569 0.0000000000
49150  13.836  -14.350  75.073 0.0000000000
49148  16.771  -13.538  75.348 0.0000000000
54635  18.224  -7.565  73.415 0.0000000000
53683  17.551  -7.988  74.462 0.0000000000
112706  17.368  -15.469  77.604 0.0000000000
45638  15.898  -16.841  77.038 0.0000000000
47432  14.441  -15.579  77.499 0.0000000000
47435  11.941  -15.786  76.614 0.0000000000
49190  15.842  -13.121  70.407 0.0000000000
117424  14.202  -13.862  69.223 0.0000000000
113481  16.187  -11.462  68.513 0.0000000000
119728  12.302  -8.549  65.440 0.0000000000
51981  14.953  -10.286  64.600 0.0000000000
52011  13.019  -9.994  62.271 0.0000000000
50151  12.821  -12.709  59.190 0.0000000000
52024  11.140  -9.630  60.772 0.0000000000
49124  18.620  -13.479  76.794 0.0000000000
50044  18.393  -12.193  75.422 0.0000000000
51872  19.783  -10.987  74.980 0.0000000000
52802  19.302  -9.188  73.033 0.0000000000
43710  25.450  -19.390  69.291 0.0000000000
104054  23.444  -19.622  69.288 0.0000000000
101238  23.973  -18.486  70.410 0.0000000000
43684  22.211  -17.651  72.361 0.0000000000
45646  20.088  -17.069  75.808 0.0000000000
47423  19.625  -15.206  77.140 0.0000000000
53706  13.466  -7.779  71.867 0.0000000000
52836  14.919  -9.103  69.227 0.0000000000
53726  12.417  -7.794  69.677 0.0000000000
54671  11.280  -7.516  67.977 0.0000000000
112422  10.497  -6.851  66.020 0.0000000000
48333  21.674  -14.513  68.412 0.0000000000
41829  26.609  -21.638  68.202 0.0000000000
43745  28.292  -19.733  66.761 0.0000000000
45697  25.799  -17.461  67.690 0.0000000000
47484  24.061  -16.118  68.192 0.0000000000
47447  10.320  -15.726  74.446 0.0000000000
48303  10.111  -14.557  72.299 0.0000000000
102798  11.728  -14.425  73.192 0.0000000000
49168  14.830  -14.077  72.173 0.0000000000
50937  16.725  -11.150  71.971 0.0000000000
113608  17.764  -10.976  74.244 0.0000000000
52795  16.854  -9.438  73.819 0.0000000000
53697  15.131  -8.506  72.474 0.0000000000
54632  13.056  -6.705  73.492 0.0000000000
49208  10.690  -14.252  69.916 0.0000000000
119750  11.044  -14.148  67.619 0.0000000000
48369  12.157  -14.627  64.663 0.0000000000
114994  15.750  -11.365  66.338 0.0000000000
49265  14.678  -13.782  64.387 0.0000000000
48395  12.432  -14.769  62.345 0.0000000000
48410  11.772  -15.125  60.171 0.0000000000
48431  10.298  -14.305  57.399 0.0000000000
57470  10.766  -4.678  65.360 0.0000000000
55651  10.297  -5.944  64.108 0.0000000000
57494  10.493  -4.284  62.535 0.0000000000
54725  10.669  -7.868  61.909 0.0000000000
53823  10.466  -9.037  59.599 0.0000000000
49166  21.682  -13.321  72.503 0.0000000000
50063  21.238  -12.573  72.498 0.0000000000
108452  21.025  -13.028  70.972 0.0000000000
48320  22.460  -14.888  70.716 0.0000000000
48301  22.925  -15.270  71.987 0.0000000000
48302  22.516  -14.560  72.432 0.0000000000
48294  22.448  -14.244  73.157 0.0000000000
46649  9.531  -16.967  62.937 0.0000000000
120491  9.866  -16.056  62.406 0.0000000000
49128  15.715  -14.237  76.938 0.0000000000
49136  14.912  -14.315  76.492 0.0000000000
49135  16.113  -14.060  76.666 0.0000000000
42772  24.090  -20.871  67.743 0.0000000000
48266  17.087  -14.534  77.305 0.0000000000
119178  16.517  -15.428  77.697 0.0000000000
48268  15.639  -14.595  77.334 0.0000000000
106140  13.846  -14.585  76.875 0.0000000000
50944  16.434  -11.271  70.291 0.0000000000
49203  15.688  -13.145  69.661 0.0000000000
50951  16.320  -11.410  69.441 0.0000000000
119746  11.718  -8.693  64.115 0.0000000000
52901  13.423  -9.478  63.988 0.0000000000
119432  12.248  -9.342  62.742 0.0000000000
52022  12.810  -10.297  61.481 0.0000000000
52915  11.638  -9.366  62.043 0.0000000000
49132  19.373  -12.922  76.525 0.0000000000
117959  19.414  -12.506  76.252 0.0000000000
50043  20.336  -12.386  75.790 0.0000000000
51894  19.984  -10.411  72.707 0.0000000000
53703  18.787  -8.796  71.668 0.0000000000
45677  25.162  -17.745  69.549 0.0000000000
43699  24.461  -18.638  69.967 0.0000000000
44736  24.531  -18.132  70.084 0.0000000000
44707  22.889  -17.363  73.010 0.0000000000
44728  22.999  -17.672  71.793 0.0000000000
44719  22.220  -17.556  72.824 0.0000000000
44686  21.122  -17.254  74.906 0.0000000000
49129  21.321  -13.628  75.967 0.0000000000
116428  21.078  -14.921  76.503 0.0000000000
49123  20.093  -13.657  76.686 0.0000000000
114755  18.957  -14.012  76.994 0.0000000000
54645  12.221  -7.110  72.150 0.0000000000
53715  12.351  -7.522  70.668 0.0000000000
54653  11.506  -7.077  70.870 0.0000000000
56586  10.457  -5.357  68.700 0.0000000000
121299  10.612  -6.549  68.582 0.0000000000
55625  10.556  -6.659  67.808 0.0000000000
54691  10.823  -7.276  66.531 0.0000000000
55642  10.389  -6.161  66.354 0.0000000000
109373  26.174  -18.095  67.969 0.0000000000
48284  11.239  -15.286  75.247 0.0000000000
48296  10.665  -14.908  73.744 0.0000000000
49153  11.746  -14.654  74.711 0.0000000000
49156  15.337  -14.143  73.848 0.0000000000
102034  14.124  -14.325  74.157 0.0000000000
49167  15.738  -13.784  72.790 0.0000000000
50065  16.258  -13.138  72.233 0.0000000000
109176  16.977  -12.337  73.163 0.0000000000
50913  18.622  -11.108  75.044 0.0000000000
50914  18.194  -11.295  74.713 0.0000000000
51876  18.344  -10.449  74.741 0.0000000000
115664  16.601  -7.828  74.423 0.0000000000
52792  16.691  -8.640  74.214 0.0000000000
53684  15.812  -8.141  74.093 0.0000000000
52804  15.885  -8.942  72.797 0.0000000000
53690  14.764  -7.659  73.838 0.0000000000
53691  14.012  -7.460  73.317 0.0000000000
54627  14.115  -6.736  74.386 0.0000000000
43713  22.755  -19.143  69.187 0.0000000000
43724  22.580  -19.105  68.222 0.0000000000
102877  18.249  -17.369  75.611 0.0000000000
44712  17.478  -17.550  74.730 0.0000000000
44691  17.521  -17.347  75.813 0.0000000000
45639  14.872  -16.934  77.142 0.0000000000
44693  15.413  -17.401  76.083 0.0000000000
47439  11.607  -15.603  76.186 0.0000000000
47440  11.373  -15.542  75.777 0.0000000000
49182  11.503  -14.281  71.651 0.0000000000
49195  10.854  -14.332  70.936 0.0000000000
118532  11.651  -14.243  70.816 0.0000000000
49228  14.540  -13.823  67.820 0.0000000000
49217  12.608  -14.205  68.193 0.0000000000
49242  13.559  -14.297  66.745 0.0000000000
48347  12.037  -14.496  66.081 0.0000000000
49255  13.083  -14.419  66.034 0.0000000000
106569  13.997  -8.911  68.082 0.0000000000
52860  15.491  -9.955  68.064 0.0000000000
105238  14.749  -9.557  66.681 0.0000000000
50998  14.877  -11.620  62.609 0.0000000000
50112  15.434  -12.086  64.186 0.0000000000
102127  14.759  -13.260  62.864 0.0000000000
48381  13.367  -14.425  63.734 0.0000000000
48402  13.444  -14.301  61.872 0.0000000000
48404  11.769  -15.173  61.170 0.0000000000
49297  13.373  -14.164  60.920 0.0000000000
50152  12.035  -12.184  58.670 0.0000000000
49314  12.195  -13.228  58.582 0.0000000000
50157  10.603  -12.225  57.582 0.0000000000
58331  11.525  -3.432  64.632 0.0000000000
56612  10.429  -5.045  64.685 0.0000000000
57476  10.427  -4.644  63.896 0.0000000000
56638  11.534  -5.390  61.504 0.0000000000
56639  10.894  -5.491  61.958 0.0000000000
104402  10.712  -6.138  62.254 0.0000000000
108160  10.987  -6.888  61.734 0.0000000000
52930  10.646  -8.752  60.655 0.0000000000
54740  10.857  -7.877  60.597 0.0000000000
50041  21.504  -13.162  75.138 0.0000000000
50921  20.926  -11.926  74.330 0.0000000000
50928  21.032  -11.986  73.299 0.0000000000
112708  24.092  -16.539  70.351 0.0000000000
46587  23.994  -17.047  71.113 0.0000000000
47464  23.891  -16.496  71.022 0.0000000000
47451  23.376  -16.102  72.668 0.0000000000
46577  23.126  -16.359  73.807 0.0000000000
46575  22.633  -16.538  74.819 0.0000000000
48285  22.592  -15.021  74.575 0.0000000000
49147  22.056  -13.773  74.706 0.0000000000
57429  10.778  -4.546  71.745 0.0000000000
55606  10.725  -6.047  70.977 0.0000000000
57430  10.608  -4.689  71.042 0.0000000000
57439  10.525  -4.557  69.236 0.0000000000
58310  10.993  -3.854  68.014 0.0000000000
48282  12.293  -14.746  75.739 0.0000000000
49145  12.438  -14.587  75.354 0.0000000000
49144  13.305  -14.512  75.559 0.0000000000
106615  14.933  -14.345  75.294 0.0000000000
49155  16.830  -13.350  74.507 0.0000000000
117649  18.413  -8.214  74.225 0.0000000000
52790  17.923  -8.810  74.555 0.0000000000
53682  18.072  -7.869  74.280 0.0000000000
55581  16.968  -6.827  74.393 0.0000000000
55582  16.352  -6.267  74.381 0.0000000000
56547  14.996  -5.518  74.417 0.0000000000
45627  18.124  -16.441  77.086 0.0000000000
45636  17.839  -16.790  76.768 0.0000000000
45629  16.479  -16.378  77.366 0.0000000000
45630  15.536  -16.409  77.436 0.0000000000
121148  14.016  -16.868  77.314 0.0000000000
45640  13.174  -17.163  77.241 0.0000000000
47433  13.601  -15.160  77.208 0.0000000000
48277  12.960  -14.894  76.651 0.0000000000
102879  14.156  -13.993  70.751 0.0000000000
49192  13.283  -14.110  70.426 0.0000000000
49204  14.946  -13.643  69.422 0.0000000000
49215  15.534  -13.215  68.829 0.0000000000
49227  15.353  -13.329  67.964 0.0000000000
52872  13.278  -8.826  66.365 0.0000000000
52870  14.603  -9.678  65.875 0.0000000000
52892  13.677  -9.282  64.792 0.0000000000
51993  14.055  -10.084  63.427 0.0000000000
51004  14.222  -11.577  61.326 0.0000000000
50140  14.069  -12.496  60.822 0.0000000000
51005  13.410  -10.986  60.958 0.0000000000
51012  12.106  -10.903  59.920 0.0000000000
52043  11.292  -10.522  59.775 0.0000000000
119335  12.224  -6.528  60.666 0.0000000000
55701  11.102  -7.707  60.154 0.0000000000
55711  12.557  -7.138  59.210 0.0000000000
48273  17.395  -14.110  77.048 0.0000000000
49133  17.601  -13.502  76.755 0.0000000000
50036  18.269  -13.156  76.665 0.0000000000
50910  18.905  -11.811  75.508 0.0000000000
115246  19.282  -10.720  75.040 0.0000000000
50912  20.398  -11.369  74.725 0.0000000000
52788  19.669  -9.800  74.056 0.0000000000
52789  19.184  -9.346  74.295 0.0000000000
53696  18.623  -8.107  73.140 0.0000000000
42748  25.353  -19.942  69.216 0.0000000000
42760  24.470  -20.774  68.690 0.0000000000
42749  24.764  -20.171  69.270 0.0000000000
44727  23.492  -17.788  71.296 0.0000000000
43693  23.431  -18.200  70.938 0.0000000000
43695  22.222  -18.155  70.993 0.0000000000
44700  19.784  -17.326  75.158 0.0000000000
44675  19.499  -16.997  76.087 0.0000000000
45631  21.093  -16.624  75.798 0.0000000000
46565  20.042  -16.253  76.615 0.0000000000
45626  18.776  -16.418  76.955 0.0000000000
47425  18.578  -15.411  77.406 0.0000000000
113762  17.613  -14.461  77.213 0.0000000000
52827  14.988  -8.826  70.636 0.0000000000
113312  15.327  -9.367  69.802 0.0000000000
116993  14.148  -8.352  70.499 0.0000000000
53725  13.162  -8.141  69.336 0.0000000000
118768  12.865  -8.299  68.210 0.0000000000
109419  11.210  -7.084  69.985 0.0000000000
108693  11.872  -7.793  68.397 0.0000000000
53746  12.626  -8.318  67.008 0.0000000000
53747  11.859  -8.054  66.533 0.0000000000
53757  11.158  -7.841  65.212 0.0000000000
53766  10.918  -7.888  64.414 0.0000000000
49200  21.833  -14.368  70.271 0.0000000000
41815  25.936  -21.418  68.526 0.0000000000
43743  29.652  -20.106  67.192 0.0000000000
44810  29.373  -18.870  65.972 0.0000000000
43732  28.392  -20.625  67.334 0.0000000000
110296  27.400  -20.589  67.696 0.0000000000
42758  26.578  -20.362  68.336 0.0000000000
103175  26.159  -20.731  68.737 0.0000000000
44770  25.636  -18.217  69.106 0.0000000000
46600  25.031  -17.114  69.204 0.0000000000
46605  24.661  -16.585  68.524 0.0000000000
46601  24.438  -16.632  69.503 0.0000000000
47471  23.418  -15.837  69.554 0.0000000000
48326  22.746  -15.376  69.305 0.0000000000
49171  11.162  -14.397  72.536 0.0000000000
103097  11.952  -14.283  72.328 0.0000000000
49151  13.056  -14.411  74.485 0.0000000000
49157  13.355  -14.331  73.549 0.0000000000
49181  13.999  -14.142  71.611 0.0000000000
49179  15.706  -13.564  71.823 0.0000000000
50938  16.545  -11.910  71.550 0.0000000000
117840  16.550  -11.145  71.141 0.0000000000
50045  17.573  -12.961  75.680 0.0000000000
50049  17.431  -12.805  74.790 0.0000000000
103344  17.246  -12.600  73.986 0.0000000000
52791  17.453  -9.314  74.401 0.0000000000
51878  17.399  -10.245  74.021 0.0000000000
50923  17.383  -11.360  73.666 0.0000000000
51896  16.623  -10.324  72.555 0.0000000000
51897  16.214  -9.611  72.417 0.0000000000
52813  15.697  -9.214  72.021 0.0000000000
53698  14.307  -8.129  72.161 0.0000000000
53700  12.946  -7.340  72.378 0.0000000000
55594  12.452  -6.317  73.087 0.0000000000
56548  13.562  -5.399  74.309 0.0000000000
56554  12.921  -5.292  74.001 0.0000000000
108187  11.994  -4.740  72.886 0.0000000000
101191  16.789  -17.605  74.114 0.0000000000
44692  16.559  -17.320  75.938 0.0000000000
49206  12.475  -14.135  69.099 0.0000000000
49231  10.849  -14.093  68.126 0.0000000000
48384  10.778  -15.072  63.940 0.0000000000
51940  15.938  -10.507  68.474 0.0000000000
50963  16.026  -11.802  67.582 0.0000000000
50101  15.642  -12.846  66.406 0.0000000000
51980  15.351  -10.783  64.978 0.0000000000
50106  15.540  -12.533  64.983 0.0000000000
49253  14.578  -14.017  65.415 0.0000000000
48368  13.248  -14.476  64.588 0.0000000000
112921  12.604  -14.604  64.056 0.0000000000
116482  10.458  -15.439  63.315 0.0000000000
48405  10.751  -15.563  61.533 0.0000000000
49305  12.738  -13.669  59.275 0.0000000000
48422  11.261  -14.747  58.496 0.0000000000
57454  11.240  -4.044  67.016 0.0000000000
117394  11.541  -3.473  66.619 0.0000000000
57464  10.822  -4.756  66.350 0.0000000000
56602  10.465  -5.432  65.661 0.0000000000
55650  10.387  -6.447  64.584 0.0000000000
54706  10.558  -7.215  64.270 0.0000000000
56627  10.384  -4.968  63.175 0.0000000000
55672  10.423  -6.539  62.946 0.0000000000
53791  10.772  -8.168  62.462 0.0000000000
52929  10.877  -9.043  61.121 0.0000000000
52942  10.713  -9.408  60.312 0.0000000000
52045  10.492  -10.351  58.858 0.0000000000
52963  10.283  -9.917  58.344 0.0000000000
49177  21.991  -14.110  72.043 0.0000000000
49178  21.484  -13.412  71.587 0.0000000000
49189  21.412  -13.640  70.658 0.0000000000
48311  22.512  -14.762  71.594 0.0000000000
47529  9.541  -16.351  63.633 0.0000000000
47539  9.642  -16.461  62.696 0.0000000000
47528  9.908  -15.904  63.089 0.0000000000
41816  24.965  -21.357  68.296 0.0000000000
41831  24.520  -21.453  67.284 0.0000000000
48274  16.800  -14.200  77.129 0.0000000000
48267  16.467  -14.587  77.397 0.0000000000
48275  16.246  -14.290  77.175 0.0000000000
51929  16.085  -10.302  69.792 0.0000000000
104729  11.637  -8.844  63.376 0.0000000000
117369  11.453  -8.987  62.664 0.0000000000
49131  20.148  -13.089  76.428 0.0000000000
50038  19.938  -12.593  76.193 0.0000000000
45666  24.716  -17.762  70.046 0.0000000000
45653  22.573  -17.200  73.817 0.0000000000
44708  22.310  -17.464  73.281 0.0000000000
44709  21.898  -17.469  73.674 0.0000000000
44698  21.460  -17.390  74.330 0.0000000000
45650  21.792  -17.235  74.737 0.0000000000
49140  21.199  -13.125  75.749 0.0000000000
49130  20.731  -13.641  76.389 0.0000000000
112159  20.853  -13.162  76.157 0.0000000000
54639  11.989  -6.590  72.464 0.0000000000
54652  12.020  -7.206  71.483 0.0000000000
54646  11.627  -6.825  71.827 0.0000000000
114745  10.404  -6.053  68.204 0.0000000000
107747  10.399  -6.103  67.303 0.0000000000
48288  11.537  -14.854  75.032 0.0000000000
49146  11.949  -14.593  75.111 0.0000000000
112247  16.490  -13.034  72.805 0.0000000000
51874  18.646  -10.234  74.816 0.0000000000
54630  14.584  -7.199  74.280 0.0000000000
44690  18.665  -17.180  75.979 0.0000000000
112072  18.050  -17.184  76.192 0.0000000000
44681  13.994  -17.536  76.932 0.0000000000
104163  11.913  -15.019  75.934 0.0000000000
120213  11.636  -15.293  75.877 0.0000000000
48283  11.619  -15.101  75.589 0.0000000000
118790  12.146  -14.241  71.750 0.0000000000
101513  12.413  -14.216  71.112 0.0000000000
103555  14.346  -14.033  67.119 0.0000000000
49229  13.580  -14.161  67.644 0.0000000000
106572  13.957  -14.309  65.988 0.0000000000
52861  14.808  -9.408  67.586 0.0000000000
50133  14.898  -12.440  62.460 0.0000000000
117878  15.088  -12.050  62.931 0.0000000000
49289  14.605  -13.138  62.103 0.0000000000
49290  14.174  -13.801  62.391 0.0000000000
49295  14.119  -13.460  61.396 0.0000000000
51029  11.128  -11.725  58.266 0.0000000000
50156  11.395  -12.730  58.032 0.0000000000
59238  11.865  -2.787  64.235 0.0000000000
58342  11.129  -3.202  63.678 0.0000000000
58332  10.759  -3.938  63.962 0.0000000000
55690  11.879  -6.421  61.154 0.0000000000
55681  11.231  -6.253  61.661 0.0000000000
50046  21.764  -13.260  74.354 0.0000000000
50054  21.435  -12.642  73.926 0.0000000000
50071  20.970  -12.591  71.670 0.0000000000
121441  23.689  -16.097  70.862 0.0000000000
47452  23.225  -15.674  72.346 0.0000000000
47444  23.249  -15.969  73.385 0.0000000000
47445  22.960  -15.647  74.036 0.0000000000
120477  22.739  -14.988  73.921 0.0000000000
113361  22.286  -13.944  73.919 0.0000000000
113829  10.617  -3.818  69.690 0.0000000000
58300  10.736  -3.765  68.949 0.0000000000
49138  12.916  -14.651  75.858 0.0000000000
49137  13.781  -14.462  76.158 0.0000000000
49142  15.718  -14.143  75.897 0.0000000000
49149  15.934  -14.044  74.741 0.0000000000
53688  18.494  -8.009  73.924 0.0000000000
54628  17.991  -7.406  74.009 0.0000000000
54629  17.484  -6.855  74.049 0.0000000000
56546  15.838  -5.725  74.349 0.0000000000
46560  17.690  -15.997  77.520 0.0000000000
45628  17.346  -16.404  77.224 0.0000000000
112997  16.906  -15.833  77.637 0.0000000000
47429  15.357  -15.256  77.636 0.0000000000
46561  16.070  -15.766  77.746 0.0000000000
46562  15.197  -15.888  77.676 0.0000000000
46567  14.584  -16.346  77.505 0.0000000000
46568  13.487  -16.137  77.378 0.0000000000
48281  13.335  -14.610  76.350 0.0000000000
107169  12.547  -14.828  76.131 0.0000000000
120321  15.426  -13.496  70.735 0.0000000000
49191  15.059  -13.655  70.289 0.0000000000
50084  16.105  -12.414  69.096 0.0000000000
50091  15.909  -12.553  68.214 0.0000000000
52881  12.961  -8.798  65.360 0.0000000000
51994  13.205  -9.643  63.110 0.0000000000
52010  13.858  -10.374  62.598 0.0000000000
50999  14.414  -11.117  62.152 0.0000000000
52021  13.693  -10.668  61.752 0.0000000000
52023  11.866  -9.881  61.274 0.0000000000
52033  12.498  -10.579  60.698 0.0000000000
52034  11.580  -10.247  60.439 0.0000000000
56649  12.539  -5.803  60.828 0.0000000000
55699  12.435  -6.665  60.015 0.0000000000
49125  17.817  -13.697  76.848 0.0000000000
50906  19.726  -12.190  75.870 0.0000000000
50907  19.167  -12.240  75.984 0.0000000000
50909  19.408  -11.562  75.422 0.0000000000
50922  20.604  -11.148  73.907 0.0000000000
51884  20.137  -10.405  73.586 0.0000000000
52801  19.666  -9.766  73.303 0.0000000000
52794  19.288  -9.176  73.792 0.0000000000
53687  18.931  -8.611  73.528 0.0000000000
43711  24.878  -19.394  69.629 0.0000000000
105051  24.276  -18.979  69.958 0.0000000000
105029  23.924  -17.601  70.996 0.0000000000
43677  22.628  -17.629  72.163 0.0000000000
43683  23.198  -17.882  71.425 0.0000000000
101629  22.845  -17.869  71.624 0.0000000000
43694  22.898  -18.268  70.971 0.0000000000
100943  22.266  -17.862  71.699 0.0000000000
100938  20.860  -17.524  72.852 0.0000000000
44699  20.268  -17.310  75.015 0.0000000000
44688  19.904  -17.207  75.524 0.0000000000
44689  19.314  -17.178  75.759 0.0000000000
46572  22.329  -16.131  75.379 0.0000000000
46573  21.744  -16.470  75.622 0.0000000000
47436  21.864  -15.773  75.908 0.0000000000
47431  20.361  -15.412  76.783 0.0000000000
46564  20.792  -16.177  76.331 0.0000000000
46557  19.596  -15.797  77.040 0.0000000000
46566  19.357  -16.349  76.795 0.0000000000
46558  19.003  -15.937  77.206 0.0000000000
47424  19.131  -15.326  77.273 0.0000000000
120942  18.571  -14.126  77.052 0.0000000000
48271  18.558  -14.365  77.127 0.0000000000
48272  18.059  -14.083  77.035 0.0000000000
53705  14.235  -8.183  71.267 0.0000000000
105107  12.941  -7.952  70.108 0.0000000000
52849  13.311  -8.410  68.507 0.0000000000
53734  12.578  -7.998  68.743 0.0000000000
54654  10.926  -6.654  70.481 0.0000000000
54672  10.864  -7.051  68.385 0.0000000000
54661  11.377  -7.310  69.046 0.0000000000
53739  11.865  -7.924  67.486 0.0000000000
54681  11.325  -7.586  67.009 0.0000000000
53748  11.281  -7.724  66.081 0.0000000000
107844  10.807  -7.380  65.665 0.0000000000
120680  10.785  -7.475  64.950 0.0000000000
48327  21.775  -14.545  69.344 0.0000000000
49213  21.178  -13.898  68.869 0.0000000000
40929  26.640  -22.358  67.693 0.0000000000
40930  25.778  -22.338  67.315 0.0000000000
109515  26.062  -21.999  68.019 0.0000000000
44811  28.777  -18.617  65.630 0.0000000000
44794  28.829  -19.300  66.196 0.0000000000
43744  28.994  -20.034  66.829 0.0000000000
43734  26.986  -19.787  67.800 0.0000000000
43722  26.352  -19.411  68.468 0.0000000000
45687  25.824  -17.813  68.514 0.0000000000
44769  26.092  -18.555  68.532 0.0000000000
115417  25.446  -17.614  68.998 0.0000000000
46604  25.367  -17.193  68.453 0.0000000000
46610  24.374  -16.286  67.607 0.0000000000
47476  23.950  -16.123  68.948 0.0000000000
48331  22.732  -15.370  68.590 0.0000000000
120138  22.240  -15.023  69.338 0.0000000000
109645  22.299  -14.997  69.881 0.0000000000
46581  9.802  -15.821  73.653 0.0000000000
47450  10.044  -15.279  73.701 0.0000000000
49159  11.695  -14.613  74.070 0.0000000000
48295  10.987  -14.643  73.345 0.0000000000
115909  12.878  -14.475  75.087 0.0000000000
112863  14.528  -14.224  73.175 0.0000000000
49169  13.686  -14.240  72.558 0.0000000000
50064  16.656  -12.220  72.283 0.0000000000
50073  16.277  -12.768  71.608 0.0000000000
110917  17.946  -12.878  76.096 0.0000000000
50040  17.382  -13.382  76.472 0.0000000000
50048  17.977  -12.258  74.938 0.0000000000
50915  17.756  -11.894  74.340 0.0000000000
110143  17.294  -8.462  74.426 0.0000000000
51885  16.974  -10.337  73.350 0.0000000000
52814  15.020  -8.669  71.622 0.0000000000
54631  13.819  -7.139  73.905 0.0000000000
54637  13.340  -7.150  73.081 0.0000000000
54638  12.637  -6.871  72.767 0.0000000000
119989  14.168  -5.636  74.512 0.0000000000
42750  23.929  -20.160  69.021 0.0000000000
42761  23.648  -20.285  68.174 0.0000000000
42751  23.184  -19.730  68.621 0.0000000000
44703  16.930  -17.467  75.301 0.0000000000
45637  16.907  -16.772  76.923 0.0000000000
44678  17.335  -17.087  76.432 0.0000000000
44679  16.234  -17.103  76.556 0.0000000000
115987  10.622  -15.902  75.212 0.0000000000
48321  10.115  -14.460  70.432 0.0000000000
48328  9.949  -14.341  69.507 0.0000000000
49205  13.353  -14.043  69.560 0.0000000000
49193  12.266  -14.186  70.111 0.0000000000
100982  11.680  -14.245  67.824 0.0000000000
49218  11.582  -14.134  68.616 0.0000000000
115116  10.132  -14.151  68.233 0.0000000000
49244  10.304  -14.387  66.664 0.0000000000
48357  11.578  -14.564  65.362 0.0000000000
48348  10.985  -14.416  66.056 0.0000000000
48371  10.250  -15.110  64.710 0.0000000000
48370  11.132  -14.707  64.648 0.0000000000
52847  15.606  -9.829  68.978 0.0000000000
120055  15.502  -10.176  67.085 0.0000000000
51951  15.949  -10.800  67.771 0.0000000000
50970  15.880  -11.124  66.980 0.0000000000
112828  15.879  -11.998  66.730 0.0000000000
52879  14.484  -9.654  65.061 0.0000000000
51971  15.113  -10.180  65.382 0.0000000000
49264  15.281  -13.015  64.250 0.0000000000
49252  15.219  -13.350  65.101 0.0000000000
114999  14.109  -14.264  64.776 0.0000000000
48394  13.412  -14.376  62.842 0.0000000000
48382  12.492  -14.661  63.333 0.0000000000
48383  11.372  -15.051  63.070 0.0000000000
48397  10.476  -15.557  62.478 0.0000000000
48396  11.432  -15.157  62.075 0.0000000000
47562  11.156  -15.507  59.797 0.0000000000
50145  13.423  -12.349  59.971 0.0000000000
49300  13.275  -13.211  59.704 0.0000000000
49315  11.465  -13.823  58.135 0.0000000000
117062  10.879  -14.321  57.855 0.0000000000
48424  9.986  -15.153  57.565 0.0000000000
58317  11.651  -3.451  65.705 0.0000000000
57463  11.239  -4.126  66.002 0.0000000000
56619  10.308  -5.330  63.993 0.0000000000
112174  10.345  -5.734  64.736 0.0000000000
55660  10.356  -6.512  63.800 0.0000000000
57502  10.780  -4.604  61.964 0.0000000000
106436  10.598  -5.159  62.461 0.0000000000
101522  10.711  -7.100  62.176 0.0000000000
113302  10.577  -7.453  62.745 0.0000000000
53802  10.756  -8.473  61.549 0.0000000000
53812  10.538  -8.723  60.127 0.0000000000
52943  10.509  -9.251  59.889 0.0000000000
52036  10.561  -9.864  59.580 0.0000000000
52954  10.416  -9.764  59.103 0.0000000000
54750  10.930  -8.265  59.448 0.0000000000
109757  21.522  -12.764  73.136 0.0000000000
120557  21.339  -12.983  72.068 0.0000000000
50078  20.576  -12.308  70.726 0.0000000000
48310  23.119  -15.503  71.049 0.0000000000
48293  22.857  -14.934  72.814 0.0000000000
48289  22.647  -14.631  73.540 0.0000000000
49165  22.154  -13.948  72.738 0.0000000000
46660  9.517  -16.840  62.098 0.0000000000
107607  9.677  -16.427  61.947 0.0000000000
49141  16.780  -13.657  76.268 0.0000000000
47427  16.852  -15.089  77.609 0.0000000000
47428  16.167  -15.061  77.704 0.0000000000
107464  14.575  -14.840  77.307 0.0000000000
48276  14.789  -14.387  76.915 0.0000000000
109262  16.327  -12.271  70.839 0.0000000000
50079  16.231  -12.305  69.949 0.0000000000
52882  12.195  -8.661  64.783 0.0000000000
52893  12.947  -9.015  64.540 0.0000000000
52894  12.431  -9.117  63.823 0.0000000000
52012  12.283  -9.783  61.976 0.0000000000
52928  11.253  -9.353  61.461 0.0000000000
50035  18.902  -12.759  76.497 0.0000000000
50908  20.126  -11.834  75.371 0.0000000000
51895  19.579  -9.798  72.486 0.0000000000
52812  19.198  -9.297  72.184 0.0000000000
53695  18.924  -8.698  72.692 0.0000000000
43698  25.143  -18.556  69.616 0.0000000000
44737  24.053  -18.104  70.575 0.0000000000
45655  23.331  -17.139  72.628 0.0000000000
44717  23.114  -17.456  72.085 0.0000000000
44718  22.682  -17.544  72.464 0.0000000000
43664  20.826  -17.370  74.592 0.0000000000
44687  20.465  -17.229  75.190 0.0000000000
48278  21.813  -14.298  75.716 0.0000000000
47437  21.696  -14.992  76.116 0.0000000000
48279  21.233  -14.276  76.255 0.0000000000
48269  20.467  -14.362  76.708 0.0000000000
108340  19.865  -14.738  77.037 0.0000000000
48263  19.180  -14.633  77.182 0.0000000000
48270  19.637  -14.098  76.936 0.0000000000
113408  19.417  -13.473  76.751 0.0000000000
53707  12.666  -7.463  71.617 0.0000000000
109288  13.362  -7.846  70.849 0.0000000000
55617  10.476  -6.083  69.104 0.0000000000
54662  10.816  -6.744  69.403 0.0000000000
54682  10.839  -7.186  67.449 0.0000000000
55634  10.523  -6.750  66.917 0.0000000000
41828  27.286  -21.910  67.964 0.0000000000
44795  27.969  -18.964  66.037 0.0000000000
44781  26.635  -18.836  67.701 0.0000000000
45696  26.354  -18.023  67.174 0.0000000000
121556  23.613  -15.863  68.307 0.0000000000
47446  10.792  -15.456  74.856 0.0000000000
47449  10.521  -15.215  74.068 0.0000000000
48292  11.035  -15.109  74.519 0.0000000000
48291  11.296  -14.824  74.240 0.0000000000
114184  14.852  -14.318  74.635 0.0000000000
54624  16.995  -7.382  74.476 0.0000000000
52796  16.207  -8.768  73.572 0.0000000000
52803  16.481  -9.533  73.094 0.0000000000
53689  15.391  -8.290  73.320 0.0000000000
106136  14.562  -7.881  72.952 0.0000000000
55590  13.428  -6.612  74.105 0.0000000000
100333  18.332  -17.503  75.015 0.0000000000
44702  17.746  -17.473  75.299 0.0000000000
46570  11.451  -16.386  76.587 0.0000000000
47443  10.983  -15.789  75.537 0.0000000000
49183  10.669  -14.427  71.960 0.0000000000
48312  10.131  -14.512  71.414 0.0000000000
49194  11.351  -14.224  70.250 0.0000000000
100805  13.666  -14.014  68.596 0.0000000000
49230  12.586  -14.329  67.348 0.0000000000
117278  11.430  -14.315  66.973 0.0000000000
49243  12.552  -14.421  66.649 0.0000000000
48356  12.636  -14.526  65.353 0.0000000000
52848  14.862  -9.254  68.491 0.0000000000
51959  15.605  -10.733  66.458 0.0000000000
50987  15.159  -11.534  63.403 0.0000000000
50982  15.294  -11.114  64.294 0.0000000000
50119  15.158  -12.565  63.363 0.0000000000
49276  14.913  -13.372  63.635 0.0000000000
49277  14.261  -13.973  63.416 0.0000000000
115013  12.074  -14.967  61.766 0.0000000000
48403  12.661  -14.732  61.436 0.0000000000
48409  12.575  -14.660  60.553 0.0000000000
51019  12.594  -11.740  59.419 0.0000000000
49316  10.677  -13.350  57.482 0.0000000000
58324  11.169  -4.102  65.008 0.0000000000
103974  10.671  -4.515  64.558 0.0000000000
54734  10.836  -7.675  61.330 0.0000000000
110724  10.687  -8.225  61.184 0.0000000000
53811  10.682  -8.281  60.602 0.0000000000
113836  20.947  -12.681  75.571 0.0000000000
50047  21.159  -12.558  74.877 0.0000000000
45667  24.375  -17.307  70.448 0.0000000000
46595  24.268  -16.903  70.611 0.0000000000
46582  23.558  -16.756  72.145 0.0000000000
47459  23.443  -15.923  71.501 0.0000000000
47458  23.573  -16.374  71.787 0.0000000000
46580  23.370  -16.557  73.056 0.0000000000
45652  23.108  -16.964  73.509 0.0000000000
45648  22.824  -16.780  74.222 0.0000000000
45649  22.381  -17.082  74.546 0.0000000000
114814  22.919  -16.246  74.405 0.0000000000
47441  22.718  -15.791  74.824 0.0000000000
48290  22.460  -14.415  74.272 0.0000000000
48286  22.242  -14.328  75.025 0.0000000000
49139  21.717  -13.685  75.393 0.0000000000
56564  10.970  -5.356  72.103 0.0000000000
55601  10.859  -5.954  71.720 0.0000000000
56565  10.693  -5.355  71.411 0.0000000000
56572  10.515  -5.367  70.574 0.0000000000
58293  10.669  -3.506  70.339 0.0000000000
57434  10.511  -4.428  70.237 0.0000000000
56578  10.423  -5.368  69.652 0.0000000000
57445  10.640  -4.605  68.321 0.0000000000
49143  14.348  -14.380  75.840 0.0000000000
53681  18.758  -8.691  74.161 0.0000000000
102979  18.233  -8.440  74.400 0.0000000000
54623  17.521  -7.385  74.287 0.0000000000
54625  16.153  -6.976  74.514 0.0000000000
54626  15.037  -6.821  74.499 0.0000000000
55583  15.497  -6.267  74.521 0.0000000000
45635  18.540  -16.735  76.678 0.0000000000
47434  12.650  -15.529  76.940 0.0000000000
47438  12.182  -15.200  76.402 0.0000000000
102878  14.181  -13.905  69.936 0.0000000000
49216  14.760  -13.705  68.637 0.0000000000
49240  15.150  -13.544  66.989 0.0000000000
52871  14.076  -9.262  66.329 0.0000000000
52880  13.835  -9.258  65.635 0.0000000000
51982  14.277  -9.818  64.250 0.0000000000
51992  14.801  -10.556  63.782 0.0000000000
52009  14.625  -10.825  62.943 0.0000000000
51003  14.711  -11.833  61.971 0.0000000000
51010  13.713  -11.741  60.609 0.0000000000
51011  13.043  -11.345  60.199 0.0000000000
51020  11.535  -11.155  59.091 0.0000000000
51021  10.778  -10.982  58.621 0.0000000000
55700  11.758  -7.024  60.423 0.0000000000
119602  9.434  -15.955  64.338 0.0000000000
49126  17.159  -13.878  76.924 0.0000000000
49134  16.934  -13.768  76.784 0.0000000000
50039  18.660  -12.541  76.129 0.0000000000
103346  18.960  -10.902  75.162 0.0000000000
119474  18.973  -10.214  74.883 0.0000000000
50042  20.634  -12.307  75.386 0.0000000000
51875  20.089  -10.533  74.385 0.0000000000
51873  19.356  -10.098  74.621 0.0000000000
42759  25.468  -20.747  68.984 0.0000000000
43712  24.070  -19.509  69.623 0.0000000000
103769  23.248  -19.145  69.776 0.0000000000
43701  22.830  -18.623  70.336 0.0000000000
45659  24.277  -17.644  70.497 0.0000000000
43692  23.661  -18.121  70.905 0.0000000000
43702  22.159  -18.385  70.293 0.0000000000
43685  21.605  -17.627  72.392 0.0000000000
43666  19.740  -17.447  74.654 0.0000000000
44701  19.028  -17.374  75.274 0.0000000000
44676  18.922  -16.959  76.300 0.0000000000
45643  22.133  -16.844  75.136 0.0000000000
45644  21.460  -16.985  75.284 0.0000000000
45645  20.749  -17.041  75.484 0.0000000000
47430  21.249  -15.582  76.320 0.0000000000
45632  20.396  -16.711  76.076 0.0000000000
45633  19.710  -16.723  76.333 0.0000000000
45634  19.118  -16.716  76.532 0.0000000000
46559  18.385  -16.003  77.373 0.0000000000
47426  17.957  -15.447  77.543 0.0000000000
48264  18.709  -14.882  77.310 0.0000000000
48265  18.133  -14.771  77.342 0.0000000000
113502  17.489  -14.943  77.464 0.0000000000
120842  15.715  -9.593  70.403 0.0000000000
52828  14.499  -8.771  69.852 0.0000000000
53714  13.653  -8.328  69.952 0.0000000000
52837  14.091  -8.626  69.044 0.0000000000
52850  13.190  -8.538  67.702 0.0000000000
55605  11.115  -6.500  71.402 0.0000000000
53716  11.738  -7.444  69.933 0.0000000000
53735  11.983  -7.637  69.164 0.0000000000
117790  12.451  -8.195  67.932 0.0000000000
119153  13.270  -8.620  67.042 0.0000000000
53755  12.410  -8.512  66.055 0.0000000000
53756  11.769  -8.258  65.542 0.0000000000
53765  11.449  -8.296  64.651 0.0000000000
49201  21.290  -13.791  69.771 0.0000000000
44793  29.518  -19.410  66.555 0.0000000000
42771  27.929  -21.435  67.694 0.0000000000
41813  27.012  -21.155  68.047 0.0000000000
43733  27.700  -20.073  67.313 0.0000000000
41814  26.509  -21.042  68.464 0.0000000000
43723  25.934  -19.940  68.912 0.0000000000
43709  25.801  -19.022  69.050 0.0000000000
120819  25.520  -17.139  67.170 0.0000000000
46609  25.116  -16.826  67.580 0.0000000000
47470  23.924  -16.248  69.756 0.0000000000
47477  23.267  -15.706  68.791 0.0000000000
48319  22.944  -15.472  70.164 0.0000000000
103914  10.253  -14.648  73.030 0.0000000000
49172  10.556  -14.536  72.659 0.0000000000
100976  12.862  -14.235  71.912 0.0000000000
49152  12.227  -14.500  74.762 0.0000000000
49158  12.379  -14.432  73.881 0.0000000000
49170  12.614  -14.302  72.911 0.0000000000
49180  15.028  -13.826  71.191 0.0000000000
115770  15.829  -13.269  71.075 0.0000000000
112121  18.182  -9.674  74.616 0.0000000000
51877  17.888  -10.267  74.520 0.0000000000
50930  16.963  -11.264  72.803 0.0000000000
51907  16.330  -10.128  71.688 0.0000000000
52826  15.726  -9.390  71.163 0.0000000000
53699  13.739  -7.594  72.631 0.0000000000
55595  11.904  -6.039  72.723 0.0000000000
55584  14.548  -6.207  74.574 0.0000000000
55585  13.631  -6.094  74.407 0.0000000000
55586  13.199  -5.725  74.208 0.0000000000
55591  12.892  -6.069  73.925 0.0000000000
56558  12.322  -5.492  73.248 0.0000000000
56559  11.601  -5.405  72.598 0.0000000000
57426  11.309  -4.427  72.386 0.0000000000
50077  20.864  -13.092  70.193 0.0000000000
42773  23.466  -20.140  67.247 0.0000000000
42762  23.017  -19.636  67.719 0.0000000000
44704  15.673  -17.579  75.330 0.0000000000
49207  11.443  -14.146  69.491 0.0000000000
49219  10.558  -14.126  68.930 0.0000000000
49233  9.526  -14.265  67.883 0.0000000000
115748  16.121  -10.669  69.037 0.0000000000
50096  15.715  -12.722  67.311 0.0000000000
51960  15.234  -10.182  66.190 0.0000000000
51970  15.552  -10.945  65.719 0.0000000000
50981  15.563  -11.581  64.978 0.0000000000
112333  15.770  -12.040  65.809 0.0000000000
113180  15.550  -12.908  65.646 0.0000000000
106768  15.218  -13.524  65.981 0.0000000000
49254  13.653  -14.396  65.361 0.0000000000
115647  14.005  -14.263  64.172 0.0000000000
104299  11.729  -14.772  63.949 0.0000000000
47538  10.033  -15.986  61.777 0.0000000000
49296  13.676  -13.305  60.417 0.0000000000
49301  13.154  -14.001  60.013 0.0000000000
48414  12.366  -14.495  59.674 0.0000000000
49306  12.042  -14.248  58.815 0.0000000000
48415  11.604  -14.994  59.300 0.0000000000
47572  10.816  -15.571  59.026 0.0000000000
57455  10.786  -4.702  67.370 0.0000000000
56596  10.544  -5.442  66.790 0.0000000000
109637  10.380  -6.278  65.422 0.0000000000
54700  10.522  -6.974  65.163 0.0000000000
53777  10.752  -7.841  63.469 0.0000000000
55661  10.326  -5.803  63.465 0.0000000000
55673  10.430  -5.688  62.846 0.0000000000
54714  10.454  -7.137  63.447 0.0000000000
52902  11.105  -8.497  62.991 0.0000000000
52916  11.030  -8.845  62.059 0.0000000000
52035  10.865  -10.018  60.068 0.0000000000
52044  10.780  -10.425  59.335 0.0000000000
53822  10.632  -8.378  59.990 0.0000000000
52049  10.326  -10.491  58.332 0.0000000000
46563  21.394  -16.167  76.041 0.0000000000
50911  20.668  -11.989  75.013 0.0000000000
105215  22.220  -15.025  68.821 0.0000000000
121363  17.945  -17.001  76.516 0.0000000000
