#!ascii label  , from subject sub-v1s11x0050158_ses-1 vox2ras=TkReg
1452
20336  26.574  -47.433  8.962 0.8999999762
105979  26.698  -48.013  8.350 0.8000000119
20380  27.136  -47.890  7.542 0.8000000119
106517  26.757  -49.199  7.024 0.6999999881
104810  26.981  -48.947  6.083 0.8000000119
20337  25.912  -47.599  9.573 0.8999999762
20365  27.057  -47.350  8.187 1.0000000000
20364  27.422  -47.155  7.404 1.0000000000
20379  27.409  -47.655  6.691 0.8999999762
19665  27.120  -48.430  6.839 0.8000000119
19678  27.039  -48.573  5.079 0.8000000119
19664  27.298  -48.140  5.961 0.8999999762
19692  26.561  -48.547  4.155 0.6999999881
104043  25.385  -46.981  10.082 0.8000000119
120396  26.299  -46.704  9.597 0.8999999762
100494  26.294  -45.768  9.903 0.8999999762
21154  25.559  -46.173  10.205 0.8999999762
22017  23.798  -45.994  10.132 0.8999999762
21171  27.375  -46.141  8.326 0.8999999762
21186  27.599  -46.384  7.445 1.0000000000
20391  27.499  -47.435  5.939 0.8999999762
22084  27.835  -45.965  5.620 1.0000000000
21218  27.570  -46.876  5.409 0.8999999762
21232  27.249  -47.039  4.561 0.8999999762
20410  26.924  -47.802  4.380 0.8000000119
19693  25.969  -48.481  3.467 0.6999999881
22014  26.915  -45.186  9.623 0.8999999762
22015  25.646  -45.471  10.284 0.8999999762
22016  24.721  -45.539  10.355 0.8999999762
105283  23.844  -45.214  10.052 0.8999999762
108575  26.949  -46.002  9.219 0.8999999762
22066  27.899  -45.835  6.738 1.0000000000
118137  27.073  -46.439  4.098 0.8000000119
21233  26.636  -47.022  3.768 0.8000000119
109397  25.934  -47.238  3.326 0.8000000119
22106  25.175  -46.091  2.746 0.8000000119
21253  24.513  -46.493  2.465 0.8000000119
117572  23.912  -46.131  2.187 0.8000000119
22889  25.324  -44.820  10.414 0.8999999762
22891  23.595  -44.555  9.454 0.8999999762
22904  23.056  -44.517  8.223 0.8999999762
102474  26.930  -44.306  10.023 0.8999999762
23727  23.989  -43.887  9.822 0.8999999762
23728  23.481  -43.766  8.771 0.8000000119
22049  22.556  -44.935  7.295 0.8000000119
22030  27.511  -45.305  8.731 0.8999999762
23741  23.379  -43.014  8.317 0.6999999881
22927  22.606  -44.115  7.266 0.6999999881
23781  22.128  -43.839  6.905 0.6999999881
22925  28.000  -44.833  7.978 0.8999999762
23763  21.828  -43.377  7.242 0.6999999881
114817  20.946  -43.777  7.252 0.6999999881
22924  28.287  -44.395  7.403 1.0000000000
117798  21.275  -43.238  7.851 0.6000000238
22948  28.161  -45.051  7.083 1.0000000000
112390  28.140  -45.149  6.127 1.0000000000
22097  27.682  -45.588  4.768 1.0000000000
21217  27.497  -46.280  4.719 0.8999999762
101626  27.977  -45.101  5.222 1.0000000000
22980  27.635  -44.838  4.373 0.8999999762
22098  27.213  -45.658  4.040 0.8000000119
21244  26.561  -46.120  3.578 0.8000000119
101337  25.892  -46.534  3.210 0.8000000119
22991  25.171  -45.253  2.681 0.8000000119
22111  24.401  -45.543  2.395 0.8000000119
22112  23.590  -45.457  1.991 0.8000000119
22997  23.932  -44.575  2.111 0.8000000119
103792  23.235  -44.859  1.770 0.8000000119
101935  26.215  -44.968  10.229 0.8999999762
22890  24.356  -44.682  10.252 0.8999999762
22876  25.973  -44.107  10.552 0.8999999762
22877  24.872  -44.049  10.493 0.8999999762
23740  23.823  -43.126  9.219 0.8999999762
22888  27.415  -44.667  9.307 0.8999999762
23762  22.518  -43.454  7.370 0.6999999881
22903  27.811  -44.554  8.710 0.8999999762
24578  22.435  -42.836  7.734 0.6000000238
23760  28.218  -43.996  8.178 1.0000000000
23742  20.018  -43.197  8.600 0.5000000000
22947  28.401  -44.326  6.528 1.0000000000
24562  19.837  -42.311  8.799 0.5000000000
22967  28.481  -43.878  5.845 1.0000000000
104073  28.278  -44.488  5.618 1.0000000000
114377  28.072  -44.475  4.936 1.0000000000
22989  27.099  -44.891  3.703 0.8999999762
22105  25.860  -45.699  3.072 0.8000000119
105886  26.547  -44.485  3.268 0.8999999762
22990  25.853  -44.869  2.936 0.8000000119
112537  25.167  -44.486  2.597 0.8000000119
23813  25.852  -43.952  2.792 0.8999999762
23818  24.997  -43.750  2.451 0.8000000119
23817  25.503  -43.113  2.542 0.8999999762
23819  24.230  -43.662  2.131 0.8000000119
23821  22.519  -43.358  1.406 0.8000000119
24653  22.846  -42.489  1.436 0.8000000119
24654  21.916  -42.644  1.103 0.8000000119
113260  24.388  -43.264  10.126 0.8999999762
23725  27.246  -43.349  10.174 0.8999999762
24559  23.667  -42.408  8.824 0.6999999881
23761  22.937  -43.020  7.771 0.8000000119
23739  28.242  -43.312  8.684 0.8999999762
24560  22.302  -42.123  8.304 0.6999999881
24579  21.745  -42.703  7.997 0.6000000238
24580  20.799  -42.704  8.519 0.6000000238
24561  21.371  -41.980  8.648 0.6000000238
110533  20.443  -41.783  8.859 0.5000000000
23759  28.483  -43.713  7.249 1.0000000000
119669  19.654  -41.507  8.787 0.5000000000
23780  28.568  -43.462  6.422 1.0000000000
23793  28.300  -43.877  5.162 1.0000000000
23802  28.157  -43.198  4.713 1.0000000000
22979  27.877  -43.963  4.455 1.0000000000
112281  27.007  -43.184  3.358 0.8999999762
24630  28.359  -42.433  5.014 1.0000000000
24631  27.880  -42.464  4.317 0.8999999762
23811  27.640  -43.231  3.983 0.8999999762
23816  26.290  -43.143  2.869 0.8999999762
24642  26.655  -42.408  3.105 0.8999999762
24649  25.935  -42.397  2.657 0.8999999762
24651  24.556  -42.320  2.046 0.8999999762
110048  24.168  -42.891  1.958 0.8999999762
25488  26.281  -41.633  2.869 0.8999999762
120513  24.974  -41.823  2.151 0.8999999762
24652  23.770  -42.200  1.704 0.8999999762
25491  24.440  -41.559  1.865 0.8999999762
113611  26.278  -43.228  10.708 0.8999999762
23712  25.285  -43.381  10.647 0.8999999762
24549  24.157  -42.559  9.628 0.8999999762
23726  24.732  -42.701  10.400 0.8999999762
24536  24.444  -41.997  10.037 1.0000000000
25396  23.984  -41.949  9.303 0.8000000119
24548  26.969  -42.566  10.717 0.8999999762
108599  23.060  -42.319  8.186 0.6999999881
23738  28.506  -43.128  7.912 0.8999999762
24558  27.998  -42.985  9.417 0.8999999762
25398  22.808  -41.483  8.653 0.6999999881
25399  21.896  -41.327  8.874 0.6999999881
25400  20.935  -41.131  9.020 0.5000000000
108138  28.653  -42.907  7.048 1.0000000000
109297  19.978  -40.888  8.858 0.5000000000
25412  19.113  -40.807  8.553 0.5000000000
24599  28.633  -42.757  6.307 1.0000000000
25449  28.646  -41.293  5.907 1.0000000000
24617  28.609  -42.239  5.784 1.0000000000
25465  28.111  -41.746  4.642 1.0000000000
112571  28.343  -41.096  5.029 1.0000000000
26300  28.471  -40.412  5.477 1.0000000000
25478  27.593  -41.706  3.989 0.8999999762
25479  26.983  -41.659  3.393 0.8999999762
26378  24.135  -40.947  -0.841 0.6999999881
26391  23.761  -40.197  -1.011 0.8000000119
109228  22.921  -39.991  -0.783 0.8000000119
27240  22.754  -39.162  -0.766 0.8000000119
24547  27.696  -42.474  10.089 0.8999999762
25369  26.629  -41.840  11.085 1.0000000000
25370  25.633  -41.655  11.153 1.0000000000
25371  24.762  -41.425  10.607 1.0000000000
25385  24.078  -41.222  9.619 0.6999999881
25397  23.516  -41.676  8.834 0.6999999881
24557  28.422  -42.473  8.642 0.8999999762
24546  28.162  -42.275  9.460 0.8999999762
26263  22.391  -40.654  9.129 0.6999999881
25411  28.729  -41.552  7.450 1.0000000000
24577  28.652  -42.288  7.663 0.8999999762
25382  28.419  -41.659  9.131 0.8999999762
26265  19.426  -40.020  8.471 0.4000000060
104918  28.724  -42.021  6.714 1.0000000000
26318  28.116  -40.335  4.713 1.0000000000
26319  27.595  -40.257  4.054 1.0000000000
27163  27.931  -39.603  4.345 1.0000000000
28080  21.870  -38.580  0.085 0.8999999762
26376  26.277  -40.727  -0.476 0.6000000238
26377  25.435  -40.468  -0.799 0.6000000238
26390  24.638  -40.180  -1.084 0.8000000119
113212  23.431  -39.525  -0.999 0.8000000119
27241  21.652  -39.655  -0.313 0.8999999762
27208  21.451  -39.321  0.069 0.8999999762
25383  28.064  -41.735  9.969 0.8999999762
25384  27.441  -41.852  10.619 0.8999999762
26252  23.888  -40.169  9.675 0.8000000119
26262  23.311  -40.846  9.112 0.6999999881
110673  21.036  -39.671  9.117 0.6000000238
27111  19.706  -39.372  8.432 0.4000000060
25395  28.654  -41.615  8.235 0.8999999762
25428  28.776  -41.067  6.874 1.0000000000
26280  28.714  -40.406  6.312 1.0000000000
27142  28.626  -39.663  5.829 1.0000000000
27162  28.343  -39.653  5.043 1.0000000000
28031  28.309  -38.880  4.569 1.0000000000
28032  27.837  -39.036  3.915 1.0000000000
109873  23.044  -39.057  0.793 0.8999999762
28069  22.722  -38.374  0.524 0.8999999762
28070  22.107  -38.934  0.391 0.8999999762
28971  22.227  -38.076  -0.198 0.8999999762
28097  21.758  -38.688  -0.030 0.8999999762
26366  27.927  -39.672  0.290 0.6000000238
27221  26.993  -40.013  -0.279 0.6000000238
27222  26.055  -39.900  -0.710 0.6000000238
27237  25.346  -39.667  -1.052 0.8000000119
27239  24.098  -39.490  -1.225 0.8000000119
28110  21.981  -38.928  -0.332 0.8999999762
26238  26.325  -41.080  11.321 0.8999999762
26240  24.564  -40.601  10.389 0.6999999881
111307  26.026  -40.253  11.446 0.8999999762
26239  25.320  -40.864  11.160 0.8999999762
26253  22.948  -39.985  9.321 0.6000000238
120473  28.662  -40.500  9.180 1.0000000000
113123  28.608  -40.084  9.635 1.0000000000
111721  28.152  -40.306  10.533 1.0000000000
27095  22.594  -39.182  9.439 0.6000000238
27109  21.905  -39.724  9.359 0.6000000238
27110  21.207  -38.995  9.126 0.5000000000
109980  28.847  -40.766  7.805 1.0000000000
106567  28.676  -40.926  8.778 1.0000000000
27108  29.126  -39.329  8.427 1.0000000000
106905  28.885  -40.336  7.067 1.0000000000
27126  28.877  -39.655  6.679 1.0000000000
112097  28.567  -39.072  5.346 1.0000000000
28046  27.441  -38.792  3.172 1.0000000000
28047  26.799  -38.831  2.561 1.0000000000
27190  26.171  -39.303  2.328 1.0000000000
28058  26.347  -38.375  1.947 1.0000000000
28059  25.563  -38.803  1.748 0.8999999762
108399  23.849  -39.070  1.124 0.8999999762
28928  22.325  -38.146  0.225 0.8999999762
28109  22.665  -38.323  -0.658 0.8999999762
27206  29.553  -39.614  0.547 0.6000000238
27207  28.731  -39.471  0.500 0.6000000238
28094  27.259  -38.954  -0.156 0.6000000238
107068  26.497  -39.333  -0.548 0.6000000238
28106  25.265  -38.803  -1.242 0.8000000119
28108  23.478  -38.736  -1.126 0.8000000119
26237  27.205  -40.483  11.253 0.8999999762
27083  25.679  -39.425  11.333 0.6999999881
27094  23.432  -39.331  9.600 0.6000000238
27970  23.081  -38.602  9.549 0.6000000238
27096  21.869  -38.941  9.386 0.5000000000
26261  28.869  -40.084  8.674 1.0000000000
114314  29.059  -39.745  7.650 1.0000000000
27996  29.133  -38.958  7.089 1.0000000000
28002  28.878  -38.831  6.089 1.0000000000
28015  28.764  -38.436  5.189 1.0000000000
28889  28.665  -38.070  4.370 1.0000000000
28045  28.148  -38.425  3.704 1.0000000000
28905  27.889  -38.006  2.855 1.0000000000
28917  26.802  -37.748  1.895 1.0000000000
28065  25.651  -38.112  1.543 1.0000000000
28925  24.390  -37.726  0.940 0.8999999762
28068  23.534  -38.244  0.791 0.8999999762
28927  22.899  -37.710  0.451 0.8999999762
28957  22.453  -37.343  -0.103 0.8999999762
111153  29.196  -38.892  0.551 0.6000000238
28079  28.266  -38.885  0.365 0.6000000238
28095  26.430  -38.640  -0.639 0.6999999881
28105  25.549  -37.951  -1.205 0.6999999881
104195  24.802  -38.063  -1.405 0.6999999881
107986  23.210  -37.891  -1.008 0.8000000119
28970  22.735  -37.382  -0.570 0.8999999762
105078  30.117  -38.923  0.510 0.6000000238
28967  25.089  -37.311  -1.418 0.6999999881
28968  24.347  -37.453  -1.421 0.8000000119
28969  23.514  -37.143  -1.180 0.8999999762
27960  24.516  -38.656  10.431 0.6999999881
27969  23.806  -38.651  9.888 0.6000000238
27968  28.152  -38.913  11.000 0.8999999762
27082  26.749  -39.543  11.450 0.8000000119
27958  26.297  -38.703  11.448 0.6999999881
27091  28.937  -39.232  9.393 0.8999999762
27967  28.687  -38.626  10.367 0.8000000119
114458  29.256  -38.998  7.868 1.0000000000
27981  29.338  -38.558  8.620 0.8000000119
27995  29.416  -38.344  7.604 0.8999999762
28833  29.665  -37.748  8.223 0.8000000119
28001  29.316  -38.189  6.660 1.0000000000
28014  29.177  -37.986  5.745 1.0000000000
28870  29.052  -37.801  4.977 1.0000000000
28888  29.194  -37.262  4.250 1.0000000000
28904  28.574  -37.669  3.460 1.0000000000
28916  27.461  -37.524  2.170 1.0000000000
28923  26.073  -37.471  1.510 1.0000000000
28924  25.225  -37.589  1.229 0.8999999762
107731  24.145  -36.953  0.714 0.8999999762
29757  22.767  -36.582  0.007 0.8999999762
28093  27.873  -38.129  0.121 0.6000000238
108754  26.232  -37.895  -0.836 0.6999999881
29782  23.025  -36.509  -0.702 0.8999999762
28076  30.502  -38.179  0.336 0.6000000238
28077  29.682  -38.242  0.529 0.6000000238
28956  25.936  -37.085  -1.173 0.6999999881
29780  24.382  -36.744  -1.408 0.6999999881
27959  25.309  -38.661  11.053 0.6999999881
112419  24.184  -37.964  10.173 0.6000000238
28823  28.099  -38.004  11.135 0.8000000119
27957  27.385  -38.788  11.356 0.8000000119
111353  25.803  -37.918  11.245 0.6999999881
112318  24.935  -37.954  10.704 0.6999999881
27966  29.159  -38.393  9.603 0.6999999881
28822  29.026  -37.669  10.272 0.8000000119
105798  29.925  -37.105  8.797 0.6999999881
29666  30.037  -37.040  7.855 0.6999999881
29679  30.105  -36.885  6.877 0.8000000119
29689  30.075  -36.609  5.797 0.8000000119
28857  29.632  -37.424  6.259 0.8000000119
29708  30.251  -36.070  5.094 0.8000000119
28869  29.486  -37.279  5.298 0.8999999762
29709  29.756  -36.571  4.764 0.8999999762
28903  29.005  -36.912  3.189 1.0000000000
28915  28.274  -37.186  2.538 1.0000000000
29740  26.850  -37.054  1.677 1.0000000000
108999  26.143  -36.538  1.341 1.0000000000
117802  28.187  -36.484  2.158 1.0000000000
29734  27.591  -36.761  1.911 1.0000000000
29741  25.415  -36.852  1.110 1.0000000000
110583  24.792  -37.090  0.917 0.8999999762
29743  23.714  -36.326  0.501 0.8999999762
120972  23.634  -36.883  0.545 0.8999999762
30545  23.156  -36.200  0.210 0.8999999762
28939  29.308  -37.703  0.454 0.6000000238
28078  28.799  -38.217  0.448 0.6000000238
104713  27.003  -38.015  -0.412 0.6000000238
28955  26.758  -37.191  -0.664 0.6999999881
30566  22.963  -35.952  -0.238 0.8999999762
29781  23.640  -36.237  -1.137 0.8999999762
29778  25.910  -36.273  -1.233 0.6999999881
29779  25.262  -36.499  -1.417 0.6999999881
30580  24.516  -35.860  -1.404 0.8999999762
30581  23.655  -35.461  -1.053 0.8999999762
109921  26.886  -37.898  11.445 0.6000000238
28811  25.320  -37.240  10.856 0.6000000238
28825  23.843  -37.249  9.971 0.6000000238
29634  27.412  -36.883  11.333 0.6000000238
116706  29.609  -36.978  9.700 0.6999999881
29656  30.279  -36.466  8.427 0.6999999881
29665  30.453  -36.348  7.560 0.6999999881
30492  30.631  -35.786  5.738 0.8000000119
30510  30.064  -35.846  4.319 0.8000000119
105981  29.526  -36.379  3.780 0.8000000119
29732  29.230  -36.145  2.876 1.0000000000
100367  27.711  -35.990  1.788 1.0000000000
30533  26.906  -36.207  1.564 1.0000000000
108449  25.488  -36.118  1.037 1.0000000000
30541  27.072  -35.381  1.506 1.0000000000
30542  26.115  -35.565  1.205 1.0000000000
106321  25.034  -35.355  0.830 1.0000000000
113227  24.258  -34.754  0.581 1.0000000000
30543  24.084  -35.535  0.588 1.0000000000
30544  23.408  -35.622  0.287 0.8999999762
28954  27.643  -37.295  -0.182 0.6000000238
31333  23.038  -35.725  0.007 0.8999999762
28938  30.023  -37.556  0.439 0.6000000238
28940  28.562  -37.474  0.267 0.6000000238
30582  23.223  -35.253  -0.465 0.8999999762
29768  27.371  -36.476  -0.471 0.6999999881
30579  25.459  -35.661  -1.396 0.6999999881
108682  24.325  -35.064  -1.352 0.8999999762
29636  25.572  -36.486  10.841 0.5000000000
106937  28.188  -36.344  11.018 0.6000000238
30436  27.389  -35.663  11.074 0.5000000000
29646  29.642  -36.139  9.913 0.6999999881
29633  28.996  -36.529  10.470 0.6999999881
107364  30.043  -36.420  9.221 0.6999999881
29655  30.645  -35.805  8.222 0.6999999881
118303  30.361  -35.963  8.852 0.6999999881
30481  31.064  -35.412  6.475 0.6999999881
31269  31.174  -34.993  5.604 0.6999999881
114122  30.601  -35.424  4.902 0.8000000119
30521  30.441  -35.088  4.027 0.8000000119
102032  29.779  -35.483  3.332 0.8000000119
31294  30.172  -34.594  3.259 0.8000000119
31306  29.521  -34.751  2.607 0.8000000119
31307  28.700  -34.884  2.037 0.8999999762
109080  27.911  -35.227  1.718 1.0000000000
32018  29.097  -34.121  2.068 0.8000000119
31308  28.037  -34.567  1.646 0.8999999762
31319  27.349  -34.620  1.471 1.0000000000
31320  26.501  -34.710  1.250 1.0000000000
31321  25.646  -34.702  0.961 1.0000000000
31322  23.586  -34.943  0.340 0.8999999762
119970  23.176  -35.158  0.080 0.8999999762
31348  23.071  -35.161  -0.075 0.8999999762
31332  23.292  -34.431  0.033 0.8999999762
31347  23.273  -34.454  -0.237 0.8999999762
29756  29.396  -37.042  0.330 0.6000000238
112384  28.463  -36.519  0.014 0.6000000238
30565  27.063  -35.637  -0.743 0.6999999881
119592  24.903  -35.342  -1.485 0.8000000119
101345  30.519  -36.190  -0.162 0.6000000238
109454  26.245  -35.696  -1.113 0.6999999881
31357  24.267  -34.401  -1.306 0.8000000119
31358  23.625  -34.596  -0.846 0.8999999762
30578  25.932  -35.139  -1.307 0.6999999881
30435  28.513  -35.558  10.702 0.5000000000
31219  26.786  -34.756  10.639 0.5000000000
30446  29.660  -35.362  10.008 0.6999999881
31218  27.773  -34.728  10.678 0.5000000000
30456  30.093  -35.688  9.441 0.6999999881
31246  31.043  -34.969  8.147 0.6999999881
30455  30.505  -35.313  8.871 0.6999999881
30468  31.375  -34.919  7.180 0.6999999881
31282  31.473  -34.340  5.182 0.6999999881
31293  30.754  -34.306  3.856 0.8000000119
32007  30.480  -33.949  3.222 0.8000000119
32017  29.881  -33.881  2.595 0.8000000119
32031  27.742  -33.909  1.450 0.8999999762
32032  26.832  -33.995  1.222 1.0000000000
32033  26.025  -34.056  0.981 1.0000000000
120208  24.910  -34.552  0.741 1.0000000000
32029  29.348  -33.474  1.981 0.8000000119
32030  28.578  -33.510  1.598 0.8000000119
113009  26.297  -33.402  0.919 0.8999999762
106463  25.231  -34.018  0.778 1.0000000000
110582  24.345  -33.967  0.530 1.0000000000
116477  25.600  -33.523  0.777 0.8999999762
121052  23.775  -33.732  0.330 1.0000000000
107966  23.719  -34.228  0.330 1.0000000000
32042  23.446  -33.604  0.115 1.0000000000
106789  23.452  -33.785  -0.526 0.8999999762
100308  27.913  -35.837  -0.378 0.6999999881
32055  23.302  -33.447  -0.163 0.8999999762
29767  29.627  -36.227  0.135 0.6000000238
30564  28.887  -35.454  -0.155 0.6000000238
102759  23.804  -33.742  -1.047 0.8999999762
108129  27.864  -35.124  -0.555 0.6999999881
108874  27.167  -34.909  -0.820 0.6999999881
31355  26.847  -34.368  -1.053 0.6999999881
109492  25.570  -33.973  -1.418 0.6999999881
104647  24.680  -33.831  -1.403 0.8000000119
32064  26.382  -33.650  -1.335 0.6999999881
32066  24.060  -32.990  -1.344 0.8000000119
32065  25.312  -33.108  -1.483 0.6999999881
29632  29.221  -35.765  10.338 0.6000000238
31217  28.680  -34.654  10.437 0.5000000000
109219  30.590  -34.532  8.908 0.6999999881
30445  30.140  -34.889  9.529 0.5000000000
31255  31.728  -34.248  6.809 0.6999999881
31245  31.434  -34.213  7.678 0.6999999881
31972  32.106  -33.513  6.316 0.6999999881
31961  31.794  -33.511  7.292 0.6999999881
118507  32.245  -33.066  5.556 0.6999999881
32705  32.020  -33.020  4.657 0.6999999881
31993  31.413  -33.865  4.431 0.6999999881
32720  31.839  -32.463  3.789 0.6999999881
32005  31.517  -33.192  3.916 0.6999999881
32721  31.159  -32.881  3.273 0.8000000119
32016  30.538  -33.310  2.884 0.8000000119
32735  30.728  -32.548  2.556 0.8000000119
32736  29.946  -32.946  2.154 0.8000000119
32752  29.168  -32.878  1.564 0.8000000119
33414  30.328  -32.162  1.856 0.8000000119
33429  29.044  -32.126  0.973 0.8000000119
111260  27.858  -33.227  1.270 0.8000000119
32755  26.616  -32.726  0.759 0.8999999762
112425  25.567  -32.800  0.621 0.8999999762
113352  24.823  -33.338  0.586 1.0000000000
33445  28.618  -31.282  0.436 0.8000000119
33430  28.033  -32.064  0.696 0.8000000119
32034  23.820  -33.177  0.324 1.0000000000
104940  29.736  -34.663  -0.331 0.6000000238
113086  23.335  -32.818  -0.035 1.0000000000
31346  27.632  -34.379  -0.748 0.6999999881
32063  27.296  -33.702  -1.044 0.6999999881
32067  23.410  -32.895  -0.713 0.8999999762
113468  23.305  -32.583  -0.334 1.0000000000
113008  26.329  -32.742  -1.517 0.8000000119
31971  32.339  -32.635  6.186 0.6999999881
32687  32.280  -32.179  6.741 0.6999999881
32719  32.264  -32.280  4.473 0.6999999881
33397  32.007  -31.684  3.379 0.6999999881
32734  31.431  -32.166  2.940 0.6999999881
33413  31.033  -31.813  2.219 0.8000000119
33428  29.893  -31.773  1.220 0.8000000119
116840  30.167  -31.072  0.820 0.8000000119
33444  29.449  -31.411  0.720 0.8000000119
33431  27.070  -32.055  0.559 0.8000000119
33432  26.093  -32.069  0.470 0.8999999762
32756  24.421  -32.572  0.371 0.8999999762
31345  28.573  -34.518  -0.479 0.6000000238
33448  25.587  -31.480  0.125 0.8999999762
116365  24.733  -31.519  0.019 0.8999999762
32757  23.559  -32.323  0.034 1.0000000000
32052  30.095  -33.938  -0.558 0.6000000238
32768  23.355  -32.127  -0.346 0.8999999762
112769  27.019  -33.095  -1.339 0.6999999881
32778  23.244  -32.052  -0.677 0.8999999762
32786  25.574  -32.381  -1.704 0.8000000119
32787  24.530  -32.242  -1.695 0.8999999762
32788  23.512  -32.033  -1.244 0.8000000119
32686  32.436  -31.851  6.146 0.6999999881
32697  32.418  -32.291  5.298 0.6999999881
33396  32.445  -31.194  3.942 0.6999999881
33412  31.701  -31.439  2.604 0.6999999881
34164  31.942  -30.831  2.311 0.6999999881
33427  31.405  -31.116  1.864 0.6999999881
33446  27.567  -31.360  0.298 0.8000000119
33447  26.573  -31.432  0.204 0.8000000119
34194  27.032  -30.777  -0.156 0.8000000119
33434  24.098  -31.860  0.053 0.8999999762
32054  28.187  -33.714  -0.721 0.6000000238
34195  26.017  -30.867  -0.202 0.8000000119
34208  25.349  -30.266  -0.566 0.8999999762
33449  24.181  -31.213  -0.258 0.8999999762
33450  23.449  -31.564  -0.398 0.8999999762
32053  29.209  -33.810  -0.553 0.6000000238
110647  27.779  -32.997  -1.050 0.6999999881
33456  23.211  -31.028  -0.849 0.8999999762
33467  23.366  -31.189  -1.548 0.8000000119
33465  25.344  -31.808  -1.994 0.6999999881
33466  23.883  -31.632  -1.795 0.8000000119
34139  32.574  -30.705  4.786 0.6999999881
119059  32.491  -30.283  3.096 0.6999999881
34163  32.332  -30.186  2.471 0.6999999881
119451  28.733  -30.685  0.143 0.8000000119
34193  28.063  -30.630  -0.072 0.8000000119
34206  27.438  -30.085  -0.487 0.8000000119
34207  26.462  -30.153  -0.541 0.8000000119
34196  25.003  -30.993  -0.259 0.8999999762
34197  24.245  -30.486  -0.554 0.8999999762
32062  28.780  -32.996  -0.776 0.6000000238
34198  23.468  -30.763  -0.670 0.8999999762
32785  27.226  -32.310  -1.514 0.6999999881
33477  26.057  -31.318  -2.238 0.6999999881
113773  24.529  -31.599  -2.059 0.8000000119
33478  25.074  -31.228  -2.424 0.6999999881
33479  24.010  -31.042  -2.235 0.8000000119
34225  24.789  -30.591  -2.735 0.8000000119
35070  32.673  -29.360  3.844 0.6999999881
32783  29.338  -32.294  -1.065 0.6000000238
35137  25.858  -29.436  -1.034 0.8000000119
35138  24.480  -29.640  -0.953 0.8999999762
35122  23.600  -30.095  -0.869 0.8999999762
33462  28.848  -31.594  -1.483 0.6000000238
34209  23.281  -30.195  -1.186 0.8999999762
33464  26.966  -31.470  -1.959 0.8000000119
101492  23.192  -30.660  -1.274 0.8999999762
33480  23.325  -30.436  -1.890 0.8000000119
34226  23.935  -30.247  -2.520 0.8000000119
33463  27.866  -31.589  -1.684 0.6999999881
33475  28.369  -30.938  -1.913 0.5000000000
33476  27.563  -31.005  -2.113 0.6000000238
34222  27.843  -30.347  -2.462 0.6000000238
34223  26.812  -30.686  -2.485 0.6999999881
34213  23.249  -29.870  -1.670 0.8000000119
34232  26.347  -30.050  -3.056 0.6000000238
34233  25.411  -30.069  -3.123 0.6999999881
34234  24.609  -30.012  -2.972 0.8000000119
36174  24.212  -28.969  -1.396 0.8000000119
36175  23.648  -28.603  -1.721 0.8000000119
35143  23.307  -29.340  -1.731 0.8999999762
35152  28.465  -29.855  -2.613 0.6000000238
35165  23.997  -29.539  -2.800 0.8000000119
34227  23.344  -29.662  -2.195 0.8000000119
35154  23.181  -29.125  -2.034 0.8000000119
35164  24.917  -29.376  -3.315 0.6000000238
37173  24.528  -28.254  -1.630 0.8000000119
36186  23.359  -28.651  -2.042 0.8000000119
35153  27.813  -29.598  -2.924 0.6000000238
105185  26.992  -29.327  -3.372 0.6000000238
35166  23.409  -29.232  -2.622 0.8000000119
35163  25.956  -29.418  -3.453 0.6000000238
36203  23.852  -28.438  -2.997 0.6999999881
105980  23.630  -28.234  -2.243 0.8000000119
106453  25.549  -28.725  -3.638 0.6000000238
36202  24.396  -28.176  -3.290 0.6000000238
37203  24.166  -27.628  -3.073 0.6999999881
36200  26.451  -28.656  -3.731 0.6000000238
37186  25.929  -27.168  -2.100 0.8000000119
37174  24.082  -27.737  -1.910 0.8000000119
35162  28.651  -29.296  -2.977 0.6000000238
37187  24.867  -27.425  -1.941 0.8000000119
36198  28.919  -28.595  -3.489 0.5000000000
37189  24.002  -27.628  -2.433 0.8000000119
37175  23.668  -27.990  -1.733 0.8000000119
113438  27.960  -28.896  -3.409 0.6000000238
36214  29.163  -27.805  -4.233 0.5000000000
36199  27.326  -28.459  -3.793 0.6000000238
36218  25.127  -28.073  -3.713 0.6000000238
114538  27.559  -27.792  -4.211 0.6000000238
36216  26.854  -27.880  -4.101 0.6000000238
36217  25.990  -27.976  -3.934 0.6000000238
37217  25.499  -27.288  -3.966 0.6000000238
102988  25.161  -26.355  -2.315 0.8000000119
37188  24.510  -27.121  -2.166 0.8000000119
38956  24.600  -25.429  -2.576 0.6999999881
38105  24.452  -26.416  -2.533 0.6999999881
36215  28.171  -28.134  -3.964 0.6000000238
38119  24.415  -26.686  -3.279 0.6000000238
38120  24.253  -25.834  -3.123 0.6000000238
38112  24.162  -26.882  -2.937 0.6999999881
37214  28.097  -27.248  -4.665 0.5000000000
37218  25.009  -26.585  -3.824 0.6000000238
37216  26.444  -27.093  -4.344 0.6000000238
37227  28.121  -26.259  -5.367 0.5000000000
38955  25.374  -25.300  -2.417 0.6999999881
38965  24.207  -25.729  -2.969 0.6000000238
38106  24.301  -26.636  -2.691 0.6000000238
38991  24.322  -25.030  -3.425 0.6000000238
39864  23.972  -24.512  -3.054 0.6000000238
38127  27.635  -26.358  -4.990 0.5000000000
114986  27.065  -26.531  -4.693 0.6000000238
38129  26.543  -26.155  -4.610 0.6000000238
38130  25.780  -26.446  -4.288 0.6000000238
38131  24.638  -25.815  -3.602 0.6000000238
39880  23.988  -24.294  -3.272 0.6000000238
38128  27.157  -25.816  -4.883 0.6000000238
119757  27.826  -25.877  -5.334 0.5000000000
39001  27.971  -25.409  -5.477 0.4000000060
114317  27.670  -25.555  -5.113 0.5000000000
39853  24.795  -24.536  -2.465 0.6000000238
39854  24.124  -24.367  -2.808 0.6000000238
38989  25.972  -25.643  -4.515 0.6000000238
38990  24.770  -25.080  -4.013 0.6000000238
38988  26.617  -25.363  -4.710 0.6000000238
118606  26.080  -25.036  -4.588 0.6000000238
38987  27.073  -24.992  -4.854 0.6000000238
38985  28.156  -25.063  -5.190 0.4000000060
38986  27.768  -25.090  -4.963 0.4000000060
111565  24.969  -24.450  -4.246 0.6000000238
40787  23.950  -23.623  -3.531 0.5000000000
40745  23.855  -23.315  -2.687 0.5000000000
120967  24.393  -23.846  -2.501 0.5000000000
114138  25.454  -25.080  -4.393 0.6000000238
40786  24.525  -23.774  -4.010 0.5000000000
114998  26.443  -24.690  -4.546 0.6000000238
39892  27.649  -24.630  -4.358 0.4000000060
110306  24.508  -23.195  -2.296 0.4000000060
39894  25.699  -24.506  -4.448 0.6000000238
40785  24.929  -23.359  -4.094 0.5000000000
39893  26.874  -24.347  -4.371 0.4000000060
111958  25.894  -23.850  -4.299 0.6000000238
41707  24.099  -22.900  -3.747 0.4000000060
39879  27.541  -24.024  -3.827 0.4000000060
42654  24.228  -21.779  -3.787 0.4000000060
40783  26.730  -23.583  -3.884 0.4000000060
40784  25.421  -23.034  -3.968 0.4000000060
39878  28.332  -24.298  -3.811 0.4000000060
116697  26.060  -23.104  -3.861 0.4000000060
105115  25.155  -21.592  -2.111 0.4000000060
42631  23.328  -21.753  -2.931 0.4000000060
41706  24.783  -22.448  -3.924 0.4000000060
107620  27.516  -23.203  -3.598 0.4000000060
41698  26.702  -22.697  -3.664 0.4000000060
41705  25.734  -22.210  -3.813 0.4000000060
42621  24.138  -20.944  -2.425 0.4000000060
114324  23.593  -20.741  -3.193 0.4000000060
43585  23.707  -21.135  -3.434 0.4000000060
41697  27.532  -22.247  -3.555 0.3000000119
42653  24.916  -21.334  -3.970 0.4000000060
44576  24.402  -19.646  -2.965 0.4000000060
43594  24.348  -20.677  -3.749 0.4000000060
27242  22.011  -40.459  -0.565 0.8000000119
27224  21.175  -40.119  -0.184 0.8999999762
27201  21.606  -39.805  0.383 0.8999999762
26367  20.727  -40.593  0.057 0.8999999762
26357  21.132  -40.638  0.376 0.8999999762
112949  27.293  -40.937  3.714 0.8999999762
26331  27.013  -40.180  3.439 1.0000000000
27179  27.440  -39.545  3.673 1.0000000000
26346  23.754  -41.248  1.573 0.8999999762
113271  25.552  -41.691  2.451 0.8999999762
26343  25.776  -39.995  2.387 0.8999999762
27180  26.853  -39.447  3.034 1.0000000000
26347  23.165  -40.978  1.330 0.8999999762
25490  25.082  -41.131  2.127 0.8999999762
27192  24.799  -39.891  1.725 0.8999999762
26332  26.371  -40.093  2.842 1.0000000000
26355  22.856  -40.413  1.078 0.8999999762
27197  24.725  -39.128  1.505 0.8999999762
41699  23.454  -22.784  -3.145 0.4000000060
103422  23.608  -23.009  -3.339 0.4000000060
41684  23.391  -22.519  -2.926 0.4000000060
41674  24.798  -22.453  -2.116 0.4000000060
117524  26.971  -46.751  8.752 0.8999999762
21203  27.662  -46.773  6.463 1.0000000000
20411  26.324  -47.827  3.668 0.8000000119
21155  24.650  -46.387  10.333 0.8999999762
22048  27.767  -45.598  7.711 1.0000000000
23724  27.767  -43.910  9.256 0.8999999762
22988  27.264  -44.070  3.700 0.8999999762
22104  26.543  -45.300  3.407 0.8000000119
116868  24.570  -44.257  2.370 0.8000000119
118777  23.715  -43.900  1.902 0.8000000119
23801  28.493  -43.131  5.590 1.0000000000
106148  24.759  -43.022  2.270 0.8999999762
23820  23.501  -43.232  1.725 0.8000000119
25499  22.520  -41.103  1.093 0.8999999762
25493  22.247  -41.850  1.123 0.8000000119
24641  27.331  -42.443  3.650 0.8999999762
26345  24.451  -40.634  1.720 0.8999999762
24535  26.024  -42.421  11.028 0.8999999762
109576  25.066  -42.189  10.818 1.0000000000
111909  21.432  -40.475  9.180 0.6000000238
26264  20.394  -40.082  8.880 0.4000000060
112950  27.838  -41.007  4.361 1.0000000000
112951  26.614  -40.872  3.167 0.8999999762
26379  23.160  -40.949  -0.797 0.6999999881
26251  27.133  -41.300  11.086 0.8999999762
27200  22.463  -39.715  0.736 0.8999999762
27223  21.407  -39.422  -0.057 0.8999999762
112833  24.487  -39.904  10.337 0.6999999881
110681  20.346  -39.007  8.662 0.4000000060
27199  23.330  -39.751  1.092 0.8999999762
28958  22.204  -38.022  -0.049 0.8999999762
28096  25.898  -39.149  -0.892 0.6999999881
120785  25.865  -38.493  -0.976 0.6999999881
27191  25.387  -39.568  1.952 0.8999999762
28066  24.986  -38.305  1.353 0.8999999762
28067  24.307  -38.490  1.135 0.8999999762
27198  24.141  -39.821  1.416 0.8999999762
28941  22.530  -37.428  0.106 0.8999999762
111485  23.450  -37.956  9.752 0.5000000000
29744  23.101  -36.898  0.344 0.8999999762
28821  29.509  -37.770  9.220 0.6999999881
28845  29.685  -37.606  7.235 0.8999999762
29769  26.523  -36.391  -0.887 0.6999999881
121436  23.235  -35.864  -0.708 0.8999999762
28824  24.570  -37.282  10.422 0.6000000238
28810  28.390  -37.100  10.918 0.8000000119
105023  26.214  -37.087  11.259 0.6000000238
29678  30.562  -36.135  6.620 0.6999999881
30532  28.562  -35.832  2.197 1.0000000000
29742  24.676  -36.312  0.797 1.0000000000
29635  26.430  -36.177  11.127 0.6000000238
29647  24.313  -36.554  10.219 0.5000000000
30469  30.906  -35.632  7.369 0.6999999881
30531  29.229  -35.447  2.560 0.8999999762
30438  25.699  -35.677  10.691 0.5000000000
31268  31.731  -34.315  5.940 0.6999999881
31283  30.970  -34.672  4.667 0.8000000119
31225  29.485  -34.531  10.019 0.6000000238
31226  28.874  -34.005  10.193 0.5000000000
31235  30.995  -34.089  8.457 0.6999999881
112770  27.137  -33.327  1.093 0.8999999762
110862  29.678  -32.387  1.544 0.8000000119
32753  28.356  -32.746  1.193 0.8000000119
31940  29.369  -33.623  9.761 0.5000000000
31949  31.321  -33.436  8.114 0.6999999881
119066  30.652  -31.425  1.504 0.8000000119
32754  27.507  -32.696  0.916 0.8999999762
33433  25.070  -32.033  0.322 0.8999999762
117925  26.266  -31.984  -1.775 0.8000000119
33386  32.456  -31.632  4.662 0.6999999881
33411  32.287  -30.880  3.053 0.6999999881
34192  29.406  -30.710  0.328 0.8000000119
110843  23.159  -31.416  -1.077 0.8999999762
34147  32.598  -30.281  3.776 0.6999999881
103529  32.617  -29.737  4.603 0.6000000238
34224  25.765  -30.671  -2.704 0.6999999881
35139  23.600  -29.497  -1.336 0.8999999762
111718  24.145  -28.861  -3.084 0.6999999881
37195  23.845  -27.928  -2.534 0.8000000119
37202  24.712  -27.419  -3.543 0.6000000238
38095  24.225  -27.323  -2.232 0.6999999881
103079  25.245  -25.784  -4.156 0.6000000238
37215  27.298  -27.176  -4.538 0.6000000238
39896  24.368  -24.347  -3.771 0.6000000238
42622  23.594  -21.718  -2.638 0.4000000060
41708  23.524  -22.188  -3.348 0.4000000060
43560  24.619  -20.120  -2.623 0.4000000060
42643  26.655  -21.742  -3.692 0.4000000060
26356  22.027  -40.474  0.732 0.8999999762
16129  23.858  -54.141  7.522 0.4000000060
16121  22.816  -54.253  8.739 0.4000000060
15430  22.224  -54.151  9.249 0.4000000060
16128  24.450  -53.521  7.097 0.4000000060
16108  22.817  -53.482  9.104 0.4000000060
16109  21.913  -53.440  9.480 0.4000000060
16770  25.012  -52.852  6.627 0.3000000119
16733  23.564  -53.054  8.690 0.4000000060
17449  25.837  -51.751  5.230 0.4000000060
17462  25.710  -51.749  4.324 0.4000000060
17473  25.684  -51.059  3.716 0.4000000060
120385  23.125  -52.717  9.215 0.5000000000
16734  22.410  -52.718  9.450 0.4000000060
16747  24.804  -52.104  8.002 0.4000000060
17412  23.717  -52.296  9.026 0.4000000060
116235  25.476  -52.053  6.655 0.5000000000
17443  25.799  -51.756  6.015 0.4000000060
18162  26.125  -50.912  4.705 0.4000000060
18174  26.007  -50.236  3.874 0.5000000000
18939  25.668  -49.698  3.366 0.5000000000
19701  24.789  -48.647  2.618 0.6000000238
18950  24.336  -49.433  2.303 0.5000000000
19707  23.965  -48.592  2.095 0.6000000238
118378  23.558  -47.808  1.848 0.4000000060
103129  22.995  -51.963  9.473 0.5000000000
17396  21.988  -51.940  9.567 0.5000000000
108080  21.058  -51.912  9.524 0.5000000000
18097  20.683  -51.196  9.320 0.5000000000
17410  24.941  -51.481  8.343 0.6000000238
17395  23.802  -51.508  9.255 0.6000000238
17428  25.378  -51.561  7.535 0.5000000000
18109  25.370  -50.859  8.273 0.6000000238
18139  25.835  -51.298  6.638 0.5000000000
18150  26.126  -51.124  5.763 0.5000000000
18149  26.442  -50.312  5.537 0.4000000060
111807  26.409  -49.923  4.640 0.6000000238
18927  26.181  -49.319  3.862 0.6000000238
19700  25.376  -48.338  3.003 0.6000000238
20423  24.956  -47.802  2.742 0.6000000238
117729  23.859  -46.964  2.111 0.6000000238
21254  23.275  -46.217  1.797 0.6000000238
20430  24.269  -47.835  2.329 0.6000000238
20431  22.945  -47.075  1.586 0.6000000238
21255  22.464  -46.253  1.401 0.6000000238
109068  23.176  -51.175  9.500 0.5000000000
107354  22.421  -51.189  9.599 0.5000000000
106737  21.504  -51.138  9.565 0.5000000000
18111  20.396  -50.638  8.864 0.5000000000
18094  24.599  -50.970  9.005 0.6000000238
18123  25.878  -50.735  7.384 0.6000000238
18889  25.892  -50.101  8.122 0.6000000238
18138  26.286  -50.560  6.473 0.5000000000
18888  26.407  -49.994  7.229 0.6000000238
18913  26.726  -49.463  5.368 0.6000000238
18926  26.626  -49.182  4.612 0.6000000238
21245  25.232  -47.020  2.847 0.6000000238
22113  22.766  -45.444  1.573 0.6000000238
21256  22.028  -45.655  1.227 0.6999999881
104764  21.975  -50.411  9.614 0.6000000238
18110  21.108  -50.297  9.331 0.5000000000
18877  20.693  -49.831  8.598 0.5000000000
18875  25.229  -50.153  8.945 0.6000000238
18857  24.352  -50.064  9.497 0.6000000238
18096  22.855  -50.511  9.638 0.6000000238
18891  20.540  -49.527  7.490 0.5000000000
101828  25.772  -49.374  8.789 0.6000000238
18902  26.642  -49.763  6.289 0.6000000238
115466  22.666  -44.711  1.537 0.6999999881
106906  23.382  -49.886  9.749 0.6000000238
18858  22.471  -49.750  9.672 0.6000000238
18876  21.336  -49.431  9.065 0.6000000238
18859  22.057  -49.001  9.444 0.6000000238
119598  21.555  -48.755  8.782 0.6000000238
18890  21.087  -49.067  8.233 0.6000000238
19652  21.014  -48.715  7.284 0.6000000238
106232  23.959  -49.218  9.885 0.6000000238
120436  20.564  -48.985  6.732 0.5000000000
19667  20.698  -48.214  6.550 0.6000000238
23003  21.200  -44.402  0.777 0.6999999881
107121  22.957  -49.065  9.869 0.6000000238
19641  21.966  -48.164  8.916 0.6000000238
19626  24.538  -48.498  9.951 0.6000000238
19627  23.488  -48.371  10.038 0.6000000238
107011  22.619  -48.254  9.643 0.6000000238
19651  21.494  -48.234  7.969 0.6000000238
19666  21.283  -48.065  7.067 0.6000000238
18856  24.968  -49.332  9.498 0.6000000238
20381  21.129  -47.460  6.644 0.6000000238
19640  26.314  -48.687  8.593 0.6000000238
19650  26.767  -48.608  7.722 0.6000000238
23825  21.536  -43.474  0.988 0.6999999881
111918  20.655  -42.006  0.314 0.6999999881
19625  25.603  -48.505  9.427 0.6000000238
20353  22.408  -47.466  9.117 0.6999999881
20354  22.012  -47.482  8.158 0.6999999881
20352  26.278  -48.077  9.058 0.6000000238
25500  20.577  -41.256  0.145 0.6999999881
20340  23.070  -47.539  9.867 0.6999999881
20338  25.039  -47.750  10.017 0.6999999881
20339  24.004  -47.679  10.212 0.6999999881
21157  22.788  -46.766  9.357 0.6999999881
110649  22.412  -46.751  8.371 0.6999999881
20367  21.652  -47.492  7.278 0.6000000238
20366  22.079  -46.793  7.419 0.6999999881
21204  21.954  -46.150  6.841 0.6000000238
21205  21.556  -46.763  6.724 0.5000000000
26392  21.081  -40.893  -0.308 0.8000000119
104783  24.455  -47.048  10.256 0.6999999881
21156  23.574  -46.821  10.036 0.6999999881
21173  22.743  -46.046  8.724 0.6999999881
21188  22.399  -45.915  7.573 0.6999999881
22085  20.466  -46.026  6.222 0.5000000000
22032  22.763  -45.345  8.191 0.6999999881
22067  22.022  -45.339  6.703 0.6000000238
22068  21.270  -45.849  6.441 0.6000000238
35136  26.973  -29.483  -0.917 0.6999999881
104160  31.075  -30.597  1.063 0.6999999881
35120  28.893  -30.166  -0.198 0.6999999881
34178  31.838  -30.400  1.714 0.6000000238
35104  31.748  -29.801  1.082 0.6000000238
35121  28.186  -29.974  -0.460 0.6999999881
35135  27.858  -29.469  -0.838 0.6999999881
34177  32.256  -29.671  1.753 0.6000000238
35105  31.072  -29.753  0.458 0.6000000238
35132  30.347  -29.583  -0.081 0.6999999881
36169  29.217  -28.772  -0.925 0.6999999881
35092  32.559  -29.348  2.435 0.6000000238
36171  27.501  -28.870  -1.283 0.6999999881
36172  26.645  -28.819  -1.360 0.6999999881
36185  25.455  -28.069  -1.675 0.6999999881
35103  32.226  -29.109  1.211 0.6000000238
35118  31.714  -29.105  0.543 0.6000000238
36167  31.069  -28.307  -0.396 0.6000000238
36168  30.238  -28.720  -0.567 0.6999999881
36170  28.341  -28.838  -1.169 0.6999999881
36183  27.168  -28.211  -1.646 0.6999999881
37185  26.914  -27.485  -2.005 0.6999999881
36145  32.513  -28.438  1.569 0.6000000238
36154  32.223  -28.428  0.768 0.6000000238
37170  31.523  -27.522  -0.358 0.5000000000
37171  30.628  -27.774  -0.805 0.6000000238
37183  29.402  -27.444  -1.498 0.5000000000
37184  28.217  -27.499  -1.836 0.6999999881
101494  27.688  -26.223  -2.333 0.6999999881
38104  26.059  -26.029  -2.351 0.6999999881
39876  30.168  -24.722  -3.780 0.3000000119
40770  29.857  -23.879  -3.543 0.3000000119
15449  21.825  -54.680  9.318 0.3000000119
14705  21.130  -54.880  9.477 0.4000000060
16110  21.033  -53.406  9.542 0.4000000060
16780  25.118  -53.159  5.795 0.4000000060
16735  21.505  -52.683  9.547 0.4000000060
111092  25.541  -52.397  4.794 0.4000000060
16804  25.466  -52.341  4.087 0.4000000060
108016  25.346  -51.918  3.431 0.4000000060
18175  25.408  -50.325  3.188 0.5000000000
18962  23.627  -49.313  1.779 0.4000000060
17397  20.285  -51.962  9.295 0.4000000060
117977  22.933  -47.878  1.468 0.5000000000
17414  19.615  -51.632  8.320 0.5000000000
22122  21.375  -45.359  0.809 0.6000000238
18112  20.003  -50.982  8.406 0.5000000000
18124  20.203  -50.335  8.045 0.5000000000
18140  20.053  -50.257  7.056 0.5000000000
18903  20.168  -49.553  6.514 0.5000000000
111996  19.343  -48.721  5.632 0.4000000060
23826  20.666  -43.538  0.469 0.6999999881
20382  20.414  -47.362  6.237 0.5000000000
110353  20.293  -42.039  0.010 0.6999999881
21206  20.819  -46.669  6.357 0.5000000000
25537  21.048  -41.734  -0.377 0.8000000119
115481  21.699  -41.290  -0.506 0.6999999881
22086  19.783  -45.908  6.096 0.5000000000
22069  20.490  -45.364  6.407 0.6000000238
32675  31.607  -32.732  7.748 0.6000000238
35079  32.607  -29.722  3.128 0.6000000238
37159  32.547  -27.691  1.179 0.5000000000
38081  32.132  -26.892  0.024 0.5000000000
120155  30.884  -26.276  -1.128 0.5000000000
37182  30.123  -27.212  -1.313 0.5000000000
38954  28.933  -25.747  -2.139 0.5000000000
120427  28.263  -25.994  -2.312 0.5000000000
100808  26.275  -25.056  -2.399 0.5000000000
114309  30.738  -23.944  -3.449 0.3000000119
40772  28.182  -23.665  -3.603 0.3000000119
18874  26.398  -49.362  7.943 0.6000000238
22031  23.232  -45.391  9.221 0.8000000119
22999  22.157  -44.173  1.324 0.6999999881
110769  21.403  -41.973  0.736 0.6999999881
34191  30.315  -30.315  0.398 0.6999999881
36173  25.084  -28.859  -1.365 0.6999999881
40771  28.961  -23.749  -3.575 0.3000000119
26380  20.692  -40.645  -0.027 0.8000000119
25526  21.988  -42.086  -0.564 0.6999999881
35133  29.507  -29.481  -0.434 0.6999999881
16120  23.405  -53.876  8.363 0.4000000060
16760  24.615  -52.787  7.573 0.4000000060
16759  25.083  -52.281  7.290 0.5000000000
18182  24.719  -50.275  2.552 0.3000000119
19714  23.267  -48.538  1.603 0.4000000060
117276  19.764  -52.000  9.015 0.5000000000
36182  27.950  -28.217  -1.575 0.6999999881
110326  25.905  -28.672  -1.440 0.6999999881
36156  31.075  -29.019  -0.077 0.6999999881
36155  31.665  -28.366  0.090 0.6000000238
103804  30.972  -26.857  -0.941 0.5000000000
37172  29.755  -28.021  -1.167 0.6000000238
36181  28.829  -28.032  -1.458 0.6999999881
113363  27.574  -27.702  -1.865 0.6999999881
38103  26.858  -26.613  -2.280 0.6999999881
37160  32.170  -27.661  0.358 0.5000000000
115516  31.653  -26.691  -0.471 0.5000000000
108586  28.862  -27.260  -1.734 0.5000000000
38102  28.433  -26.639  -2.098 0.5000000000
101599  26.994  -25.667  -2.397 0.5000000000
38067  32.629  -26.906  1.603 0.5000000000
118490  30.364  -26.425  -1.374 0.5000000000
38953  29.925  -25.762  -1.691 0.5000000000
101030  27.989  -25.361  -2.379 0.5000000000
113151  20.503  -42.128  -0.162 0.6000000238
25523  24.604  -41.677  -0.551 0.5000000000
117751  22.707  -42.572  -0.564 0.6000000238
25525  22.939  -41.868  -0.607 0.6000000238
24675  25.919  -42.129  -0.185 0.5000000000
119974  25.207  -42.048  -0.342 0.5000000000
25524  23.732  -41.728  -0.617 0.6000000238
22928  20.311  -44.403  7.305 0.5000000000
24674  26.721  -42.308  -0.086 0.5000000000
25522  25.535  -41.366  -0.508 0.5000000000
25520  27.573  -41.991  0.052 0.5000000000
23764  20.049  -43.985  8.164 0.4000000060
22905  19.135  -44.153  8.440 0.4000000060
23743  19.377  -43.542  8.575 0.4000000060
25521  26.531  -41.591  -0.245 0.5000000000
25507  29.326  -41.183  0.440 0.5000000000
103664  27.207  -41.004  -0.092 0.5000000000
24563  19.087  -42.726  8.671 0.4000000060
26365  28.771  -40.284  0.491 0.5000000000
25508  28.235  -41.163  0.324 0.5000000000
25401  18.942  -41.717  8.634 0.4000000060
112094  22.766  -37.974  9.538 0.4000000060
27972  21.520  -38.315  9.182 0.4000000060
27982  20.766  -38.270  8.702 0.4000000060
31220  25.906  -34.875  10.456 0.4000000060
28826  22.961  -37.223  9.572 0.4000000060
112489  26.238  -34.124  10.078 0.4000000060
29648  23.561  -36.460  9.773 0.4000000060
28834  22.239  -36.857  9.301 0.4000000060
30448  23.274  -35.702  9.487 0.4000000060
29649  22.770  -36.368  9.432 0.4000000060
28835  21.178  -37.605  8.774 0.4000000060
30439  24.929  -36.021  10.466 0.4000000060
30447  25.078  -35.158  10.252 0.4000000060
101788  24.186  -35.621  9.920 0.4000000060
31942  27.556  -33.331  9.785 0.4000000060
101483  25.782  -33.648  9.488 0.4000000060
31944  24.977  -33.800  9.320 0.4000000060
31230  24.560  -34.621  9.653 0.4000000060
31236  24.095  -34.066  8.986 0.4000000060
31237  23.309  -34.421  8.795 0.4000000060
29657  22.066  -36.214  9.066 0.4000000060
120691  23.601  -33.961  8.615 0.4000000060
31238  22.469  -34.657  8.429 0.4000000060
107254  21.572  -36.869  8.878 0.4000000060
31939  30.152  -33.978  9.391 0.4000000060
32657  27.085  -32.783  9.129 0.4000000060
119145  26.033  -33.235  9.204 0.4000000060
31952  25.528  -33.149  8.897 0.4000000060
31950  30.651  -33.364  8.790 0.5000000000
32665  29.905  -33.061  9.304 0.4000000060
32655  29.024  -32.810  9.508 0.4000000060
32656  28.049  -32.689  9.411 0.4000000060
32669  25.849  -32.498  8.474 0.4000000060
32670  25.062  -32.696  8.366 0.4000000060
31953  24.646  -33.348  8.672 0.4000000060
105320  23.873  -33.531  8.422 0.4000000060
31954  23.110  -33.860  8.261 0.4000000060
32663  31.081  -32.741  8.368 0.5000000000
108917  29.560  -32.379  9.131 0.5000000000
32666  28.629  -32.045  8.975 0.4000000060
32667  27.542  -32.132  8.766 0.4000000060
32668  26.645  -32.299  8.563 0.4000000060
32664  30.384  -32.366  8.739 0.5000000000
103068  27.017  -31.545  8.195 0.4000000060
33352  26.137  -31.865  8.131 0.4000000060
33349  30.378  -31.417  8.380 0.4000000060
34096  29.441  -31.043  8.295 0.4000000060
34097  28.493  -30.926  8.113 0.4000000060
33351  27.987  -31.481  8.428 0.4000000060
33359  26.948  -30.877  7.805 0.4000000060
35029  29.687  -29.847  7.404 0.4000000060
35051  29.244  -29.241  6.866 0.4000000060
35030  28.697  -29.789  7.299 0.4000000060
35031  27.791  -29.751  7.209 0.4000000060
35053  27.415  -29.159  6.727 0.4000000060
33370  32.156  -31.502  6.865 0.5000000000
121575  31.610  -30.045  6.822 0.5000000000
112812  30.532  -29.938  7.358 0.4000000060
35052  28.268  -29.214  6.749 0.4000000060
36088  27.013  -28.622  6.198 0.3000000119
33379  32.498  -31.380  5.454 0.5000000000
34106  30.238  -30.550  7.880 0.5000000000
34098  27.631  -30.920  7.958 0.4000000060
34110  26.488  -30.358  7.528 0.4000000060
34107  29.108  -30.410  7.785 0.4000000060
34109  27.325  -30.342  7.547 0.4000000060
35049  31.663  -29.444  6.394 0.5000000000
35028  31.083  -29.632  6.945 0.5000000000
35050  30.268  -29.325  6.956 0.4000000060
36086  28.781  -28.641  6.294 0.4000000060
36087  27.840  -28.634  6.207 0.3000000119
35062  32.383  -29.183  5.240 0.5000000000
36085  29.834  -28.649  6.441 0.4000000060
36099  28.286  -28.118  5.636 0.4000000060
36101  26.572  -28.144  5.629 0.3000000119
36096  32.255  -28.411  5.007 0.5000000000
115006  32.564  -28.920  4.493 0.4000000060
121099  32.648  -28.696  3.865 0.5000000000
37086  30.892  -27.619  5.411 0.3000000119
36097  30.354  -28.093  5.929 0.4000000060
36098  29.290  -28.071  5.808 0.4000000060
37089  27.787  -27.591  4.925 0.3000000119
36100  27.386  -28.154  5.572 0.3000000119
37091  26.104  -27.637  5.099 0.3000000119
37085  31.711  -27.964  5.297 0.3000000119
36110  32.478  -28.228  4.253 0.4000000060
105345  32.625  -28.169  3.527 0.4000000060
36130  32.627  -28.590  2.342 0.4000000060
37087  29.832  -27.509  5.318 0.3000000119
37088  28.774  -27.549  5.125 0.3000000119
37113  27.223  -27.244  4.411 0.3000000119
37090  26.910  -27.672  4.999 0.3000000119
37092  25.321  -27.521  5.249 0.3000000119
37093  24.584  -27.399  5.481 0.3000000119
37114  26.435  -27.238  4.479 0.3000000119
37115  25.609  -27.164  4.586 0.3000000119
112389  24.344  -26.456  4.222 0.3000000119
37108  32.134  -27.719  4.607 0.3000000119
37128  32.399  -27.579  3.856 0.3000000119
37136  32.594  -27.552  3.070 0.3000000119
37146  32.647  -27.721  2.181 0.4000000060
104513  32.503  -26.946  0.751 0.4000000060
121639  32.411  -26.339  0.374 0.4000000060
38093  31.394  -26.035  -0.804 0.4000000060
38101  29.439  -26.643  -1.718 0.4000000060
38034  23.857  -26.701  4.665 0.3000000119
38028  31.183  -26.611  4.334 0.3000000119
37110  30.473  -27.012  4.846 0.3000000119
37109  31.462  -27.297  4.814 0.3000000119
38027  31.986  -27.013  4.151 0.3000000119
38894  32.314  -26.141  2.794 0.3000000119
105893  32.605  -26.126  1.903 0.3000000119
38080  32.643  -26.191  1.032 0.4000000060
39835  32.373  -24.648  0.706 0.3000000119
38937  32.434  -25.535  0.361 0.4000000060
39838  32.247  -24.790  -0.017 0.4000000060
38944  31.268  -25.169  -1.007 0.4000000060
38952  30.466  -25.035  -1.477 0.4000000060
39849  29.559  -24.951  -1.864 0.4000000060
39850  28.742  -24.877  -2.187 0.4000000060
38042  31.729  -26.258  3.605 0.3000000119
39836  32.109  -24.054  0.080 0.3000000119
39839  31.037  -24.339  -1.187 0.4000000060
39840  30.140  -24.249  -1.593 0.4000000060
39841  29.147  -24.092  -1.920 0.4000000060
103190  28.415  -23.560  -2.086 0.4000000060
116344  27.861  -23.766  -2.257 0.4000000060
39851  26.509  -24.226  -2.341 0.4000000060
40730  32.102  -23.796  0.962 0.3000000119
41662  31.478  -22.678  -0.264 0.3000000119
120705  31.058  -22.943  -0.926 0.3000000119
40736  30.684  -23.571  -1.277 0.4000000060
106592  29.895  -23.576  -1.607 0.4000000060
40737  29.268  -23.197  -1.754 0.4000000060
109008  28.516  -22.790  -1.933 0.3000000119
40738  27.637  -23.266  -2.189 0.4000000060
40743  26.763  -23.511  -2.262 0.3000000119
101457  25.927  -23.685  -2.247 0.3000000119
39852  25.643  -24.430  -2.359 0.4000000060
41672  26.242  -23.014  -2.137 0.3000000119
102445  25.077  -23.809  -2.297 0.3000000119
41659  31.540  -22.362  0.525 0.3000000119
42606  31.364  -22.003  -0.068 0.3000000119
108474  30.264  -22.816  -1.355 0.3000000119
41664  29.477  -22.364  -1.623 0.3000000119
105951  28.743  -21.949  -1.854 0.3000000119
41665  27.658  -22.398  -2.048 0.3000000119
40739  26.988  -22.922  -2.166 0.3000000119
41666  26.678  -22.407  -2.069 0.3000000119
105308  27.144  -21.881  -2.064 0.3000000119
42600  31.260  -21.584  0.524 0.3000000119
114177  30.991  -22.259  -0.747 0.3000000119
41663  30.366  -21.913  -1.182 0.3000000119
114133  29.752  -21.502  -1.506 0.3000000119
42609  29.115  -21.033  -1.817 0.3000000119
42610  28.005  -21.518  -2.050 0.3000000119
42619  27.115  -21.199  -2.206 0.3000000119
42611  26.310  -21.770  -2.067 0.3000000119
41673  25.760  -22.405  -2.033 0.3000000119
118383  25.071  -20.742  -2.308 0.3000000119
101146  25.635  -20.140  -2.534 0.3000000119
33348  31.200  -31.914  8.102 0.5000000000
33357  31.587  -31.254  7.491 0.5000000000
24664  20.162  -42.943  -0.006 0.6000000238
24686  21.007  -42.740  -0.443 0.5000000000
24679  22.073  -43.070  -0.580 0.5000000000
24677  24.090  -42.430  -0.417 0.5000000000
24678  22.911  -43.274  -0.517 0.5000000000
23844  26.245  -42.828  0.151 0.5000000000
24676  24.713  -42.362  -0.299 0.5000000000
22949  22.081  -44.472  6.747 0.6000000238
22950  21.398  -44.894  6.575 0.6000000238
23782  21.571  -44.094  6.789 0.6000000238
22929  19.506  -44.771  7.780 0.5000000000
22906  18.628  -44.686  8.352 0.5000000000
120290  18.529  -44.118  8.541 0.4000000060
116679  18.538  -43.459  8.606 0.4000000060
24564  18.207  -42.481  8.572 0.4000000060
24581  18.141  -41.673  8.407 0.4000000060
27118  19.022  -39.167  7.850 0.3000000119
27983  20.000  -38.111  8.067 0.3000000119
28836  20.546  -37.644  8.292 0.4000000060
30470  21.770  -35.202  8.233 0.4000000060
28846  20.799  -36.906  8.187 0.4000000060
31955  22.393  -34.053  7.902 0.4000000060
32676  25.385  -32.098  8.070 0.4000000060
31963  23.491  -33.138  7.886 0.4000000060
32679  22.950  -32.616  7.461 0.4000000060
32677  24.658  -32.273  7.932 0.4000000060
33360  26.317  -31.166  7.816 0.4000000060
33361  24.302  -31.739  7.665 0.4000000060
35032  26.987  -29.711  7.180 0.4000000060
35054  26.672  -29.083  6.773 0.4000000060
35033  26.266  -29.598  7.195 0.4000000060
36102  25.813  -28.051  5.787 0.3000000119
36103  25.097  -27.840  6.010 0.3000000119
25519  28.761  -41.970  0.285 0.5000000000
26270  18.584  -40.008  8.048 0.4000000060
31247  21.804  -34.578  7.818 0.4000000060
106372  22.689  -33.413  7.674 0.4000000060
119203  25.574  -31.467  7.804 0.4000000060
119740  24.967  -31.739  7.798 0.4000000060
25413  18.313  -40.861  8.251 0.4000000060
103210  24.864  -40.932  -0.812 0.5000000000
31227  28.100  -33.943  10.348 0.4000000060
33369  32.333  -31.044  6.225 0.5000000000
36119  32.705  -28.855  3.155 0.5000000000
31941  28.506  -33.382  9.882 0.4000000060
115182  32.447  -30.669  5.619 0.5000000000
38092  32.105  -26.143  -0.224 0.4000000060
100939  27.187  -24.751  -2.395 0.4000000060
110845  23.371  -42.532  -0.512 0.6000000238
30449  22.600  -35.767  9.202 0.4000000060
30458  22.186  -35.497  8.741 0.4000000060
30459  21.445  -36.031  8.367 0.4000000060
32678  23.874  -32.427  7.716 0.4000000060
33350  29.561  -31.742  8.740 0.4000000060
33358  31.001  -31.061  7.972 0.5000000000
34125  32.129  -30.175  6.214 0.5000000000
34126  31.889  -30.710  6.893 0.5000000000
34105  31.182  -30.418  7.410 0.5000000000
35063  31.850  -28.731  5.802 0.5000000000
35048  32.138  -29.486  5.846 0.5000000000
36084  30.965  -28.786  6.441 0.4000000060
116581  31.209  -28.205  5.830 0.4000000060
38041  32.328  -26.889  3.347 0.3000000119
110607  32.668  -28.164  2.872 0.4000000060
38059  32.572  -26.869  2.495 0.3000000119
38943  31.949  -25.353  -0.422 0.4000000060
40733  31.848  -23.185  0.327 0.3000000119
40735  31.520  -23.580  -0.612 0.3000000119
40742  27.330  -23.966  -2.313 0.4000000060
118300  30.171  -20.567  -1.240 0.3000000119
42620  26.024  -20.994  -2.283 0.3000000119
19680  19.414  -47.991  5.729 0.4000000060
20393  19.659  -47.218  5.863 0.4000000060
20394  18.794  -47.126  5.494 0.4000000060
21221  18.255  -46.533  5.525 0.3000000119
21220  19.220  -46.434  5.791 0.4000000060
22087  19.030  -45.985  5.971 0.3000000119
105061  20.963  -45.833  0.342 0.5000000000
22070  19.656  -45.569  6.422 0.5000000000
22071  18.956  -45.801  6.629 0.3000000119
22123  20.713  -45.002  0.337 0.5000000000
23028  20.414  -44.299  -0.112 0.5000000000
22136  20.630  -45.393  0.065 0.5000000000
22951  20.825  -44.533  6.722 0.5000000000
22952  20.074  -44.989  6.841 0.4000000060
23004  20.432  -44.244  0.216 0.5000000000
104897  20.749  -45.095  -0.255 0.5000000000
23037  20.931  -44.473  -0.406 0.3000000119
23850  20.208  -43.565  0.029 0.5000000000
23858  20.557  -43.621  -0.277 0.4000000060
23849  21.402  -43.759  -0.507 0.4000000060
23026  22.525  -44.802  -0.514 0.3000000119
23848  22.332  -43.959  -0.532 0.3000000119
23024  23.662  -44.308  -0.155 0.3000000119
23847  23.053  -44.122  -0.407 0.3000000119
23833  24.823  -43.565  0.240 0.3000000119
23846  24.166  -43.726  -0.026 0.3000000119
107349  23.666  -43.337  -0.323 0.4000000060
22907  17.795  -44.102  8.594 0.3000000119
23831  26.586  -43.586  0.426 0.4000000060
115269  25.686  -43.461  0.397 0.4000000060
106118  24.434  -43.003  -0.134 0.4000000060
23744  17.605  -42.983  8.569 0.3000000119
28847  20.191  -37.390  7.713 0.3000000119
29667  20.807  -36.187  7.731 0.3000000119
30471  21.185  -35.362  7.626 0.3000000119
30472  20.473  -35.888  7.070 0.3000000119
31248  21.300  -34.513  7.212 0.3000000119
106887  22.269  -33.093  7.259 0.3000000119
33362  23.456  -31.803  7.491 0.3000000119
108136  22.585  -31.829  7.307 0.3000000119
32688  22.142  -32.506  7.092 0.3000000119
33371  21.167  -31.977  6.629 0.3000000119
34111  25.718  -30.730  7.621 0.3000000119
106040  24.871  -31.052  7.627 0.3000000119
110963  23.917  -31.040  7.582 0.3000000119
107248  22.966  -31.017  7.560 0.3000000119
119128  25.845  -30.054  7.441 0.3000000119
34112  25.196  -30.199  7.518 0.3000000119
34113  24.386  -30.292  7.566 0.3000000119
34114  23.476  -30.212  7.640 0.3000000119
35035  24.079  -29.500  7.551 0.3000000119
35036  23.208  -29.259  7.667 0.3000000119
35055  26.058  -29.006  6.866 0.3000000119
35034  25.506  -29.381  7.261 0.3000000119
112230  24.710  -28.822  7.251 0.3000000119
103272  23.880  -28.772  7.412 0.3000000119
21270  22.187  -46.864  1.151 0.5000000000
23845  25.267  -42.724  0.031 0.4000000060
32689  21.558  -32.448  6.745 0.3000000119
108268  24.790  -29.636  7.467 0.3000000119
22050  19.417  -45.350  7.069 0.3000000119
22051  18.686  -45.476  7.711 0.3000000119
22033  17.926  -45.140  8.392 0.3000000119
16737  19.823  -52.728  9.232 0.4000000060
16130  18.986  -52.881  7.973 0.4000000060
16762  19.231  -52.199  7.832 0.4000000060
16781  18.980  -52.178  5.733 0.4000000060
17450  19.084  -51.506  5.518 0.3000000119
17429  19.378  -51.614  7.276 0.4000000060
17444  19.268  -51.605  6.284 0.4000000060
18151  19.341  -50.889  5.793 0.4000000060
18141  19.608  -50.915  6.684 0.4000000060
104244  19.145  -50.099  5.379 0.3000000119
18915  18.912  -49.180  5.306 0.3000000119
110145  19.743  -50.216  6.159 0.4000000060
19694  17.339  -47.774  4.356 0.3000000119
18928  18.034  -48.842  4.721 0.3000000119
20395  17.796  -47.062  4.960 0.3000000119
18914  19.618  -49.441  5.822 0.4000000060
19681  18.493  -48.108  5.254 0.3000000119
16771  18.994  -52.513  6.834 0.4000000060
20396  17.403  -46.773  4.966 0.3000000119
16736  20.634  -52.662  9.485 0.3000000119
20412  16.745  -47.182  4.211 0.3000000119
15431  21.431  -54.129  9.470 0.4000000060
15448  22.427  -54.838  8.899 0.4000000060
16147  25.284  -53.067  5.075 0.4000000060
16748  24.218  -52.585  8.365 0.4000000060
16749  19.405  -52.433  8.604 0.5000000000
16761  24.052  -53.346  7.965 0.4000000060
16779  25.486  -52.458  5.750 0.4000000060
17411  24.365  -51.828  8.704 0.6000000238
17413  20.076  -51.387  8.957 0.5000000000
17474  25.132  -51.085  2.904 0.3000000119
18095  23.722  -50.698  9.502 0.6000000238
18125  19.785  -50.941  7.648 0.4000000060
18949  25.085  -49.560  2.831 0.5000000000
19668  20.025  -48.720  6.127 0.4000000060
19679  20.070  -47.927  6.072 0.4000000060
20392  27.335  -47.667  5.206 0.8999999762
20422  25.621  -47.781  3.168 0.6999999881
21172  23.162  -46.183  9.549 0.8999999762
21187  27.322  -46.766  8.033 1.0000000000
21219  20.045  -46.573  6.054 0.4000000060
21271  21.118  -46.568  0.347 0.5000000000
22114  22.008  -44.960  1.257 0.6999999881
22926  23.062  -43.629  7.842 0.6999999881
22996  24.626  -44.820  2.452 0.8000000119
22998  23.122  -44.116  1.677 0.8000000119
23014  20.260  -44.185  0.001 0.5000000000
23027  21.759  -44.635  -0.556 0.3000000119
23812  26.602  -43.773  3.176 0.8999999762
23834  20.207  -43.548  0.061 0.5000000000
24650  25.209  -42.395  2.345 0.8999999762
24658  21.014  -42.733  0.641 0.6999999881
24659  20.324  -42.792  0.169 0.6999999881
24680  20.293  -42.833  -0.117 0.6000000238
25464  28.451  -41.766  5.261 1.0000000000
25489  25.840  -40.809  2.572 0.8999999762
25492  23.055  -41.646  1.405 0.8999999762
25527  20.552  -41.397  -0.107 0.8000000119
25536  22.404  -41.334  -0.622 0.6999999881
26249  28.392  -40.911  9.698 0.8999999762
26250  27.825  -41.123  10.599 0.8999999762
26344  25.226  -40.326  2.077 0.8999999762
26354  23.622  -40.473  1.379 0.8999999762
26375  27.787  -40.438  0.234 0.6000000238
27081  27.762  -39.599  11.129 0.8999999762
27084  24.837  -39.342  10.730 0.6999999881
27092  28.457  -39.475  10.402 0.8999999762
27093  24.147  -39.350  10.072 0.6999999881
27209  21.009  -40.007  0.007 0.8999999762
27238  24.774  -39.402  -1.255 0.8000000119
27971  22.273  -38.437  9.451 0.5000000000
27984  19.609  -38.742  8.122 0.3000000119
28057  27.154  -38.233  2.397 1.0000000000
28107  24.414  -38.765  -1.334 0.6999999881
28827  22.021  -37.608  9.331 0.4000000060
28926  23.609  -37.393  0.626 0.8999999762
28953  30.728  -37.426  0.078 0.6000000238
29637  24.923  -36.716  10.573 0.5000000000
29733  28.697  -36.537  2.571 1.0000000000
29755  30.237  -36.855  0.208 0.6000000238
29770  22.719  -36.722  -0.267 0.8999999762
30437  26.426  -35.417  10.827 0.5000000000
30457  22.885  -35.129  9.065 0.4000000060
30577  26.550  -35.043  -1.043 0.6999999881
31216  29.148  -35.181  10.349 0.6000000238
31228  27.149  -33.966  10.290 0.4000000060
31229  25.405  -34.339  9.903 0.4000000060
31231  23.699  -34.905  9.358 0.4000000060
31256  31.470  -34.807  6.404 0.6999999881
31356  26.102  -34.498  -1.305 0.6999999881
31943  26.572  -33.404  9.530 0.4000000060
31951  26.280  -32.876  8.941 0.4000000060
31962  24.282  -32.899  8.138 0.4000000060
31982  31.911  -33.728  5.328 0.6999999881
32006  30.982  -33.594  3.584 0.8000000119
32019  28.437  -34.197  1.737 0.8999999762
32784  28.296  -32.295  -1.261 0.6999999881
34108  28.160  -30.374  7.630 0.4000000060
34132  32.446  -29.981  5.410 0.5000000000
35119  29.696  -30.074  -0.033 0.6999999881
35134  28.663  -29.459  -0.670 0.6999999881
36089  26.271  -28.567  6.305 0.3000000119
36184  26.349  -28.080  -1.710 0.6999999881
36191  23.467  -28.549  -2.286 0.8000000119
36201  24.814  -28.669  -3.464 0.6000000238
37116  24.698  -27.027  4.727 0.3000000119
38032  25.987  -26.731  4.078 0.3000000119
38094  30.733  -25.782  -1.279 0.5000000000
38957  24.291  -25.529  -2.839 0.6000000238
38972  24.142  -25.031  -3.089 0.6000000238
39842  28.097  -24.325  -2.290 0.4000000060
39895  25.189  -23.989  -4.296 0.6000000238
40744  25.377  -23.109  -2.137 0.3000000119
40755  23.599  -23.455  -3.053 0.5000000000
40773  23.671  -23.541  -3.176 0.5000000000
41675  23.933  -22.514  -2.424 0.4000000060
42608  30.469  -21.191  -1.013 0.3000000119
42644  23.406  -21.469  -3.112 0.4000000060
43561  23.950  -20.251  -2.790 0.4000000060
43562  23.522  -20.926  -2.910 0.4000000060
43572  23.873  -20.155  -3.092 0.4000000060
43584  23.991  -20.278  -3.447 0.4000000060
44575  25.188  -19.447  -2.875 0.3000000119
101822  21.630  -46.251  0.862 0.6000000238
101846  31.741  -24.530  -0.552 0.4000000060
103042  31.904  -32.051  7.384 0.6000000238
104039  20.487  -44.847  -0.020 0.5000000000
104171  23.325  -22.147  -3.104 0.4000000060
105134  20.436  -44.703  0.057 0.5000000000
105663  32.132  -32.796  6.985 0.6999999881
105808  23.936  -38.006  -1.347 0.8000000119
107204  24.556  -47.220  2.496 0.8000000119
108671  21.708  -41.234  0.759 0.8000000119
108713  20.456  -41.154  0.004 0.8000000119
110037  27.613  -27.043  -2.140 0.6999999881
110305  24.221  -21.827  -2.252 0.4000000060
110600  22.228  -39.610  -0.546 0.8999999762
111218  23.269  -31.620  -0.670 0.8999999762
112481  25.085  -40.064  10.994 0.6999999881
115108  21.762  -49.760  9.455 0.5000000000
115655  25.184  -34.749  -1.466 0.8000000119
116878  20.638  -43.422  8.176 0.4000000060
117473  25.546  -49.010  3.141 0.6000000238
117951  21.013  -41.393  0.471 0.8999999762
118492  25.460  -42.811  10.807 0.8999999762
118494  28.799  -31.432  8.512 0.4000000060
118898  26.628  -43.758  10.407 0.8999999762
119005  27.142  -29.988  -2.857 0.6000000238
119823  18.587  -42.151  8.593 0.4000000060
120757  30.612  -33.978  8.916 0.5000000000
120763  31.310  -25.758  3.568 0.3000000119
121025  21.087  -40.042  0.132 0.8999999762
121222  32.491  -29.048  1.830 0.6000000238
121632  24.070  -46.563  10.280 0.8999999762
121652  32.286  -31.877  4.030 0.6999999881
