#!ascii label  , from subject sub-v1s11x0050158_ses-1 vox2ras=TkReg
938
10060  27.782  -62.589  1.691 0.3000000119
14876  28.431  -56.285  -5.985 0.6000000238
17547  29.884  -51.954  -5.392 0.6999999881
17536  29.427  -51.512  -4.840 0.6999999881
110871  27.525  -61.737  1.696 0.4000000060
13407  24.910  -57.731  -1.267 0.4000000060
10711  28.163  -61.229  1.117 0.5000000000
14869  28.634  -55.516  -5.383 0.6999999881
15584  29.373  -54.911  -6.124 0.6999999881
15580  29.608  -54.836  -5.852 0.5000000000
16868  30.473  -52.806  -5.595 0.6000000238
17546  30.788  -51.888  -5.506 0.6000000238
18256  31.204  -51.152  -5.252 0.6999999881
114915  30.396  -50.820  -4.331 0.6999999881
11334  26.456  -60.597  1.622 0.5000000000
12686  24.925  -58.436  -0.446 0.4000000060
10712  27.301  -60.860  1.610 0.6000000238
14128  25.568  -56.661  -2.322 0.4000000060
14127  26.146  -56.136  -2.876 0.5000000000
11333  27.014  -60.031  1.459 0.6000000238
14863  26.978  -55.957  -3.873 0.6000000238
11349  27.768  -60.288  1.141 0.6000000238
15570  28.380  -54.900  -4.295 0.6000000238
15574  30.141  -54.072  -5.459 0.6000000238
16240  31.018  -53.395  -5.361 0.6000000238
18253  33.628  -51.437  -5.313 0.6999999881
17545  31.629  -51.942  -5.551 0.6999999881
18254  32.693  -51.239  -5.240 0.6999999881
18247  31.849  -50.783  -4.991 0.6999999881
103288  30.916  -50.590  -3.799 0.6999999881
114496  33.260  -50.820  -5.015 0.6999999881
18238  33.460  -50.373  -4.390 0.6999999881
19011  33.184  -50.007  -3.604 0.6999999881
19016  34.424  -50.218  -4.534 0.6999999881
10697  25.809  -61.212  1.644 0.5000000000
11976  25.151  -59.791  0.507 0.5000000000
11986  25.059  -59.130  0.128 0.5000000000
14121  25.297  -56.843  -1.434 0.4000000060
11974  26.650  -59.301  1.173 0.5000000000
109668  26.257  -55.524  -1.990 0.5000000000
14862  27.564  -55.208  -3.700 0.6000000238
11973  27.944  -58.771  0.541 0.6000000238
12673  27.080  -58.681  0.914 0.5000000000
111370  27.382  -57.065  0.590 0.5000000000
15568  29.691  -54.157  -4.467 0.6999999881
15575  29.929  -54.420  -5.343 0.6999999881
16865  32.804  -52.582  -5.294 0.6000000238
16239  31.800  -53.127  -5.367 0.6000000238
17543  33.234  -52.053  -5.456 0.6000000238
17544  32.423  -52.009  -5.534 0.6000000238
18252  34.497  -51.593  -5.312 0.6000000238
18245  34.015  -50.842  -5.076 0.6999999881
19012  32.447  -49.991  -3.200 0.6999999881
18244  34.926  -50.919  -5.155 0.6000000238
19010  34.003  -49.650  -3.554 0.6999999881
19015  35.326  -50.143  -4.657 0.6999999881
14109  25.644  -56.461  -0.605 0.4000000060
11975  25.755  -59.298  0.938 0.5000000000
13391  25.314  -57.715  -0.128 0.4000000060
14856  26.290  -55.400  -1.142 0.5000000000
15562  27.284  -54.732  -2.479 0.6000000238
13372  25.959  -57.760  0.522 0.4000000060
15569  28.842  -54.277  -3.876 0.6000000238
111398  26.737  -57.970  0.723 0.4000000060
13390  25.757  -57.013  0.108 0.4000000060
13371  26.576  -57.114  0.540 0.4000000060
14833  26.903  -55.730  0.196 0.4000000060
16227  30.043  -53.628  -3.814 0.6999999881
114894  30.404  -54.015  -4.899 0.6000000238
16234  31.784  -53.354  -5.163 0.6000000238
16864  33.549  -52.442  -5.181 0.6000000238
16233  32.331  -53.063  -5.213 0.6000000238
17541  35.428  -51.664  -5.196 0.6000000238
19004  33.289  -49.484  -2.888 0.6999999881
19750  34.698  -49.089  -3.091 0.6999999881
19009  35.765  -49.365  -4.092 0.6000000238
109558  34.961  -49.584  -3.814 0.6000000238
107289  26.028  -55.867  -0.648 0.4000000060
100557  28.009  -54.427  -3.066 0.6999999881
14851  26.549  -55.501  -0.329 0.4000000060
16228  29.258  -53.771  -3.329 0.8000000119
14832  27.616  -55.598  0.379 0.5000000000
16226  30.848  -53.508  -4.266 0.6999999881
16225  31.655  -53.383  -4.648 0.6000000238
16863  34.186  -52.336  -5.095 0.5000000000
16859  33.006  -52.845  -5.008 0.6000000238
19744  33.411  -49.025  -2.036 0.6999999881
120576  36.928  -51.074  -5.230 0.6000000238
18243  35.982  -50.886  -5.144 0.6000000238
19743  34.126  -48.910  -2.492 0.8000000119
19014  36.754  -50.231  -5.105 0.6000000238
104037  36.057  -49.964  -4.707 0.6000000238
15557  27.400  -54.438  -1.459 0.5000000000
119301  27.674  -54.366  -2.229 0.6000000238
15552  27.552  -54.579  -0.443 0.5000000000
16199  29.032  -53.891  0.168 0.6999999881
15542  27.852  -54.851  0.164 0.4000000060
16214  31.264  -53.056  -3.529 0.6999999881
16852  32.131  -52.893  -3.892 0.6999999881
16857  34.565  -52.424  -4.823 0.6000000238
101172  33.330  -52.718  -4.351 0.6000000238
16856  35.353  -52.264  -4.758 0.6000000238
19733  33.888  -48.432  -1.742 0.6000000238
17540  36.457  -51.595  -5.106 0.6000000238
19749  35.448  -48.664  -3.312 0.6999999881
19742  34.887  -48.342  -2.594 0.6999999881
110461  37.385  -49.431  -5.300 0.6999999881
19008  36.476  -49.281  -4.586 0.6999999881
19748  36.213  -48.502  -3.951 0.6999999881
16207  29.184  -53.452  -0.619 0.5000000000
16212  28.665  -53.651  -1.254 0.6000000238
16217  28.918  -53.619  -2.281 0.6000000238
16206  29.812  -53.192  0.030 0.6999999881
16208  28.598  -53.844  -0.452 0.6000000238
16216  29.690  -53.407  -2.701 0.6999999881
111582  30.280  -53.217  0.684 0.6999999881
107046  29.798  -53.760  0.719 0.6999999881
16215  30.476  -53.251  -3.123 0.6999999881
16841  32.498  -52.504  -2.972 0.6999999881
16849  34.841  -52.401  -4.065 0.5000000000
16840  33.355  -52.418  -3.284 0.6000000238
19725  33.122  -47.872  -0.709 0.5000000000
17528  36.188  -52.054  -4.686 0.6000000238
21302  34.445  -46.984  -1.763 0.6000000238
21303  33.809  -46.535  -1.270 0.5000000000
17539  37.651  -51.273  -5.184 0.6000000238
17533  36.827  -51.758  -4.984 0.6000000238
20476  35.971  -47.515  -3.478 0.6000000238
21314  34.813  -46.445  -2.432 0.5000000000
21323  35.166  -45.924  -3.136 0.5000000000
18251  38.676  -50.709  -5.672 0.6999999881
19019  38.550  -49.958  -5.918 0.6999999881
19756  38.245  -48.982  -6.071 0.6999999881
20480  37.094  -47.700  -5.040 0.6999999881
21326  36.541  -46.461  -4.896 0.5000000000
19755  39.199  -49.267  -6.704 0.6999999881
20479  37.833  -47.907  -6.176 0.6000000238
16210  30.123  -53.056  -2.089 0.6000000238
16834  30.466  -52.702  -0.660 0.6999999881
113154  29.881  -53.027  -1.068 0.6000000238
16823  31.145  -52.291  0.481 0.6999999881
16843  30.868  -52.839  -2.423 0.6999999881
17517  32.857  -52.103  -2.375 0.6999999881
16842  31.676  -52.635  -2.711 0.6999999881
16839  34.186  -52.173  -3.220 0.6000000238
21289  33.292  -46.978  -0.637 0.4000000060
103185  35.633  -52.172  -3.961 0.5000000000
22163  34.506  -45.526  -2.684 0.4000000060
18250  39.457  -50.593  -5.652 0.6000000238
17532  37.872  -51.479  -4.961 0.6000000238
21321  36.312  -46.776  -4.219 0.5000000000
21322  35.750  -46.372  -3.678 0.5000000000
20483  37.121  -46.832  -5.585 0.5000000000
22181  36.552  -45.949  -5.455 0.4000000060
19018  39.368  -50.036  -6.164 0.6000000238
121346  39.008  -48.275  -7.713 0.6999999881
20486  38.661  -47.669  -7.449 0.6000000238
17497  31.556  -51.963  -0.112 0.6000000238
16828  31.807  -52.018  -0.978 0.6999999881
16833  31.217  -52.470  -1.536 0.6999999881
17490  32.217  -51.190  1.236 0.6999999881
17489  32.458  -51.156  0.346 0.6999999881
16832  32.120  -52.202  -1.996 0.6000000238
17516  33.608  -51.771  -2.301 0.6000000238
17513  37.196  -51.491  -3.756 0.6000000238
17514  35.784  -51.479  -2.940 0.5000000000
17527  37.057  -51.735  -4.573 0.6000000238
18242  39.570  -50.880  -5.121 0.6000000238
17525  38.909  -51.125  -4.733 0.6000000238
21327  36.080  -45.865  -4.560 0.4000000060
22173  35.413  -45.466  -3.938 0.5000000000
22174  34.726  -45.087  -3.455 0.4000000060
19017  39.960  -49.945  -5.942 0.6000000238
104420  36.140  -45.356  -5.182 0.4000000060
19757  39.802  -48.486  -7.502 0.6000000238
20485  39.625  -48.016  -7.961 0.5000000000
17496  32.179  -51.586  -0.338 0.6999999881
17506  32.717  -51.675  -1.412 0.6000000238
18191  33.402  -50.322  0.534 0.6999999881
17505  33.593  -51.210  -1.289 0.6000000238
18186  33.169  -50.259  1.271 0.6999999881
17504  34.369  -51.303  -1.984 0.5000000000
18228  37.699  -50.931  -3.213 0.6000000238
18229  36.779  -50.995  -2.834 0.6000000238
17526  38.097  -51.278  -4.131 0.6000000238
111873  39.657  -50.822  -4.480 0.5000000000
18249  39.965  -50.502  -5.347 0.6000000238
19754  40.058  -48.978  -6.669 0.6000000238
20487  39.631  -48.178  -7.809 0.5000000000
18190  34.129  -49.995  0.253 0.6999999881
18202  34.549  -50.279  -0.610 0.6999999881
18215  35.871  -50.636  -1.885 0.6000000238
18214  36.880  -50.327  -1.856 0.5000000000
18227  39.810  -50.439  -2.926 0.6000000238
18213  37.990  -50.398  -2.247 0.6000000238
19007  40.324  -50.152  -3.940 0.6000000238
19751  40.211  -49.485  -5.567 0.6000000238
20484  40.276  -48.177  -7.288 0.5000000000
116982  29.663  -56.620  0.394 0.5000000000
14830  29.654  -55.219  0.888 0.5000000000
14085  30.061  -56.110  0.693 0.5000000000
106473  29.244  -55.878  0.635 0.5000000000
15539  30.164  -54.495  1.159 0.6999999881
117778  31.538  -54.122  1.854 0.6999999881
14813  30.869  -54.964  1.410 0.5000000000
16192  30.491  -53.620  1.194 0.6999999881
16191  31.207  -53.395  1.712 0.6999999881
108514  31.338  -52.221  1.122 0.6999999881
10072  28.483  -62.741  1.016 0.3000000119
110696  31.049  -50.754  -4.682 0.6999999881
102148  30.057  -53.746  -5.677 0.6000000238
101462  31.872  -50.508  -4.102 0.6999999881
104123  31.957  -49.784  -2.320 0.6999999881
15541  28.579  -54.609  0.338 0.6000000238
17535  34.855  -52.106  -5.117 0.6000000238
19753  36.822  -48.482  -4.665 0.6999999881
20463  34.454  -47.975  -1.925 0.6000000238
20475  36.523  -47.658  -4.286 0.6999999881
21313  35.404  -46.885  -2.914 0.6000000238
19752  37.432  -48.479  -5.360 0.6999999881
21330  37.747  -46.995  -6.712 0.5000000000
119702  34.261  -51.764  -2.594 0.5000000000
18203  33.676  -50.607  -0.395 0.6999999881
17503  35.157  -51.201  -2.211 0.5000000000
19013  40.326  -50.173  -5.037 0.6000000238
113398  40.108  -48.777  -5.928 0.6000000238
18217  34.212  -50.796  -1.155 0.6000000238
18237  39.281  -50.859  -3.873 0.6000000238
18201  35.440  -50.080  -0.869 0.5000000000
15527  32.725  -53.902  2.323 0.6000000238
15504  36.540  -54.191  3.126 0.6000000238
15488  37.656  -54.130  4.066 0.4000000060
105240  34.202  -53.719  2.673 0.5000000000
16182  32.317  -53.037  2.493 0.6000000238
14141  27.318  -57.327  -5.481 0.5000000000
15502  38.904  -54.941  3.825 0.4000000060
14870  27.846  -55.968  -4.948 0.5000000000
14145  27.871  -56.767  -6.283 0.5000000000
16180  34.997  -53.667  2.923 0.5000000000
15485  40.247  -54.264  4.015 0.4000000060
14140  27.863  -56.843  -5.827 0.5000000000
14881  28.342  -55.831  -6.359 0.5000000000
16172  36.161  -53.615  3.703 0.6000000238
14875  28.804  -55.806  -6.014 0.5000000000
16810  34.128  -53.014  3.259 0.5000000000
16183  31.708  -52.962  2.130 0.6000000238
15499  42.624  -54.764  3.132 0.4000000060
14787  43.393  -55.338  2.889 0.4000000060
16160  37.409  -53.379  4.396 0.4000000060
14877  27.000  -55.744  -6.304 0.5000000000
16801  35.757  -52.952  4.157 0.5000000000
15586  28.367  -54.922  -6.284 0.5000000000
16242  27.790  -53.721  -5.700 0.5000000000
16811  33.452  -52.263  3.253 0.6000000238
101361  32.714  -52.274  2.775 0.6000000238
16818  31.454  -52.568  1.665 0.6000000238
16241  29.340  -54.115  -6.057 0.5000000000
119250  27.965  -52.687  -5.190 0.5000000000
16236  27.442  -53.082  -5.168 0.4000000060
16803  34.157  -52.135  3.702 0.5000000000
116680  34.913  -52.778  3.773 0.5000000000
17472  33.695  -51.473  3.522 0.6000000238
18180  33.186  -50.506  2.588 0.6000000238
17478  32.501  -51.625  2.511 0.6000000238
17485  31.753  -51.839  1.539 0.6000000238
16158  39.723  -53.529  4.299 0.4000000060
109011  42.274  -53.965  3.367 0.4000000060
17537  28.580  -51.818  -4.576 0.5000000000
16861  27.770  -52.386  -4.611 0.5000000000
16862  26.971  -52.867  -4.361 0.4000000060
17548  29.098  -52.000  -5.217 0.6000000238
16237  26.660  -53.510  -4.819 0.4000000060
16793  36.226  -52.302  4.510 0.6000000238
18172  34.714  -50.418  3.952 0.6000000238
18938  34.575  -49.833  3.324 0.6000000238
18179  33.860  -49.867  2.682 0.6000000238
106632  43.550  -54.851  3.225 0.4000000060
102599  29.101  -51.412  -4.161 0.5000000000
16853  27.257  -52.387  -3.610 0.4000000060
105685  26.554  -52.595  -2.852 0.4000000060
16791  38.199  -52.865  4.563 0.6000000238
16159  38.804  -53.598  4.421 0.4000000060
17460  36.724  -51.576  4.623 0.6000000238
16161  36.575  -53.134  4.337 0.6000000238
17470  35.040  -51.233  4.306 0.5000000000
18937  35.414  -49.834  3.833 0.6000000238
18161  35.577  -50.511  4.322 0.5000000000
18955  34.103  -49.601  1.844 0.6000000238
14772  43.775  -54.963  3.437 0.4000000060
16157  40.732  -53.327  3.850 0.4000000060
17529  29.290  -51.176  -3.356 0.6000000238
111991  28.587  -51.443  -2.851 0.5000000000
17508  27.454  -51.833  -1.664 0.5000000000
17519  26.967  -52.223  -2.228 0.5000000000
104744  39.720  -52.041  4.238 0.4000000060
16789  40.237  -52.621  4.094 0.4000000060
106490  38.836  -52.008  4.487 0.5000000000
117217  36.987  -50.213  4.306 0.5000000000
18924  37.100  -49.712  3.884 0.5000000000
103491  35.408  -49.461  3.063 0.6000000238
18954  35.530  -49.370  2.060 0.6000000238
18971  33.744  -49.874  1.132 0.6000000238
16155  43.208  -52.944  3.690 0.4000000060
15498  43.164  -54.145  3.164 0.4000000060
15484  43.446  -53.827  3.784 0.4000000060
102835  43.399  -54.769  4.236 0.4000000060
18230  31.499  -50.267  -3.089 0.6000000238
17453  43.086  -52.049  3.728 0.4000000060
16169  42.814  -53.009  3.329 0.4000000060
17518  29.091  -51.162  -2.270 0.6000000238
17499  27.963  -51.508  -0.980 0.5000000000
17456  40.731  -51.659  3.631 0.4000000060
17458  38.295  -51.176  4.427 0.5000000000
18936  36.256  -49.509  3.549 0.5000000000
18947  36.353  -49.334  2.615 0.6000000238
18969  35.579  -49.431  0.923 0.6000000238
18985  35.002  -49.684  0.036 0.6000000238
16145  42.303  -53.128  4.705 0.4000000060
19006  31.187  -50.140  -2.141 0.6000000238
18218  30.396  -50.420  -1.882 0.6000000238
17498  28.774  -51.150  -1.146 0.5000000000
18207  26.702  -51.166  0.104 0.5000000000
110985  42.684  -51.796  3.431 0.4000000060
17457  39.556  -51.219  4.030 0.5000000000
18170  38.981  -49.939  3.501 0.5000000000
18953  36.522  -49.389  1.557 0.5000000000
15473  42.897  -53.875  4.413 0.4000000060
18998  30.918  -49.982  -1.189 0.6000000238
18204  30.170  -50.339  -0.870 0.5000000000
18193  29.072  -50.439  0.481 0.5000000000
18159  38.892  -50.567  3.953 0.5000000000
18935  38.113  -49.580  3.451 0.4000000060
101292  37.389  -49.360  2.117 0.4000000060
18968  36.828  -49.491  0.546 0.4000000060
18984  36.040  -49.600  -0.169 0.6000000238
18200  36.462  -49.947  -1.082 0.4000000060
15475  41.250  -53.666  5.564 0.4000000060
16788  42.973  -52.203  4.180 0.4000000060
18996  32.360  -49.304  -1.580 0.6000000238
17455  42.703  -51.293  4.198 0.4000000060
19735  32.742  -48.667  -1.035 0.5000000000
18988  29.891  -50.148  0.142 0.5000000000
18975  28.647  -50.001  1.229 0.4000000060
18987  30.645  -49.773  -0.206 0.4000000060
18933  40.348  -49.562  2.975 0.5000000000
18934  39.216  -49.340  3.016 0.5000000000
18945  39.457  -49.142  2.348 0.6000000238
102167  37.676  -49.421  1.164 0.4000000060
18967  38.199  -49.587  0.299 0.4000000060
18995  37.666  -49.971  -1.243 0.4000000060
102406  38.990  -49.401  0.925 0.5000000000
19736  32.099  -49.021  -0.762 0.5000000000
18986  31.381  -49.385  -0.503 0.6000000238
19719  31.724  -48.596  0.042 0.4000000060
18982  38.698  -49.810  -0.535 0.5000000000
19708  40.430  -48.162  1.350 0.5000000000
18952  39.348  -49.151  1.674 0.5000000000
18966  39.646  -49.492  0.069 0.5000000000
17448  41.546  -51.533  4.824 0.4000000060
19746  40.188  -49.484  -4.273 0.5000000000
18212  39.489  -50.351  -2.156 0.4000000060
18994  39.092  -50.103  -1.358 0.5000000000
18965  40.380  -48.988  -0.272 0.5000000000
18951  40.152  -48.907  0.776 0.5000000000
20457  32.639  -47.344  -0.152 0.4000000060
19740  40.237  -49.639  -3.071 0.4000000060
19741  40.028  -48.973  -2.258 0.4000000060
18226  40.284  -50.063  -2.768 0.5000000000
18211  40.184  -50.156  -2.155 0.5000000000
18980  40.389  -49.379  -1.145 0.5000000000
18993  40.134  -49.976  -1.522 0.5000000000
19724  40.311  -48.782  -0.801 0.5000000000
16869  29.413  -52.883  -5.627 0.5000000000
18240  29.740  -51.079  -4.256 0.6000000238
120512  29.000  -54.769  -6.258 0.6000000238
100451  30.108  -50.763  -3.572 0.6000000238
14132  26.654  -56.775  -4.232 0.5000000000
20464  33.838  -47.605  -1.262 0.5000000000
15581  27.726  -54.444  -6.004 0.5000000000
16244  28.498  -54.216  -6.089 0.5000000000
16870  28.395  -53.233  -5.662 0.5000000000
17531  27.933  -51.913  -3.918 0.4000000060
16854  26.622  -52.856  -3.642 0.4000000060
17459  37.484  -51.634  4.618 0.6000000238
17530  28.524  -51.571  -3.655 0.6000000238
120442  27.751  -51.844  -2.885 0.4000000060
16800  41.348  -52.428  3.544 0.4000000060
18231  30.644  -50.480  -2.862 0.6000000238
103443  29.841  -50.756  -2.612 0.6000000238
17507  28.276  -51.497  -1.983 0.5000000000
112846  26.581  -51.981  -1.301 0.5000000000
16844  25.665  -52.785  -2.422 0.5000000000
17500  27.109  -51.633  -0.676 0.5000000000
18219  29.610  -50.737  -1.568 0.5000000000
119571  28.285  -51.249  -0.556 0.5000000000
18205  29.375  -50.657  -0.513 0.5000000000
18946  38.432  -49.304  2.552 0.5000000000
18206  27.742  -51.230  -0.047 0.5000000000
18169  39.884  -50.385  3.493 0.5000000000
18983  37.256  -49.673  -0.377 0.3000000119
19731  40.377  -49.230  -1.542 0.4000000060
103578  30.258  -70.011  -1.611 0.3000000119
5237  30.603  -70.862  -2.228 0.3000000119
5820  30.887  -69.916  -1.909 0.3000000119
5251  31.321  -70.642  -3.357 0.3000000119
5827  31.201  -70.453  -2.605 0.3000000119
6467  31.693  -69.178  -3.319 0.3000000119
5839  31.223  -69.871  -4.964 0.3000000119
6481  31.628  -69.263  -4.585 0.3000000119
7811  32.495  -66.289  -2.803 0.3000000119
7157  31.958  -68.344  -4.013 0.3000000119
7166  31.642  -68.427  -5.306 0.3000000119
6495  31.180  -69.145  -5.499 0.3000000119
7145  32.105  -67.197  -3.379 0.3000000119
8381  32.755  -65.880  -5.116 0.3000000119
7828  32.362  -66.646  -4.839 0.3000000119
7165  31.786  -67.461  -5.597 0.4000000060
7182  30.917  -67.334  -6.603 0.4000000060
7831  30.479  -67.209  -6.376 0.3000000119
8386  33.801  -64.904  -6.151 0.3000000119
8387  32.574  -65.524  -6.062 0.4000000060
7833  31.521  -66.375  -6.530 0.4000000060
7173  31.368  -67.193  -6.382 0.4000000060
7835  30.799  -66.655  -6.803 0.4000000060
8939  35.305  -63.714  -6.857 0.4000000060
8940  34.500  -64.300  -6.720 0.4000000060
8388  30.387  -66.223  -6.360 0.4000000060
8937  30.319  -65.273  -5.772 0.3000000119
8944  33.421  -64.110  -7.248 0.4000000060
8389  33.043  -64.803  -6.699 0.3000000119
104291  31.500  -65.337  -7.021 0.4000000060
9546  34.531  -63.420  -7.455 0.4000000060
8943  30.855  -64.976  -6.921 0.5000000000
113231  31.070  -65.439  -7.044 0.4000000060
11348  28.195  -59.712  0.546 0.5000000000
9545  35.253  -63.025  -7.230 0.4000000060
112623  30.569  -65.442  -6.547 0.4000000060
10084  28.988  -62.777  0.104 0.3000000119
10731  29.173  -61.234  -0.724 0.4000000060
8930  29.987  -64.513  -3.579 0.3000000119
13421  25.984  -58.149  -4.359 0.4000000060
13420  26.632  -57.682  -4.847 0.4000000060
14087  28.033  -56.605  0.512 0.4000000060
14086  28.955  -56.598  0.434 0.4000000060
12672  28.082  -57.744  0.433 0.4000000060
120342  33.576  -63.444  -7.709 0.4000000060
8941  32.280  -64.726  -7.084 0.3000000119
8942  31.543  -64.638  -7.091 0.5000000000
13370  28.773  -57.285  0.291 0.4000000060
12685  28.675  -58.531  0.073 0.4000000060
9549  34.846  -62.641  -7.868 0.4000000060
110906  28.756  -61.288  0.151 0.4000000060
8936  30.610  -64.694  -6.222 0.4000000060
11373  29.239  -60.474  -0.844 0.5000000000
10747  29.516  -60.981  -1.516 0.4000000060
10083  29.307  -62.777  -0.901 0.4000000060
9536  30.195  -63.981  -4.253 0.3000000119
116029  29.418  -61.934  -1.422 0.4000000060
13428  27.239  -58.152  -5.952 0.4000000060
14831  28.889  -55.130  0.617 0.4000000060
10140  33.781  -62.211  -8.329 0.4000000060
8945  32.586  -63.814  -7.441 0.4000000060
13389  29.077  -58.028  -0.067 0.4000000060
11985  28.735  -59.262  -0.070 0.5000000000
10141  32.911  -62.396  -7.992 0.4000000060
9547  31.834  -63.671  -7.222 0.4000000060
11984  29.336  -58.849  -0.620 0.5000000000
10788  33.429  -61.570  -8.310 0.4000000060
10784  32.980  -61.019  -8.028 0.4000000060
10137  32.099  -62.689  -7.369 0.4000000060
10138  31.578  -62.507  -6.674 0.5000000000
10135  31.089  -62.730  -5.853 0.5000000000
102951  29.794  -58.213  -0.613 0.4000000060
12001  29.789  -59.414  -1.335 0.5000000000
119584  34.220  -59.455  -7.946 0.4000000060
116233  30.600  -62.836  -4.932 0.5000000000
11372  29.636  -60.162  -1.470 0.4000000060
10124  30.249  -63.069  -4.083 0.4000000060
10764  30.160  -61.777  -3.097 0.4000000060
110689  29.650  -62.236  -2.179 0.4000000060
10758  29.786  -61.523  -2.295 0.4000000060
13388  29.608  -57.407  -0.001 0.4000000060
14084  30.967  -56.346  0.682 0.3000000119
10785  32.142  -61.699  -7.115 0.4000000060
10134  31.516  -61.898  -6.045 0.4000000060
114389  30.352  -58.336  -1.010 0.4000000060
12040  34.514  -58.938  -7.249 0.4000000060
11412  32.551  -60.684  -7.120 0.4000000060
10781  30.989  -61.972  -5.074 0.5000000000
10113  30.455  -62.072  -4.044 0.5000000000
13406  30.925  -58.155  -1.103 0.5000000000
12000  30.372  -59.193  -1.765 0.4000000060
12041  33.479  -59.276  -6.501 0.4000000060
12011  30.133  -59.856  -1.976 0.4000000060
10757  30.269  -61.020  -2.843 0.4000000060
11385  30.471  -60.262  -2.641 0.4000000060
14828  31.358  -55.687  1.154 0.4000000060
14108  30.484  -57.030  0.108 0.3000000119
11408  32.182  -60.556  -6.020 0.4000000060
10780  31.533  -61.208  -5.412 0.4000000060
111869  31.162  -57.597  -0.589 0.3000000119
11407  32.520  -59.845  -5.678 0.4000000060
114199  32.145  -59.727  -4.603 0.4000000060
11398  31.750  -60.452  -4.958 0.4000000060
10770  31.018  -61.125  -4.316 0.5000000000
12026  34.231  -58.776  -6.343 0.4000000060
12732  33.865  -58.557  -5.288 0.4000000060
11392  31.414  -60.250  -3.957 0.4000000060
12017  31.091  -59.919  -3.109 0.4000000060
12712  31.006  -58.944  -2.116 0.4000000060
15528  32.239  -54.416  1.948 0.4000000060
5829  27.232  -69.090  -2.799 0.3000000119
8374  33.330  -65.736  -3.660 0.3000000119
8380  33.771  -65.316  -5.400 0.3000000119
8935  35.756  -64.255  -6.403 0.4000000060
10136  34.989  -62.134  -7.931 0.4000000060
10786  34.848  -61.517  -8.281 0.4000000060
11406  35.162  -60.322  -6.904 0.4000000060
12046  35.030  -59.359  -7.718 0.4000000060
14083  31.919  -56.372  0.552 0.3000000119
12731  35.155  -58.437  -6.349 0.4000000060
14827  32.315  -55.730  1.066 0.4000000060
14106  32.430  -56.864  -0.214 0.4000000060
13386  32.001  -57.436  -0.745 0.4000000060
108440  34.917  -58.063  -5.324 0.4000000060
12015  32.657  -59.022  -4.320 0.4000000060
12016  31.789  -59.511  -3.645 0.4000000060
12009  31.409  -59.242  -2.811 0.4000000060
12699  32.086  -58.164  -1.933 0.3000000119
12700  31.329  -58.432  -1.722 0.4000000060
12717  34.486  -57.700  -3.977 0.4000000060
11360  28.808  -60.061  -0.173 0.4000000060
117404  33.022  -54.600  1.941 0.4000000060
117138  30.500  -71.619  -2.671 0.3000000119
5819  31.324  -69.473  -2.380 0.3000000119
5260  30.931  -71.183  -3.637 0.3000000119
5836  26.552  -69.403  -3.267 0.3000000119
5828  28.109  -69.215  -2.987 0.3000000119
7823  32.568  -66.438  -3.732 0.3000000119
7156  32.123  -67.433  -4.487 0.4000000060
6507  31.058  -68.536  -5.953 0.4000000060
7830  31.997  -66.577  -5.823 0.4000000060
7834  31.084  -66.840  -6.829 0.4000000060
8385  35.124  -64.883  -5.904 0.3000000119
9543  35.609  -63.351  -6.562 0.4000000060
9548  31.292  -63.413  -6.719 0.4000000060
8932  30.363  -64.353  -5.259 0.5000000000
9523  29.927  -63.494  -3.258 0.3000000119
9544  30.709  -63.691  -5.787 0.5000000000
11413  34.761  -60.793  -8.259 0.4000000060
10763  30.514  -61.317  -3.528 0.4000000060
15526  35.451  -54.707  1.484 0.4000000060
15517  34.801  -54.263  2.134 0.4000000060
15524  37.063  -54.874  1.687 0.4000000060
15503  37.280  -54.441  3.323 0.3000000119
16179  35.841  -53.972  2.942 0.5000000000
15518  33.771  -54.269  2.162 0.4000000060
13353  38.010  -57.628  1.290 0.3000000119
13352  39.442  -57.895  0.627 0.3000000119
13324  42.411  -58.014  1.304 0.3000000119
118939  42.109  -56.762  2.149 0.3000000119
14035  42.743  -56.440  2.432 0.3000000119
15500  41.182  -54.998  3.503 0.3000000119
103814  40.002  -58.094  1.188 0.3000000119
118059  41.320  -58.367  1.358 0.3000000119
12643  42.566  -58.333  2.032 0.3000000119
13328  37.654  -57.381  2.359 0.3000000119
13306  38.327  -57.405  2.990 0.3000000119
116518  43.253  -57.135  2.138 0.3000000119
121264  44.317  -56.178  2.961 0.3000000119
13304  40.790  -58.292  2.448 0.3000000119
12626  42.665  -58.624  3.161 0.3000000119
13303  43.770  -57.903  2.626 0.3000000119
13266  39.751  -57.683  5.156 0.3000000119
13286  40.402  -57.984  3.870 0.3000000119
12590  43.718  -59.361  5.072 0.3000000119
12592  41.613  -58.701  5.044 0.3000000119
12591  42.734  -59.396  5.381 0.3000000119
13287  39.374  -57.527  4.302 0.3000000119
12624  44.093  -58.099  3.427 0.3000000119
13997  44.043  -57.728  4.448 0.3000000119
14015  43.858  -55.779  3.986 0.3000000119
12593  40.533  -58.364  5.694 0.3000000119
12608  43.774  -58.729  4.185 0.3000000119
13264  43.539  -57.865  5.456 0.3000000119
12578  41.539  -59.110  5.985 0.3000000119
11919  43.535  -59.804  5.999 0.3000000119
11918  43.971  -59.471  5.800 0.3000000119
12577  44.002  -59.610  6.695 0.3000000119
14757  42.255  -54.791  5.154 0.3000000119
13998  43.599  -56.813  4.694 0.3000000119
14743  42.692  -55.887  5.155 0.3000000119
15463  41.137  -54.574  5.940 0.3000000119
116689  41.430  -52.944  5.293 0.3000000119
15464  40.600  -53.891  6.333 0.3000000119
16146  40.599  -53.204  5.863 0.3000000119
17441  40.354  -51.843  5.636 0.3000000119
15514  37.743  -55.015  2.553 0.3000000119
15515  36.351  -54.446  2.305 0.4000000060
14788  42.219  -55.566  2.959 0.3000000119
14014  44.232  -56.696  3.776 0.3000000119
15525  36.236  -54.724  1.527 0.5000000000
103556  39.304  -57.858  2.256 0.3000000119
12625  43.548  -58.458  3.205 0.3000000119
14054  42.590  -57.479  1.676 0.3000000119
14036  41.466  -56.118  2.739 0.3000000119
14789  40.276  -55.668  3.177 0.3000000119
12627  41.604  -58.452  2.830 0.3000000119
13305  39.509  -57.753  3.170 0.3000000119
14034  44.376  -56.631  3.130 0.3000000119
12610  41.580  -58.502  4.012 0.3000000119
108444  43.007  -60.167  7.040 0.3000000119
11899  43.635  -60.413  7.743 0.3000000119
12607  44.033  -58.389  4.335 0.3000000119
12579  40.416  -58.832  6.835 0.3000000119
12589  44.067  -58.868  5.403 0.3000000119
118686  32.307  -57.714  -1.426 0.3000000119
13404  32.970  -57.774  -2.078 0.4000000060
14118  35.756  -56.542  -2.003 0.4000000060
14119  34.534  -56.749  -1.618 0.4000000060
14105  33.313  -56.639  -0.430 0.3000000119
14102  36.455  -56.077  -1.331 0.4000000060
14848  35.601  -55.770  -0.382 0.4000000060
14847  37.497  -55.751  -0.992 0.3000000119
14081  33.808  -56.125  0.160 0.3000000119
14849  34.710  -55.946  -0.123 0.4000000060
14823  36.728  -55.381  0.094 0.4000000060
14825  34.361  -55.474  0.718 0.3000000119
15538  35.254  -55.150  0.839 0.4000000060
14808  36.875  -55.101  0.831 0.4000000060
14082  32.865  -56.275  0.359 0.3000000119
14810  33.644  -55.032  1.486 0.3000000119
14826  33.302  -55.663  0.905 0.3000000119
14824  35.857  -55.386  0.220 0.4000000060
114651  33.705  -56.860  -1.112 0.4000000060
8384  36.322  -64.582  -5.866 0.3000000119
12710  32.593  -58.307  -2.768 0.3000000119
8928  38.064  -64.230  -3.459 0.3000000119
8929  37.685  -64.337  -4.239 0.3000000119
9541  37.095  -64.071  -5.447 0.3000000119
8938  35.896  -63.738  -6.447 0.3000000119
13403  33.698  -57.233  -1.794 0.3000000119
12718  33.378  -58.325  -3.971 0.3000000119
118926  36.044  -63.549  -3.060 0.3000000119
9532  36.803  -63.709  -5.348 0.3000000119
9520  36.670  -63.572  -4.173 0.3000000119
9533  35.882  -63.319  -5.851 0.3000000119
10133  34.813  -61.825  -6.479 0.3000000119
13414  33.903  -57.538  -2.699 0.3000000119
9470  34.792  -63.613  -0.640 0.3000000119
110745  34.950  -63.475  -3.315 0.3000000119
107310  35.121  -63.589  -2.273 0.3000000119
9521  35.449  -63.304  -4.649 0.3000000119
10122  35.079  -62.585  -6.279 0.3000000119
9485  34.152  -63.552  -1.984 0.3000000119
9505  33.815  -63.342  -2.658 0.3000000119
9534  34.624  -62.733  -5.027 0.3000000119
9522  34.112  -63.101  -3.804 0.3000000119
10779  34.546  -61.282  -6.018 0.3000000119
12039  35.333  -59.283  -7.251 0.3000000119
12038  35.522  -58.708  -6.669 0.3000000119
9486  33.802  -63.563  -1.183 0.3000000119
10769  33.926  -61.452  -4.820 0.3000000119
10762  33.460  -61.581  -3.891 0.3000000119
13413  34.815  -57.315  -3.215 0.3000000119
9506  33.023  -63.036  -2.139 0.3000000119
9487  32.901  -63.320  -1.236 0.3000000119
10101  33.298  -62.724  -3.060 0.3000000119
10111  33.648  -62.261  -4.146 0.3000000119
107820  34.568  -60.630  -5.644 0.3000000119
12025  35.745  -58.913  -6.518 0.3000000119
13419  35.865  -57.645  -5.277 0.3000000119
13412  35.885  -57.073  -3.772 0.3000000119
14125  36.411  -56.757  -3.195 0.3000000119
12711  31.734  -58.651  -2.442 0.3000000119
10756  32.815  -61.603  -2.650 0.3000000119
11391  33.933  -60.750  -4.319 0.3000000119
103941  36.069  -58.892  -5.627 0.3000000119
12730  36.097  -58.170  -6.123 0.3000000119
9542  36.560  -63.866  -5.966 0.3000000119
9519  37.745  -63.901  -3.978 0.3000000119
9531  37.502  -63.971  -4.890 0.3000000119
5259  31.138  -70.529  -4.301 0.3000000119
5832  31.506  -69.991  -3.940 0.3000000119
7174  31.235  -67.929  -6.154 0.4000000060
7175  30.642  -67.992  -6.268 0.4000000060
7176  29.963  -67.950  -5.947 0.3000000119
7832  30.000  -66.907  -5.769 0.4000000060
8383  36.869  -64.288  -5.697 0.3000000119
8390  31.915  -65.496  -6.792 0.4000000060
8391  31.136  -66.096  -6.939 0.4000000060
8392  30.782  -65.857  -6.855 0.4000000060
8934  36.429  -64.147  -6.090 0.3000000119
9535  30.401  -63.572  -4.841 0.5000000000
9550  34.150  -62.809  -8.048 0.4000000060
9551  33.212  -62.977  -7.963 0.4000000060
9552  32.506  -63.110  -7.599 0.4000000060
10061  26.893  -62.352  2.074 0.4000000060
10093  29.539  -62.796  -1.820 0.4000000060
10112  33.064  -62.000  -3.244 0.3000000119
10114  30.045  -62.553  -3.286 0.4000000060
10123  34.268  -62.009  -5.412 0.3000000119
10132  35.102  -62.272  -7.304 0.3000000119
10139  34.636  -62.100  -8.274 0.4000000060
10695  28.178  -62.050  1.305 0.3000000119
10730  29.086  -62.005  -0.366 0.4000000060
10778  35.070  -61.135  -7.286 0.3000000119
10783  35.033  -61.265  -7.965 0.4000000060
10787  34.337  -61.451  -8.462 0.4000000060
10789  32.681  -61.868  -7.859 0.4000000060
11386  29.924  -60.618  -2.154 0.4000000060
11393  30.761  -60.637  -3.393 0.4000000060
11411  33.579  -60.001  -7.919 0.4000000060
11414  34.582  -59.821  -8.077 0.4000000060
11415  33.991  -60.706  -8.398 0.4000000060
11898  44.062  -60.366  8.229 0.3000000119
11900  40.687  -59.501  7.670 0.3000000119
11909  43.927  -60.041  6.994 0.3000000119
11910  41.640  -59.552  6.921 0.3000000119
11920  42.565  -59.676  6.217 0.3000000119
11962  27.446  -59.448  1.046 0.6000000238
11963  26.308  -59.889  1.347 0.5000000000
12002  29.274  -59.701  -0.790 0.5000000000
12010  30.719  -59.552  -2.407 0.4000000060
12027  33.068  -59.187  -5.394 0.4000000060
12047  34.628  -59.224  -7.762 0.4000000060
12048  33.911  -59.333  -7.538 0.4000000060
12609  42.846  -58.972  4.325 0.3000000119
12642  43.197  -58.298  2.455 0.3000000119
12644  41.917  -58.395  1.583 0.3000000119
12674  26.259  -58.551  0.867 0.4000000060
12675  25.510  -58.448  0.416 0.4000000060
12701  30.648  -58.641  -1.503 0.5000000000
12702  30.026  -58.771  -1.183 0.5000000000
12709  33.428  -57.976  -3.044 0.3000000119
12719  32.207  -58.845  -3.302 0.4000000060
12741  35.055  -58.683  -7.006 0.4000000060
12744  35.092  -58.983  -7.376 0.4000000060
13265  40.692  -58.185  4.792 0.3000000119
13285  44.249  -57.468  3.607 0.3000000119
13302  44.256  -57.311  2.921 0.3000000119
13322  43.798  -57.191  2.423 0.3000000119
13323  43.134  -57.811  1.951 0.3000000119
13326  40.334  -58.224  1.841 0.3000000119
13327  38.719  -57.737  1.835 0.3000000119
13385  32.911  -57.236  -1.105 0.3000000119
13387  30.389  -57.809  -0.557 0.4000000060
13402  34.373  -57.157  -2.343 0.3000000119
13405  31.635  -57.935  -1.254 0.4000000060
13426  36.849  -57.885  -5.592 0.3000000119
13427  27.570  -57.536  -6.282 0.4000000060
14052  44.220  -56.515  2.810 0.3000000119
14053  43.713  -56.388  2.585 0.3000000119
14055  41.728  -56.950  1.605 0.3000000119
14088  27.079  -56.350  0.461 0.5000000000
14089  26.311  -56.253  0.090 0.4000000060
14103  35.177  -56.268  -0.976 0.4000000060
14104  34.198  -56.462  -0.651 0.4000000060
14107  31.510  -57.012  0.008 0.3000000119
14110  25.297  -57.113  -0.606 0.4000000060
14120  25.787  -56.055  -1.561 0.5000000000
14126  35.229  -56.922  -2.643 0.4000000060
14144  28.343  -56.130  -6.226 0.5000000000
14786  44.074  -55.725  2.957 0.3000000119
14790  38.681  -55.316  3.031 0.3000000119
14800  40.724  -56.213  2.391 0.3000000119
14809  34.581  -54.825  1.471 0.3000000119
14811  32.706  -55.123  1.547 0.4000000060
14812  31.676  -54.931  1.594 0.4000000060
14829  30.474  -55.481  1.098 0.5000000000
14850  27.137  -55.103  -0.043 0.4000000060
14858  26.751  -55.367  -2.752 0.6000000238
14871  27.344  -56.585  -4.900 0.5000000000
14874  29.142  -55.380  -6.074 0.6999999881
14880  28.717  -55.702  -6.184 0.5000000000
14882  27.735  -55.344  -6.316 0.5000000000
15474  41.963  -54.023  5.143 0.4000000060
15483  43.324  -53.910  3.490 0.4000000060
15486  39.300  -54.300  4.217 0.4000000060
15487  38.447  -54.273  4.193 0.4000000060
15516  35.618  -54.334  2.194 0.5000000000
15529  30.921  -54.225  1.568 0.6999999881
15537  36.073  -55.050  0.844 0.5000000000
15540  29.330  -54.471  0.689 0.6999999881
15551  28.261  -54.309  -0.123 0.4000000060
15553  26.833  -54.881  -0.786 0.4000000060
15556  28.041  -54.057  -0.871 0.5000000000
15558  26.707  -54.963  -1.729 0.6000000238
15561  28.135  -53.998  -1.988 0.6000000238
15576  29.318  -54.817  -5.174 0.6999999881
15582  27.009  -54.747  -5.851 0.5000000000
15585  28.898  -55.327  -6.250 0.6000000238
16135  40.200  -53.309  6.773 0.3000000119
16156  43.175  -52.920  4.107 0.4000000060
16168  43.021  -52.972  3.415 0.4000000060
16170  41.848  -53.125  3.445 0.4000000060
16171  36.899  -53.861  3.887 0.6000000238
16181  33.295  -53.239  2.774 0.6000000238
16190  31.893  -53.648  2.161 0.6000000238
16211  29.394  -53.327  -1.650 0.6000000238
16224  32.338  -53.229  -4.898 0.6000000238
16235  31.038  -53.632  -5.099 0.6000000238
16243  27.118  -53.905  -5.455 0.5000000000
16769  40.106  -52.646  6.208 0.3000000119
16777  42.045  -52.248  4.720 0.4000000060
16778  40.962  -52.424  5.424 0.3000000119
16786  43.053  -52.331  3.588 0.4000000060
16787  43.182  -52.301  3.785 0.4000000060
16790  39.230  -52.786  4.432 0.4000000060
16792  37.201  -52.447  4.594 0.6000000238
16798  42.844  -52.281  3.421 0.4000000060
16799  42.454  -52.301  3.350 0.4000000060
16802  35.387  -52.118  4.330 0.6000000238
16817  32.004  -52.214  2.250 0.6000000238
16824  30.835  -52.807  1.090 0.6999999881
16829  31.101  -52.345  -0.401 0.6000000238
16830  30.548  -52.725  0.276 0.6999999881
16835  26.135  -52.390  -1.897 0.5000000000
16850  34.058  -52.550  -4.169 0.5000000000
16851  32.817  -52.705  -3.787 0.6000000238
16858  33.822  -52.576  -4.892 0.5000000000
16860  28.477  -52.394  -5.221 0.5000000000
16866  32.103  -52.683  -5.471 0.6000000238
16867  31.374  -52.716  -5.547 0.6000000238
17454  43.068  -51.762  3.864 0.4000000060
17461  35.863  -51.403  4.543 0.5000000000
17466  42.891  -51.787  3.613 0.4000000060
17471  34.290  -51.242  3.920 0.6000000238
17484  32.235  -51.381  2.012 0.6000000238
17491  31.735  -51.700  0.639 0.6999999881
17495  32.937  -51.147  -0.505 0.6999999881
17515  34.900  -51.834  -2.979 0.6000000238
17534  35.853  -51.968  -5.016 0.6000000238
17538  38.735  -51.072  -5.322 0.6000000238
17542  34.028  -52.090  -5.291 0.6000000238
18160  36.429  -50.706  4.509 0.5000000000
18168  41.233  -50.099  3.176 0.5000000000
18171  37.930  -50.216  4.106 0.5000000000
18173  33.819  -50.553  3.388 0.6000000238
18181  32.716  -50.641  1.803 0.6000000238
18192  32.771  -50.655  0.889 0.6999999881
18194  28.185  -50.634  0.669 0.4000000060
18216  34.911  -50.683  -1.456 0.6000000238
18236  40.008  -50.467  -3.790 0.6000000238
18239  32.732  -50.376  -3.992 0.6999999881
18241  40.068  -50.528  -4.669 0.6000000238
18246  32.625  -50.634  -4.698 0.6999999881
18248  30.297  -51.152  -5.019 0.6999999881
18255  31.932  -51.343  -5.335 0.6999999881
18925  36.259  -49.967  4.177 0.5000000000
18948  34.663  -49.523  2.489 0.6000000238
18956  33.392  -50.020  1.930 0.6000000238
18970  34.531  -49.578  0.961 0.6000000238
18981  39.978  -49.678  -0.785 0.5000000000
18992  40.369  -49.743  -1.820 0.5000000000
18997  31.649  -49.620  -1.434 0.6000000238
19005  32.722  -49.446  -2.287 0.6999999881
19020  37.711  -50.572  -5.421 0.6000000238
19021  39.737  -49.075  -6.748 0.6000000238
19718  40.306  -48.444  0.461 0.5000000000
19726  32.435  -48.211  -0.317 0.4000000060
19732  40.051  -48.742  -1.476 0.4000000060
19734  33.356  -48.458  -1.357 0.6000000238
19745  32.924  -49.020  -1.651 0.6999999881
19747  39.718  -48.884  -3.344 0.4000000060
19758  39.709  -48.534  -7.564 0.6000000238
19759  38.851  -48.548  -7.103 0.6999999881
20471  35.395  -47.773  -2.841 0.6999999881
20472  34.941  -47.413  -2.356 0.6000000238
20477  39.767  -48.582  -4.803 0.6000000238
20488  39.500  -47.231  -7.962 0.5000000000
21315  34.250  -45.999  -1.923 0.5000000000
21328  39.817  -47.382  -6.786 0.5000000000
22182  35.626  -45.078  -4.686 0.4000000060
100497  36.443  -51.812  -3.868 0.6000000238
100926  28.640  -62.014  0.590 0.3000000119
101713  37.236  -49.368  3.109 0.5000000000
101800  27.791  -56.163  -6.493 0.5000000000
102162  37.305  -50.873  4.519 0.6000000238
102783  28.443  -60.537  0.472 0.4000000060
103332  28.592  -53.959  -2.898 0.6999999881
103506  38.077  -54.738  3.551 0.3000000119
103979  37.727  -55.455  -0.027 0.3000000119
104296  35.148  -55.535  0.270 0.4000000060
104660  30.905  -64.232  -6.607 0.4000000060
104801  32.949  -59.873  -6.854 0.4000000060
104931  31.235  -64.226  -6.949 0.5000000000
105500  37.243  -63.664  -3.258 0.3000000119
105592  31.947  -61.214  -6.318 0.4000000060
106192  28.243  -55.156  0.416 0.6000000238
106281  37.988  -52.039  4.632 0.5000000000
106802  38.856  -57.775  0.182 0.3000000119
107199  36.960  -54.575  2.572 0.4000000060
108035  33.473  -63.395  -1.836 0.3000000119
108247  43.259  -58.756  3.698 0.3000000119
108343  36.404  -55.634  -0.453 0.4000000060
108728  35.290  -59.738  -6.497 0.3000000119
108921  28.453  -55.780  0.526 0.4000000060
109207  42.066  -51.632  3.301 0.4000000060
109487  38.711  -50.679  -3.085 0.6000000238
109665  44.219  -55.965  3.209 0.3000000119
110762  27.239  -57.606  0.648 0.5000000000
110833  41.216  -53.967  3.646 0.4000000060
111173  40.353  -49.577  -2.191 0.5000000000
111941  37.083  -57.373  1.988 0.3000000119
112855  36.702  -47.055  -4.766 0.5000000000
113434  28.598  -50.952  -0.148 0.5000000000
113737  31.528  -70.040  -3.070 0.3000000119
114624  35.474  -57.380  -4.236 0.3000000119
115151  34.672  -63.594  -1.476 0.3000000119
115257  35.507  -53.429  3.530 0.5000000000
116157  37.518  -64.845  -4.297 0.3000000119
116256  38.362  -49.333  1.673 0.4000000060
116476  32.977  -65.833  -3.061 0.3000000119
116795  38.083  -53.672  4.394 0.4000000060
116805  34.846  -49.443  1.661 0.6000000238
116834  37.949  -63.888  -3.246 0.3000000119
116839  29.236  -55.356  -5.890 0.5000000000
116915  39.853  -48.402  -7.875 0.5000000000
116972  28.889  -60.720  -0.243 0.5000000000
116983  44.118  -59.096  4.939 0.3000000119
117256  35.128  -60.154  -7.812 0.4000000060
117283  32.743  -52.919  -4.483 0.6000000238
117286  33.081  -51.346  2.984 0.6000000238
117606  32.668  -51.045  2.424 0.6000000238
118217  29.714  -54.461  -5.852 0.6999999881
118258  27.422  -58.154  0.656 0.5000000000
118435  28.099  -55.398  -4.567 0.6000000238
119010  39.678  -48.727  -4.025 0.5000000000
119381  33.247  -63.511  -0.768 0.3000000119
119417  27.152  -52.277  -2.899 0.4000000060
119787  34.427  -63.509  -2.526 0.3000000119
120309  32.820  -66.034  -4.300 0.3000000119
120390  29.867  -62.171  -2.690 0.4000000060
120755  34.709  -51.914  4.100 0.5000000000
120775  36.579  -58.050  -6.023 0.3000000119
121291  33.019  -50.734  0.149 0.6999999881
121334  30.503  -52.779  -1.556 0.6999999881
