#!ascii label  , from subject sub-v1s11x0050158_ses-1 vox2ras=TkReg
300
61656  26.881  -0.534  -10.258 0.0000000000
53634  22.315  -9.781  -6.702 0.0000000000
65775  25.736  5.153  -11.996 0.0000000000
75058  18.651  16.602  -20.695 0.0000000000
52708  19.951  -10.720  -5.557 0.0000000000
118632  25.737  6.436  -17.345 0.0000000000
117375  24.793  9.008  -18.725 0.0000000000
60839  23.434  -2.003  -8.676 0.0000000000
58204  24.556  -5.261  -8.359 0.0000000000
58239  27.271  -4.276  -10.214 0.0000000000
62457  27.106  0.107  -13.860 0.0000000000
60033  28.276  -2.905  -12.769 0.0000000000
63217  26.223  2.460  -11.228 0.0000000000
100955  26.607  2.877  -15.420 0.0000000000
72290  23.226  13.550  -17.865 0.0000000000
72296  23.619  12.316  -20.360 0.0000000000
54578  25.002  -8.973  -8.334 0.0000000000
68996  25.412  8.192  -16.597 0.0000000000
69766  24.881  9.710  -17.346 0.0000000000
103398  25.510  -1.030  -9.099 0.0000000000
59998  25.655  -2.919  -8.891 0.0000000000
106329  27.165  -2.539  -10.442 0.0000000000
115364  21.112  -9.997  -6.186 0.0000000000
64976  25.770  3.799  -11.502 0.0000000000
64143  26.648  2.789  -13.558 0.0000000000
106181  26.482  4.247  -13.441 0.0000000000
68227  25.320  6.969  -19.089 0.0000000000
116017  26.162  5.150  -18.448 0.0000000000
75051  18.553  16.815  -19.663 0.0000000000
72986  22.545  13.925  -17.419 0.0000000000
73687  21.364  15.117  -19.295 0.0000000000
75089  19.769  16.285  -22.618 0.0000000000
73705  22.510  14.494  -21.799 0.0000000000
117379  23.033  14.019  -20.374 0.0000000000
72303  23.252  12.868  -21.790 0.0000000000
71513  23.486  11.415  -21.239 0.0000000000
56480  25.859  -6.706  -8.815 0.0000000000
101043  24.187  -6.692  -8.100 0.0000000000
109808  19.112  -11.669  -4.969 0.0000000000
66586  26.173  5.890  -15.602 0.0000000000
68204  25.634  7.392  -15.411 0.0000000000
69014  25.183  7.859  -18.607 0.0000000000
69021  24.732  8.326  -20.056 0.0000000000
59121  21.851  -4.136  -8.518 0.0000000000
116261  23.669  -3.758  -8.300 0.0000000000
58225  25.968  -4.340  -8.859 0.0000000000
57369  27.303  -6.047  -9.782 0.0000000000
62435  27.192  0.084  -11.957 0.0000000000
60014  27.538  -1.935  -11.590 0.0000000000
60890  27.897  -1.647  -13.810 0.0000000000
62412  25.214  0.465  -9.487 0.0000000000
63204  24.476  1.974  -10.039 0.0000000000
63202  26.684  1.102  -10.623 0.0000000000
63229  26.838  1.433  -13.155 0.0000000000
64151  26.641  1.906  -15.103 0.0000000000
64175  26.941  2.419  -16.873 0.0000000000
66595  26.412  4.804  -16.921 0.0000000000
65824  26.633  4.181  -17.849 0.0000000000
71492  24.047  12.219  -16.783 0.0000000000
74378  19.086  16.336  -21.483 0.0000000000
111234  22.393  14.602  -20.140 0.0000000000
72289  23.773  12.877  -19.387 0.0000000000
70632  24.381  11.208  -18.541 0.0000000000
70638  24.170  10.690  -19.837 0.0000000000
70637  24.110  9.769  -20.780 0.0000000000
102728  21.726  -7.925  -7.004 0.0000000000
56483  22.794  -6.194  -7.952 0.0000000000
59162  27.960  -3.671  -11.788 0.0000000000
57392  28.431  -5.189  -11.141 0.0000000000
69754  24.939  9.754  -16.293 0.0000000000
70609  24.719  10.533  -16.551 0.0000000000
60865  26.465  -1.174  -9.611 0.0000000000
120885  26.702  -2.037  -9.807 0.0000000000
60864  27.148  -1.533  -10.456 0.0000000000
49978  18.244  -12.739  -4.101 0.0000000000
50837  19.261  -13.138  -4.489 0.0000000000
52720  21.796  -10.122  -6.423 0.0000000000
107616  25.947  4.358  -11.844 0.0000000000
65774  26.262  4.397  -12.550 0.0000000000
65788  26.218  5.106  -13.150 0.0000000000
68234  25.437  6.958  -20.011 0.0000000000
67415  25.871  6.419  -20.132 0.0000000000
75050  19.328  16.478  -19.966 0.0000000000
74356  20.740  15.219  -18.547 0.0000000000
74362  20.615  15.540  -19.484 0.0000000000
56498  26.731  -6.849  -9.342 0.0000000000
55533  26.092  -7.721  -8.929 0.0000000000
53628  19.703  -9.058  -6.228 0.0000000000
67373  25.805  6.747  -15.032 0.0000000000
69015  25.019  8.816  -18.116 0.0000000000
69007  25.321  8.080  -17.607 0.0000000000
113136  24.884  8.471  -19.078 0.0000000000
74364  15.553  16.445  -20.693 0.0000000000
59120  23.049  -3.299  -8.411 0.0000000000
59984  23.193  -2.594  -8.550 0.0000000000
104071  26.820  -3.768  -9.723 0.0000000000
59118  25.410  -3.723  -8.659 0.0000000000
58224  26.679  -4.538  -9.443 0.0000000000
57370  26.792  -5.399  -9.461 0.0000000000
57382  27.351  -5.125  -10.004 0.0000000000
51801  19.761  -11.573  -5.211 0.0000000000
50851  19.531  -12.327  -4.896 0.0000000000
62449  27.113  0.076  -12.990 0.0000000000
61685  27.311  -0.667  -12.739 0.0000000000
61691  27.357  -0.558  -13.612 0.0000000000
61643  23.744  -0.476  -9.207 0.0000000000
64107  25.393  2.514  -10.587 0.0000000000
63203  25.714  1.628  -10.218 0.0000000000
116841  26.259  1.937  -10.739 0.0000000000
104354  26.982  1.007  -12.273 0.0000000000
100513  26.696  2.166  -12.124 0.0000000000
109909  26.634  2.561  -14.486 0.0000000000
63238  26.714  1.802  -14.052 0.0000000000
64160  26.689  2.122  -16.016 0.0000000000
109408  26.667  2.887  -16.516 0.0000000000
66585  26.463  5.038  -16.104 0.0000000000
109813  26.136  5.596  -16.781 0.0000000000
65825  26.490  4.651  -18.416 0.0000000000
65037  26.922  3.618  -17.971 0.0000000000
72279  22.939  13.380  -16.904 0.0000000000
72262  23.273  12.779  -16.382 0.0000000000
71477  23.532  12.205  -15.845 0.0000000000
72278  23.644  12.919  -17.363 0.0000000000
74400  20.329  15.694  -22.380 0.0000000000
74389  20.325  15.514  -21.686 0.0000000000
73706  21.153  15.255  -21.254 0.0000000000
118704  23.377  12.838  -20.746 0.0000000000
73012  23.416  13.359  -20.027 0.0000000000
110716  24.229  12.211  -17.980 0.0000000000
71507  24.116  11.989  -19.281 0.0000000000
115999  23.810  11.383  -20.357 0.0000000000
70649  23.583  10.679  -21.852 0.0000000000
102403  23.740  10.569  -21.029 0.0000000000
69784  23.992  9.880  -21.654 0.0000000000
107303  20.917  -7.716  -7.029 0.0000000000
114153  23.254  -4.877  -8.234 0.0000000000
58205  22.495  -4.872  -8.295 0.0000000000
57351  23.804  -5.375  -8.220 0.0000000000
55514  24.475  -8.146  -8.057 0.0000000000
55536  23.957  -7.402  -7.829 0.0000000000
120494  23.704  -8.181  -7.594 0.0000000000
60034  27.948  -2.356  -12.765 0.0000000000
59167  27.953  -2.960  -12.182 0.0000000000
114413  28.248  -3.447  -12.336 0.0000000000
68985  25.429  8.197  -15.522 0.0000000000
68997  25.209  9.021  -15.919 0.0000000000
69008  25.160  8.943  -16.994 0.0000000000
103709  24.744  9.581  -18.367 0.0000000000
60838  24.201  -1.778  -8.716 0.0000000000
59982  24.929  -2.289  -8.719 0.0000000000
59997  25.845  -1.999  -9.165 0.0000000000
59137  26.544  -2.912  -9.616 0.0000000000
59155  27.203  -3.429  -10.381 0.0000000000
51816  20.831  -10.770  -5.899 0.0000000000
51800  20.588  -11.588  -5.545 0.0000000000
51815  21.404  -11.670  -6.014 0.0000000000
50863  21.894  -12.426  -6.158 0.0000000000
62473  27.007  0.558  -15.191 0.0000000000
61701  27.291  -0.139  -14.897 0.0000000000
64120  25.540  3.156  -11.164 0.0000000000
64119  26.240  3.071  -11.752 0.0000000000
64134  26.562  2.970  -12.544 0.0000000000
64989  26.293  3.735  -12.148 0.0000000000
64999  26.507  3.623  -13.042 0.0000000000
105679  26.572  3.775  -15.154 0.0000000000
67404  25.595  6.283  -18.523 0.0000000000
112701  25.893  5.611  -18.113 0.0000000000
67410  25.663  6.262  -19.429 0.0000000000
66613  26.101  5.731  -19.582 0.0000000000
73001  22.036  14.396  -17.918 0.0000000000
73000  22.731  14.096  -18.381 0.0000000000
74388  20.969  15.224  -22.105 0.0000000000
120625  21.666  15.016  -21.837 0.0000000000
73699  22.014  14.803  -21.218 0.0000000000
73019  23.188  13.326  -21.115 0.0000000000
72302  23.331  12.331  -21.433 0.0000000000
71519  23.449  11.473  -21.944 0.0000000000
57349  25.390  -5.770  -8.597 0.0000000000
57350  24.419  -5.975  -8.322 0.0000000000
56481  24.989  -6.623  -8.444 0.0000000000
55534  25.372  -7.266  -8.582 0.0000000000
50852  18.787  -12.197  -4.627 0.0000000000
52709  19.000  -10.854  -5.280 0.0000000000
52721  20.228  -9.902  -5.984 0.0000000000
53626  21.508  -9.346  -6.463 0.0000000000
66549  25.710  5.749  -12.582 0.0000000000
66564  26.263  5.420  -14.050 0.0000000000
66574  26.003  6.140  -14.383 0.0000000000
67386  25.889  6.580  -16.107 0.0000000000
108974  25.633  7.379  -16.363 0.0000000000
68213  25.517  7.451  -17.192 0.0000000000
68222  25.422  7.161  -18.070 0.0000000000
68228  25.082  7.670  -19.614 0.0000000000
69025  24.765  8.336  -20.991 0.0000000000
75766  16.722  17.846  -20.222 0.0000000000
75060  16.137  17.137  -20.999 0.0000000000
75059  17.140  17.383  -21.126 0.0000000000
110655  22.943  -4.115  -8.289 0.0000000000
114874  23.990  -4.533  -8.250 0.0000000000
107642  24.737  -3.038  -8.569 0.0000000000
59119  24.486  -3.790  -8.387 0.0000000000
58203  25.167  -4.641  -8.496 0.0000000000
57348  26.405  -6.010  -9.134 0.0000000000
56497  27.594  -6.893  -9.825 0.0000000000
62419  27.295  0.085  -10.897 0.0000000000
60863  27.507  -1.491  -11.237 0.0000000000
61676  27.382  -0.835  -11.739 0.0000000000
60886  27.692  -1.818  -12.735 0.0000000000
60042  28.184  -2.269  -13.386 0.0000000000
60896  27.885  -1.425  -14.436 0.0000000000
101003  28.220  -1.937  -14.038 0.0000000000
60041  28.504  -2.379  -13.645 0.0000000000
60847  24.460  -1.068  -8.892 0.0000000000
61642  24.903  -0.289  -9.149 0.0000000000
61657  26.002  -0.161  -9.693 0.0000000000
62421  24.960  1.173  -9.637 0.0000000000
62420  25.928  0.824  -9.975 0.0000000000
111659  26.628  0.300  -10.245 0.0000000000
103306  27.120  0.836  -11.306 0.0000000000
117041  26.975  0.656  -13.297 0.0000000000
105186  26.703  2.235  -13.070 0.0000000000
63249  26.740  1.044  -14.795 0.0000000000
63255  26.812  1.310  -15.559 0.0000000000
63262  27.024  1.600  -16.272 0.0000000000
66573  26.376  5.240  -15.036 0.0000000000
65805  26.543  4.404  -15.573 0.0000000000
100439  26.530  4.261  -16.556 0.0000000000
65817  26.276  4.953  -17.704 0.0000000000
65816  26.538  4.316  -17.288 0.0000000000
65013  26.580  3.597  -16.107 0.0000000000
117304  26.730  2.935  -17.085 0.0000000000
71476  24.464  11.377  -16.677 0.0000000000
75070  18.216  16.831  -21.530 0.0000000000
74377  19.654  16.051  -20.916 0.0000000000
120592  21.108  15.443  -20.152 0.0000000000
120874  21.883  14.867  -19.626 0.0000000000
73013  22.903  14.111  -19.426 0.0000000000
72999  23.366  13.541  -18.890 0.0000000000
110185  23.873  12.941  -18.447 0.0000000000
71491  24.430  11.565  -17.524 0.0000000000
70621  24.651  10.610  -17.707 0.0000000000
70631  24.462  10.159  -18.939 0.0000000000
102355  24.360  9.752  -19.888 0.0000000000
69778  24.425  9.006  -20.481 0.0000000000
69783  24.444  9.106  -21.345 0.0000000000
54562  21.054  -8.421  -6.667 0.0000000000
106954  22.077  -8.795  -6.774 0.0000000000
113446  22.109  -6.336  -7.944 0.0000000000
108980  23.597  -6.089  -8.095 0.0000000000
56482  23.376  -6.765  -7.842 0.0000000000
56463  22.548  -6.815  -7.718 0.0000000000
55516  22.193  -7.387  -7.382 0.0000000000
54561  22.787  -8.231  -7.155 0.0000000000
60015  27.515  -2.149  -11.141 0.0000000000
101654  27.615  -3.047  -11.302 0.0000000000
58250  27.652  -3.953  -11.019 0.0000000000
58257  28.410  -4.098  -12.143 0.0000000000
58249  28.151  -4.429  -11.481 0.0000000000
58238  27.782  -4.790  -10.767 0.0000000000
57381  27.920  -5.605  -10.499 0.0000000000
53627  20.624  -9.159  -6.305 0.0000000000
55535  24.702  -7.342  -8.244 0.0000000000
58202  26.127  -5.126  -8.906 0.0000000000
59138  26.227  -3.691  -9.141 0.0000000000
59175  28.599  -2.891  -13.197 0.0000000000
59181  28.910  -2.782  -13.550 0.0000000000
59983  24.054  -2.452  -8.535 0.0000000000
60043  27.871  -1.882  -13.266 0.0000000000
60881  27.484  -1.670  -12.044 0.0000000000
60891  27.603  -1.294  -13.326 0.0000000000
60897  27.625  -1.035  -14.075 0.0000000000
61655  27.375  -0.825  -10.852 0.0000000000
61695  27.577  -0.813  -14.685 0.0000000000
61696  27.352  -0.377  -14.314 0.0000000000
62465  27.058  0.302  -14.547 0.0000000000
63216  26.747  1.649  -11.311 0.0000000000
65005  26.605  3.492  -14.211 0.0000000000
65026  26.670  3.546  -17.164 0.0000000000
65795  26.518  4.540  -14.373 0.0000000000
66565  25.905  5.951  -13.348 0.0000000000
66605  25.875  5.605  -18.894 0.0000000000
68191  25.464  7.565  -14.471 0.0000000000
68235  25.159  7.669  -20.534 0.0000000000
69773  24.595  9.174  -19.358 0.0000000000
71459  24.387  11.159  -15.663 0.0000000000
73686  22.090  14.582  -18.978 0.0000000000
74376  20.491  15.683  -20.575 0.0000000000
101182  27.653  -2.335  -12.031 0.0000000000
103071  25.634  6.922  -14.164 0.0000000000
103839  17.747  17.242  -20.369 0.0000000000
106243  23.867  -3.130  -8.381 0.0000000000
107165  25.230  -8.021  -8.491 0.0000000000
109589  23.015  -5.505  -8.126 0.0000000000
112576  26.870  0.829  -14.013 0.0000000000
112789  27.464  -1.291  -12.575 0.0000000000
117071  25.472  7.887  -14.976 0.0000000000
117752  25.016  -1.621  -8.811 0.0000000000
118003  19.269  16.860  -22.676 0.0000000000
121014  25.990  5.616  -17.514 0.0000000000
121664  17.952  16.968  -20.947 0.0000000000
