#!ascii label  , from subject sub-v1s11x0050170_ses-1 vox2ras=TkReg
874
150847  44.109  33.274  16.392 0.0000000000
135728  46.421  38.411  21.354 0.0000000000
107947  52.418  28.382  13.462 0.0000000000
109102  40.562  29.969  17.033 0.0000000000
107932  43.610  27.248  15.553 0.0000000000
115447  46.507  39.818  15.721 0.0000000000
114821  41.923  38.184  20.399 0.0000000000
116651  44.030  41.120  16.029 0.0000000000
105031  55.169  24.419  15.343 0.0000000000
105091  50.860  23.664  9.716 0.0000000000
144745  47.600  35.850  18.679 0.0000000000
133960  48.319  30.891  15.225 0.0000000000
139292  51.516  32.276  18.569 0.0000000000
107304  49.250  26.021  16.663 0.0000000000
115488  47.211  39.856  11.094 0.0000000000
117244  50.376  42.244  16.955 0.0000000000
105885  46.658  24.150  14.031 0.0000000000
142240  42.812  31.228  16.437 0.0000000000
108515  41.696  28.279  16.583 0.0000000000
154742  44.281  30.302  15.934 0.0000000000
113697  44.631  36.842  17.183 0.0000000000
112390  42.945  34.911  16.053 0.0000000000
114877  40.031  38.766  17.074 0.0000000000
104105  52.492  22.462  16.542 0.0000000000
132207  53.093  22.606  12.663 0.0000000000
103271  49.946  21.954  13.839 0.0000000000
114372  51.670  37.266  8.345 0.0000000000
114242  49.372  36.949  21.012 0.0000000000
112363  50.240  34.669  19.233 0.0000000000
112332  48.944  34.491  20.182 0.0000000000
108480  46.223  28.173  19.410 0.0000000000
132214  47.689  28.788  18.854 0.0000000000
106572  47.449  25.682  18.319 0.0000000000
105829  49.784  24.362  17.460 0.0000000000
116015  45.142  40.206  19.518 0.0000000000
117247  46.807  42.164  16.090 0.0000000000
116012  48.779  41.171  20.596 0.0000000000
115397  48.617  40.310  19.390 0.0000000000
109139  50.204  30.083  14.055 0.0000000000
107940  47.968  28.078  13.944 0.0000000000
107332  49.624  26.816  13.178 0.0000000000
106604  41.228  25.530  16.233 0.0000000000
105021  42.033  23.751  15.123 0.0000000000
132252  49.908  39.778  13.740 0.0000000000
114912  46.440  38.640  12.613 0.0000000000
138644  43.837  38.373  20.943 0.0000000000
112345  46.631  34.444  20.178 0.0000000000
116719  40.500  41.860  12.536 0.0000000000
132330  43.099  42.102  13.029 0.0000000000
115414  42.893  39.615  17.849 0.0000000000
107321  54.025  26.597  13.503 0.0000000000
106641  51.977  26.154  12.147 0.0000000000
105897  54.324  24.290  10.756 0.0000000000
103333  52.766  22.087  8.217 0.0000000000
113061  46.269  35.347  17.644 0.0000000000
110420  46.038  31.716  16.040 0.0000000000
111686  48.269  33.873  17.230 0.0000000000
110418  50.912  32.604  16.407 0.0000000000
109111  51.374  30.621  15.459 0.0000000000
110387  48.467  31.485  19.641 0.0000000000
109100  49.670  29.771  17.634 0.0000000000
107930  51.138  27.179  15.294 0.0000000000
150452  51.820  24.965  16.201 0.0000000000
105001  54.650  23.727  18.060 0.0000000000
114941  47.911  38.643  8.003 0.0000000000
115485  50.661  39.871  11.280 0.0000000000
116694  48.121  42.393  13.390 0.0000000000
116691  51.160  41.700  13.887 0.0000000000
116049  49.626  41.053  17.052 0.0000000000
115398  46.757  38.990  18.341 0.0000000000
109143  45.859  29.102  14.939 0.0000000000
107326  44.975  26.106  14.915 0.0000000000
105055  44.118  22.858  13.838 0.0000000000
105063  48.997  23.877  12.096 0.0000000000
111049  43.664  32.631  16.369 0.0000000000
143953  43.498  31.172  16.351 0.0000000000
110421  44.682  31.634  16.219 0.0000000000
144370  44.327  34.981  16.605 0.0000000000
113066  43.888  35.608  16.504 0.0000000000
155132  43.697  33.899  16.368 0.0000000000
138938  42.908  32.870  16.333 0.0000000000
103251  51.380  22.031  16.781 0.0000000000
104113  51.116  22.375  15.141 0.0000000000
103252  50.400  21.903  16.264 0.0000000000
105056  39.810  22.931  13.754 0.0000000000
114224  48.910  37.868  21.571 0.0000000000
113662  48.753  36.521  20.656 0.0000000000
113025  47.936  35.650  20.329 0.0000000000
107268  45.632  26.821  19.517 0.0000000000
138740  46.814  26.984  18.795 0.0000000000
115380  45.952  39.783  21.140 0.0000000000
116024  46.659  41.024  19.194 0.0000000000
115372  47.222  40.087  21.613 0.0000000000
115370  49.356  39.903  21.761 0.0000000000
109149  51.660  29.566  13.776 0.0000000000
108543  50.094  28.575  13.487 0.0000000000
107948  51.758  28.340  13.118 0.0000000000
108503  39.798  28.941  17.485 0.0000000000
139410  40.223  28.319  17.318 0.0000000000
107933  43.043  27.764  15.917 0.0000000000
107306  41.409  26.479  16.443 0.0000000000
106603  42.161  26.009  16.048 0.0000000000
144604  41.648  24.320  15.518 0.0000000000
106619  42.669  25.285  15.617 0.0000000000
115461  48.254  40.109  14.528 0.0000000000
115481  47.961  39.134  13.152 0.0000000000
131347  46.501  39.491  14.041 0.0000000000
109750  40.674  30.889  16.774 0.0000000000
150335  40.013  30.470  17.083 0.0000000000
114245  43.092  37.904  20.827 0.0000000000
113039  44.113  35.982  20.439 0.0000000000
113667  42.757  36.670  20.531 0.0000000000
133084  41.261  38.565  19.061 0.0000000000
115416  41.479  39.296  17.261 0.0000000000
114832  42.336  38.660  20.006 0.0000000000
115390  43.601  39.364  19.727 0.0000000000
151510  54.960  25.094  15.003 0.0000000000
106639  54.419  25.474  12.343 0.0000000000
105881  54.858  24.661  13.091 0.0000000000
103292  51.510  21.817  11.540 0.0000000000
151770  53.362  22.328  9.716 0.0000000000
103312  51.998  21.470  9.294 0.0000000000
113058  46.671  35.983  18.279 0.0000000000
111687  47.212  33.872  17.044 0.0000000000
112365  48.102  35.101  18.389 0.0000000000
111678  51.538  33.810  19.280 0.0000000000
111684  50.856  33.719  17.943 0.0000000000
111043  51.362  32.356  16.929 0.0000000000
109746  51.335  31.386  15.815 0.0000000000
110407  51.305  31.743  16.841 0.0000000000
111011  46.348  32.901  20.064 0.0000000000
111010  47.380  32.864  19.975 0.0000000000
110388  47.574  31.327  19.726 0.0000000000
107906  48.332  27.529  17.523 0.0000000000
109101  48.716  29.116  18.027 0.0000000000
153670  48.938  27.796  16.898 0.0000000000
108512  50.387  28.378  15.844 0.0000000000
107918  50.239  27.218  15.821 0.0000000000
106616  50.767  26.238  15.787 0.0000000000
106602  50.049  25.636  16.441 0.0000000000
104987  51.064  23.517  18.557 0.0000000000
105003  51.790  23.855  17.902 0.0000000000
115500  47.253  39.186  9.707 0.0000000000
114933  48.483  38.672  9.561 0.0000000000
115487  48.144  39.741  11.140 0.0000000000
116676  43.405  41.951  14.358 0.0000000000
116717  43.785  41.997  12.773 0.0000000000
117272  44.341  42.377  14.040 0.0000000000
117246  47.922  42.368  16.363 0.0000000000
117269  48.054  42.872  14.737 0.0000000000
117268  49.272  42.854  15.180 0.0000000000
116692  50.354  42.180  13.602 0.0000000000
117253  50.675  42.251  15.163 0.0000000000
116064  50.902  41.598  15.588 0.0000000000
116646  50.717  41.938  17.292 0.0000000000
114830  47.963  38.542  19.801 0.0000000000
145114  47.612  39.274  19.173 0.0000000000
114282  46.647  37.558  18.658 0.0000000000
113692  46.289  36.776  18.334 0.0000000000
110437  47.718  31.371  15.591 0.0000000000
109763  45.760  30.369  15.554 0.0000000000
109125  47.108  29.970  15.085 0.0000000000
106626  47.235  26.018  14.237 0.0000000000
107324  46.599  26.738  14.383 0.0000000000
105873  46.122  24.805  14.431 0.0000000000
105875  44.513  24.310  14.712 0.0000000000
105034  45.821  23.930  14.160 0.0000000000
105900  51.036  24.573  11.307 0.0000000000
105891  50.395  24.858  12.134 0.0000000000
105078  49.375  23.640  11.196 0.0000000000
141812  41.545  30.991  16.578 0.0000000000
109115  41.558  29.179  16.683 0.0000000000
109114  42.180  29.646  16.519 0.0000000000
109129  42.784  29.139  16.307 0.0000000000
108527  43.373  28.595  15.910 0.0000000000
135755  45.388  38.733  16.772 0.0000000000
111051  41.653  32.458  16.362 0.0000000000
105020  54.797  23.536  15.878 0.0000000000
105050  54.066  23.270  13.279 0.0000000000
104117  53.410  22.875  15.144 0.0000000000
104128  50.891  22.112  13.209 0.0000000000
113690  48.695  36.449  19.890 0.0000000000
113057  48.616  35.700  19.296 0.0000000000
113054  49.159  35.959  20.001 0.0000000000
112358  50.624  34.624  20.003 0.0000000000
111007  50.684  33.542  20.079 0.0000000000
131343  45.907  29.987  19.819 0.0000000000
138830  46.838  29.818  19.539 0.0000000000
108479  47.001  28.659  19.181 0.0000000000
107896  47.398  27.407  18.449 0.0000000000
106588  47.940  26.142  17.740 0.0000000000
106586  49.424  25.170  16.963 0.0000000000
105830  48.834  24.780  17.570 0.0000000000
137547  49.073  23.574  18.675 0.0000000000
104070  50.163  22.777  19.765 0.0000000000
116129  45.805  40.026  10.555 0.0000000000
116637  44.896  40.934  17.063 0.0000000000
116661  45.112  41.708  15.755 0.0000000000
116636  45.716  41.192  17.332 0.0000000000
116622  47.255  41.388  18.539 0.0000000000
116633  49.295  42.082  18.347 0.0000000000
116619  50.039  41.670  18.819 0.0000000000
116000  49.523  41.079  20.456 0.0000000000
114829  49.218  38.638  20.903 0.0000000000
109775  49.868  30.675  14.554 0.0000000000
109141  47.706  29.643  14.706 0.0000000000
108534  49.210  29.038  13.877 0.0000000000
107950  48.376  27.165  13.723 0.0000000000
106635  48.565  25.542  13.641 0.0000000000
131196  49.726  22.894  8.497 0.0000000000
104172  48.250  22.867  9.845 0.0000000000
106607  38.733  25.375  16.897 0.0000000000
107922  40.907  27.865  16.911 0.0000000000
145368  40.747  26.159  16.595 0.0000000000
105846  39.759  24.761  16.211 0.0000000000
105862  40.163  24.174  15.674 0.0000000000
105023  40.555  23.506  15.118 0.0000000000
104122  41.313  22.717  13.991 0.0000000000
114909  49.661  38.640  12.502 0.0000000000
114923  47.937  38.165  11.879 0.0000000000
114235  45.390  38.282  21.219 0.0000000000
113663  46.267  36.258  20.449 0.0000000000
113664  45.333  36.573  20.543 0.0000000000
137159  44.720  35.281  20.363 0.0000000000
155185  44.842  33.756  20.323 0.0000000000
132047  45.180  31.845  20.213 0.0000000000
109067  45.030  30.232  20.097 0.0000000000
153675  41.718  41.791  12.520 0.0000000000
145845  42.133  41.833  13.702 0.0000000000
116664  42.770  41.308  14.987 0.0000000000
131268  43.367  40.342  16.797 0.0000000000
153636  43.975  39.691  19.230 0.0000000000
150464  44.857  39.458  20.818 0.0000000000
107946  53.015  27.871  13.494 0.0000000000
107954  52.613  27.911  12.883 0.0000000000
107337  53.339  27.221  12.706 0.0000000000
106646  52.974  25.724  11.615 0.0000000000
105906  53.258  24.472  9.988 0.0000000000
104153  54.171  23.075  11.053 0.0000000000
105088  53.987  23.492  9.707 0.0000000000
105101  51.353  23.268  8.579 0.0000000000
112379  45.396  34.017  16.655 0.0000000000
111047  45.503  32.511  16.322 0.0000000000
112378  46.290  33.952  16.828 0.0000000000
111045  47.453  32.624  16.250 0.0000000000
111061  48.175  32.105  15.843 0.0000000000
111685  49.541  33.864  17.489 0.0000000000
136355  49.772  32.958  16.329 0.0000000000
153503  49.914  31.752  15.306 0.0000000000
109759  50.686  31.339  15.011 0.0000000000
136614  51.545  30.397  14.475 0.0000000000
109123  51.720  29.831  14.730 0.0000000000
112344  47.508  34.330  20.118 0.0000000000
111009  48.426  32.894  19.955 0.0000000000
151592  50.367  31.962  19.516 0.0000000000
109712  48.245  29.881  19.118 0.0000000000
134222  49.381  30.638  19.017 0.0000000000
109726  50.089  30.643  18.274 0.0000000000
154244  50.397  30.048  16.862 0.0000000000
108511  51.281  29.193  15.284 0.0000000000
107939  52.432  28.479  13.900 0.0000000000
107938  52.750  27.556  14.177 0.0000000000
141583  53.110  25.750  15.171 0.0000000000
105857  54.239  24.958  15.893 0.0000000000
144069  51.394  24.629  16.661 0.0000000000
105844  52.698  24.576  16.678 0.0000000000
105825  54.962  24.196  17.251 0.0000000000
104095  54.842  23.250  18.026 0.0000000000
114937  49.564  38.150  8.826 0.0000000000
114931  50.893  38.779  10.093 0.0000000000
115491  52.759  39.230  11.128 0.0000000000
130090  45.872  42.537  14.434 0.0000000000
116116  47.207  40.892  12.181 0.0000000000
116114  49.261  41.059  12.345 0.0000000000
116121  51.305  40.542  11.907 0.0000000000
116111  52.570  39.749  12.456 0.0000000000
116102  51.642  40.571  13.915 0.0000000000
148489  49.135  40.587  15.071 0.0000000000
116067  48.300  40.642  16.222 0.0000000000
116033  49.535  41.015  17.967 0.0000000000
115426  47.328  40.044  17.348 0.0000000000
115427  46.528  39.668  16.733 0.0000000000
114846  45.682  38.125  17.770 0.0000000000
113696  45.241  36.405  17.511 0.0000000000
110439  45.283  31.101  15.936 0.0000000000
108525  44.831  29.102  15.341 0.0000000000
108537  44.711  28.233  15.178 0.0000000000
108535  46.342  28.394  14.588 0.0000000000
107942  45.868  27.453  14.602 0.0000000000
107316  44.392  26.821  15.184 0.0000000000
106630  43.985  24.893  15.111 0.0000000000
105037  43.370  23.203  14.417 0.0000000000
107340  50.220  26.282  12.787 0.0000000000
105882  49.064  24.923  13.222 0.0000000000
105051  47.866  23.913  13.187 0.0000000000
105094  47.858  22.922  10.757 0.0000000000
105053  46.226  23.360  13.448 0.0000000000
103273  48.491  21.470  14.508 0.0000000000
140817  48.719  21.301  12.882 0.0000000000
132622  43.977  31.813  16.332 0.0000000000
111048  44.577  32.433  16.340 0.0000000000
140679  44.442  34.118  16.507 0.0000000000
111699  43.347  33.375  16.339 0.0000000000
114225  47.524  38.614  21.615 0.0000000000
114233  48.160  37.253  21.179 0.0000000000
114234  47.177  37.724  21.178 0.0000000000
115373  46.478  39.554  21.498 0.0000000000
114806  46.955  39.230  21.726 0.0000000000
114805  48.161  39.403  22.035 0.0000000000
108541  51.937  28.984  13.586 0.0000000000
108542  51.210  28.940  13.439 0.0000000000
108502  40.398  29.183  17.216 0.0000000000
107318  42.808  26.841  15.905 0.0000000000
145045  42.943  26.000  15.736 0.0000000000
115462  47.135  39.975  14.817 0.0000000000
115474  47.504  39.629  13.894 0.0000000000
115463  46.102  39.620  14.816 0.0000000000
109103  39.737  29.727  17.364 0.0000000000
156097  42.320  37.945  20.653 0.0000000000
152642  42.920  37.227  20.657 0.0000000000
114246  42.414  37.405  20.639 0.0000000000
114833  41.549  38.421  19.804 0.0000000000
114847  42.020  38.897  19.057 0.0000000000
114820  42.698  38.385  20.516 0.0000000000
105871  54.971  24.802  14.260 0.0000000000
155984  55.132  24.203  14.694 0.0000000000
103302  51.698  21.593  10.395 0.0000000000
113060  47.116  35.214  17.998 0.0000000000
111026  51.870  33.020  18.722 0.0000000000
135612  51.507  32.425  17.799 0.0000000000
110395  51.074  31.574  17.955 0.0000000000
110376  46.045  31.925  20.020 0.0000000000
111022  46.967  32.050  19.914 0.0000000000
110389  46.646  31.212  19.848 0.0000000000
134924  49.369  26.938  16.470 0.0000000000
107919  49.665  27.738  16.284 0.0000000000
107303  49.887  26.368  16.222 0.0000000000
104968  51.107  23.083  19.397 0.0000000000
115496  46.651  39.607  10.347 0.0000000000
115501  46.570  39.418  9.424 0.0000000000
115495  47.604  39.393  10.460 0.0000000000
116663  43.599  41.386  15.365 0.0000000000
116675  44.261  41.998  14.816 0.0000000000
117245  49.199  42.461  16.719 0.0000000000
117256  48.563  42.702  15.703 0.0000000000
117255  49.626  42.604  16.071 0.0000000000
117267  49.986  42.665  14.762 0.0000000000
117254  50.366  42.389  15.807 0.0000000000
147830  50.872  42.051  16.528 0.0000000000
114281  47.466  37.680  19.365 0.0000000000
113691  47.232  36.755  18.866 0.0000000000
143855  47.380  30.654  15.362 0.0000000000
105872  46.995  25.042  14.312 0.0000000000
105077  50.425  23.954  10.776 0.0000000000
110424  42.144  31.641  16.449 0.0000000000
109748  42.290  30.607  16.502 0.0000000000
109747  43.687  30.324  16.165 0.0000000000
109113  42.918  29.967  16.365 0.0000000000
109128  43.490  29.472  16.052 0.0000000000
129527  43.988  29.070  15.670 0.0000000000
114296  44.754  37.619  17.105 0.0000000000
114876  44.699  38.207  16.548 0.0000000000
114304  44.283  37.362  16.687 0.0000000000
113067  43.220  35.538  16.125 0.0000000000
113700  43.492  36.360  16.221 0.0000000000
111050  42.393  32.446  16.370 0.0000000000
104111  53.750  22.881  16.261 0.0000000000
104112  52.273  22.562  15.616 0.0000000000
104119  50.952  22.325  14.178 0.0000000000
104141  50.894  21.884  12.421 0.0000000000
103281  50.095  21.739  12.838 0.0000000000
114373  50.093  37.496  7.730 0.0000000000
114378  50.935  36.923  7.141 0.0000000000
114260  48.881  37.083  20.414 0.0000000000
113680  48.872  36.536  20.414 0.0000000000
113024  48.639  35.821  20.355 0.0000000000
113023  49.353  35.163  20.204 0.0000000000
112331  49.570  34.688  20.196 0.0000000000
111653  50.320  34.158  20.163 0.0000000000
111661  49.782  33.689  20.143 0.0000000000
129445  46.221  29.098  19.577 0.0000000000
107279  47.385  26.584  18.328 0.0000000000
107294  47.876  27.039  17.837 0.0000000000
106587  48.643  25.633  17.271 0.0000000000
106571  48.094  25.216  17.864 0.0000000000
152111  48.512  23.941  18.519 0.0000000000
104969  49.969  23.256  18.970 0.0000000000
104071  49.026  23.010  19.472 0.0000000000
116035  45.188  40.689  17.915 0.0000000000
116013  47.333  40.874  20.217 0.0000000000
116612  47.998  41.348  19.574 0.0000000000
116634  47.886  41.753  17.926 0.0000000000
116621  48.521  41.608  18.831 0.0000000000
116611  49.177  41.442  19.739 0.0000000000
114816  49.587  38.793  21.752 0.0000000000
133784  49.486  37.753  21.111 0.0000000000
114261  48.496  37.782  20.227 0.0000000000
109140  48.792  29.891  14.455 0.0000000000
107949  49.847  27.700  13.302 0.0000000000
108544  49.044  27.962  13.590 0.0000000000
137921  49.094  27.216  13.452 0.0000000000
107333  48.813  26.464  13.532 0.0000000000
106589  39.105  26.069  17.212 0.0000000000
106605  40.325  25.507  16.472 0.0000000000
151614  39.489  24.169  15.774 0.0000000000
106621  40.629  24.803  16.047 0.0000000000
105022  41.335  23.740  15.245 0.0000000000
105040  40.602  22.931  14.295 0.0000000000
105039  41.483  23.175  14.664 0.0000000000
115479  50.423  39.235  13.096 0.0000000000
114911  47.424  38.633  12.536 0.0000000000
114910  48.467  38.616  12.499 0.0000000000
114924  46.940  38.211  11.895 0.0000000000
114925  45.982  38.274  11.954 0.0000000000
114244  44.526  38.331  21.126 0.0000000000
114243  44.935  37.483  20.867 0.0000000000
147226  44.442  31.795  20.370 0.0000000000
110377  44.748  31.068  20.267 0.0000000000
116728  41.371  41.625  11.264 0.0000000000
116700  41.500  41.721  13.527 0.0000000000
116678  41.675  41.464  14.197 0.0000000000
116677  42.459  41.671  14.263 0.0000000000
115402  42.135  39.265  18.025 0.0000000000
115415  42.353  39.653  17.171 0.0000000000
116053  42.630  40.260  16.350 0.0000000000
116038  42.992  39.974  17.137 0.0000000000
116037  43.670  40.113  17.625 0.0000000000
115400  43.456  39.582  18.707 0.0000000000
114819  43.479  38.634  20.715 0.0000000000
115381  43.921  39.162  20.528 0.0000000000
114818  44.367  38.907  21.052 0.0000000000
114808  45.020  38.820  21.301 0.0000000000
107322  53.463  27.158  13.771 0.0000000000
107330  53.576  27.333  13.142 0.0000000000
107329  54.137  26.550  12.878 0.0000000000
105888  54.350  24.776  11.472 0.0000000000
105889  53.968  25.521  11.604 0.0000000000
105898  53.809  24.949  10.797 0.0000000000
104139  54.123  23.146  12.102 0.0000000000
148450  53.616  22.687  11.634 0.0000000000
104186  53.234  22.489  8.880 0.0000000000
104185  53.719  22.875  9.425 0.0000000000
104187  52.893  22.697  8.407 0.0000000000
105100  52.471  23.227  8.490 0.0000000000
155640  51.978  22.962  8.006 0.0000000000
104188  50.605  22.953  8.267 0.0000000000
104200  51.428  22.589  7.675 0.0000000000
112372  45.845  34.692  17.104 0.0000000000
111698  45.880  33.262  16.500 0.0000000000
111696  47.842  33.266  16.653 0.0000000000
111044  48.605  32.779  16.226 0.0000000000
112364  49.212  34.936  18.819 0.0000000000
112368  49.997  34.317  18.346 0.0000000000
111694  50.426  33.287  17.024 0.0000000000
111060  49.597  32.334  15.778 0.0000000000
110435  50.801  31.989  15.621 0.0000000000
109758  51.391  30.948  15.025 0.0000000000
109124  51.622  30.334  14.756 0.0000000000
109137  51.869  29.934  14.236 0.0000000000
113037  46.399  35.294  20.283 0.0000000000
113036  47.306  35.091  20.213 0.0000000000
111021  47.970  32.107  19.841 0.0000000000
111020  49.257  32.166  19.803 0.0000000000
110386  49.393  31.335  19.430 0.0000000000
109079  47.520  29.369  19.208 0.0000000000
154106  47.630  30.045  19.379 0.0000000000
109092  48.228  29.244  18.741 0.0000000000
108500  49.159  28.818  17.262 0.0000000000
109091  48.990  29.906  18.591 0.0000000000
109112  49.875  29.337  16.890 0.0000000000
107917  51.141  28.140  15.237 0.0000000000
108524  51.857  29.093  14.460 0.0000000000
107929  51.905  27.879  14.648 0.0000000000
106615  51.806  25.611  15.705 0.0000000000
105858  52.888  25.000  16.001 0.0000000000
105845  50.328  24.841  16.765 0.0000000000
105828  50.941  24.244  17.243 0.0000000000
105002  53.526  23.957  18.151 0.0000000000
105827  52.351  24.227  17.303 0.0000000000
105826  53.998  24.308  17.479 0.0000000000
130963  55.011  23.802  17.425 0.0000000000
115508  47.570  39.190  7.386 0.0000000000
114944  48.287  38.694  6.650 0.0000000000
139813  48.558  38.367  8.616 0.0000000000
115493  50.043  39.262  10.579 0.0000000000
114932  49.493  38.657  9.770 0.0000000000
115492  51.567  39.360  10.774 0.0000000000
116660  45.877  41.958  15.914 0.0000000000
137911  45.503  42.213  15.148 0.0000000000
117257  46.364  42.429  15.213 0.0000000000
117283  47.497  42.760  13.924 0.0000000000
116714  47.592  41.686  12.767 0.0000000000
116115  48.149  40.963  12.300 0.0000000000
116713  48.688  41.780  12.833 0.0000000000
116711  51.013  41.645  13.072 0.0000000000
142471  51.625  40.927  12.601 0.0000000000
116120  52.293  40.274  12.147 0.0000000000
116710  51.750  41.112  13.316 0.0000000000
115471  52.134  39.975  13.327 0.0000000000
116083  51.600  41.108  14.053 0.0000000000
116065  50.673  41.524  16.053 0.0000000000
116085  50.446  41.005  15.230 0.0000000000
116066  49.642  40.966  15.992 0.0000000000
116010  49.804  41.328  19.155 0.0000000000
116022  50.082  41.445  18.550 0.0000000000
116023  49.406  40.915  18.969 0.0000000000
115411  47.456  39.766  18.302 0.0000000000
115412  46.608  39.406  17.596 0.0000000000
115413  45.989  39.083  17.083 0.0000000000
114858  46.117  38.751  17.748 0.0000000000
113695  45.901  36.126  17.874 0.0000000000
154310  45.681  36.824  17.938 0.0000000000
113062  45.475  35.512  17.336 0.0000000000
152305  45.210  31.874  16.205 0.0000000000
141858  46.273  29.791  15.186 0.0000000000
109126  45.519  29.705  15.339 0.0000000000
108536  45.426  28.328  14.887 0.0000000000
130060  47.931  29.037  14.344 0.0000000000
143868  47.192  28.482  14.370 0.0000000000
107325  45.744  26.412  14.624 0.0000000000
133566  45.174  26.886  14.814 0.0000000000
106617  44.201  25.815  15.202 0.0000000000
106629  44.756  25.198  14.869 0.0000000000
105036  44.268  23.511  14.414 0.0000000000
104120  42.754  22.791  14.075 0.0000000000
104130  43.320  22.678  13.610 0.0000000000
107338  52.399  27.128  12.466 0.0000000000
107339  51.292  26.719  12.522 0.0000000000
106642  50.823  25.691  12.360 0.0000000000
105892  49.449  24.530  12.527 0.0000000000
106643  49.856  25.281  12.751 0.0000000000
105893  48.643  24.218  12.888 0.0000000000
104173  47.236  22.690  10.008 0.0000000000
104156  47.089  22.725  10.886 0.0000000000
110423  43.072  31.992  16.383 0.0000000000
110422  44.343  30.936  16.124 0.0000000000
113063  44.646  35.787  16.989 0.0000000000
113699  44.079  36.484  16.685 0.0000000000
112380  43.632  34.715  16.351 0.0000000000
112381  42.991  34.149  16.184 0.0000000000
111700  42.741  33.515  16.230 0.0000000000
104106  51.267  22.273  15.984 0.0000000000
150878  50.474  22.140  15.577 0.0000000000
103261  50.189  22.166  14.832 0.0000000000
139199  49.347  37.853  21.447 0.0000000000
114232  48.978  37.050  21.203 0.0000000000
113657  48.117  36.427  20.656 0.0000000000
107887  45.536  27.638  19.612 0.0000000000
107886  46.241  27.335  19.258 0.0000000000
107280  46.837  26.130  18.761 0.0000000000
115388  45.432  40.032  20.418 0.0000000000
116025  45.567  40.590  18.844 0.0000000000
116014  46.063  40.514  19.819 0.0000000000
116003  46.620  40.343  20.812 0.0000000000
116002  48.036  40.627  21.276 0.0000000000
116001  49.094  40.627  21.296 0.0000000000
115371  48.551  40.082  22.000 0.0000000000
115362  49.150  39.294  22.111 0.0000000000
109138  51.311  30.157  14.002 0.0000000000
109150  50.684  29.486  13.691 0.0000000000
146402  50.734  28.248  13.191 0.0000000000
107331  50.726  27.438  12.882 0.0000000000
108514  42.557  28.368  16.267 0.0000000000
107921  41.510  27.343  16.563 0.0000000000
107920  42.281  27.573  16.272 0.0000000000
107305  42.041  26.854  16.269 0.0000000000
151181  41.278  24.774  15.858 0.0000000000
106620  41.905  25.060  15.809 0.0000000000
105860  42.388  24.465  15.420 0.0000000000
136111  48.621  39.700  13.773 0.0000000000
115480  49.099  39.154  13.107 0.0000000000
114899  46.934  39.107  13.253 0.0000000000
110426  40.269  31.815  16.658 0.0000000000
109751  39.757  31.194  16.958 0.0000000000
130456  38.870  29.884  17.613 0.0000000000
108504  39.113  29.071  17.742 0.0000000000
138162  44.023  37.643  20.864 0.0000000000
113666  43.510  36.865  20.601 0.0000000000
114848  40.671  38.501  18.528 0.0000000000
114861  40.745  38.835  17.642 0.0000000000
114860  41.395  38.868  18.247 0.0000000000
115401  42.673  39.280  18.605 0.0000000000
115391  42.842  39.132  19.438 0.0000000000
114831  43.105  38.925  20.282 0.0000000000
106625  54.512  25.726  14.114 0.0000000000
147162  54.361  26.194  13.416 0.0000000000
106633  54.622  25.632  13.327 0.0000000000
142516  54.611  24.488  12.183 0.0000000000
130546  52.713  22.277  11.637 0.0000000000
104155  52.605  22.022  10.644 0.0000000000
150396  52.605  21.798  9.763 0.0000000000
103322  52.234  21.555  8.277 0.0000000000
112371  46.697  34.579  17.371 0.0000000000
112370  47.637  34.504  17.643 0.0000000000
111679  51.051  34.156  18.838 0.0000000000
111683  51.544  33.532  18.527 0.0000000000
111033  51.502  33.008  17.598 0.0000000000
110417  51.311  31.980  16.133 0.0000000000
109099  51.087  30.797  16.351 0.0000000000
148463  46.184  33.786  20.173 0.0000000000
111664  46.956  33.659  20.072 0.0000000000
108491  48.096  28.562  18.354 0.0000000000
108501  48.479  28.281  17.670 0.0000000000
108513  49.735  28.577  16.540 0.0000000000
106601  50.923  25.281  16.221 0.0000000000
105004  50.595  23.897  17.817 0.0000000000
104986  52.705  23.600  18.704 0.0000000000
115505  46.645  39.477  8.458 0.0000000000
115504  47.197  39.032  8.726 0.0000000000
114938  47.793  38.731  9.138 0.0000000000
115499  47.907  38.997  9.899 0.0000000000
115494  48.657  39.183  10.401 0.0000000000
115486  49.279  39.750  11.195 0.0000000000
130242  42.831  42.033  13.610 0.0000000000
116698  43.670  42.223  13.501 0.0000000000
116697  44.597  42.246  13.272 0.0000000000
130221  47.395  42.608  15.386 0.0000000000
117282  48.856  42.816  14.160 0.0000000000
116693  49.285  42.392  13.436 0.0000000000
117281  49.843  42.612  14.029 0.0000000000
117266  50.583  42.277  14.378 0.0000000000
116674  51.020  41.677  14.879 0.0000000000
116645  50.952  41.969  15.834 0.0000000000
116659  50.895  41.862  16.394 0.0000000000
116048  50.523  41.573  16.824 0.0000000000
115387  48.630  39.498  20.194 0.0000000000
114844  47.038  38.380  18.921 0.0000000000
114845  46.291  38.234  18.287 0.0000000000
110419  47.071  31.904  15.971 0.0000000000
150487  46.073  30.959  15.750 0.0000000000
110438  46.782  31.164  15.714 0.0000000000
109762  46.548  30.470  15.456 0.0000000000
107323  47.508  27.004  14.071 0.0000000000
107941  46.903  27.704  14.300 0.0000000000
106627  46.377  25.754  14.473 0.0000000000
106628  45.542  25.478  14.654 0.0000000000
105874  45.297  24.568  14.549 0.0000000000
105035  45.023  23.759  14.309 0.0000000000
151450  44.764  23.151  13.963 0.0000000000
105890  51.546  25.295  11.750 0.0000000000
105901  49.896  24.238  11.720 0.0000000000
109749  41.408  30.102  16.726 0.0000000000
148439  40.983  29.433  16.908 0.0000000000
138081  42.154  28.909  16.479 0.0000000000
148958  43.041  30.662  16.393 0.0000000000
149189  43.662  27.950  15.606 0.0000000000
115428  45.813  39.327  16.308 0.0000000000
115448  45.639  39.392  15.477 0.0000000000
139698  44.494  38.489  15.662 0.0000000000
114305  43.785  37.082  16.321 0.0000000000
111701  42.121  33.198  16.223 0.0000000000
110425  41.186  31.715  16.517 0.0000000000
134142  40.144  38.503  17.927 0.0000000000
114834  40.655  38.189  19.588 0.0000000000
151660  55.282  24.012  15.906 0.0000000000
142173  55.069  23.860  15.093 0.0000000000
105033  54.320  23.361  14.544 0.0000000000
104126  53.122  22.816  13.940 0.0000000000
104118  52.063  22.551  14.581 0.0000000000
104127  51.939  22.416  13.507 0.0000000000
104140  51.801  22.190  12.502 0.0000000000
103303  50.635  21.409  10.997 0.0000000000
114280  48.115  37.025  19.652 0.0000000000
153623  48.006  36.337  19.305 0.0000000000
113053  49.574  35.261  19.646 0.0000000000
113035  48.982  35.914  20.249 0.0000000000
113034  49.616  35.294  20.048 0.0000000000
112362  50.894  34.390  19.617 0.0000000000
111676  51.048  34.165  19.956 0.0000000000
111018  51.509  33.332  19.643 0.0000000000
110385  51.367  32.508  19.235 0.0000000000
109714  45.709  30.957  20.028 0.0000000000
109713  46.457  30.498  19.773 0.0000000000
155384  46.901  29.232  19.382 0.0000000000
107897  46.868  27.793  18.968 0.0000000000
108492  47.494  28.172  18.647 0.0000000000
107907  47.927  27.830  18.069 0.0000000000
107293  48.571  26.716  17.167 0.0000000000
105811  49.026  24.117  18.066 0.0000000000
104988  49.846  23.741  18.202 0.0000000000
104069  51.417  22.679  20.197 0.0000000000
116650  44.645  41.224  16.285 0.0000000000
116662  44.416  41.563  15.557 0.0000000000
116649  45.400  41.414  16.508 0.0000000000
116648  46.262  41.642  16.725 0.0000000000
116623  46.120  41.066  18.217 0.0000000000
116635  46.693  41.467  17.599 0.0000000000
116647  47.293  41.936  17.003 0.0000000000
117237  48.585  42.197  17.374 0.0000000000
143746  49.902  42.267  17.767 0.0000000000
117236  50.479  42.093  17.874 0.0000000000
116620  49.513  41.839  18.889 0.0000000000
116610  49.680  41.282  19.493 0.0000000000
116011  49.803  40.942  19.998 0.0000000000
115379  49.406  40.528  20.964 0.0000000000
115386  49.298  40.297  20.453 0.0000000000
153163  48.841  30.562  14.820 0.0000000000
109761  47.986  30.241  14.946 0.0000000000
107334  48.048  26.248  13.911 0.0000000000
106636  47.810  25.295  14.052 0.0000000000
105102  50.192  23.265  9.165 0.0000000000
105092  49.759  23.478  10.202 0.0000000000
104189  49.192  23.108  9.555 0.0000000000
105848  38.464  24.739  16.516 0.0000000000
108516  40.958  28.709  16.931 0.0000000000
107908  40.320  27.548  17.199 0.0000000000
107295  40.034  27.029  17.242 0.0000000000
107307  40.729  26.958  16.879 0.0000000000
107308  40.003  26.287  16.961 0.0000000000
106606  39.512  25.499  16.702 0.0000000000
105847  39.102  24.938  16.501 0.0000000000
105863  39.005  24.408  16.124 0.0000000000
142910  38.892  23.906  15.581 0.0000000000
105861  40.936  24.194  15.596 0.0000000000
114922  49.018  38.156  11.890 0.0000000000
115464  45.456  39.320  14.806 0.0000000000
115475  45.646  39.272  14.152 0.0000000000
113659  46.062  37.362  20.835 0.0000000000
147106  45.516  35.641  20.363 0.0000000000
113665  44.450  36.746  20.593 0.0000000000
113038  44.827  36.025  20.438 0.0000000000
112346  45.528  34.502  20.284 0.0000000000
111665  45.504  33.390  20.225 0.0000000000
109080  45.238  29.361  19.906 0.0000000000
116699  42.210  41.957  12.946 0.0000000000
150565  41.331  41.818  12.856 0.0000000000
116069  42.285  40.704  15.490 0.0000000000
116068  42.943  40.871  15.655 0.0000000000
116052  43.439  40.760  16.152 0.0000000000
116051  44.075  40.682  16.775 0.0000000000
116036  44.452  40.491  17.584 0.0000000000
115399  44.463  40.139  18.646 0.0000000000
115389  44.441  39.716  19.888 0.0000000000
114817  45.369  39.240  21.253 0.0000000000
107953  53.081  27.858  13.081 0.0000000000
150967  52.997  26.602  12.180 0.0000000000
106640  53.730  26.270  12.191 0.0000000000
105899  52.432  24.922  10.928 0.0000000000
105907  51.821  24.230  10.152 0.0000000000
105032  54.829  23.939  13.951 0.0000000000
105049  54.588  23.830  12.655 0.0000000000
105062  54.477  23.846  11.476 0.0000000000
104154  53.526  22.524  10.774 0.0000000000
104171  54.050  22.936  10.118 0.0000000000
105905  54.131  24.222  10.039 0.0000000000
105089  53.650  23.949  9.495 0.0000000000
149249  51.885  23.700  9.204 0.0000000000
152331  44.973  33.272  16.446 0.0000000000
111046  46.437  32.544  16.284 0.0000000000
111697  46.814  33.249  16.553 0.0000000000
110436  48.820  31.600  15.444 0.0000000000
112369  48.754  34.460  17.932 0.0000000000
111695  49.029  33.363  16.770 0.0000000000
109760  49.396  31.150  15.024 0.0000000000
109774  50.998  30.674  14.445 0.0000000000
110434  51.224  31.557  15.513 0.0000000000
108533  52.100  29.214  13.866 0.0000000000
113658  47.147  36.815  20.690 0.0000000000
113026  47.195  35.905  20.397 0.0000000000
112343  48.236  34.214  20.117 0.0000000000
111663  47.840  33.601  20.043 0.0000000000
111662  48.843  33.702  20.097 0.0000000000
111008  49.612  33.066  20.048 0.0000000000
111019  50.688  32.730  19.828 0.0000000000
110396  50.609  31.505  18.918 0.0000000000
143672  47.233  30.576  19.613 0.0000000000
109727  48.322  30.654  19.406 0.0000000000
152477  48.731  30.233  19.073 0.0000000000
109737  50.685  30.757  17.330 0.0000000000
144025  50.690  29.640  16.034 0.0000000000
109110  51.487  29.990  15.253 0.0000000000
107314  53.003  26.658  14.449 0.0000000000
107315  51.990  26.657  14.985 0.0000000000
106614  53.797  26.232  14.314 0.0000000000
105856  54.394  25.401  15.054 0.0000000000
149029  54.998  24.824  15.756 0.0000000000
105843  54.176  24.573  16.721 0.0000000000
105842  54.964  24.434  16.488 0.0000000000
105013  55.194  24.301  16.125 0.0000000000
105014  55.241  24.011  16.686 0.0000000000
104103  54.923  23.456  17.037 0.0000000000
104104  53.999  22.786  17.258 0.0000000000
104097  52.629  22.285  17.370 0.0000000000
152994  48.942  38.428  9.246 0.0000000000
139391  50.459  38.358  9.453 0.0000000000
114367  50.964  37.891  8.888 0.0000000000
114936  51.696  38.311  9.655 0.0000000000
114930  52.356  38.734  10.410 0.0000000000
135503  45.664  40.558  11.395 0.0000000000
116125  46.430  40.158  11.153 0.0000000000
152416  44.853  41.999  15.151 0.0000000000
117258  45.011  42.328  14.524 0.0000000000
117270  46.888  42.742  14.492 0.0000000000
139392  46.966  40.359  11.610 0.0000000000
116124  47.697  40.327  11.682 0.0000000000
116123  48.687  40.343  11.755 0.0000000000
116122  49.903  40.447  11.799 0.0000000000
116712  49.891  41.829  12.897 0.0000000000
116113  50.544  41.154  12.412 0.0000000000
115484  52.095  39.898  11.484 0.0000000000
115483  52.770  39.584  11.821 0.0000000000
114906  52.913  39.214  12.105 0.0000000000
115477  52.479  39.586  12.708 0.0000000000
115472  51.289  39.889  13.675 0.0000000000
116084  51.144  41.154  14.698 0.0000000000
116103  50.826  40.506  14.332 0.0000000000
115473  49.478  40.297  14.434 0.0000000000
116086  48.209  40.430  15.345 0.0000000000
149947  47.404  40.240  15.654 0.0000000000
116632  50.443  41.914  18.227 0.0000000000
116032  50.348  41.538  17.749 0.0000000000
116034  48.335  40.545  18.159 0.0000000000
116050  48.285  40.650  17.148 0.0000000000
115446  47.304  40.205  16.413 0.0000000000
150740  45.644  38.588  17.348 0.0000000000
113693  45.246  37.371  17.609 0.0000000000
114283  45.933  37.488  18.127 0.0000000000
112373  45.009  34.824  16.846 0.0000000000
109764  44.881  30.188  15.683 0.0000000000
109127  44.191  29.749  15.787 0.0000000000
108526  44.121  28.440  15.477 0.0000000000
107931  44.237  27.711  15.316 0.0000000000
109142  46.893  29.194  14.724 0.0000000000
107943  44.958  27.582  14.955 0.0000000000
107317  43.568  26.374  15.505 0.0000000000
106618  43.434  25.496  15.429 0.0000000000
105859  43.184  24.641  15.282 0.0000000000
105877  42.864  23.835  15.020 0.0000000000
105876  43.719  24.011  14.904 0.0000000000
105038  42.430  23.220  14.574 0.0000000000
104121  42.049  22.738  14.068 0.0000000000
107955  51.809  27.607  12.712 0.0000000000
106634  49.341  25.843  13.225 0.0000000000
105883  48.278  24.664  13.575 0.0000000000
105884  47.485  24.412  13.853 0.0000000000
105093  48.785  23.227  10.535 0.0000000000
105079  48.433  23.355  11.459 0.0000000000
105080  47.452  23.000  11.666 0.0000000000
105064  48.133  23.582  12.351 0.0000000000
105065  47.345  23.323  12.622 0.0000000000
105052  47.077  23.662  13.387 0.0000000000
105054  45.408  23.257  13.735 0.0000000000
103262  49.676  21.841  15.615 0.0000000000
103272  49.355  21.814  14.684 0.0000000000
103283  48.557  21.400  13.582 0.0000000000
103282  49.282  21.586  13.240 0.0000000000
103311  52.875  21.856  8.923 0.0000000000
104131  42.529  22.584  13.420 0.0000000000
104199  52.307  22.471  7.837 0.0000000000
105076  54.280  23.635  10.462 0.0000000000
105090  52.842  23.902  9.272 0.0000000000
105099  53.368  23.265  9.010 0.0000000000
111654  49.528  34.176  20.181 0.0000000000
112333  48.265  34.959  20.188 0.0000000000
112341  50.402  34.599  20.116 0.0000000000
112342  50.112  34.865  20.140 0.0000000000
112359  50.311  34.926  19.887 0.0000000000
113022  49.946  34.818  20.178 0.0000000000
114796  48.679  38.666  21.926 0.0000000000
114804  49.346  38.484  21.964 0.0000000000
114807  45.843  39.000  21.503 0.0000000000
114859  45.172  38.156  17.251 0.0000000000
115476  52.426  39.922  12.921 0.0000000000
115490  53.060  39.005  11.436 0.0000000000
116101  52.014  40.473  13.401 0.0000000000
116112  52.193  40.402  12.834 0.0000000000
116718  41.277  41.774  12.141 0.0000000000
117229  50.211  42.073  18.468 0.0000000000
130572  49.415  39.693  21.232 0.0000000000
138448  49.101  21.693  13.962 0.0000000000
142387  47.539  39.770  21.866 0.0000000000
147207  49.964  34.531  20.193 0.0000000000
150193  52.575  39.613  12.582 0.0000000000
152465  48.011  38.076  21.487 0.0000000000
