#!ascii label  , from subject sub-v1s11x0050170_ses-1 vox2ras=TkReg
866
80529  16.147  -5.262  -25.655 0.2500000000
80528  16.709  -5.260  -26.043 0.2500000000
79569  17.205  -6.102  -25.958 0.7500000000
83471  14.998  -0.307  -25.449 0.2500000000
132919  14.199  -1.414  -25.524 0.1250000000
83470  17.160  -1.837  -26.102 0.3750000000
82468  15.682  -3.103  -25.822 0.2500000000
80530  15.793  -4.444  -25.631 0.2500000000
131326  16.933  -4.450  -26.257 0.7500000000
130723  16.285  -4.466  -25.932 0.3750000000
79586  18.266  -5.519  -26.396 0.8750000000
80527  17.508  -4.949  -26.308 0.8750000000
152250  19.020  -5.588  -26.796 0.8750000000
143935  16.306  -2.496  -25.927 0.3750000000
150524  16.183  -3.006  -25.917 0.3750000000
82480  17.549  -2.992  -26.458 0.8750000000
81481  16.726  -3.564  -26.143 0.7500000000
80561  19.558  -4.366  -27.318 1.0000000000
81495  19.046  -3.796  -27.104 1.0000000000
81480  17.579  -3.937  -26.428 0.8750000000
79602  19.643  -5.140  -27.198 1.0000000000
80545  18.336  -4.365  -26.603 0.8750000000
79601  20.375  -5.515  -27.570 1.0000000000
144134  16.425  -0.461  -25.585 0.2500000000
83480  17.556  -2.214  -26.346 0.8750000000
82467  16.869  -2.605  -26.111 0.7500000000
81510  19.787  -3.709  -27.594 1.0000000000
82478  18.857  -2.922  -27.133 1.0000000000
80576  21.762  -4.443  -28.725 1.0000000000
80560  20.272  -4.468  -27.787 1.0000000000
79620  21.072  -4.947  -28.206 1.0000000000
139034  14.571  0.838  -25.173 0.1250000000
83469  17.638  -0.916  -26.034 0.6250000000
83489  18.880  -1.720  -27.016 1.0000000000
83479  18.031  -1.447  -26.374 0.8750000000
154525  18.846  -2.374  -27.084 1.0000000000
133922  21.634  -3.758  -28.867 1.0000000000
81526  20.446  -3.546  -28.136 1.0000000000
139808  19.395  -3.156  -27.440 1.0000000000
82488  19.375  -2.410  -27.436 1.0000000000
130368  21.035  -4.082  -28.428 1.0000000000
137607  24.016  -4.442  -29.293 1.0000000000
80575  22.529  -4.710  -28.929 1.0000000000
87066  18.935  3.027  -26.852 0.2500000000
84431  17.799  -0.118  -25.816 0.2500000000
150943  18.188  0.270  -25.933 0.3750000000
84446  18.720  -0.749  -26.703 1.0000000000
84430  18.126  -0.449  -26.112 0.6250000000
150034  19.558  -1.665  -27.533 1.0000000000
82519  22.602  -2.936  -29.604 1.0000000000
131796  21.827  -3.088  -29.197 1.0000000000
144886  20.770  -2.029  -28.639 1.0000000000
82534  23.267  -2.768  -29.916 1.0000000000
81541  23.619  -3.943  -29.479 1.0000000000
81555  24.208  -3.063  -29.885 1.0000000000
81540  24.259  -3.753  -29.548 1.0000000000
131932  19.496  2.805  -27.495 0.5000000000
87055  18.574  2.446  -26.433 0.3750000000
86167  18.603  1.714  -26.418 0.3750000000
85314  18.439  0.991  -26.153 0.5000000000
86177  19.480  1.247  -27.380 0.5000000000
85334  19.728  0.440  -27.625 0.8750000000
84445  19.251  -0.143  -27.137 1.0000000000
85345  20.703  0.634  -29.013 1.0000000000
83498  20.600  -1.334  -28.542 1.0000000000
84455  19.872  -0.366  -27.755 1.0000000000
83526  23.077  -1.633  -30.339 1.0000000000
83513  21.999  -1.331  -29.790 1.0000000000
83524  24.337  -1.775  -30.393 1.0000000000
153788  23.844  -2.499  -30.169 1.0000000000
82517  25.110  -2.583  -29.918 0.8750000000
88014  19.918  3.148  -27.924 0.5000000000
87065  19.067  2.114  -26.983 0.5000000000
132947  19.768  2.039  -27.828 0.6250000000
87077  20.258  2.085  -28.700 0.6250000000
86186  20.190  1.160  -28.255 1.0000000000
85354  24.393  0.385  -30.817 1.0000000000
84491  23.254  0.112  -30.825 1.0000000000
132178  22.864  -0.390  -30.596 1.0000000000
154118  21.856  -0.124  -30.070 1.0000000000
84475  24.371  -0.378  -30.649 1.0000000000
140857  23.270  -1.048  -30.521 1.0000000000
153324  22.836  -1.069  -30.403 1.0000000000
85343  25.359  0.145  -30.126 0.8750000000
137970  24.529  -1.019  -30.506 1.0000000000
83523  25.144  -1.351  -30.231 0.8750000000
87078  20.013  2.709  -28.287 0.5000000000
87091  20.669  2.310  -29.502 0.8750000000
86222  22.161  1.954  -31.005 1.0000000000
142254  21.555  1.251  -30.307 1.0000000000
86219  24.463  1.282  -31.009 1.0000000000
86220  23.391  1.333  -31.158 1.0000000000
85356  21.716  0.563  -30.191 1.0000000000
87115  25.195  2.642  -31.015 1.0000000000
144306  25.619  0.882  -29.739 1.0000000000
138614  25.117  0.883  -30.512 1.0000000000
86207  25.155  1.826  -30.744 1.0000000000
86198  25.545  1.639  -30.110 1.0000000000
87092  20.249  3.178  -28.845 0.5000000000
136265  20.618  3.059  -29.562 0.8750000000
87105  21.127  2.671  -30.269 1.0000000000
134516  23.781  4.216  -31.842 1.0000000000
87118  22.985  2.992  -31.412 1.0000000000
87104  21.710  2.699  -30.848 1.0000000000
89996  25.549  5.123  -30.983 1.0000000000
88053  25.006  3.575  -31.339 1.0000000000
89039  25.906  4.753  -30.238 1.0000000000
89040  25.529  4.196  -30.852 1.0000000000
88024  25.933  2.996  -29.728 1.0000000000
88039  25.574  3.282  -30.619 1.0000000000
87090  25.783  2.227  -29.728 0.8750000000
91864  21.502  7.276  -33.506 1.0000000000
153710  20.732  6.453  -33.049 0.3750000000
90965  22.240  6.676  -33.430 0.8750000000
132269  23.522  5.573  -32.724 1.0000000000
90002  25.092  5.520  -31.610 1.0000000000
156002  24.558  5.267  -31.907 1.0000000000
92778  20.812  7.874  -33.489 0.8750000000
92776  22.895  8.481  -33.811 1.0000000000
91863  22.544  7.530  -33.618 1.0000000000
90964  23.099  6.954  -33.448 1.0000000000
91862  23.507  7.645  -33.522 1.0000000000
133329  24.098  6.121  -32.789 1.0000000000
132031  25.208  6.211  -31.758 1.0000000000
90950  25.034  6.760  -32.255 1.0000000000
90940  25.597  6.901  -31.488 1.0000000000
144321  20.992  8.606  -33.797 0.7500000000
92775  23.941  8.443  -33.500 1.0000000000
92766  25.205  8.356  -32.367 1.0000000000
92767  24.595  8.391  -32.909 1.0000000000
91848  24.870  7.586  -32.620 1.0000000000
93661  22.537  9.341  -34.078 1.0000000000
93660  23.552  9.335  -33.708 1.0000000000
98009  18.711  13.754  -33.296 0.1250000000
98015  18.080  14.447  -33.560 0.1250000000
98024  18.448  13.518  -34.561 0.2500000000
151746  18.112  14.294  -34.458 0.1250000000
98035  18.788  14.394  -35.356 0.3750000000
98025  18.061  14.979  -34.654 0.2500000000
98034  19.895  14.117  -36.529 0.5000000000
98778  19.430  15.190  -35.915 0.2500000000
99503  19.607  16.092  -36.001 0.3750000000
98764  17.971  15.816  -34.765 0.2500000000
99504  18.486  16.174  -35.625 0.2500000000
100326  17.930  17.709  -35.695 0.2500000000
100335  19.521  17.063  -36.047 0.2500000000
148909  20.844  16.138  -36.409 0.3750000000
132217  18.362  17.064  -35.738 0.2500000000
100333  21.562  16.954  -36.578 0.3750000000
100334  20.598  17.204  -36.430 0.2500000000
80515  14.750  -4.964  -24.740 0.1250000000
81482  15.869  -3.671  -25.794 0.2500000000
82469  13.857  -2.366  -25.463 0.1250000000
79618  22.733  -5.534  -28.706 1.0000000000
87116  24.518  2.750  -31.381 1.0000000000
78598  16.061  -6.535  -24.446 0.1250000000
79585  18.656  -6.259  -26.465 0.6250000000
78628  19.719  -7.279  -26.714 0.7500000000
83472  13.295  -0.156  -24.980 0.1250000000
78645  20.510  -6.512  -27.340 1.0000000000
80531  14.235  -3.863  -24.920 0.1250000000
79600  21.199  -5.865  -27.998 1.0000000000
79617  23.732  -5.750  -28.821 1.0000000000
85304  18.187  0.649  -25.820 0.3750000000
86154  18.387  1.726  -26.099 0.2500000000
81539  25.413  -3.622  -29.275 0.8750000000
84463  25.968  -0.630  -29.144 0.8750000000
83512  25.584  -2.010  -29.718 0.8750000000
144350  25.923  0.885  -28.901 0.8750000000
90941  20.944  6.035  -31.807 0.1250000000
88025  20.647  3.636  -29.483 0.3750000000
135533  21.647  4.144  -30.986 0.6250000000
88038  25.880  3.904  -30.016 1.0000000000
86197  25.835  1.615  -29.315 0.8750000000
92777  21.790  8.111  -33.727 0.8750000000
90953  21.025  5.927  -32.751 0.3750000000
90012  21.752  5.365  -32.521 0.8750000000
141484  25.592  6.006  -31.148 1.0000000000
90931  26.008  6.650  -30.645 1.0000000000
91837  25.679  7.721  -31.443 1.0000000000
152390  21.929  8.794  -33.953 1.0000000000
91847  25.395  7.594  -32.039 1.0000000000
93662  21.353  9.238  -34.166 0.8750000000
95521  22.850  10.404  -34.623 1.0000000000
94592  24.051  10.161  -33.359 1.0000000000
93653  24.980  9.168  -32.615 1.0000000000
98008  19.768  14.420  -32.119 0.1250000000
97210  18.365  12.773  -33.741 0.1250000000
97229  19.901  12.511  -35.846 0.6250000000
98023  19.465  13.410  -35.721 0.6250000000
98033  20.923  13.886  -37.309 0.5000000000
98016  17.852  14.733  -33.966 0.2500000000
99502  21.617  15.231  -37.074 0.5000000000
99482  17.794  16.366  -33.718 0.2500000000
99494  17.953  16.717  -34.873 0.2500000000
99508  21.892  15.986  -36.461 0.5000000000
101148  17.891  18.275  -35.682 0.1250000000
101147  18.220  17.941  -36.058 0.2500000000
101155  21.052  18.088  -36.779 0.2500000000
101164  21.936  18.851  -37.314 0.2500000000
79571  16.248  -5.851  -25.477 0.1250000000
79570  16.584  -6.005  -25.636 0.3750000000
81483  15.511  -3.623  -25.686 0.1250000000
79584  19.500  -6.220  -26.916 0.7500000000
80544  19.008  -4.773  -26.877 0.8750000000
81496  18.301  -3.387  -26.741 1.0000000000
79619  21.879  -5.279  -28.517 1.0000000000
81543  22.378  -3.830  -29.218 1.0000000000
134028  20.594  -2.735  -28.401 1.0000000000
83499  20.130  -2.045  -28.027 1.0000000000
80591  23.074  -4.247  -29.310 1.0000000000
154360  23.766  -4.926  -29.076 1.0000000000
85324  18.678  0.241  -26.469 0.8750000000
83488  19.375  -0.969  -27.340 1.0000000000
134719  20.030  -1.157  -27.887 1.0000000000
81556  23.722  -3.252  -29.777 1.0000000000
82500  21.269  -2.480  -28.969 1.0000000000
82520  22.056  -2.166  -29.589 1.0000000000
82535  22.828  -2.217  -30.023 1.0000000000
82532  24.972  -2.100  -30.195 1.0000000000
85323  19.208  0.580  -27.021 0.6250000000
85333  20.294  0.206  -28.304 1.0000000000
85357  21.206  0.973  -29.723 1.0000000000
84465  21.635  -0.710  -29.660 1.0000000000
84466  21.010  -0.675  -29.032 1.0000000000
153839  20.729  -0.060  -28.870 1.0000000000
83525  23.605  -1.694  -30.401 1.0000000000
84464  25.527  -0.576  -29.868 0.8750000000
82516  25.558  -2.866  -29.484 0.8750000000
86210  21.148  1.769  -29.979 1.0000000000
86208  22.066  1.059  -30.688 1.0000000000
148108  23.395  -0.494  -30.665 1.0000000000
85355  22.257  0.137  -30.472 1.0000000000
85366  23.136  0.736  -30.987 1.0000000000
85342  25.771  0.138  -29.383 0.8750000000
87117  23.679  2.814  -31.481 1.0000000000
86209  21.584  1.892  -30.611 1.0000000000
141579  22.999  2.150  -31.285 1.0000000000
86221  22.707  1.256  -31.017 1.0000000000
86218  24.732  2.085  -31.122 1.0000000000
85367  22.706  0.468  -30.772 1.0000000000
87103  25.551  2.442  -30.365 1.0000000000
88041  20.898  3.539  -30.136 0.6250000000
88040  21.423  3.425  -30.670 0.7500000000
88057  21.943  3.506  -31.095 1.0000000000
88056  22.592  3.583  -31.456 1.0000000000
89049  22.951  4.256  -31.850 1.0000000000
88055  23.380  3.566  -31.620 1.0000000000
89061  23.402  4.910  -32.309 1.0000000000
89048  24.197  4.776  -31.942 1.0000000000
89047  24.947  4.645  -31.527 1.0000000000
145838  24.440  4.146  -31.678 1.0000000000
90966  21.238  6.484  -33.245 0.7500000000
90952  21.950  5.890  -33.134 1.0000000000
90010  24.107  5.401  -32.373 1.0000000000
89062  22.390  4.852  -32.199 1.0000000000
90951  23.111  6.154  -33.172 1.0000000000
90009  24.662  5.939  -32.186 1.0000000000
145570  24.464  6.876  -32.774 1.0000000000
148186  24.570  6.400  -32.514 1.0000000000
90963  23.824  6.866  -33.217 1.0000000000
91861  24.260  7.620  -33.168 1.0000000000
93659  24.290  9.235  -33.131 1.0000000000
94593  23.198  10.065  -34.007 1.0000000000
97217  18.027  13.225  -33.905 0.1250000000
97209  19.261  13.089  -32.934 0.1250000000
98755  17.913  15.475  -33.498 0.2500000000
96390  18.262  12.654  -34.202 0.3750000000
98777  20.588  14.934  -36.810 0.5000000000
133253  19.676  17.962  -36.359 0.2500000000
152058  16.844  -6.538  -25.579 0.2500000000
78571  16.387  -6.676  -23.894 0.1250000000
78597  17.080  -6.931  -25.418 0.1250000000
78629  17.929  -6.624  -25.935 0.6250000000
78644  21.401  -6.737  -27.799 1.0000000000
90003  21.348  5.312  -31.476 0.5000000000
136553  21.215  4.028  -30.519 0.6250000000
89050  22.083  4.307  -31.573 0.8750000000
90013  21.279  5.359  -32.082 0.7500000000
89051  21.601  4.824  -31.479 0.8750000000
89063  21.697  4.935  -31.995 1.0000000000
90011  22.693  5.415  -32.745 1.0000000000
94594  22.019  9.802  -34.464 1.0000000000
95520  23.745  10.929  -33.800 1.0000000000
94586  24.664  10.558  -32.902 1.0000000000
96389  18.169  12.241  -33.991 0.3750000000
97228  21.189  12.232  -36.749 0.7500000000
98022  20.411  13.145  -36.791 0.7500000000
97230  19.081  12.841  -34.940 0.5000000000
101154  22.106  17.846  -36.918 0.2500000000
101153  22.692  17.818  -36.825 0.3750000000
73747  21.558  -11.106  -26.297 0.7500000000
73745  23.485  -11.024  -26.650 0.7500000000
73748  20.947  -10.409  -26.313 0.7500000000
75680  20.476  -9.712  -26.280 0.7500000000
74683  22.773  -10.375  -26.982 0.7500000000
74684  21.852  -10.410  -26.696 0.7500000000
75678  22.188  -9.773  -27.092 0.7500000000
75679  21.306  -9.751  -26.705 0.7500000000
149159  23.732  -10.148  -27.239 0.7500000000
74690  22.964  -9.780  -27.350 0.7500000000
77668  19.952  -8.100  -26.596 0.7500000000
75694  21.700  -9.167  -27.118 0.7500000000
77685  21.475  -8.056  -27.390 0.8750000000
76747  20.759  -8.327  -26.841 0.8750000000
75692  23.533  -9.389  -27.650 0.7500000000
145746  22.778  -8.428  -27.817 0.7500000000
156123  21.649  -7.416  -27.692 0.8750000000
76744  24.332  -8.714  -28.082 0.7500000000
76745  23.521  -8.700  -27.984 0.7500000000
77683  23.286  -7.944  -28.193 0.8750000000
77699  24.527  -7.465  -28.485 0.7500000000
77700  23.856  -7.354  -28.486 0.8750000000
78660  22.909  -6.386  -28.520 0.8750000000
78657  25.161  -6.303  -28.641 0.8750000000
78658  24.432  -6.651  -28.659 0.8750000000
79616  24.695  -5.779  -28.849 0.8750000000
79631  24.323  -5.086  -29.057 0.8750000000
80559  26.244  -4.362  -27.635 0.3750000000
147637  25.916  -4.482  -28.445 0.6250000000
79614  25.558  -5.148  -28.670 0.7500000000
80589  24.647  -4.467  -29.237 0.7500000000
137749  26.420  -4.162  -26.827 0.5000000000
129297  26.151  -3.710  -28.179 0.7500000000
136952  25.997  -3.221  -28.850 0.7500000000
82476  26.885  -2.776  -25.916 0.1250000000
82477  26.586  -2.682  -26.795 0.3750000000
82487  26.328  -2.708  -27.922 0.6250000000
82499  26.083  -2.334  -28.911 0.6250000000
83466  27.370  -1.503  -25.477 0.1250000000
83478  26.955  -1.850  -26.188 0.1250000000
84438  26.851  -0.898  -26.656 0.1250000000
144131  26.975  0.031  -26.527 0.1250000000
141578  26.423  -0.295  -27.881 0.6250000000
85332  26.159  0.085  -28.513 0.6250000000
137106  27.231  -0.417  -25.982 0.1250000000
86164  27.173  1.622  -25.874 0.1250000000
135443  26.345  1.221  -27.573 0.1250000000
143041  26.145  0.863  -28.191 0.6250000000
86185  26.079  1.677  -28.381 0.7500000000
84429  27.513  -0.795  -25.333 0.1250000000
142479  26.355  2.107  -27.541 0.5000000000
87062  26.492  2.853  -27.635 0.5000000000
87076  26.247  2.604  -28.286 0.6250000000
87089  26.024  2.375  -29.064 0.7500000000
93663  20.259  9.122  -33.791 0.6250000000
95522  19.926  10.394  -34.287 0.5000000000
94595  20.599  9.754  -34.266 0.7500000000
89021  26.448  4.335  -28.603 0.6250000000
89031  26.196  4.487  -29.460 0.6250000000
89974  26.704  5.068  -28.009 0.5000000000
133367  26.412  5.100  -28.963 0.6250000000
89987  26.383  5.784  -29.409 0.6250000000
137969  26.210  5.156  -29.691 0.7500000000
138019  21.368  10.336  -34.752 0.7500000000
89995  26.049  5.700  -30.308 0.8750000000
92760  25.605  8.352  -31.748 0.8750000000
93652  25.553  9.131  -32.083 0.8750000000
90930  26.325  6.528  -29.813 0.7500000000
91826  25.954  7.505  -30.857 0.8750000000
92752  25.881  8.292  -31.051 0.8750000000
92759  25.879  9.034  -31.372 0.8750000000
93647  25.993  9.771  -31.774 0.8750000000
90908  26.751  6.005  -27.688 0.3750000000
89981  26.560  5.807  -28.562 0.5000000000
90921  26.468  6.502  -28.957 0.5000000000
91825  26.295  7.354  -30.119 0.6250000000
91804  26.922  7.000  -27.498 0.2500000000
90915  26.599  6.493  -28.214 0.3750000000
91817  26.445  7.290  -29.265 0.5000000000
95528  20.807  11.031  -34.984 0.7500000000
150982  24.681  9.847  -32.849 0.8750000000
95512  25.250  11.026  -32.625 0.7500000000
94584  25.814  10.844  -32.223 0.8750000000
138676  26.260  8.162  -30.382 0.6250000000
93640  26.239  8.935  -30.672 0.7500000000
91812  26.604  7.217  -28.394 0.3750000000
92741  26.863  8.819  -29.144 0.5000000000
139312  26.316  10.342  -31.334 0.7500000000
91811  27.046  7.902  -27.873 0.2500000000
95529  19.413  11.150  -34.378 0.6250000000
95527  22.301  10.807  -35.259 0.8750000000
96388  23.377  11.185  -34.711 0.8750000000
96387  23.998  11.996  -33.901 0.8750000000
96396  23.809  11.810  -35.139 0.7500000000
95513  24.465  11.332  -33.150 0.8750000000
95511  25.810  11.631  -32.352 0.7500000000
94570  26.619  9.612  -30.297 0.5000000000
94562  27.494  10.275  -28.931 0.2500000000
93633  26.989  9.576  -29.526 0.5000000000
143150  26.623  8.853  -29.963 0.5000000000
139904  27.242  8.843  -28.206 0.2500000000
96399  20.328  11.743  -35.437 0.5000000000
97227  22.713  11.890  -36.718 0.7500000000
97226  23.797  12.225  -35.937 0.7500000000
97236  23.484  12.741  -36.759 0.7500000000
97225  24.328  13.057  -35.308 0.7500000000
149344  24.299  13.048  -33.924 0.7500000000
97216  24.219  12.358  -34.948 0.7500000000
155548  23.953  12.875  -36.125 0.7500000000
154190  24.623  12.549  -33.378 0.7500000000
96379  25.341  12.344  -32.793 0.7500000000
96385  25.133  13.106  -33.114 0.7500000000
96370  26.752  11.716  -30.967 0.5000000000
136460  26.441  12.866  -31.923 0.3750000000
96378  26.014  12.377  -32.294 0.6250000000
137657  27.664  11.186  -29.285 0.2500000000
95499  27.247  11.392  -30.218 0.3750000000
96374  26.960  12.640  -31.117 0.3750000000
97238  21.337  13.086  -37.397 0.6250000000
97237  22.381  12.744  -37.374 0.7500000000
148596  23.223  13.557  -37.155 0.7500000000
98013  24.307  14.107  -35.043 0.7500000000
136983  24.425  13.776  -34.260 0.7500000000
98007  25.595  14.472  -33.187 0.6250000000
97202  26.897  13.495  -31.539 0.3750000000
98006  26.250  14.396  -32.531 0.3750000000
95495  27.810  12.076  -29.702 0.1250000000
97197  27.908  13.425  -30.260 0.1250000000
97201  27.446  13.417  -30.865 0.2500000000
139480  24.010  14.577  -35.737 0.6250000000
98012  24.844  14.592  -33.965 0.3750000000
97215  24.976  13.817  -33.520 0.7500000000
141089  27.292  14.781  -31.601 0.2500000000
98001  26.806  14.272  -31.864 0.3750000000
97208  25.691  13.753  -32.808 0.6250000000
97985  28.880  14.314  -29.660 0.1250000000
97995  28.456  14.576  -30.205 0.1250000000
97191  28.315  13.012  -29.633 0.1250000000
98032  22.115  13.805  -37.602 0.6250000000
98773  23.626  15.041  -36.033 0.3750000000
98030  23.560  14.275  -36.593 0.3750000000
98763  24.470  15.069  -34.783 0.3750000000
99477  26.302  16.467  -33.308 0.2500000000
98744  25.569  15.086  -33.499 0.3750000000
98751  25.203  15.486  -34.050 0.3750000000
98733  28.256  15.821  -31.155 0.1250000000
98735  26.815  15.130  -32.216 0.3750000000
97984  29.664  14.382  -29.333 0.1250000000
98726  27.887  14.903  -30.955 0.1250000000
152780  22.395  16.074  -36.338 0.3750000000
98775  22.286  14.663  -37.290 0.3750000000
155735  23.239  14.744  -36.584 0.3750000000
99490  24.010  15.963  -35.619 0.3750000000
99499  23.222  15.598  -36.110 0.3750000000
133587  25.350  16.987  -34.508 0.3750000000
98762  24.759  16.033  -34.785 0.3750000000
154195  24.148  15.368  -35.414 0.3750000000
100302  26.067  17.103  -33.807 0.3750000000
98750  25.899  15.727  -33.401 0.3750000000
155771  29.282  17.337  -31.465 0.1250000000
98742  27.185  15.996  -32.237 0.1250000000
99468  26.915  16.593  -32.711 0.2500000000
99445  29.093  16.102  -30.739 0.1250000000
100330  23.481  17.352  -36.427 0.2500000000
100323  24.555  17.476  -35.665 0.2500000000
100324  23.859  16.804  -35.959 0.3750000000
100325  23.155  16.475  -36.257 0.3750000000
101118  26.723  18.465  -33.844 0.1250000000
100314  25.120  17.671  -35.023 0.3750000000
100315  24.621  16.839  -35.286 0.3750000000
100301  26.512  17.713  -33.671 0.1250000000
101946  29.182  19.220  -32.754 0.1250000000
150901  26.714  17.192  -33.217 0.1250000000
100331  22.811  16.882  -36.470 0.3750000000
101142  24.224  17.779  -36.203 0.2500000000
101130  26.183  18.625  -34.473 0.1250000000
101983  25.321  19.163  -35.583 0.1250000000
101971  26.661  19.295  -34.397 0.1250000000
101982  26.235  19.704  -35.201 0.1250000000
101103  29.720  18.715  -32.237 0.1250000000
102839  28.191  20.216  -33.810 0.1250000000
102855  25.653  20.209  -35.981 0.1250000000
102848  27.696  20.646  -34.385 0.1250000000
102849  26.929  20.221  -34.686 0.1250000000
102837  30.054  20.665  -33.807 0.1250000000
101945  30.087  19.423  -32.695 0.1250000000
77702  22.235  -6.957  -28.125 0.8750000000
79599  25.658  -5.848  -28.380 0.6250000000
87997  26.427  3.463  -28.234 0.6250000000
92742  26.703  8.047  -28.725 0.3750000000
96398  21.777  11.458  -35.939 0.8750000000
96397  23.117  11.394  -35.785 0.8750000000
150907  25.131  11.682  -32.804 0.7500000000
94574  26.580  10.196  -30.670 0.5000000000
95505  26.295  11.120  -31.663 0.7500000000
94569  27.046  10.448  -29.958 0.5000000000
100289  28.115  17.791  -32.438 0.1250000000
101131  25.540  18.462  -34.942 0.2500000000
102838  29.083  20.448  -33.769 0.1250000000
84444  26.539  -0.951  -27.586 0.5000000000
84453  26.286  -0.820  -28.386 0.6250000000
83511  26.071  -1.446  -29.021 0.7500000000
87986  26.726  3.435  -27.291 0.3750000000
89014  26.705  4.186  -27.728 0.3750000000
101117  27.592  18.597  -33.294 0.1250000000
90907  27.182  6.321  -26.827 0.1250000000
72804  22.208  -12.421  -25.773 0.7500000000
73736  21.437  -11.832  -25.826 0.7500000000
150006  23.481  -12.518  -25.772 0.7500000000
134309  22.494  -11.058  -26.587 0.7500000000
73744  24.115  -11.293  -26.308 0.7500000000
76731  20.832  -9.032  -26.611 0.7500000000
74682  24.274  -10.693  -26.649 0.6250000000
75691  24.319  -9.375  -27.624 0.7500000000
76743  25.002  -8.736  -27.693 0.6250000000
77682  24.915  -7.973  -28.229 0.6250000000
78643  25.628  -6.631  -28.195 0.5000000000
78627  26.396  -6.122  -26.656 0.3750000000
78642  26.100  -6.003  -27.657 0.5000000000
153162  26.654  -4.386  -26.007 0.1250000000
82466  27.301  -2.241  -25.414 0.1250000000
147214  27.642  -1.767  -24.905 0.1250000000
84419  27.844  -0.244  -24.813 0.1250000000
85293  27.809  0.531  -24.920 0.1250000000
86150  27.699  1.344  -25.075 0.1250000000
153267  26.885  2.090  -26.336 0.1250000000
89013  26.910  4.710  -27.268 0.2500000000
95523  19.145  10.685  -33.721 0.5000000000
92734  27.625  8.482  -27.352 0.1250000000
94561  28.165  10.507  -28.202 0.1250000000
153592  28.089  11.722  -29.115 0.1250000000
147368  29.056  13.010  -28.999 0.1250000000
96400  19.017  12.049  -34.595 0.3750000000
97190  28.995  13.699  -29.322 0.1250000000
98723  30.352  15.580  -29.935 0.1250000000
100278  30.074  17.498  -31.358 0.1250000000
100287  31.785  18.171  -31.977 0.1250000000
98754  18.683  15.544  -32.949 0.1250000000
101161  23.544  18.616  -37.110 0.2500000000
101996  24.122  19.022  -37.063 0.1250000000
102867  24.249  20.108  -37.446 0.1250000000
102853  27.272  21.003  -35.026 0.1250000000
102854  26.551  20.565  -35.456 0.1250000000
102847  28.568  20.913  -34.325 0.1250000000
101944  31.018  19.513  -32.759 0.1250000000
140872  24.888  -3.908  -29.386 0.7500000000
92768  20.244  7.771  -33.087 0.3750000000
94585  25.450  10.083  -32.419 0.8750000000
77686  20.783  -7.489  -27.176 0.7500000000
78661  22.063  -6.128  -28.290 0.8750000000
80588  25.347  -4.414  -29.039 0.7500000000
154522  24.207  10.781  -33.265 0.8750000000
99501  22.310  15.341  -36.688 0.3750000000
100332  22.291  16.868  -36.557 0.3750000000
101163  22.633  18.702  -37.295 0.1250000000
73746  22.279  -11.708  -26.187 0.7500000000
151267  23.033  -11.597  -26.365 0.7500000000
73735  23.702  -11.860  -26.106 0.7500000000
75693  22.662  -9.124  -27.525 0.7500000000
77669  19.020  -8.075  -26.263 0.6250000000
149224  21.354  -8.640  -27.083 0.7500000000
76746  22.029  -8.563  -27.519 0.8750000000
154833  23.945  -9.101  -27.958 0.7500000000
77684  22.363  -7.801  -27.874 0.8750000000
76758  24.090  -8.075  -28.367 0.7500000000
77698  25.087  -7.115  -28.502 0.7500000000
78659  23.619  -6.675  -28.581 0.8750000000
147608  25.472  -7.367  -28.054 0.6250000000
79630  25.011  -5.127  -29.012 0.7500000000
80543  26.373  -5.090  -26.972 0.2500000000
79598  26.055  -5.186  -28.044 0.5000000000
81524  25.793  -3.909  -28.797 0.7500000000
81509  26.381  -3.514  -27.274 0.5000000000
81494  26.612  -3.502  -26.382 0.2500000000
83487  26.586  -1.794  -27.211 0.3750000000
83497  26.339  -1.678  -28.171 0.6250000000
84437  27.182  -1.092  -25.925 0.1250000000
153976  27.593  -1.280  -25.082 0.1250000000
141794  26.646  -0.181  -27.225 0.5000000000
85313  26.650  0.646  -26.997 0.1250000000
85322  26.398  0.395  -27.722 0.5000000000
149075  27.260  0.236  -25.974 0.1250000000
85312  27.010  0.810  -26.269 0.1250000000
86165  26.681  1.592  -26.745 0.1250000000
87051  26.701  2.582  -26.820 0.1250000000
141105  26.201  3.038  -28.911 0.6250000000
88010  26.212  3.705  -29.173 0.6250000000
93646  26.260  9.657  -31.020 0.7500000000
94579  26.041  10.418  -31.950 0.7500000000
92747  26.511  8.086  -29.605 0.5000000000
96386  24.674  12.014  -33.160 0.7500000000
138783  26.385  12.062  -31.729 0.6250000000
93627  27.674  9.734  -28.210 0.1250000000
93632  27.258  9.456  -28.800 0.2500000000
142808  25.843  13.015  -32.505 0.6250000000
97207  26.357  13.627  -32.211 0.3750000000
96369  27.283  12.118  -30.477 0.3750000000
98000  27.384  14.144  -31.253 0.3750000000
141212  27.612  12.780  -30.348 0.1250000000
97996  27.893  14.055  -30.571 0.1250000000
97196  28.365  13.863  -29.899 0.1250000000
98743  26.133  15.111  -32.929 0.3750000000
98734  27.536  15.485  -31.658 0.2500000000
98725  28.687  15.338  -30.464 0.1250000000
98724  29.493  15.564  -30.144 0.1250000000
135869  26.525  15.851  -32.765 0.2500000000
99457  28.670  16.723  -31.431 0.1250000000
99458  27.856  16.285  -31.812 0.1250000000
99500  22.712  15.786  -36.306 0.3750000000
100313  25.923  17.875  -34.296 0.3750000000
99478  25.587  16.318  -33.946 0.3750000000
99456  29.614  16.810  -31.007 0.1250000000
100279  28.708  17.571  -31.899 0.1250000000
100288  28.788  18.396  -32.377 0.1250000000
99466  28.037  17.059  -32.081 0.1250000000
149725  27.677  17.985  -32.896 0.1250000000
99444  29.999  16.201  -30.447 0.1250000000
101151  23.834  18.216  -36.716 0.2500000000
101152  23.186  17.943  -36.776 0.2500000000
101141  24.885  18.209  -35.642 0.2500000000
101960  27.234  19.134  -33.785 0.1250000000
101959  28.700  19.710  -33.307 0.1250000000
143063  28.373  18.954  -32.993 0.1250000000
101958  29.585  19.947  -33.219 0.1250000000
101984  24.521  18.658  -36.325 0.1250000000
101970  27.405  19.839  -34.048 0.1250000000
101102  30.605  18.882  -32.257 0.1250000000
101116  27.895  19.424  -33.499 0.1250000000
102866  25.103  20.574  -36.841 0.1250000000
101995  24.802  19.598  -36.558 0.1250000000
72812  22.977  -12.194  -26.039 0.7500000000
76732  19.482  -8.668  -26.250 0.5000000000
149694  20.187  -8.648  -26.465 0.6250000000
77666  26.004  -7.001  -27.350 0.5000000000
87050  27.110  2.531  -25.974 0.1250000000
87035  27.580  2.219  -25.232 0.1250000000
95490  28.344  11.345  -28.595 0.1250000000
100277  31.102  17.687  -31.438 0.1250000000
101094  30.335  18.223  -31.787 0.1250000000
133585  20.688  -12.062  -25.385 0.7500000000
75662  19.727  -9.718  -25.919 0.5000000000
71816  23.053  -13.675  -25.378 0.6250000000
71815  23.621  -13.140  -25.425 0.6250000000
72790  24.685  -12.389  -24.912 0.3750000000
72803  24.076  -12.497  -25.531 0.6250000000
73719  25.099  -11.597  -24.806 0.2500000000
73734  24.473  -11.691  -25.640 0.3750000000
131221  22.944  -12.900  -25.698 0.6250000000
74681  25.006  -10.375  -26.097 0.5000000000
75690  24.985  -9.301  -27.173 0.5000000000
76730  25.513  -8.664  -26.794 0.3750000000
71804  24.943  -13.074  -24.323 0.5000000000
71805  24.312  -13.189  -24.978 0.6250000000
77681  25.517  -7.949  -27.532 0.5000000000
70703  22.769  -14.881  -25.005 0.6250000000
74671  19.431  -10.263  -25.510 0.3750000000
73738  19.744  -10.897  -25.384 0.3750000000
70713  22.499  -14.151  -25.160 0.6250000000
71817  22.186  -13.300  -25.398 0.6250000000
70689  24.927  -14.688  -23.999 0.3750000000
135114  23.806  -14.001  -25.011 0.5000000000
70712  23.142  -14.343  -25.159 0.6250000000
75663  19.057  -9.767  -25.566 0.2500000000
71789  25.336  -13.781  -23.707 0.3750000000
72789  25.281  -12.265  -24.196 0.2500000000
78614  18.630  -7.165  -26.205 0.3750000000
133341  25.361  -10.388  -25.266 0.2500000000
75676  25.262  -9.523  -26.421 0.3750000000
76717  25.760  -8.953  -25.820 0.2500000000
77667  25.990  -7.772  -26.655 0.2500000000
130489  26.370  -6.983  -26.263 0.2500000000
89041  21.324  4.729  -30.730 0.3750000000
91849  20.604  7.050  -33.206 0.2500000000
95514  18.593  11.441  -33.901 0.2500000000
87992  18.604  3.029  -26.486 0.1250000000
130297  17.836  -7.223  -25.561 0.2500000000
75677  24.618  -9.940  -26.930 0.5000000000
73737  20.603  -11.172  -25.796 0.5000000000
74670  20.140  -10.330  -25.869 0.5000000000
74669  24.578  -11.029  -26.063 0.5000000000
139483  19.997  -9.139  -26.194 0.3750000000
72805  21.414  -12.646  -25.447 0.6250000000
75681  19.271  -9.244  -25.955 0.3750000000
74668  25.011  -10.997  -25.440 0.3750000000
71790  24.622  -13.929  -24.465 0.5000000000
70701  24.257  -14.771  -24.589 0.3750000000
153517  26.003  -8.287  -26.063 0.2500000000
86155  17.340  1.743  -24.744 0.1250000000
146037  21.362  -14.392  -24.709 0.5000000000
69630  24.516  -15.442  -24.145 0.2500000000
68514  23.430  -16.273  -24.554 0.3750000000
69640  23.114  -15.614  -24.885 0.5000000000
70704  22.008  -14.687  -24.862 0.5000000000
70705  20.700  -14.416  -24.446 0.3750000000
71807  20.252  -13.632  -24.502 0.5000000000
70714  21.739  -13.939  -25.034 0.5000000000
71806  21.019  -13.764  -24.796 0.5000000000
148117  20.149  -12.278  -24.943 0.3750000000
71818  21.389  -13.325  -25.164 0.5000000000
131945  18.772  -14.805  -23.220 0.1250000000
69643  20.397  -15.176  -24.098 0.3750000000
139373  19.181  -17.011  -23.159 0.1250000000
69631  20.147  -15.871  -23.785 0.2500000000
68517  20.913  -16.019  -24.055 0.3750000000
68490  24.239  -16.565  -23.353 0.2500000000
67484  22.368  -16.853  -24.443 0.3750000000
68515  22.692  -16.299  -24.653 0.5000000000
69633  18.845  -15.615  -23.123 0.1250000000
68516  21.823  -16.286  -24.405 0.3750000000
70690  19.070  -14.178  -23.599 0.1250000000
72792  19.093  -12.594  -24.053 0.1250000000
89973  26.954  5.422  -27.079 0.1250000000
140792  19.997  -11.612  -25.171 0.3750000000
70702  23.508  -14.876  -24.920 0.3750000000
151684  24.610  -15.950  -23.656 0.2500000000
69642  21.359  -15.211  -24.463 0.5000000000
69641  22.299  -15.503  -24.723 0.5000000000
68513  23.865  -15.556  -24.627 0.3750000000
70706  19.873  -14.352  -24.094 0.2500000000
71808  19.444  -13.469  -24.066 0.1250000000
134755  19.846  -12.818  -24.542 0.1250000000
72806  20.671  -12.936  -24.991 0.5000000000
69632  19.507  -15.183  -23.628 0.2500000000
72791  19.558  -12.054  -24.609 0.1250000000
68505  18.808  -16.424  -22.939 0.1250000000
68504  19.518  -16.319  -23.428 0.1250000000
68503  20.409  -16.693  -23.748 0.3750000000
67471  23.106  -17.263  -23.953 0.2500000000
67473  21.554  -17.505  -23.932 0.2500000000
76718  18.797  -8.660  -25.859 0.2500000000
68501  23.605  -16.784  -24.020 0.2500000000
67475  19.831  -17.410  -23.385 0.1250000000
67485  21.871  -17.065  -24.286 0.2500000000
68502  21.228  -16.910  -24.082 0.2500000000
67474  20.761  -17.480  -23.672 0.1250000000
92779  20.243  8.463  -33.368 0.1250000000
93654  19.947  9.204  -32.849 0.1250000000
142802  19.942  9.778  -31.815 0.1250000000
138031  19.571  10.628  -32.827 0.1250000000
94596  19.664  9.882  -33.531 0.1250000000
94580  20.229  10.286  -31.006 0.1250000000
148382  19.735  9.994  -32.592 0.1250000000
142632  19.348  11.526  -33.017 0.1250000000
92769  20.094  8.377  -32.580 0.1250000000
94587  19.959  10.574  -31.868 0.1250000000
95506  19.947  11.409  -32.002 0.1250000000
95501  20.322  11.179  -31.103 0.1250000000
91850  20.280  7.284  -32.792 0.1250000000
142847  20.192  7.780  -32.471 0.1250000000
89035  20.363  3.353  -28.683 0.1250000000
142575  18.714  -9.260  -25.482 0.1250000000
89990  21.104  4.818  -30.114 0.1250000000
91838  20.392  7.353  -31.998 0.1250000000
92761  20.260  8.138  -31.506 0.1250000000
93648  20.069  8.984  -31.709 0.1250000000
143535  20.177  9.525  -30.984 0.1250000000
94575  20.520  10.755  -30.273 0.1250000000
140948  20.523  11.678  -30.280 0.1250000000
150083  19.867  12.169  -32.125 0.1250000000
90942  20.563  6.651  -32.565 0.1250000000
78615  17.155  -6.956  -25.515 0.1250000000
89042  20.861  4.173  -30.114 0.1250000000
148357  18.331  -7.859  -25.518 0.1250000000
77616  18.024  -8.062  -25.256 0.1250000000
76699  18.439  -8.624  -25.146 0.1250000000
93637  20.480  9.734  -30.145 0.1250000000
93641  21.645  9.004  -29.757 0.1250000000
141040  20.434  12.059  -29.327 0.1250000000
70688  25.503  -14.693  -23.305 0.1250000000
71778  25.887  -14.048  -23.056 0.1250000000
137216  25.450  -12.895  -23.731 0.1250000000
72776  25.809  -12.256  -23.487 0.1250000000
151214  25.646  -11.374  -23.948 0.1250000000
74653  25.439  -10.817  -24.677 0.1250000000
75643  25.774  -9.999  -24.622 0.1250000000
75661  25.528  -9.733  -25.518 0.1250000000
75642  26.321  -9.323  -24.120 0.1250000000
76697  26.371  -8.654  -24.555 0.1250000000
76698  25.990  -9.157  -24.954 0.1250000000
137867  26.571  -7.991  -24.559 0.1250000000
77652  26.321  -7.682  -25.782 0.1250000000
77636  26.766  -7.258  -24.655 0.1250000000
138757  26.600  -7.041  -25.381 0.1250000000
78613  26.641  -6.263  -25.694 0.1250000000
68491  23.529  -17.132  -23.319 0.1250000000
67472  22.401  -17.379  -24.085 0.1250000000
136774  23.973  -16.991  -22.681 0.1250000000
68489  24.962  -16.052  -23.015 0.1250000000
70675  26.069  -14.725  -22.661 0.1250000000
71788  25.976  -13.158  -23.111 0.1250000000
72775  26.341  -12.329  -22.875 0.1250000000
139973  26.182  -10.661  -23.457 0.1250000000
75623  26.081  -10.067  -23.921 0.1250000000
75622  26.466  -9.843  -23.447 0.1250000000
77613  26.914  -7.644  -23.983 0.1250000000
79554  26.957  -5.627  -25.120 0.1250000000
78564  27.141  -6.825  -24.130 0.1250000000
79568  26.617  -5.387  -25.945 0.1250000000
69629  25.057  -15.400  -23.513 0.1250000000
76716  26.243  -8.341  -25.244 0.1250000000
68500  24.117  -16.155  -24.157 0.1250000000
140606  22.790  -17.512  -23.336 0.1250000000
69622  25.547  -15.426  -22.795 0.1250000000
74641  25.788  -10.570  -24.088 0.1250000000
73707  26.199  -11.553  -23.187 0.1250000000
76678  26.660  -8.462  -23.954 0.1250000000
150133  26.513  -7.654  -25.100 0.1250000000
78596  26.892  -6.469  -24.859 0.1250000000
77612  27.357  -7.245  -23.440 0.1250000000
67461  23.294  -17.410  -22.384 0.1250000000
67460  24.072  -17.065  -21.916 0.1250000000
71777  26.517  -13.873  -22.521 0.1250000000
78595  27.320  -5.893  -24.233 0.1250000000
67483  22.981  -16.930  -24.407 0.3750000000
77701  23.059  -7.194  -28.314 0.8750000000
78616  16.719  -6.592  -25.409 0.2500000000
79572  15.929  -5.213  -25.522 0.1250000000
79615  25.237  -5.661  -28.745 0.7500000000
79632  23.240  -4.924  -29.007 1.0000000000
80498  14.258  -4.159  -24.341 0.1250000000
80590  23.534  -4.487  -29.247 1.0000000000
81525  21.121  -3.289  -28.681 1.0000000000
81542  23.126  -3.506  -29.595 1.0000000000
82470  13.270  -2.370  -25.088 0.1250000000
82479  18.288  -2.424  -26.743 1.0000000000
82501  19.969  -2.939  -27.813 1.0000000000
82518  24.839  -3.220  -29.716 0.8750000000
82533  24.524  -2.556  -30.082 1.0000000000
83514  21.324  -1.532  -29.198 1.0000000000
83527  22.554  -1.520  -30.095 1.0000000000
84432  15.661  0.614  -25.323 0.1250000000
84454  20.422  -0.563  -28.399 1.0000000000
84474  25.003  -0.529  -30.402 0.8750000000
84476  23.863  -0.956  -30.599 1.0000000000
84477  22.310  -0.715  -30.203 1.0000000000
84490  23.799  -0.134  -30.795 1.0000000000
85302  27.519  0.013  -25.441 0.1250000000
85344  21.285  0.095  -29.520 1.0000000000
85353  24.865  0.097  -30.539 1.0000000000
85365  23.737  0.679  -31.017 1.0000000000
86166  18.911  1.161  -26.666 0.5000000000
86199  20.667  1.481  -29.236 1.0000000000
87119  22.343  2.811  -31.193 1.0000000000
88054  24.177  3.500  -31.626 1.0000000000
95500  26.700  10.872  -30.796 0.5000000000
96381  18.677  12.097  -33.603 0.1250000000
97218  17.929  13.976  -33.955 0.1250000000
97983  30.447  14.877  -29.463 0.1250000000
97994  29.133  14.916  -29.846 0.1250000000
98021  23.931  13.581  -36.197 0.7500000000
98031  22.972  14.317  -37.155 0.3750000000
98713  29.790  15.104  -29.676 0.1250000000
98756  17.817  15.438  -34.074 0.2500000000
98774  22.791  14.963  -36.723 0.3750000000
98776  21.510  14.475  -37.410 0.3750000000
98779  18.461  15.303  -35.319 0.2500000000
99467  27.500  16.636  -32.316 0.1250000000
100290  27.426  17.313  -32.680 0.1250000000
100300  27.120  17.875  -33.274 0.1250000000
100319  17.916  17.853  -34.796 0.1250000000
101093  31.063  18.408  -31.906 0.1250000000
101095  29.465  17.985  -31.807 0.1250000000
101104  28.099  18.358  -32.780 0.1250000000
101957  30.519  20.080  -33.229 0.1250000000
101972  25.960  19.064  -34.881 0.1250000000
130840  13.404  -1.600  -25.293 0.1250000000
135554  27.419  0.758  -25.597 0.1250000000
135882  25.699  -1.200  -29.619 0.8750000000
137967  23.961  1.954  -31.264 1.0000000000
146024  20.729  10.480  -29.469 0.1250000000
152833  23.331  -2.176  -30.217 1.0000000000
153046  18.093  17.179  -35.541 0.2500000000
153736  20.284  2.731  -29.019 0.5000000000
153832  27.882  10.855  -28.722 0.1250000000
155808  23.890  1.298  -31.166 1.0000000000
