#!ascii label  , from subject sub-v1s11x0050170_ses-1 vox2ras=TkReg
1841
34371  36.044  -49.255  -22.157 0.6000000238
33359  35.576  -50.212  -21.943 0.5000000000
36399  35.959  -47.123  -20.995 0.6999999881
141700  36.537  -46.935  -21.469 0.6000000238
37441  37.001  -46.404  -21.654 0.6000000238
38491  36.848  -45.777  -21.221 0.6000000238
35368  35.818  -48.523  -21.578 0.6999999881
36410  36.354  -47.676  -21.684 0.5000000000
36426  36.985  -47.781  -22.331 0.5000000000
36425  37.664  -47.464  -22.691 0.5000000000
37455  37.767  -46.568  -22.404 0.6000000238
38490  37.542  -45.679  -21.794 0.6000000238
34359  35.392  -49.392  -21.402 0.5000000000
33358  36.090  -50.714  -22.645 0.5000000000
34370  36.950  -49.167  -22.908 0.6000000238
38506  38.176  -45.880  -22.394 0.6000000238
31195  36.430  -52.463  -22.327 0.5000000000
134775  36.470  -44.735  -20.165 0.6000000238
39577  37.035  -44.138  -20.523 0.6999999881
37421  35.092  -46.705  -19.503 0.6000000238
37434  35.648  -46.679  -20.406 0.6999999881
38481  36.358  -45.496  -20.543 0.6000000238
38480  37.093  -44.999  -21.047 0.6000000238
134743  35.139  -47.964  -20.299 0.6000000238
36411  35.606  -47.858  -20.972 0.6999999881
138829  37.749  -44.918  -21.638 0.6000000238
34350  34.905  -49.622  -20.613 0.5000000000
35346  34.786  -48.387  -19.799 0.5000000000
39608  38.856  -44.782  -22.470 0.6000000238
32282  35.591  -51.236  -21.959 0.5000000000
32278  35.479  -51.637  -21.159 0.5000000000
39625  39.987  -44.810  -23.417 0.6000000238
40713  40.393  -43.562  -23.616 0.6999999881
39624  40.448  -44.385  -23.786 0.6000000238
39636  41.070  -43.992  -24.918 0.6999999881
39637  40.666  -44.549  -24.442 0.6000000238
39644  40.852  -44.607  -25.155 0.6000000238
139338  40.736  -44.473  -27.042 0.6000000238
139342  40.833  -44.561  -26.022 0.6000000238
41783  38.011  -43.092  -28.605 0.5000000000
42813  38.282  -42.023  -27.107 0.6999999881
148261  37.899  -42.660  -27.767 0.6000000238
42807  37.669  -41.643  -25.593 0.8000000119
41763  36.838  -42.756  -25.400 0.6999999881
40654  36.729  -43.125  -19.319 0.6000000238
40669  37.025  -43.491  -20.069 0.6999999881
145043  35.223  -45.769  -19.038 0.6999999881
38482  35.652  -45.985  -20.065 0.6999999881
154144  36.128  -44.619  -19.568 0.6000000238
39592  37.657  -44.253  -21.285 0.6999999881
40685  37.642  -43.384  -20.831 0.6999999881
133533  34.876  -47.637  -19.597 0.6000000238
37404  34.880  -46.414  -18.306 0.6000000238
41725  38.340  -42.894  -21.380 0.8000000119
35333  34.589  -48.790  -18.572 0.5000000000
36388  34.580  -48.162  -18.980 0.5000000000
154590  38.729  -43.236  -21.858 0.8000000119
145320  38.918  -43.850  -22.244 0.6000000238
34342  34.601  -49.409  -19.108 0.5000000000
35347  34.599  -48.780  -19.269 0.5000000000
40701  39.711  -43.358  -22.792 0.8000000119
39607  39.550  -44.368  -22.820 0.6000000238
31191  35.822  -52.209  -21.042 0.5000000000
41749  40.138  -42.708  -23.396 0.8000000119
153456  40.455  -43.015  -23.843 0.8000000119
39606  40.082  -44.110  -23.240 0.6999999881
41760  41.286  -43.020  -25.758 0.6999999881
41755  41.098  -43.335  -25.117 0.6999999881
145321  41.675  -43.558  -27.518 0.6999999881
40730  41.436  -43.577  -26.330 0.6999999881
40725  41.265  -43.650  -25.561 0.6999999881
39660  41.541  -43.932  -28.482 0.6000000238
145351  41.282  -44.210  -27.746 0.6000000238
39651  41.333  -44.154  -26.713 0.6000000238
40745  40.987  -43.592  -29.392 0.6999999881
39668  40.952  -44.193  -29.023 0.6999999881
154329  41.173  -44.244  -28.421 0.6000000238
41782  38.853  -42.723  -28.875 0.6999999881
40747  39.284  -43.887  -29.347 0.6000000238
41775  38.551  -42.271  -27.987 0.8000000119
40742  38.420  -43.706  -29.211 0.6000000238
42812  38.529  -41.139  -26.609 0.8999999762
41750  36.484  -41.701  -23.746 0.6999999881
42806  38.162  -40.917  -25.737 0.8000000119
132617  36.687  -42.311  -24.564 0.6999999881
41695  37.027  -42.361  -19.166 0.6000000238
40653  37.301  -42.802  -20.031 0.6999999881
41694  37.518  -42.006  -19.907 0.6999999881
152287  36.340  -43.453  -18.681 0.6000000238
42759  37.987  -41.615  -20.561 0.6000000238
39533  36.095  -44.556  -17.320 0.4000000060
38450  35.244  -45.544  -18.059 0.6000000238
135504  35.995  -44.008  -18.421 0.6000000238
41708  37.886  -42.448  -20.710 0.6999999881
38435  35.691  -45.321  -17.360 0.6000000238
41707  38.530  -41.987  -21.362 0.8000000119
36358  35.463  -47.787  -17.028 0.4000000060
36371  34.883  -47.235  -17.593 0.5000000000
36387  34.661  -47.345  -18.636 0.6000000238
41724  38.913  -42.643  -21.895 0.8000000119
35320  34.815  -48.793  -17.797 0.5000000000
41740  39.679  -42.414  -22.822 0.8000000119
34332  35.066  -50.255  -18.162 0.4000000060
41748  40.441  -42.512  -24.104 0.8000000119
32262  35.380  -51.541  -19.487 0.5000000000
42804  41.046  -42.128  -25.907 0.8000000119
42818  41.766  -41.839  -27.427 0.8000000119
41767  41.566  -42.677  -26.767 0.6999999881
41761  40.780  -42.514  -25.006 0.8000000119
41779  42.085  -42.671  -29.243 0.8000000119
41774  41.940  -42.669  -27.952 0.6999999881
42829  42.232  -41.502  -29.842 0.8999999762
41786  41.908  -42.299  -29.625 0.8999999762
41773  42.207  -42.521  -28.760 0.6999999881
41788  40.192  -42.777  -29.423 0.8999999762
40741  41.603  -43.526  -29.114 0.6999999881
41789  39.403  -43.201  -29.339 0.6000000238
42820  38.899  -41.394  -27.447 0.8999999762
42827  39.266  -41.787  -28.314 0.8999999762
133672  36.907  -40.924  -23.929 0.8000000119
42792  36.041  -41.461  -22.932 0.8000000119
42799  37.050  -41.456  -24.459 0.8000000119
42798  37.576  -41.153  -25.047 0.8000000119
42808  37.226  -41.960  -25.129 0.6999999881
42748  37.300  -41.504  -18.991 0.6999999881
42760  37.664  -41.305  -19.848 0.6000000238
41680  36.606  -42.779  -18.350 0.6000000238
41679  36.957  -42.055  -18.383 0.5000000000
43708  38.024  -40.730  -20.344 0.6999999881
40622  36.537  -43.728  -17.243 0.4000000060
40641  36.266  -43.472  -17.934 0.6000000238
38434  36.222  -45.097  -16.886 0.5000000000
41723  39.223  -41.932  -22.214 0.6999999881
139012  36.681  -46.795  -16.603 0.5000000000
37390  36.010  -45.928  -16.751 0.6000000238
35317  37.249  -48.270  -16.696 0.4000000060
36357  36.378  -47.580  -16.684 0.4000000060
43754  40.118  -40.825  -24.423 0.8000000119
43746  39.924  -41.173  -23.795 0.8000000119
139766  36.550  -48.940  -16.734 0.4000000060
42805  40.632  -41.666  -25.306 0.8000000119
42797  40.344  -41.641  -24.471 0.8000000119
153297  39.884  -42.171  -23.231 0.8000000119
33321  35.550  -50.938  -18.107 0.3000000119
43772  42.097  -40.425  -27.910 0.8000000119
43766  41.477  -40.899  -27.003 0.8000000119
42811  40.788  -41.138  -26.006 0.8000000119
146977  41.349  -41.731  -26.590 0.8000000119
43779  42.555  -40.597  -30.113 0.8999999762
42824  42.426  -41.905  -29.195 0.8999999762
43780  41.926  -40.309  -30.197 0.8999999762
42830  41.559  -41.794  -29.757 0.8999999762
42825  41.060  -40.990  -29.624 0.8999999762
42826  39.998  -41.334  -28.880 0.8999999762
141444  35.994  -40.742  -22.666 0.8000000119
43739  35.640  -40.344  -22.153 0.8000000119
42819  39.455  -40.800  -28.002 0.8999999762
43773  39.044  -40.321  -27.061 0.8999999762
43756  37.355  -40.608  -24.442 0.8000000119
43768  38.595  -40.369  -26.284 0.8000000119
42734  37.228  -41.509  -17.986 0.6000000238
43697  38.027  -39.954  -19.636 0.6000000238
148853  37.308  -43.792  -16.650 0.4000000060
40607  37.893  -42.982  -16.568 0.4000000060
40621  37.095  -42.865  -16.973 0.4000000060
41662  36.971  -42.279  -17.603 0.5000000000
43724  38.485  -40.492  -21.200 0.6999999881
39521  36.623  -44.448  -16.845 0.4000000060
43738  38.891  -40.371  -21.968 0.6999999881
38433  38.358  -45.335  -16.650 0.5000000000
39520  37.359  -44.713  -16.540 0.4000000060
43747  39.565  -40.695  -23.222 0.6999999881
37387  38.786  -46.260  -16.964 0.5000000000
44656  39.674  -39.513  -24.166 0.8000000119
44679  40.921  -39.442  -26.496 0.8000000119
135775  40.407  -40.939  -25.095 0.8000000119
44686  42.082  -39.547  -27.953 0.8000000119
44695  42.974  -39.576  -30.154 0.8999999762
43771  42.636  -40.955  -28.989 0.8999999762
44696  42.605  -39.626  -30.437 0.8999999762
43777  40.136  -40.337  -28.769 0.8999999762
44687  39.534  -39.789  -27.897 1.0000000000
44657  36.542  -39.582  -23.298 0.8000000119
43757  37.016  -40.083  -23.848 0.8000000119
44680  38.721  -39.560  -26.442 1.0000000000
44671  38.360  -39.902  -25.712 0.8000000119
44664  37.482  -39.654  -24.490 0.8000000119
43698  37.678  -40.698  -19.311 0.6000000238
141016  38.294  -39.237  -19.869 0.6000000238
43679  37.710  -40.998  -17.590 0.6000000238
131022  38.422  -39.053  -20.644 0.6999999881
40606  38.875  -43.085  -16.490 0.4000000060
41648  38.470  -42.343  -16.547 0.4000000060
42718  37.559  -41.724  -17.233 0.4000000060
39518  38.437  -43.797  -16.502 0.4000000060
44643  38.906  -39.717  -22.219 0.6999999881
38432  39.520  -45.607  -17.148 0.5000000000
40619  40.279  -43.785  -17.074 0.4000000060
44642  39.228  -40.174  -22.675 0.8000000119
43761  40.509  -40.365  -25.576 0.8000000119
45641  39.286  -38.990  -23.535 0.8000000119
45687  40.650  -38.766  -26.259 0.8000000119
44670  40.452  -39.522  -25.685 0.8000000119
45697  42.206  -38.710  -28.216 0.8000000119
44678  41.460  -39.884  -27.096 0.8000000119
44691  42.936  -39.929  -29.488 0.8999999762
44697  41.777  -39.340  -30.254 0.8999999762
45708  42.483  -38.779  -30.555 0.8999999762
44693  40.135  -39.319  -28.696 1.0000000000
45698  39.529  -38.785  -27.926 1.0000000000
44665  36.985  -38.966  -23.918 0.8000000119
43749  36.095  -39.968  -22.719 0.8000000119
45688  38.644  -38.614  -26.636 1.0000000000
44672  37.936  -39.301  -25.179 0.8000000119
45676  38.316  -38.952  -25.898 0.8000000119
129238  38.305  -39.845  -17.620 0.6000000238
144135  37.551  -40.818  -18.362 0.6000000238
44611  38.143  -39.251  -19.022 0.6000000238
44630  38.594  -39.600  -21.452 0.6999999881
45611  38.513  -38.669  -21.296 0.6999999881
41647  39.476  -42.411  -16.543 0.4000000060
42700  38.893  -41.768  -16.518 0.5000000000
42717  38.110  -41.184  -17.056 0.5000000000
45625  38.745  -38.984  -22.089 0.8000000119
46730  38.565  -38.118  -21.856 0.8000000119
149896  39.720  -43.236  -16.691 0.4000000060
45624  39.078  -39.366  -22.798 0.8000000119
40618  41.025  -43.544  -17.381 0.4000000060
41661  40.395  -42.968  -16.902 0.4000000060
45658  39.962  -39.145  -24.925 0.8000000119
45659  39.529  -38.668  -24.317 0.8000000119
45674  40.241  -38.747  -25.530 0.8000000119
45686  41.422  -38.891  -27.162 0.8000000119
45707  43.196  -38.551  -30.305 0.8999999762
45703  42.537  -37.933  -28.752 0.8000000119
45709  41.611  -38.383  -30.117 1.0000000000
45704  40.835  -38.875  -29.523 1.0000000000
46825  41.387  -37.431  -29.842 1.0000000000
45705  40.108  -38.246  -28.694 1.0000000000
46796  38.461  -37.728  -26.866 1.0000000000
45660  37.436  -38.691  -24.697 0.8999999762
44658  36.096  -39.036  -22.794 0.8000000119
45644  35.965  -38.225  -23.095 0.8999999762
45677  37.773  -38.374  -25.430 1.0000000000
45678  37.189  -37.839  -24.982 1.0000000000
45643  36.408  -38.007  -23.825 1.0000000000
46811  38.242  -36.863  -27.234 1.0000000000
47888  37.737  -36.163  -27.291 1.0000000000
47872  37.369  -36.496  -26.809 1.0000000000
46798  36.926  -36.800  -26.192 1.0000000000
48936  37.662  -35.543  -27.533 1.0000000000
45591  38.444  -38.572  -18.645 0.6999999881
156114  38.326  -38.725  -19.332 0.6999999881
46705  38.547  -37.386  -19.214 0.6999999881
44572  38.897  -39.222  -17.436 0.6000000238
44592  38.342  -39.201  -18.156 0.6000000238
146097  38.409  -38.375  -20.604 0.6999999881
43663  39.097  -40.039  -16.939 0.6000000238
148552  40.394  -41.279  -16.706 0.5000000000
141873  38.553  -37.505  -22.394 0.8000000119
41660  41.190  -42.634  -17.243 0.4000000060
45642  38.816  -38.404  -22.814 0.8000000119
45675  39.813  -38.344  -25.068 0.8000000119
138100  40.951  -38.019  -26.784 0.8000000119
46773  40.271  -37.994  -25.873 0.8000000119
46794  41.728  -37.961  -27.730 0.6999999881
153793  43.185  -38.004  -30.217 0.8999999762
47885  41.753  -36.481  -28.136 0.8000000119
46824  42.378  -37.867  -30.396 0.8999999762
47894  42.296  -36.418  -28.972 1.0000000000
47893  42.296  -36.755  -29.579 1.0000000000
144532  40.790  -38.062  -29.503 1.0000000000
47902  41.478  -36.628  -29.730 1.0000000000
139806  41.402  -35.978  -29.558 1.0000000000
46817  40.419  -37.423  -29.144 1.0000000000
47903  40.743  -36.084  -29.410 1.0000000000
47896  40.000  -36.628  -28.777 1.0000000000
47897  39.247  -36.156  -28.351 1.0000000000
46819  39.117  -36.926  -27.988 1.0000000000
46764  36.525  -37.578  -24.607 1.0000000000
46748  35.737  -37.623  -23.531 1.0000000000
47887  38.451  -36.056  -27.798 1.0000000000
46775  37.409  -37.531  -25.760 1.0000000000
46776  36.547  -37.156  -25.400 1.0000000000
47860  35.875  -36.516  -26.157 1.0000000000
47889  37.046  -35.866  -27.099 1.0000000000
47873  36.514  -36.230  -26.677 1.0000000000
46694  38.755  -37.797  -18.456 0.6999999881
46713  38.365  -37.752  -20.048 0.6999999881
44570  40.334  -39.131  -17.187 0.5000000000
45577  39.261  -37.972  -17.847 0.6999999881
46719  38.406  -37.871  -20.985 0.6999999881
44571  39.605  -39.358  -17.093 0.6000000238
131914  40.740  -40.630  -16.896 0.5000000000
43662  40.134  -39.899  -16.845 0.5000000000
46747  38.730  -37.650  -23.167 0.8000000119
46762  39.387  -37.863  -24.474 0.6999999881
46774  39.677  -37.557  -25.214 0.8000000119
150321  40.570  -37.387  -26.492 0.8000000119
135034  40.018  -37.113  -25.911 0.8000000119
46809  42.124  -37.144  -28.405 0.6999999881
46795  41.235  -37.119  -27.340 0.6999999881
48934  41.753  -35.699  -28.486 0.8999999762
48935  41.110  -35.348  -27.557 0.8000000119
49986  40.540  -34.179  -27.039 0.8000000119
52197  40.285  -32.920  -27.109 0.8000000119
48943  42.035  -35.774  -29.207 0.8999999762
49994  41.045  -34.584  -27.643 0.8000000119
141000  40.982  -33.999  -27.727 0.8000000119
48949  41.816  -35.869  -29.379 1.0000000000
155167  41.776  -35.128  -28.915 0.8999999762
51114  41.074  -33.569  -28.224 0.8999999762
50008  41.333  -34.566  -29.349 0.8999999762
50009  41.138  -34.097  -29.588 1.0000000000
48944  39.901  -35.654  -28.869 1.0000000000
50002  39.645  -34.643  -28.974 1.0000000000
48946  38.579  -34.699  -28.382 1.0000000000
47861  34.740  -36.772  -26.190 1.0000000000
50003  38.992  -33.955  -28.869 1.0000000000
139756  37.667  -34.707  -27.806 1.0000000000
155776  35.766  -36.078  -26.739 1.0000000000
50004  38.166  -34.009  -28.273 1.0000000000
49995  37.479  -33.943  -27.840 1.0000000000
48938  35.984  -34.873  -27.118 1.0000000000
46674  39.951  -37.875  -17.657 0.6999999881
46693  39.463  -37.257  -18.159 0.6999999881
149672  38.882  -37.087  -18.679 0.6999999881
47788  38.739  -36.677  -19.239 0.6999999881
138898  38.354  -37.066  -20.553 0.6999999881
45576  40.788  -37.988  -17.739 0.6000000238
138323  38.402  -37.265  -21.479 0.6999999881
47818  38.375  -36.654  -22.023 0.6999999881
43661  41.122  -39.815  -17.255 0.5000000000
144218  38.538  -36.912  -22.958 0.8000000119
47838  38.592  -36.306  -23.562 0.6999999881
47845  39.467  -36.739  -25.231 0.6999999881
47846  38.958  -36.499  -24.457 0.6999999881
47859  39.870  -36.239  -25.951 0.6999999881
47886  41.145  -36.183  -27.447 0.6999999881
47871  40.486  -35.788  -26.708 0.6999999881
49987  39.868  -34.345  -26.184 0.8000000119
51100  39.590  -33.527  -25.940 0.8000000119
137809  39.249  -32.101  -25.340 0.8000000119
135300  39.797  -33.019  -26.415 0.8000000119
134419  39.439  -31.977  -25.970 0.8000000119
52198  39.797  -32.274  -26.705 0.8000000119
51122  41.278  -33.866  -29.384 1.0000000000
52205  40.841  -32.834  -28.270 0.8999999762
52206  40.384  -32.282  -27.622 0.8000000119
52214  41.101  -32.390  -29.541 1.0000000000
53255  40.787  -31.852  -28.689 0.8000000119
48951  40.776  -35.013  -29.393 1.0000000000
51129  41.080  -33.343  -29.674 1.0000000000
50011  39.756  -33.802  -29.404 1.0000000000
51124  38.509  -33.313  -28.805 1.0000000000
47874  35.024  -36.275  -26.603 1.0000000000
51125  37.736  -33.373  -28.215 1.0000000000
52207  37.341  -32.792  -28.069 1.0000000000
49996  36.694  -34.196  -27.462 1.0000000000
48924  35.321  -35.546  -26.833 1.0000000000
52208  36.649  -32.571  -27.650 1.0000000000
47786  40.050  -36.582  -18.359 0.6999999881
47787  39.320  -36.548  -18.700 0.6999999881
47801  38.527  -36.252  -20.037 0.6000000238
48849  38.489  -35.526  -20.730 0.6000000238
48857  38.322  -35.793  -21.647 0.6000000238
47827  38.381  -36.056  -22.611 0.6999999881
48897  38.666  -35.628  -24.144 0.6999999881
48879  38.439  -35.430  -23.213 0.6999999881
48896  39.187  -35.734  -25.121 0.6999999881
51093  39.150  -33.392  -25.192 0.8000000119
48922  39.819  -35.310  -26.037 0.6999999881
142895  39.342  -34.028  -25.464 0.8000000119
53242  39.341  -31.327  -25.531 0.8000000119
53256  40.203  -31.534  -27.618 0.8000000119
53263  40.818  -31.368  -29.671 0.8000000119
54310  40.533  -30.926  -28.800 0.8000000119
143006  40.777  -32.609  -29.986 1.0000000000
132880  40.911  -31.800  -29.939 1.0000000000
54316  40.487  -30.627  -29.642 0.6999999881
134170  40.410  -31.471  -30.017 1.0000000000
54320  40.385  -30.550  -29.672 0.8999999762
53264  39.379  -31.540  -29.655 1.0000000000
144464  38.368  -31.975  -28.956 1.0000000000
53265  38.260  -31.177  -29.003 1.0000000000
46799  33.739  -37.055  -26.283 1.0000000000
52216  37.997  -32.672  -28.615 1.0000000000
49988  35.170  -34.577  -26.848 1.0000000000
130897  34.664  -35.070  -26.681 1.0000000000
48925  34.451  -35.864  -26.693 1.0000000000
49997  35.698  -33.978  -27.090 1.0000000000
47800  39.103  -35.965  -19.282 0.6999999881
48865  38.339  -35.228  -22.250 0.6000000238
49954  38.378  -34.514  -22.838 0.6999999881
143738  38.782  -34.925  -24.574 0.6999999881
142211  38.517  -34.829  -23.814 0.6999999881
49979  39.277  -34.746  -25.347 0.6999999881
51094  38.735  -33.301  -24.402 0.8000000119
52186  39.026  -32.644  -24.907 0.6999999881
53234  39.002  -31.810  -24.620 0.6999999881
138791  39.539  -30.597  -26.299 0.6999999881
148471  39.663  -29.977  -26.916 0.6999999881
54311  39.964  -30.554  -27.531 0.6999999881
55363  40.257  -29.780  -29.198 0.8000000119
55358  40.325  -30.044  -28.893 0.6999999881
53271  40.171  -31.082  -30.032 0.8999999762
54317  39.195  -30.608  -29.508 1.0000000000
54318  38.143  -30.294  -28.965 1.0000000000
48926  33.648  -36.146  -26.533 1.0000000000
52217  37.316  -31.877  -28.258 1.0000000000
49989  34.478  -34.200  -26.416 1.0000000000
52209  35.656  -32.260  -27.146 1.0000000000
48836  39.602  -35.301  -19.395 0.6000000238
48837  38.867  -35.355  -19.936 0.6000000238
48848  38.738  -34.512  -20.634 0.6000000238
144488  38.378  -34.989  -21.385 0.6000000238
49922  38.463  -34.351  -21.405 0.6000000238
129336  38.364  -33.946  -22.011 0.6000000238
136936  38.404  -33.576  -22.846 0.6000000238
49972  38.503  -33.992  -23.796 0.6000000238
52178  38.560  -32.402  -23.345 0.6999999881
53235  38.716  -31.915  -23.830 0.6999999881
140551  39.166  -30.996  -24.743 0.6999999881
54299  39.347  -30.325  -25.357 0.6999999881
54304  39.503  -29.921  -26.190 0.6999999881
55352  39.641  -29.276  -26.877 0.6999999881
60613  45.419  -23.725  -24.644 0.3000000119
55359  40.117  -29.193  -28.912 0.6999999881
142172  39.993  -29.518  -27.961 0.6999999881
150468  45.800  -23.339  -25.825 0.3000000119
55364  39.976  -29.180  -29.073 0.8000000119
46767  30.450  -37.784  -24.664 0.8999999762
54322  39.916  -30.174  -29.656 1.0000000000
46781  31.480  -37.572  -25.768 1.0000000000
47876  33.255  -36.859  -26.465 1.0000000000
46801  32.004  -37.376  -26.147 1.0000000000
53266  37.258  -30.758  -28.416 1.0000000000
134060  36.361  -31.829  -27.577 1.0000000000
151193  35.026  -33.810  -26.737 1.0000000000
49990  33.958  -35.136  -26.404 1.0000000000
52199  34.869  -32.397  -26.484 1.0000000000
49901  39.292  -34.757  -19.917 0.6000000238
49913  39.425  -34.044  -20.161 0.6000000238
51035  39.617  -33.204  -20.290 0.6000000238
51036  38.902  -33.473  -20.640 0.6000000238
138497  39.085  -32.710  -20.624 0.6000000238
52123  39.010  -31.908  -20.913 0.6999999881
52140  38.605  -32.091  -21.664 0.6999999881
132560  38.445  -33.021  -21.990 0.6000000238
53210  38.650  -31.467  -22.301 0.6999999881
55308  43.924  -29.229  -22.399 0.3000000119
55287  43.374  -28.999  -21.751 0.3000000119
53227  38.647  -31.685  -23.138 0.6999999881
53226  38.893  -31.133  -23.879 0.6999999881
137251  39.363  -29.655  -24.777 0.6999999881
60599  45.047  -24.269  -23.651 0.3000000119
60614  44.436  -23.892  -24.515 0.4000000060
131257  44.807  -23.614  -25.455 0.4000000060
60622  44.184  -23.712  -26.064 0.4000000060
46754  29.890  -37.736  -23.661 0.6999999881
45645  29.072  -38.175  -24.317 0.6999999881
63417  44.339  -21.586  -26.466 0.3000000119
61556  45.585  -23.019  -26.607 0.3000000119
145050  39.859  -28.471  -28.675 0.6999999881
45662  30.048  -37.931  -25.369 0.8999999762
61557  44.917  -23.135  -26.584 0.3000000119
55370  39.662  -29.516  -29.343 0.8000000119
46782  30.633  -37.680  -25.749 0.8999999762
135734  44.770  -22.642  -26.770 0.3000000119
61566  44.406  -23.171  -26.620 0.3000000119
55365  38.715  -29.126  -29.089 0.8000000119
54319  37.096  -29.781  -28.497 1.0000000000
48911  33.272  -35.516  -26.316 1.0000000000
140726  35.788  -30.635  -27.540 1.0000000000
53258  35.650  -31.295  -27.293 1.0000000000
51109  34.687  -33.260  -26.389 1.0000000000
53250  34.722  -31.876  -25.872 1.0000000000
52200  34.460  -32.704  -25.885 1.0000000000
53238  34.695  -32.399  -25.098 1.0000000000
53172  39.647  -31.516  -20.639 0.6999999881
53188  39.372  -30.999  -20.979 0.6999999881
152683  43.599  -30.390  -22.325 0.3000000119
54245  43.391  -29.833  -21.918 0.4000000060
54249  39.295  -30.434  -21.563 0.6999999881
54268  38.927  -30.721  -22.220 0.6999999881
54284  38.833  -30.953  -22.950 0.6999999881
56365  42.906  -28.431  -21.410 0.4000000060
55323  39.355  -29.613  -23.855 0.6999999881
56364  43.731  -28.270  -21.954 0.3000000119
134341  42.276  -27.930  -21.178 0.5000000000
133966  39.538  -28.775  -23.781 0.6999999881
56416  39.550  -28.543  -24.581 0.6999999881
57405  42.982  -27.646  -21.477 0.5000000000
56429  39.550  -28.488  -25.467 0.6999999881
59611  43.321  -25.660  -22.275 0.4000000060
59612  42.026  -25.633  -22.743 0.6000000238
59628  42.521  -25.120  -23.253 0.5000000000
56436  39.631  -28.451  -26.594 0.6999999881
59626  44.498  -24.889  -22.909 0.3000000119
62486  40.540  -22.416  -26.296 0.4000000060
60616  42.737  -24.589  -24.627 0.4000000060
132601  39.894  -28.469  -27.989 0.6999999881
45681  28.065  -38.154  -25.153 0.6999999881
63420  41.063  -21.527  -25.872 0.4000000060
60615  43.483  -24.213  -24.726 0.4000000060
60623  43.515  -24.134  -25.881 0.4000000060
45646  28.272  -38.315  -23.891 0.6000000238
63418  43.291  -21.583  -26.135 0.3000000119
133632  42.884  -22.370  -26.259 0.3000000119
63419  42.251  -21.574  -25.841 0.4000000060
145326  43.560  -23.889  -26.383 0.4000000060
129187  42.851  -24.276  -26.304 0.4000000060
56443  39.586  -28.024  -28.601 0.6999999881
56440  39.786  -27.694  -28.351 0.6999999881
45663  29.266  -38.216  -25.119 0.6999999881
62484  42.619  -23.001  -26.485 0.4000000060
60632  42.169  -24.436  -26.566 0.4000000060
56446  39.274  -28.655  -29.031 0.8000000119
62483  43.800  -22.411  -26.507 0.3000000119
61567  43.589  -23.428  -26.629 0.3000000119
60637  42.805  -23.968  -26.635 0.4000000060
136978  38.194  -28.397  -28.783 0.8000000119
47877  32.416  -37.060  -26.378 1.0000000000
55366  37.543  -28.996  -28.698 0.8999999762
55360  36.124  -29.572  -28.125 1.0000000000
51110  34.174  -33.471  -25.934 1.0000000000
53243  34.970  -31.028  -25.875 1.0000000000
53249  34.991  -31.406  -26.646 1.0000000000
138218  35.264  -30.637  -27.104 1.0000000000
52194  34.303  -33.110  -25.178 1.0000000000
51101  33.895  -33.647  -25.303 1.0000000000
52189  34.741  -33.015  -24.292 1.0000000000
53171  40.220  -31.622  -20.479 0.6000000238
54228  40.998  -30.583  -20.591 0.6000000238
145374  40.434  -30.157  -20.711 0.6000000238
54248  39.786  -30.208  -20.984 0.6999999881
54247  41.801  -30.286  -20.734 0.5000000000
55266  41.078  -29.778  -20.660 0.6000000238
55291  39.670  -29.612  -21.552 0.6999999881
55288  42.758  -29.201  -21.305 0.5000000000
147245  42.265  -28.613  -21.058 0.4000000060
54267  39.315  -29.920  -22.462 0.6999999881
155924  39.341  -29.767  -23.195 0.6999999881
56366  41.495  -28.335  -20.971 0.6000000238
56389  39.688  -28.996  -22.186 0.6999999881
57406  42.338  -27.294  -21.392 0.6000000238
56402  39.498  -29.205  -23.050 0.6999999881
58521  42.866  -26.848  -21.617 0.6000000238
58522  41.987  -26.738  -21.608 0.6000000238
57445  39.775  -27.949  -23.966 0.6999999881
57460  39.729  -27.781  -24.965 0.6999999881
143693  42.775  -25.455  -22.570 0.5000000000
59629  41.734  -25.410  -23.666 0.6000000238
58552  40.632  -26.541  -23.749 0.6000000238
62498  38.508  -22.350  -27.146 0.4000000060
60601  43.030  -24.619  -23.817 0.4000000060
59638  42.263  -24.920  -24.150 0.4000000060
58564  41.049  -25.835  -24.210 0.5000000000
58565  40.559  -26.401  -24.828 0.6000000238
57473  39.739  -27.658  -26.085 0.6999999881
62487  39.197  -21.906  -26.764 0.4000000060
59639  41.627  -25.314  -24.678 0.5000000000
57482  39.889  -27.454  -27.457 0.6999999881
152943  41.363  -22.971  -26.336 0.4000000060
62497  39.623  -22.958  -26.812 0.5000000000
59648  42.195  -24.855  -25.113 0.4000000060
59656  42.203  -24.751  -25.956 0.4000000060
46783  29.492  -37.656  -25.695 0.8999999762
45680  28.892  -38.143  -25.388 0.6999999881
62496  43.325  -22.963  -26.613 0.4000000060
60633  41.745  -24.517  -26.825 0.4000000060
56444  38.761  -27.819  -28.761 0.6999999881
61569  41.939  -23.954  -26.826 0.4000000060
48929  31.022  -36.503  -26.058 0.8999999762
55367  36.407  -28.959  -28.405 0.8999999762
149131  32.075  -35.769  -25.921 0.8999999762
49980  33.824  -34.190  -25.910 1.0000000000
48912  32.640  -35.202  -25.733 1.0000000000
54313  35.611  -29.898  -27.583 1.0000000000
49981  33.338  -34.744  -25.853 1.0000000000
54301  35.357  -30.253  -26.014 1.0000000000
51102  33.501  -34.137  -24.905 1.0000000000
129278  32.995  -34.624  -25.036 1.0000000000
54293  35.681  -30.676  -25.011 1.0000000000
53211  36.328  -31.390  -22.338 0.8999999762
53229  35.983  -31.839  -23.190 1.0000000000
52188  35.402  -32.314  -24.063 1.0000000000
51084  34.507  -33.566  -23.409 1.0000000000
51096  33.769  -34.098  -23.736 1.0000000000
52179  35.583  -32.602  -22.920 1.0000000000
52180  35.068  -33.218  -22.628 1.0000000000
51065  34.402  -33.698  -22.337 0.8999999762
52165  35.446  -32.753  -21.965 1.0000000000
51046  34.818  -33.219  -21.749 0.8999999762
56345  41.058  -29.048  -20.789 0.6000000238
56367  40.617  -28.602  -21.190 0.6999999881
56368  40.028  -28.947  -21.511 0.6999999881
56401  39.843  -28.258  -22.898 0.6999999881
57407  41.643  -27.451  -21.309 0.6000000238
57428  41.123  -26.963  -21.792 0.6000000238
57444  40.263  -27.343  -23.317 0.6999999881
58538  40.817  -26.709  -22.693 0.6999999881
57459  40.148  -27.158  -24.369 0.6000000238
57472  40.093  -26.994  -25.460 0.6000000238
62499  38.087  -22.190  -27.151 0.3000000119
58537  41.593  -26.293  -22.269 0.6000000238
58551  41.240  -26.013  -23.191 0.6000000238
141953  38.141  -22.710  -27.328 0.4000000060
62488  37.867  -22.282  -27.044 0.4000000060
58573  41.046  -25.743  -25.300 0.6000000238
58574  40.610  -26.274  -25.984 0.5000000000
57481  40.178  -26.828  -26.650 0.6000000238
59650  41.161  -25.639  -26.437 0.4000000060
61570  38.741  -23.234  -27.344 0.5000000000
59661  41.259  -25.083  -27.347 0.4000000060
59657  41.655  -25.029  -26.742 0.4000000060
57486  40.027  -26.838  -28.143 0.6000000238
144531  40.002  -24.140  -27.196 0.5000000000
60638  41.198  -24.532  -27.111 0.4000000060
57489  39.062  -27.146  -28.648 0.6000000238
149225  40.676  -25.089  -27.647 0.4000000060
47880  29.795  -36.962  -26.037 0.8999999762
56445  36.879  -28.150  -28.568 0.8999999762
149840  37.736  -27.743  -28.672 0.8000000119
48914  30.506  -35.879  -25.628 0.8999999762
48898  30.903  -35.487  -25.082 0.8999999762
131649  31.862  -35.186  -24.042 0.8999999762
49975  31.772  -35.279  -25.121 0.8999999762
54305  35.297  -30.013  -26.850 1.0000000000
53237  35.873  -31.385  -24.168 1.0000000000
49973  33.136  -34.568  -24.090 1.0000000000
51085  33.965  -34.074  -22.872 0.8999999762
52141  35.078  -32.704  -21.322 1.0000000000
52142  34.456  -32.914  -21.076 1.0000000000
51047  34.083  -33.554  -21.498 0.8999999762
52125  34.878  -32.281  -20.807 1.0000000000
52126  34.062  -32.357  -20.624 0.8999999762
56388  40.196  -28.309  -21.878 0.6999999881
63422  38.259  -21.676  -26.740 0.3000000119
63411  37.920  -21.947  -26.570 0.3000000119
61549  37.751  -23.189  -26.451 0.3000000119
61572  37.797  -23.714  -27.468 0.5000000000
60626  37.537  -23.999  -26.955 0.4000000060
59658  41.148  -25.465  -27.222 0.5000000000
58582  40.741  -26.099  -27.207 0.5000000000
57485  40.281  -26.639  -27.604 0.5000000000
61571  38.108  -23.400  -27.535 0.5000000000
59662  40.814  -25.615  -27.710 0.5000000000
58585  40.472  -26.215  -28.010 0.5000000000
135474  38.891  -24.182  -27.637 0.5000000000
57488  39.676  -27.096  -28.399 0.6000000238
57490  37.980  -27.129  -28.644 0.6999999881
59664  37.802  -25.010  -28.184 0.5000000000
60641  38.961  -25.112  -28.104 0.5000000000
145069  36.943  -27.249  -28.535 0.6000000238
56441  35.729  -27.820  -28.033 0.8999999762
55353  35.496  -29.218  -27.302 0.8999999762
55361  35.695  -29.051  -28.002 0.8999999762
55346  35.630  -29.361  -26.328 0.8999999762
53228  36.359  -31.042  -23.317 0.8999999762
53236  36.249  -30.701  -24.125 0.8999999762
49955  33.271  -34.593  -22.923 0.8999999762
49974  32.483  -34.894  -24.589 0.8999999762
51066  33.715  -34.179  -22.054 0.8999999762
53190  36.095  -31.610  -21.587 0.8000000119
53173  35.272  -31.587  -20.677 0.6999999881
49935  32.378  -34.936  -22.536 0.8999999762
52143  33.641  -33.067  -20.883 0.8999999762
51048  33.252  -33.802  -21.278 0.8999999762
134774  38.270  -21.271  -26.182 0.3000000119
62473  37.929  -22.534  -26.039 0.3000000119
62464  38.628  -22.738  -24.875 0.4000000060
61548  38.224  -23.422  -25.473 0.3000000119
61537  38.689  -23.637  -24.620 0.4000000060
60625  37.914  -24.134  -25.889 0.4000000060
60634  37.534  -24.436  -27.604 0.5000000000
59663  40.181  -25.673  -28.122 0.5000000000
58586  39.974  -26.401  -28.325 0.5000000000
59665  37.247  -25.150  -27.958 0.5000000000
148343  39.825  -24.889  -27.788 0.5000000000
58589  39.278  -26.487  -28.538 0.5000000000
59667  38.520  -25.774  -28.461 0.5000000000
59668  37.479  -25.740  -28.371 0.5000000000
58590  38.231  -26.432  -28.611 0.5000000000
59660  36.827  -25.757  -27.642 0.5000000000
58588  36.395  -26.474  -27.796 0.6000000238
58592  36.475  -26.774  -28.215 0.6000000238
57475  36.689  -27.478  -25.958 0.6999999881
56437  36.167  -27.992  -26.533 0.6999999881
56442  35.601  -28.444  -27.750 0.6999999881
56430  36.506  -28.264  -25.661 0.6999999881
55345  36.233  -28.990  -25.485 0.8000000119
56431  36.027  -28.647  -26.180 0.8000000119
153513  31.910  -35.181  -23.169 0.8999999762
54292  36.352  -30.052  -24.434 0.8999999762
54300  35.961  -29.776  -25.324 0.8999999762
54250  36.427  -30.946  -21.484 0.6999999881
51068  31.930  -34.655  -21.659 0.8999999762
51049  32.297  -33.891  -21.141 0.8999999762
53175  33.586  -31.602  -20.430 1.0000000000
61525  39.116  -23.427  -23.880 0.3000000119
60602  38.877  -24.258  -24.010 0.4000000060
61515  39.291  -24.071  -22.946 0.3000000119
59651  38.109  -24.864  -25.261 0.4000000060
141889  38.874  -24.943  -23.340 0.3000000119
131978  37.606  -25.092  -26.158 0.4000000060
59640  38.474  -25.098  -24.325 0.4000000060
143962  38.577  -25.591  -23.579 0.4000000060
59659  37.283  -25.042  -27.269 0.4000000060
59641  37.974  -25.642  -25.034 0.4000000060
58566  38.264  -26.021  -24.117 0.4000000060
58583  37.122  -25.834  -26.713 0.4000000060
58575  37.456  -26.142  -25.687 0.4000000060
58576  36.902  -26.651  -26.290 0.5000000000
58584  36.653  -26.337  -27.133 0.5000000000
56418  36.786  -28.580  -24.865 0.6000000238
55338  36.549  -29.307  -24.675 0.8000000119
54285  36.631  -30.262  -23.492 0.6999999881
54251  35.918  -31.308  -20.968 0.6999999881
140891  32.725  -33.092  -20.781 0.8999999762
52144  31.601  -32.798  -20.865 0.8999999762
54234  33.021  -30.698  -20.494 0.8999999762
54252  32.062  -30.782  -20.872 0.8000000119
153268  32.382  -32.313  -20.683 0.8000000119
142551  32.362  -30.107  -20.889 0.6999999881
55295  32.194  -29.398  -21.238 0.8000000119
61514  39.448  -23.361  -22.171 0.3000000119
60588  39.088  -24.937  -22.354 0.3000000119
59630  38.758  -25.619  -22.807 0.3000000119
59613  38.846  -25.654  -21.871 0.4000000060
58539  38.585  -26.299  -22.384 0.4000000060
58540  38.355  -26.811  -22.878 0.5000000000
58567  37.754  -26.524  -24.702 0.5000000000
57446  37.677  -27.770  -23.591 0.5000000000
57430  38.080  -27.461  -22.832 0.5000000000
57461  37.514  -27.374  -24.438 0.5000000000
56417  37.281  -28.171  -24.268 0.5000000000
56404  37.048  -28.883  -24.097 0.6000000238
55325  36.845  -29.553  -23.817 0.6999999881
55310  37.073  -29.678  -22.698 0.6999999881
54230  36.221  -30.509  -20.762 0.6999999881
54231  35.528  -30.851  -20.521 0.6999999881
55268  35.670  -30.020  -20.255 0.6999999881
54233  34.085  -30.846  -20.287 0.8000000119
131151  34.037  -29.999  -20.187 0.6999999881
62456  39.481  -22.401  -22.587 0.3000000119
61504  39.354  -23.491  -21.144 0.3000000119
61505  39.075  -24.326  -20.769 0.4000000060
60578  39.289  -24.210  -21.774 0.3000000119
60579  39.043  -24.992  -21.370 0.4000000060
57409  38.352  -27.029  -22.079 0.4000000060
57410  38.155  -27.179  -21.165 0.3000000119
131508  37.973  -27.853  -21.819 0.5000000000
56390  37.716  -28.181  -22.750 0.6000000238
137184  37.797  -27.760  -20.906 0.3000000119
56369  37.513  -28.506  -21.055 0.5000000000
57392  37.294  -27.864  -20.337 0.4000000060
55309  37.400  -28.868  -22.676 0.6999999881
55292  37.317  -29.177  -21.743 0.6999999881
56370  37.044  -29.232  -20.921 0.6000000238
55293  36.871  -30.027  -21.401 0.6999999881
54269  36.700  -30.582  -22.430 0.6999999881
55267  36.443  -29.604  -20.509 0.6999999881
60567  38.676  -25.083  -20.549 0.3000000119
59584  38.288  -25.890  -20.370 0.3000000119
151683  38.119  -26.650  -20.613 0.3000000119
150678  38.219  -25.180  -19.951 0.3000000119
58508  37.655  -26.498  -20.034 0.3000000119
150690  36.784  -25.721  -19.388 0.3000000119
57393  37.164  -27.151  -19.897 0.3000000119
58494  36.491  -27.033  -19.573 0.4000000060
56346  36.730  -28.626  -20.278 0.5000000000
138389  36.673  -27.781  -19.852 0.5000000000
57381  36.025  -27.627  -19.572 0.5000000000
56333  36.202  -28.249  -19.792 0.6000000238
136407  35.726  -28.955  -19.872 0.6000000238
140849  39.059  -22.062  -20.009 0.4000000060
62420  38.768  -22.690  -19.753 0.3000000119
141576  38.886  -23.559  -20.112 0.3000000119
60547  38.100  -23.916  -19.501 0.3000000119
60568  37.788  -24.728  -19.559 0.3000000119
133709  37.176  -24.103  -19.226 0.3000000119
59585  37.565  -25.644  -19.670 0.3000000119
60548  36.980  -25.004  -19.350 0.3000000119
139686  36.052  -25.287  -19.304 0.3000000119
59573  36.233  -26.237  -19.389 0.4000000060
59574  35.376  -26.046  -19.500 0.4000000060
56334  35.676  -28.131  -19.666 0.6000000238
58495  35.682  -26.876  -19.474 0.4000000060
59575  34.593  -25.952  -20.013 0.4000000060
57394  34.479  -27.439  -19.990 0.5000000000
56347  34.975  -28.188  -19.715 0.6000000238
56373  31.956  -28.529  -21.683 0.6999999881
55297  30.891  -29.894  -21.792 0.8000000119
63351  38.533  -21.982  -19.426 0.4000000060
62400  38.078  -22.618  -19.213 0.3000000119
61472  37.618  -23.289  -19.202 0.3000000119
61473  36.766  -23.285  -19.103 0.3000000119
144169  36.396  -23.911  -19.241 0.3000000119
142986  35.656  -24.293  -19.447 0.4000000060
60550  35.060  -25.172  -19.658 0.4000000060
59597  34.285  -25.138  -20.407 0.4000000060
58509  34.156  -26.675  -20.360 0.4000000060
56348  34.123  -28.134  -20.184 0.5000000000
59586  33.867  -25.900  -20.735 0.4000000060
55270  33.778  -29.000  -20.281 0.6000000238
58510  33.476  -26.624  -21.032 0.4000000060
55294  32.778  -28.764  -21.003 0.6999999881
142817  33.060  -27.313  -21.236 0.4000000060
58524  32.854  -26.615  -21.645 0.4000000060
57411  32.454  -27.285  -21.768 0.6000000238
57431  31.967  -27.369  -22.159 0.5000000000
56391  32.089  -27.811  -21.877 0.6000000238
55296  31.407  -29.262  -21.749 0.6999999881
56392  31.483  -27.914  -22.269 0.6999999881
64392  38.825  -20.536  -19.542 0.3000000119
63352  37.789  -21.881  -18.959 0.3000000119
63353  36.917  -21.742  -18.877 0.3000000119
61474  35.931  -23.345  -19.361 0.3000000119
61490  35.090  -23.486  -19.796 0.4000000060
60569  34.713  -24.329  -20.053 0.3000000119
60580  34.000  -24.349  -20.873 0.3000000119
60581  33.437  -24.373  -21.634 0.3000000119
133363  33.278  -25.897  -21.467 0.4000000060
59598  33.635  -25.134  -21.184 0.3000000119
59614  33.055  -25.151  -21.866 0.3000000119
59615  32.405  -25.184  -22.475 0.3000000119
59599  32.671  -25.916  -22.042 0.3000000119
58542  31.648  -26.371  -22.743 0.5000000000
57432  31.540  -27.125  -22.555 0.5000000000
57433  30.849  -27.563  -22.816 0.5000000000
64393  37.515  -21.068  -18.827 0.3000000119
63354  36.018  -21.533  -19.219 0.3000000119
152954  35.726  -22.113  -19.413 0.3000000119
61507  33.773  -23.582  -21.353 0.3000000119
61516  33.298  -23.613  -22.087 0.3000000119
60589  32.899  -24.384  -22.278 0.3000000119
60590  32.330  -24.343  -22.827 0.3000000119
59616  31.772  -25.604  -22.896 0.4000000060
57447  31.011  -26.811  -23.092 0.5000000000
58555  31.157  -26.023  -23.305 0.5000000000
57448  30.270  -27.216  -23.404 0.5000000000
64373  37.261  -20.223  -18.712 0.3000000119
64394  36.671  -20.869  -18.863 0.3000000119
137214  35.402  -21.072  -19.641 0.3000000119
63366  35.224  -21.823  -19.781 0.3000000119
63367  34.555  -22.003  -20.582 0.3000000119
62436  34.125  -22.791  -21.026 0.3000000119
62437  33.618  -22.819  -21.818 0.3000000119
62448  33.156  -22.849  -22.516 0.3000000119
59631  31.918  -24.922  -22.991 0.4000000060
59632  31.293  -25.133  -23.483 0.4000000060
59633  30.574  -25.653  -23.885 0.4000000060
60618  30.411  -24.507  -24.696 0.4000000060
58556  30.432  -26.438  -23.658 0.5000000000
58568  29.874  -26.064  -24.355 0.4000000060
147775  38.408  -18.942  -19.043 0.3000000119
65357  37.854  -19.574  -18.770 0.3000000119
64406  35.177  -20.282  -19.882 0.3000000119
64407  34.823  -21.116  -20.288 0.3000000119
63377  34.313  -21.185  -21.195 0.3000000119
134238  33.990  -22.019  -21.527 0.3000000119
63378  33.504  -22.059  -22.297 0.3000000119
61517  32.753  -23.611  -22.673 0.3000000119
62449  32.616  -22.874  -23.111 0.3000000119
61526  32.208  -23.627  -23.256 0.3000000119
60603  31.763  -24.346  -23.384 0.4000000060
60604  31.111  -24.386  -23.975 0.3000000119
65339  37.022  -19.374  -18.648 0.3000000119
65358  36.462  -19.999  -18.879 0.3000000119
66369  36.001  -18.266  -19.142 0.3000000119
65359  35.766  -19.756  -19.338 0.3000000119
139625  34.855  -19.616  -20.401 0.3000000119
64415  34.586  -20.340  -20.777 0.3000000119
65378  34.453  -19.499  -21.184 0.3000000119
64424  34.134  -20.352  -21.760 0.3000000119
63388  33.863  -21.252  -22.056 0.3000000119
62458  33.021  -22.105  -22.968 0.3000000119
67422  36.605  -17.716  -18.782 0.3000000119
65368  35.275  -19.509  -19.828 0.3000000119
144980  35.387  -18.357  -19.725 0.3000000119
66381  35.036  -18.904  -20.172 0.3000000119
153160  34.722  -19.178  -20.651 0.3000000119
64425  33.715  -20.538  -22.529 0.3000000119
63389  33.410  -21.312  -22.800 0.3000000119
63397  32.921  -21.396  -23.496 0.3000000119
67423  36.038  -17.487  -19.133 0.3000000119
68452  35.772  -16.788  -19.430 0.3000000119
67437  34.955  -18.000  -20.387 0.3000000119
145196  35.170  -17.107  -20.241 0.4000000060
67449  34.527  -17.983  -21.333 0.3000000119
66392  34.304  -18.763  -21.739 0.3000000119
65388  33.700  -19.724  -22.803 0.3000000119
147687  34.767  -17.364  -20.935 0.4000000060
143486  34.488  -17.154  -21.761 0.4000000060
68468  35.293  -16.246  -20.203 0.3000000119
69588  34.950  -15.806  -20.975 0.4000000060
45699  39.009  -38.273  -27.324 1.0000000000
149442  38.826  -37.524  -27.478 1.0000000000
151115  34.899  -31.101  -20.383 0.6999999881
55271  33.057  -29.734  -20.579 0.8000000119
37442  36.274  -46.334  -20.941 0.6000000238
40684  38.253  -43.672  -21.596 0.6000000238
33344  34.918  -50.458  -20.490 0.5000000000
33335  34.906  -50.749  -19.641 0.5000000000
39567  35.475  -45.120  -18.697 0.6000000238
41781  39.711  -42.299  -29.099 0.8999999762
39549  36.032  -44.066  -17.722 0.5000000000
35318  36.176  -48.263  -16.759 0.4000000060
133033  35.643  -46.892  -16.919 0.5000000000
34321  35.224  -49.545  -17.601 0.4000000060
42791  39.672  -41.618  -23.043 0.6999999881
42817  42.244  -41.887  -28.427 0.8999999762
44618  38.311  -39.853  -20.549 0.6999999881
37389  37.039  -46.065  -16.523 0.5000000000
143795  37.919  -46.815  -16.719 0.5000000000
144750  39.455  -39.849  -23.392 0.8000000119
33309  35.700  -50.307  -17.504 0.4000000060
39532  39.161  -44.693  -16.758 0.4000000060
142164  42.848  -38.620  -29.100 0.8000000119
142329  36.437  -38.737  -23.352 0.8000000119
43678  37.862  -39.974  -18.559 0.6000000238
39531  40.034  -44.537  -17.104 0.4000000060
46746  39.086  -38.144  -23.714 0.8000000119
46810  39.390  -37.856  -27.953 1.0000000000
42716  40.424  -42.062  -16.745 0.5000000000
43646  39.801  -40.695  -16.646 0.5000000000
46797  37.756  -37.222  -26.499 1.0000000000
45554  39.569  -38.611  -17.426 0.6999999881
47895  40.775  -36.812  -29.474 1.0000000000
48923  36.226  -35.637  -26.990 1.0000000000
48937  36.869  -35.144  -27.327 1.0000000000
51132  39.407  -33.206  -29.457 1.0000000000
53248  39.648  -31.394  -26.572 0.8000000119
52221  41.017  -32.597  -29.886 1.0000000000
50010  40.524  -33.949  -29.561 1.0000000000
52187  38.709  -32.533  -24.124 0.6999999881
55369  40.204  -30.153  -29.489 0.8000000119
53257  36.453  -31.125  -27.809 1.0000000000
151365  38.107  -29.597  -28.919 1.0000000000
52124  38.676  -32.802  -21.119 0.6000000238
130539  38.456  -32.876  -22.853 0.6999999881
59610  44.118  -25.626  -22.375 0.4000000060
132499  30.773  -37.721  -25.416 1.0000000000
47878  31.551  -37.132  -26.260 1.0000000000
60600  43.962  -24.385  -23.672 0.4000000060
137242  35.173  -31.597  -25.044 1.0000000000
129541  43.636  -26.378  -21.975 0.4000000060
59627  43.447  -25.018  -22.882 0.5000000000
61559  40.989  -23.559  -26.649 0.4000000060
136003  35.151  -33.004  -23.481 1.0000000000
59649  41.659  -25.231  -25.757 0.5000000000
53176  32.640  -31.565  -20.585 0.8000000119
60639  38.024  -24.218  -27.914 0.5000000000
59666  39.500  -25.938  -28.407 0.5000000000
58587  36.800  -25.991  -28.162 0.5000000000
57487  35.964  -27.193  -27.913 0.6999999881
57483  36.271  -27.094  -27.040 0.6000000238
57474  37.252  -27.015  -25.337 0.5000000000
57462  37.041  -27.830  -25.078 0.5000000000
58554  38.047  -26.905  -23.707 0.5000000000
54232  34.896  -30.429  -20.208 0.6999999881
55269  34.843  -29.586  -19.946 0.6999999881
56371  33.299  -28.068  -20.783 0.6000000238
61506  34.374  -23.554  -20.564 0.3000000119
39661  40.539  -44.424  -28.158 0.5000000000
39662  39.400  -44.693  -28.204 0.5000000000
39674  40.116  -44.030  -29.289 0.5000000000
38560  38.276  -45.455  -26.624 0.5000000000
146206  38.492  -45.067  -28.272 0.5000000000
38549  39.597  -45.371  -25.431 0.5000000000
38559  40.010  -44.916  -26.333 0.5000000000
38569  38.979  -44.991  -27.215 0.5000000000
37495  39.288  -45.963  -24.848 0.5000000000
37469  39.614  -46.263  -23.836 0.4000000060
38538  40.379  -45.090  -24.592 0.5000000000
37453  39.315  -46.003  -23.295 0.4000000060
38522  39.840  -45.561  -23.643 0.5000000000
38504  39.448  -45.223  -23.035 0.5000000000
45602  31.300  -38.700  -20.576 0.6999999881
45603  30.431  -38.781  -20.605 0.6999999881
45614  32.570  -37.973  -21.053 0.8000000119
46732  34.759  -37.918  -22.182 0.8000000119
44633  33.771  -38.955  -20.831 0.8000000119
46731  35.327  -37.723  -22.925 0.8999999762
132859  30.102  -38.269  -20.970 0.6999999881
46720  33.913  -37.712  -21.858 0.8999999762
46721  32.995  -37.602  -21.829 0.8999999762
152024  34.181  -37.488  -22.548 0.8999999762
130887  35.044  -37.204  -23.720 0.8999999762
46724  30.275  -37.824  -21.588 0.6000000238
46723  31.136  -37.655  -21.666 0.8000000119
46733  33.456  -37.406  -22.664 0.8999999762
46749  34.005  -37.315  -23.311 0.8999999762
136139  35.003  -37.039  -24.667 0.8999999762
46777  35.543  -36.950  -25.353 0.8999999762
49910  42.180  -34.772  -20.329 0.5000000000
48835  40.670  -35.405  -19.161 0.5000000000
49900  40.011  -34.607  -19.660 0.5000000000
47798  41.173  -36.166  -18.791 0.6000000238
47799  40.523  -36.129  -18.650 0.5000000000
47785  40.922  -36.713  -18.402 0.6000000238
46736  29.672  -37.759  -22.425 0.6000000238
46734  31.457  -37.495  -22.700 0.8999999762
152317  32.431  -37.422  -22.931 0.8999999762
46722  32.048  -37.594  -21.773 0.8999999762
46750  33.176  -37.362  -23.777 0.8999999762
46766  34.053  -37.227  -24.474 0.8999999762
46778  34.408  -37.128  -25.632 0.8999999762
51033  41.557  -33.451  -20.464 0.5000000000
51034  40.634  -33.027  -20.276 0.5000000000
149221  40.980  -33.764  -20.094 0.5000000000
49912  40.242  -33.820  -19.993 0.5000000000
51032  42.242  -33.972  -20.750 0.5000000000
49899  40.918  -34.472  -19.755 0.5000000000
46753  30.898  -37.571  -23.680 0.8999999762
46752  31.677  -37.471  -23.669 0.8999999762
46751  32.260  -37.436  -24.271 0.8999999762
129972  32.887  -37.437  -25.030 0.8999999762
46779  33.375  -37.342  -25.799 0.8999999762
52139  41.522  -32.667  -20.623 0.5000000000
52122  39.789  -32.277  -20.431 0.5000000000
51044  42.234  -33.165  -20.986 0.5000000000
130721  31.372  -37.603  -24.748 0.8999999762
132408  32.074  -37.534  -25.297 0.8999999762
46800  32.839  -37.246  -26.265 0.8999999762
52121  40.776  -32.134  -20.445 0.5000000000
153953  42.175  -31.614  -20.984 0.5000000000
137812  41.661  -31.109  -20.720 0.5000000000
53209  42.814  -31.796  -21.593 0.5000000000
53186  42.414  -30.948  -21.128 0.4000000060
46785  27.805  -37.463  -25.255 0.6000000238
47847  27.532  -36.563  -25.026 0.6000000238
47863  28.403  -36.662  -25.436 0.8000000119
48917  27.975  -35.939  -24.973 0.6999999881
48902  27.588  -35.642  -24.436 0.6999999881
48884  27.191  -35.497  -23.675 0.6999999881
48868  26.805  -35.287  -22.804 0.6999999881
48916  28.783  -35.875  -25.267 0.8000000119
47862  29.234  -36.395  -25.699 0.8000000119
48901  28.395  -35.593  -24.622 0.6999999881
48883  28.066  -35.434  -23.741 0.6999999881
48867  27.730  -35.321  -22.754 0.6999999881
143374  29.015  -34.996  -21.932 0.6999999881
49937  28.249  -34.920  -22.036 0.6999999881
49958  30.212  -35.392  -23.261 0.8000000119
48880  30.544  -35.435  -24.248 0.8000000119
51070  28.733  -34.326  -21.563 0.6999999881
143655  29.716  -35.192  -22.337 0.6999999881
153754  30.270  -34.801  -21.761 0.8000000119
49957  31.149  -35.345  -23.391 0.8000000119
145989  30.331  -34.023  -21.317 0.6999999881
51050  31.323  -33.962  -21.158 0.8000000119
52145  29.996  -32.908  -21.272 0.6000000238
139016  31.523  -35.111  -22.403 0.8000000119
135437  31.016  -34.714  -21.661 0.8000000119
53194  30.618  -32.278  -21.188 0.6000000238
53195  29.846  -31.824  -21.491 0.6000000238
54255  29.724  -30.905  -21.818 0.6000000238
146261  30.773  -33.240  -21.097 0.8000000119
142748  30.463  -31.295  -21.481 0.6000000238
54254  30.347  -30.442  -21.819 0.6000000238
54271  29.646  -30.149  -22.270 0.6000000238
53193  31.102  -31.737  -21.123 0.6999999881
54253  31.170  -30.804  -21.338 0.6000000238
55312  30.593  -29.147  -22.265 0.6999999881
54270  29.749  -29.417  -22.569 0.6000000238
153355  30.250  -29.807  -22.177 0.6000000238
56393  30.698  -28.324  -22.561 0.6000000238
53192  31.787  -31.651  -20.842 0.6999999881
141266  31.671  -30.031  -21.346 0.6999999881
36424  38.487  -47.120  -23.127 0.4000000060
37454  38.662  -46.354  -22.892 0.5000000000
38505  38.787  -45.591  -22.694 0.5000000000
38548  40.334  -45.034  -25.330 0.5000000000
46765  35.803  -37.292  -24.327 0.8999999762
133343  43.207  -30.791  -21.844 0.3000000119
48899  30.058  -35.524  -25.021 0.8000000119
141191  39.075  -45.183  -26.176 0.5000000000
37484  39.590  -46.233  -24.209 0.5000000000
45615  31.673  -37.937  -20.947 0.8000000119
48834  41.732  -35.887  -19.261 0.5000000000
48881  29.724  -35.449  -24.147 0.8000000119
49959  29.464  -35.401  -23.257 0.6999999881
49936  30.659  -35.186  -22.390 0.8000000119
145777  29.342  -33.605  -21.365 0.6999999881
42714  42.010  -41.305  -17.604 0.4000000060
42733  42.655  -41.483  -18.128 0.4000000060
153048  41.758  -40.139  -17.564 0.4000000060
43660  42.286  -40.535  -17.893 0.4000000060
130344  41.910  -38.719  -18.063 0.5000000000
43677  43.153  -40.686  -18.577 0.4000000060
42747  43.828  -41.185  -19.134 0.4000000060
45574  42.171  -38.006  -18.501 0.5000000000
46691  41.317  -37.491  -18.204 0.5000000000
44590  42.621  -39.037  -18.504 0.5000000000
44589  43.239  -39.720  -18.844 0.4000000060
133884  42.671  -39.911  -18.326 0.4000000060
43707  44.199  -40.071  -19.806 0.4000000060
43696  43.751  -40.314  -19.262 0.4000000060
42758  44.803  -41.234  -20.179 0.4000000060
46704  41.927  -36.853  -18.828 0.5000000000
44610  43.752  -39.398  -19.564 0.4000000060
44617  44.411  -39.457  -20.382 0.4000000060
44640  46.202  -39.853  -23.002 0.4000000060
43736  45.858  -40.171  -22.276 0.4000000060
43723  45.023  -39.979  -20.955 0.4000000060
43745  46.650  -40.374  -23.521 0.4000000060
154424  42.536  -36.971  -19.382 0.5000000000
46703  42.662  -37.540  -19.231 0.5000000000
45590  43.286  -37.981  -19.723 0.4000000060
47883  48.454  -36.991  -28.439 0.3000000119
154659  43.429  -38.665  -19.515 0.4000000060
147347  48.463  -37.972  -27.062 0.3000000119
44629  44.836  -39.142  -21.248 0.4000000060
45684  48.615  -38.500  -27.401 0.3000000119
45685  48.188  -38.347  -26.485 0.3000000119
45672  47.615  -38.576  -25.651 0.3000000119
45655  47.202  -38.918  -24.962 0.3000000119
45639  46.326  -38.762  -23.836 0.4000000060
44641  45.687  -39.358  -22.512 0.4000000060
44628  45.376  -39.643  -21.746 0.4000000060
44677  48.060  -39.092  -26.050 0.3000000119
44661  47.347  -39.795  -24.813 0.3000000119
44654  46.503  -39.566  -23.670 0.4000000060
47797  42.449  -36.430  -19.601 0.4000000060
46712  43.048  -37.090  -19.922 0.4000000060
45610  44.156  -38.130  -20.800 0.4000000060
46711  43.671  -37.688  -20.440 0.4000000060
48932  48.153  -36.104  -28.307 0.3000000119
154011  47.396  -36.136  -26.599 0.3000000119
47884  48.150  -36.824  -27.476 0.3000000119
46771  47.545  -37.623  -25.940 0.3000000119
46772  46.983  -37.322  -25.360 0.3000000119
45657  46.131  -37.949  -24.012 0.4000000060
45640  45.838  -38.296  -23.360 0.4000000060
45608  45.222  -38.826  -22.000 0.4000000060
46793  48.180  -37.492  -26.815 0.3000000119
45673  47.070  -38.054  -25.168 0.3000000119
45656  46.662  -38.407  -24.494 0.3000000119
48910  46.063  -35.175  -25.097 0.3000000119
48895  44.973  -35.189  -23.620 0.3000000119
47837  44.763  -36.533  -22.780 0.4000000060
47825  44.294  -36.043  -22.415 0.4000000060
136394  44.536  -36.787  -22.318 0.4000000060
47809  43.536  -36.874  -20.816 0.4000000060
48909  46.592  -35.537  -25.708 0.3000000119
48893  46.130  -35.901  -24.879 0.3000000119
138422  45.764  -36.107  -24.285 0.3000000119
47836  45.198  -36.633  -23.293 0.4000000060
46717  44.575  -37.427  -21.959 0.4000000060
46718  44.106  -37.501  -21.196 0.4000000060
47857  46.638  -36.581  -25.295 0.3000000119
47843  46.115  -36.669  -24.531 0.3000000119
46745  45.608  -37.436  -23.479 0.4000000060
46729  45.037  -37.263  -22.718 0.4000000060
45609  44.624  -38.255  -21.486 0.4000000060
47856  47.179  -36.888  -25.809 0.3000000119
46760  46.505  -37.468  -24.706 0.3000000119
46728  45.449  -37.924  -22.900 0.4000000060
45623  45.076  -38.054  -22.306 0.4000000060
51043  42.855  -33.752  -21.501 0.4000000060
49920  43.257  -34.413  -21.698 0.4000000060
49921  42.786  -34.595  -21.140 0.4000000060
48846  42.333  -35.625  -19.977 0.4000000060
49952  44.625  -34.362  -23.434 0.3000000119
49933  43.759  -34.584  -22.243 0.4000000060
47817  43.430  -36.046  -21.196 0.4000000060
47810  42.960  -36.242  -20.380 0.4000000060
48864  43.925  -35.360  -22.185 0.4000000060
47826  43.791  -35.873  -21.844 0.4000000060
51051  28.305  -33.250  -21.411 0.6000000238
49923  27.820  -34.228  -21.588 0.6000000238
54256  29.214  -31.383  -21.739 0.5000000000
52146  29.073  -32.352  -21.471 0.5000000000
54272  28.895  -30.623  -22.225 0.5000000000
56394  29.942  -28.693  -22.816 0.5000000000
56405  30.106  -27.969  -23.119 0.4000000060
64443  33.060  -20.074  -24.040 0.3000000119
65407  33.020  -19.358  -24.526 0.3000000119
65408  32.513  -19.634  -25.416 0.3000000119
143426  33.975  -18.883  -22.547 0.3000000119
144564  33.699  -19.018  -23.199 0.3000000119
65398  33.415  -19.556  -23.638 0.3000000119
66414  33.523  -18.626  -23.895 0.3000000119
151574  32.701  -18.956  -25.374 0.3000000119
139903  32.137  -19.846  -26.156 0.3000000119
65414  32.160  -19.041  -26.489 0.3000000119
152912  34.264  -17.298  -22.428 0.3000000119
66402  33.869  -18.297  -23.096 0.3000000119
140341  33.746  -17.861  -23.616 0.3000000119
135992  33.495  -17.776  -24.351 0.3000000119
66424  33.111  -18.444  -24.854 0.3000000119
67481  33.093  -17.621  -25.352 0.3000000119
66425  32.625  -18.282  -25.871 0.3000000119
67489  32.549  -17.465  -26.672 0.3000000119
67502  31.432  -17.045  -28.406 0.3000000119
67458  34.056  -17.429  -23.020 0.3000000119
68497  33.907  -16.391  -23.914 0.3000000119
68510  33.519  -16.865  -24.750 0.3000000119
69637  33.650  -15.916  -24.708 0.3000000119
67488  33.030  -16.840  -25.903 0.3000000119
137187  32.191  -16.892  -27.913 0.3000000119
69607  34.731  -15.406  -21.731 0.3000000119
69619  34.505  -15.757  -22.502 0.3000000119
68496  34.249  -16.062  -23.229 0.3000000119
69628  34.045  -15.564  -23.894 0.3000000119
68519  33.329  -16.236  -25.494 0.3000000119
68520  32.928  -16.118  -26.538 0.3000000119
140400  34.577  -14.936  -22.421 0.3000000119
70685  34.472  -14.400  -23.094 0.3000000119
70686  34.171  -14.721  -23.859 0.3000000119
69645  33.319  -15.388  -25.881 0.3000000119
138764  34.677  -14.178  -22.320 0.3000000119
71786  34.279  -13.766  -23.923 0.3000000119
70698  33.945  -14.302  -24.575 0.3000000119
71776  34.592  -13.521  -22.831 0.3000000119
72773  34.437  -12.834  -23.612 0.3000000119
152343  34.707  -11.916  -22.595 0.3000000119
43705  45.180  -40.821  -20.768 0.4000000060
41659  42.069  -42.281  -17.734 0.4000000060
42732  43.367  -41.680  -18.661 0.4000000060
42746  44.400  -41.727  -19.603 0.4000000060
42796  47.110  -40.933  -24.019 0.4000000060
43735  46.362  -40.677  -22.819 0.4000000060
144553  45.579  -41.175  -21.253 0.4000000060
45695  48.920  -38.477  -28.475 0.3000000119
44684  48.915  -39.240  -27.903 0.3000000119
44676  48.516  -39.303  -26.815 0.3000000119
43765  48.187  -39.827  -26.054 0.3000000119
43760  47.817  -40.390  -25.454 0.3000000119
43753  47.005  -40.096  -24.154 0.3000000119
46814  48.921  -37.638  -29.209 0.3000000119
48933  47.604  -35.385  -27.652 0.3000000119
49978  46.275  -34.601  -25.606 0.3000000119
49984  47.201  -34.749  -27.213 0.3000000119
51064  43.351  -33.283  -22.110 0.4000000060
51082  43.795  -33.782  -22.539 0.4000000060
49953  44.176  -34.289  -22.828 0.4000000060
49970  45.208  -34.425  -24.166 0.3000000119
49969  45.740  -34.497  -24.918 0.3000000119
52163  42.790  -32.805  -21.596 0.4000000060
49938  27.341  -34.838  -22.111 0.6000000238
70642  35.001  -15.079  -21.050 0.3000000119
70658  34.817  -14.629  -21.647 0.3000000119
72718  34.884  -13.128  -21.936 0.3000000119
72750  34.649  -12.611  -22.705 0.3000000119
73652  34.906  -12.237  -21.958 0.3000000119
47892  48.746  -36.645  -29.365 0.3000000119
42715  41.243  -41.552  -17.123 0.4000000060
44569  41.165  -38.822  -17.592 0.5000000000
45597  44.391  -38.702  -20.804 0.4000000060
47869  47.628  -36.730  -26.524 0.3000000119
48856  42.853  -35.414  -20.782 0.4000000060
68487  34.332  -16.663  -22.583 0.3000000119
147470  32.650  -16.696  -26.969 0.3000000119
144045  33.752  -15.037  -24.688 0.3000000119
74580  34.948  -11.436  -22.087 0.3000000119
41678  41.763  -43.297  -17.700 0.3000000119
41677  42.905  -42.392  -18.349 0.3000000119
41751  35.988  -42.209  -23.214 0.6000000238
41742  35.548  -42.162  -22.449 0.6999999881
41743  34.973  -42.570  -21.743 0.6999999881
41693  43.579  -42.461  -18.829 0.3000000119
34319  36.990  -49.660  -16.703 0.3000000119
147083  37.461  -49.044  -16.700 0.3000000119
151385  33.398  -41.169  -20.393 0.6999999881
152653  41.527  -44.027  -17.712 0.3000000119
142261  33.874  -41.502  -20.577 0.6999999881
135425  34.639  -42.134  -21.233 0.6999999881
39547  42.815  -43.979  -18.482 0.3000000119
40639  43.224  -43.196  -18.615 0.3000000119
42784  35.130  -41.722  -21.656 0.6999999881
39564  43.653  -43.991  -18.980 0.3000000119
139569  45.634  -43.051  -20.648 0.3000000119
140870  44.430  -43.411  -19.538 0.3000000119
40652  43.820  -43.122  -19.031 0.3000000119
40683  46.156  -43.229  -21.211 0.3000000119
41722  45.773  -42.451  -20.961 0.3000000119
41705  45.279  -42.482  -20.384 0.3000000119
36355  38.251  -47.774  -16.917 0.3000000119
147506  40.210  -46.001  -17.558 0.4000000060
43710  33.284  -40.423  -20.373 0.6999999881
150182  41.712  -44.760  -17.979 0.3000000119
38431  40.364  -45.256  -17.461 0.3000000119
43709  33.991  -40.790  -20.565 0.6999999881
42772  34.558  -41.364  -20.973 0.6999999881
39565  43.037  -44.887  -18.747 0.3000000119
39563  44.336  -44.425  -19.535 0.3000000119
39576  45.015  -44.079  -19.998 0.3000000119
144597  44.931  -41.933  -20.121 0.3000000119
145652  46.816  -44.020  -21.994 0.3000000119
37386  39.686  -46.531  -17.451 0.4000000060
43711  32.521  -40.024  -20.314 0.6999999881
37402  41.320  -46.578  -18.308 0.3000000119
38449  40.860  -45.900  -17.849 0.3000000119
38447  42.265  -45.314  -18.437 0.3000000119
43726  34.620  -40.339  -20.988 0.6999999881
38479  44.275  -45.386  -19.645 0.3000000119
44631  35.161  -39.836  -21.562 0.6999999881
42770  46.267  -41.828  -22.010 0.3000000119
42757  45.369  -41.694  -20.685 0.3000000119
41738  46.949  -42.862  -22.831 0.3000000119
41739  46.594  -42.318  -22.389 0.3000000119
38466  42.818  -45.840  -18.820 0.3000000119
44632  34.513  -39.351  -21.129 0.6999999881
37417  43.860  -46.259  -19.583 0.3000000119
38465  43.486  -45.580  -19.213 0.3000000119
41747  46.870  -42.133  -23.128 0.3000000119
37419  42.666  -46.761  -19.010 0.3000000119
45626  35.501  -38.472  -22.442 0.6999999881
153079  46.809  -41.650  -23.285 0.3000000119
52177  43.871  -32.942  -22.835 0.3000000119
147616  36.369  -43.197  -24.833 0.5000000000
40686  34.735  -43.515  -21.706 0.6999999881
40703  35.669  -42.903  -23.020 0.6000000238
41756  36.166  -42.800  -23.862 0.6000000238
41710  32.147  -42.134  -20.588 0.6999999881
42761  32.551  -41.075  -20.295 0.6999999881
139575  39.217  -48.081  -17.397 0.3000000119
42762  31.528  -41.274  -20.445 0.6999999881
36354  39.982  -47.459  -17.757 0.4000000060
144366  31.850  -39.420  -20.381 0.6999999881
36370  40.817  -47.372  -18.216 0.4000000060
37403  40.489  -46.651  -17.871 0.4000000060
45601  32.158  -38.599  -20.620 0.6999999881
37420  41.964  -46.894  -18.689 0.3000000119
36386  42.241  -47.537  -18.919 0.3000000119
35344  42.525  -48.286  -19.136 0.3000000119
40640  42.481  -43.199  -18.165 0.3000000119
45600  32.970  -38.690  -20.695 0.6999999881
140525  35.272  -42.993  -22.320 0.6000000238
36385  42.934  -47.624  -19.338 0.3000000119
148889  41.543  -47.442  -18.565 0.3000000119
38576  37.782  -45.199  -28.553 0.5000000000
151573  36.458  -44.347  -27.470 0.5000000000
39653  36.132  -44.619  -27.066 0.5000000000
39663  38.665  -44.686  -28.858 0.4000000060
34374  29.586  -49.417  -22.590 0.4000000060
34391  29.450  -49.690  -24.560 0.5000000000
40743  37.533  -43.969  -28.838 0.4000000060
39670  38.496  -44.312  -29.150 0.5000000000
40732  36.883  -43.635  -27.295 0.5000000000
33403  29.329  -50.290  -27.421 0.4000000060
33408  29.184  -50.667  -27.663 0.4000000060
34384  29.447  -49.605  -23.342 0.5000000000
33404  28.787  -50.222  -27.672 0.4000000060
32337  28.522  -51.796  -27.960 0.4000000060
149681  29.468  -49.253  -26.632 0.4000000060
35398  29.412  -48.883  -23.972 0.5000000000
34399  29.495  -49.250  -25.618 0.4000000060
36429  30.107  -47.551  -22.073 0.5000000000
143407  31.920  -46.182  -21.436 0.4000000060
40714  35.693  -43.467  -23.513 0.5000000000
38492  33.998  -44.890  -21.563 0.4000000060
38493  33.199  -45.167  -21.371 0.4000000060
40704  35.286  -43.775  -22.701 0.4000000060
32328  27.518  -51.800  -27.505 0.4000000060
32318  23.982  -51.658  -26.528 0.4000000060
35418  29.323  -48.284  -26.785 0.4000000060
130089  25.259  -49.655  -26.040 0.4000000060
138662  29.454  -48.083  -24.486 0.5000000000
35412  29.494  -48.543  -26.019 0.4000000060
35421  26.017  -48.892  -25.931 0.4000000060
36443  29.535  -47.310  -23.818 0.5000000000
37515  27.418  -46.934  -25.968 0.4000000060
36472  26.534  -47.392  -25.554 0.4000000060
37460  29.840  -46.973  -22.836 0.5000000000
38496  30.709  -45.800  -22.238 0.5000000000
38555  27.306  -46.080  -25.053 0.4000000060
37475  26.867  -46.050  -24.149 0.4000000060
37446  31.121  -46.351  -21.713 0.5000000000
38494  32.354  -45.309  -21.372 0.6000000238
39593  34.209  -44.191  -21.425 0.5000000000
32330  25.028  -51.906  -26.868 0.4000000060
32317  24.710  -51.208  -26.527 0.4000000060
32327  28.210  -51.089  -27.611 0.4000000060
33396  25.990  -50.255  -26.445 0.4000000060
36456  29.506  -47.157  -25.241 0.5000000000
36471  29.431  -47.667  -26.184 0.4000000060
139883  26.976  -49.031  -26.281 0.4000000060
37487  29.681  -46.285  -24.588 0.5000000000
37514  28.324  -46.571  -26.397 0.4000000060
154398  27.124  -47.473  -26.017 0.4000000060
37474  29.796  -46.380  -23.648 0.5000000000
38495  31.295  -45.192  -21.802 0.5000000000
38528  27.363  -45.549  -23.581 0.4000000060
39595  32.711  -44.471  -21.218 0.6000000238
39594  33.498  -44.333  -21.214 0.6000000238
33407  25.630  -51.067  -26.695 0.4000000060
35422  29.098  -48.109  -27.042 0.4000000060
34405  27.093  -49.834  -26.727 0.4000000060
34410  27.686  -49.107  -26.877 0.4000000060
36479  28.737  -47.085  -26.762 0.4000000060
38526  30.024  -45.499  -24.133 0.5000000000
38564  28.731  -45.793  -26.191 0.4000000060
38554  28.195  -45.654  -25.476 0.4000000060
37473  30.198  -45.866  -23.046 0.5000000000
38545  27.743  -45.575  -24.600 0.4000000060
41726  34.342  -42.818  -21.178 0.6000000238
40688  32.995  -43.582  -20.909 0.6000000238
39596  31.900  -44.486  -21.445 0.6000000238
133015  27.299  -51.160  -27.282 0.4000000060
33405  27.745  -50.428  -27.296 0.4000000060
36482  28.531  -47.935  -26.922 0.4000000060
36480  27.812  -47.461  -26.484 0.4000000060
136492  29.392  -46.706  -26.230 0.5000000000
38563  29.170  -45.849  -26.288 0.5000000000
38552  29.372  -45.535  -25.679 0.5000000000
39647  29.344  -45.226  -25.384 0.5000000000
136261  30.339  -45.007  -23.751 0.5000000000
38525  30.074  -44.918  -24.424 0.5000000000
142850  29.876  -44.707  -24.451 0.5000000000
38544  28.614  -45.200  -25.073 0.4000000060
39610  31.216  -44.251  -21.883 0.6000000238
39630  29.032  -44.478  -23.666 0.5000000000
39631  27.973  -45.027  -23.021 0.4000000060
41727  33.558  -42.830  -20.800 0.6000000238
141202  32.187  -43.774  -21.194 0.6000000238
39611  30.694  -44.328  -22.573 0.6000000238
39628  30.187  -44.438  -23.665 0.5000000000
39640  29.197  -44.786  -24.628 0.5000000000
40705  31.436  -43.726  -21.563 0.6000000238
40715  30.278  -43.938  -22.947 0.6000000238
40716  30.056  -43.958  -23.421 0.5000000000
40689  31.682  -43.261  -21.253 0.6000000238
41728  32.834  -42.734  -20.693 0.6000000238
42764  30.003  -41.048  -20.345 0.5000000000
143279  29.447  -41.819  -20.342 0.5000000000
42763  30.752  -41.384  -20.522 0.6000000238
41712  30.286  -41.916  -20.634 0.6000000238
40670  29.717  -42.609  -20.902 0.5000000000
40708  28.720  -43.841  -21.531 0.5000000000
40690  31.048  -43.081  -21.554 0.6000000238
40707  30.058  -43.561  -22.639 0.5000000000
39612  29.659  -43.962  -23.215 0.5000000000
39613  28.623  -44.350  -22.439 0.5000000000
39597  27.864  -44.376  -21.430 0.5000000000
155107  30.215  -40.210  -20.341 0.5000000000
43714  29.479  -40.228  -20.280 0.5000000000
144500  30.890  -39.652  -20.390 0.6000000238
43713  30.841  -40.662  -20.386 0.6000000238
40691  30.312  -43.085  -21.738 0.6000000238
151089  29.411  -43.740  -22.360 0.5000000000
41711  31.148  -41.968  -20.767 0.6000000238
41730  30.673  -42.518  -21.134 0.6000000238
39645  36.061  -44.381  -26.217 0.4000000060
40721  35.893  -43.698  -24.284 0.4000000060
41768  37.534  -42.717  -26.928 0.5000000000
40726  36.466  -43.576  -25.757 0.4000000060
41729  31.497  -42.667  -21.045 0.6000000238
38577  37.129  -45.216  -28.583 0.5000000000
133548  35.413  -45.638  -26.097 0.5000000000
39672  36.730  -45.061  -28.424 0.5000000000
143108  29.456  -48.242  -23.560 0.5000000000
34408  29.146  -49.818  -27.508 0.4000000060
34409  28.906  -49.240  -27.477 0.4000000060
35413  25.755  -48.106  -25.563 0.4000000060
37504  26.171  -46.973  -25.016 0.4000000060
133817  28.205  -49.566  -27.303 0.4000000060
37520  29.028  -46.917  -26.768 0.4000000060
32329  26.373  -51.697  -27.127 0.4000000060
33397  24.956  -50.529  -26.315 0.3000000119
36473  25.555  -47.430  -25.090 0.3000000119
35414  24.981  -48.812  -25.660 0.3000000119
37489  25.480  -46.873  -24.453 0.3000000119
36457  24.853  -47.354  -24.690 0.3000000119
36474  24.656  -48.016  -25.151 0.3000000119
31185  35.588  -51.945  -20.372 0.5000000000
31241  27.879  -52.492  -27.739 0.4000000060
31244  24.076  -52.319  -26.748 0.4000000060
32271  35.161  -51.250  -20.409 0.5000000000
32277  35.842  -52.061  -21.792 0.5000000000
32336  29.015  -51.142  -28.007 0.4000000060
33322  35.106  -50.878  -18.817 0.5000000000
33336  34.734  -50.162  -18.939 0.4000000060
33345  34.707  -49.955  -19.770 0.5000000000
33353  35.195  -50.856  -21.237 0.5000000000
33395  29.506  -50.300  -26.839 0.4000000060
33406  26.685  -50.757  -26.907 0.4000000060
34320  36.015  -49.607  -17.006 0.4000000060
34333  34.743  -49.513  -18.318 0.5000000000
34351  34.692  -49.140  -19.891 0.5000000000
35319  35.508  -48.724  -17.139 0.4000000060
35358  35.150  -48.676  -20.694 0.5000000000
35367  36.564  -48.428  -22.279 0.5000000000
35386  29.736  -48.850  -22.279 0.4000000060
35387  29.442  -48.842  -23.012 0.4000000060
35403  29.466  -48.764  -25.015 0.4000000060
35415  23.865  -48.891  -25.340 0.3000000119
35419  27.699  -48.389  -26.681 0.4000000060
35420  26.827  -48.110  -26.065 0.4000000060
35423  28.959  -48.410  -27.229 0.4000000060
35424  28.427  -48.747  -27.180 0.4000000060
36356  37.338  -47.469  -16.666 0.4000000060
36359  34.935  -48.107  -17.479 0.4000000060
36369  41.135  -48.082  -18.416 0.3000000119
36372  34.584  -48.067  -18.092 0.5000000000
36400  35.379  -47.319  -20.320 0.6999999881
36409  37.032  -47.129  -22.063 0.6000000238
36430  29.627  -48.020  -22.715 0.5000000000
36478  29.164  -47.347  -26.743 0.4000000060
36481  29.001  -47.601  -26.975 0.4000000060
37377  36.608  -45.477  -16.631 0.5000000000
37388  37.917  -45.993  -16.645 0.5000000000
37391  35.290  -46.197  -17.431 0.6000000238
37401  42.091  -46.167  -18.580 0.3000000119
37418  43.413  -46.965  -19.482 0.3000000119
37459  30.417  -46.643  -22.176 0.5000000000
37468  39.974  -45.655  -24.133 0.5000000000
37488  26.454  -46.541  -24.637 0.4000000060
37501  29.546  -46.104  -25.601 0.5000000000
37502  27.830  -46.219  -25.816 0.4000000060
37503  26.951  -46.679  -25.339 0.4000000060
37512  29.142  -46.449  -26.538 0.4000000060
37513  28.957  -46.355  -26.615 0.4000000060
38421  37.316  -45.418  -16.548 0.5000000000
38422  36.753  -44.996  -16.635 0.5000000000
38448  41.092  -45.211  -17.795 0.3000000119
38464  43.736  -44.849  -19.246 0.3000000119
38467  35.842  -45.170  -19.602 0.6999999881
38489  38.205  -45.210  -22.159 0.6000000238
38509  30.580  -44.978  -22.854 0.5000000000
38521  40.331  -45.084  -23.991 0.6000000238
38527  28.328  -45.083  -24.105 0.4000000060
38539  39.901  -45.565  -24.690 0.5000000000
38542  29.633  -45.097  -24.949 0.5000000000
38543  29.737  -45.503  -24.857 0.5000000000
38550  38.741  -45.618  -25.658 0.5000000000
38553  28.854  -45.328  -25.744 0.4000000060
39519  38.119  -44.459  -16.500 0.4000000060
39530  40.869  -44.450  -17.540 0.3000000119
39548  42.143  -43.995  -18.021 0.3000000119
39550  35.639  -44.693  -18.004 0.5000000000
39566  35.793  -44.550  -18.956 0.6000000238
39578  36.400  -43.999  -19.482 0.6000000238
39591  38.263  -44.445  -21.901 0.6000000238
39609  34.701  -44.446  -21.996 0.4000000060
39626  35.465  -44.210  -23.664 0.4000000060
39629  29.801  -44.370  -24.088 0.5000000000
39639  29.566  -44.897  -24.852 0.5000000000
39643  41.234  -44.135  -25.755 0.6999999881
39648  29.115  -45.093  -25.425 0.5000000000
39652  39.961  -44.658  -27.372 0.5000000000
39655  29.159  -45.388  -25.899 0.5000000000
39664  36.300  -45.052  -27.741 0.5000000000
39669  39.841  -44.398  -28.934 0.5000000000
39671  37.265  -44.715  -28.751 0.5000000000
40620  39.455  -43.874  -16.705 0.4000000060
40668  45.144  -43.235  -20.169 0.3000000119
40687  33.909  -43.588  -21.090 0.6000000238
40700  47.001  -43.515  -22.571 0.3000000119
40702  39.150  -43.149  -22.214 0.8000000119
40706  30.679  -43.643  -22.177 0.6000000238
40720  40.732  -43.284  -24.386 0.8000000119
40731  37.388  -43.387  -28.005 0.5000000000
40737  36.837  -44.362  -28.222 0.5000000000
40740  41.601  -43.012  -29.427 0.6999999881
40746  40.179  -43.444  -29.418 0.6999999881
41649  37.707  -42.292  -16.806 0.4000000060
41663  36.648  -43.008  -17.562 0.6000000238
41692  44.158  -42.521  -19.312 0.3000000119
41706  44.736  -42.546  -19.844 0.3000000119
41709  33.218  -41.968  -20.493 0.6000000238
41721  46.239  -42.457  -21.629 0.3000000119
41741  39.356  -42.695  -22.374 0.8000000119
41762  37.385  -42.358  -25.902 0.6999999881
41769  36.942  -43.168  -26.302 0.4000000060
41780  41.929  -43.220  -28.579 0.6000000238
41787  41.061  -42.752  -29.553 0.8999999762
42699  39.632  -41.519  -16.541 0.5000000000
42701  38.235  -41.700  -16.747 0.4000000060
42771  45.856  -41.788  -21.412 0.3000000119
42773  34.075  -42.133  -20.776 0.6999999881
42780  46.540  -41.534  -22.724 0.3000000119
42781  46.009  -41.080  -22.000 0.4000000060
42782  38.825  -41.170  -21.707 0.6999999881
42783  35.621  -41.220  -22.227 0.6999999881
42790  40.085  -41.958  -23.656 0.8000000119
42828  42.261  -41.903  -29.541 0.8999999762
42831  40.613  -42.004  -29.466 0.8999999762
43647  38.830  -41.025  -16.693 0.5000000000
43664  38.296  -40.558  -17.237 0.6000000238
43695  44.299  -40.816  -19.682 0.4000000060
43706  44.656  -40.396  -20.280 0.4000000060
43712  31.699  -40.362  -20.324 0.6999999881
43722  45.504  -40.475  -21.487 0.4000000060
43725  35.184  -40.813  -21.534 0.6999999881
43737  39.269  -40.998  -22.460 0.6999999881
43748  36.459  -40.653  -23.293 0.8000000119
43755  39.789  -40.355  -23.976 0.8000000119
43762  37.863  -40.268  -25.064 0.8000000119
43767  40.882  -40.197  -26.308 0.8000000119
43778  42.467  -41.225  -29.644 0.8999999762
44591  41.972  -39.559  -17.842 0.4000000060
44619  33.947  -39.884  -20.632 0.6999999881
44620  33.189  -39.527  -20.491 0.6999999881
44621  29.940  -39.492  -20.438 0.5000000000
44644  35.614  -39.410  -22.219 0.6999999881
44655  45.999  -39.075  -23.198 0.4000000060
44662  46.837  -39.259  -24.308 0.3000000119
44663  40.116  -40.086  -24.828 0.8000000119
44669  47.696  -39.434  -25.471 0.3000000119
44685  42.615  -40.064  -28.671 0.8000000119
44688  39.127  -39.216  -27.176 1.0000000000
44692  40.960  -39.883  -29.590 0.8999999762
44698  43.017  -38.996  -30.567 0.8999999762
45553  40.355  -38.459  -17.453 0.5000000000
45575  41.495  -38.196  -17.990 0.5000000000
45578  38.787  -38.508  -17.904 0.6000000238
45598  43.888  -38.566  -20.162 0.4000000060
45599  38.359  -38.536  -19.953 0.6999999881
45612  34.289  -38.415  -21.405 0.8000000119
45613  33.453  -38.150  -21.187 0.8000000119
45616  30.809  -38.079  -20.934 0.6999999881
45622  45.545  -38.591  -22.719 0.4000000060
45627  35.037  -38.829  -21.734 0.6999999881
45661  36.940  -38.181  -24.381 1.0000000000
45664  28.357  -38.369  -24.832 0.6999999881
45679  30.023  -37.789  -25.668 0.8999999762
45689  38.116  -38.033  -26.149 1.0000000000
45696  42.769  -39.335  -28.868 0.8999999762
45702  43.197  -39.024  -29.735 0.8000000119
45710  42.937  -38.416  -30.584 0.8999999762
46692  40.412  -37.283  -18.013 0.6000000238
46735  30.552  -37.590  -22.595 0.8999999762
46761  45.983  -37.254  -24.140 0.4000000060
46763  38.882  -37.246  -23.886 0.6999999881
46768  29.733  -38.033  -24.711 0.6999999881
46780  32.423  -37.485  -25.906 0.8999999762
46784  28.624  -37.637  -25.518 0.6999999881
46802  31.146  -37.456  -26.020 0.8999999762
46803  30.325  -37.507  -25.907 0.8999999762
46804  29.100  -37.079  -25.766 0.8999999762
46808  48.507  -37.700  -27.835 0.3000000119
46815  42.919  -37.568  -30.029 0.8999999762
46816  42.607  -37.292  -29.397 0.8999999762
46818  39.772  -37.418  -28.486 1.0000000000
46823  42.984  -37.944  -30.357 0.8999999762
47811  38.328  -36.400  -21.045 0.6000000238
47816  44.036  -36.654  -21.687 0.4000000060
47844  45.657  -36.679  -23.913 0.4000000060
47858  40.533  -36.649  -26.615 0.6999999881
47870  47.084  -36.233  -26.091 0.3000000119
47875  34.113  -36.552  -26.477 1.0000000000
47879  30.671  -37.084  -26.184 0.8999999762
47901  41.996  -36.629  -29.768 1.0000000000
48847  41.588  -35.116  -19.704 0.5000000000
48855  43.410  -35.184  -21.587 0.4000000060
48863  44.368  -35.105  -22.828 0.4000000060
48866  28.741  -35.325  -22.771 0.6999999881
48877  45.347  -35.967  -23.750 0.3000000119
48878  44.800  -35.919  -23.128 0.4000000060
48882  28.914  -35.441  -23.950 0.6999999881
48894  45.585  -35.327  -24.391 0.3000000119
48900  29.220  -35.562  -24.856 0.8000000119
48913  31.350  -35.837  -25.736 0.8999999762
48915  29.639  -35.905  -25.540 0.8000000119
48920  47.201  -35.537  -26.670 0.3000000119
48921  40.481  -34.936  -26.831 0.8000000119
48927  32.754  -36.233  -26.409 1.0000000000
48928  31.870  -36.471  -26.225 0.8999999762
48930  30.202  -36.434  -25.941 0.8999999762
48945  38.965  -35.441  -28.399 1.0000000000
48950  41.393  -35.056  -29.418 1.0000000000
49911  41.589  -34.166  -20.208 0.5000000000
49934  38.353  -34.607  -21.943 0.6000000238
49956  32.534  -34.927  -23.561 0.8999999762
49971  38.858  -34.123  -24.724 0.8000000119
49993  41.512  -34.909  -28.428 0.8999999762
50001  41.566  -34.629  -29.102 0.8999999762
51042  43.408  -33.961  -22.018 0.4000000060
51045  38.566  -33.679  -21.250 0.6000000238
51067  32.878  -34.519  -21.818 0.8999999762
51069  29.579  -34.549  -21.615 0.6999999881
51083  38.526  -33.119  -23.571 0.6999999881
51095  34.110  -33.568  -24.459 1.0000000000
51107  40.645  -33.532  -27.457 0.8000000119
51108  40.139  -33.601  -26.647 0.8000000119
51113  41.370  -34.115  -28.547 0.8999999762
51115  37.025  -33.366  -27.712 1.0000000000
51116  36.158  -33.255  -27.333 1.0000000000
51117  35.286  -33.136  -26.887 1.0000000000
51123  41.304  -33.306  -29.090 1.0000000000
51130  40.938  -33.239  -29.806 1.0000000000
51131  40.332  -33.166  -29.802 1.0000000000
52127  33.178  -32.363  -20.595 0.8999999762
52138  42.221  -32.327  -21.049 0.5000000000
52164  38.510  -32.251  -22.529 0.6999999881
52193  39.418  -32.715  -25.768 0.8000000119
52213  41.143  -33.094  -29.615 1.0000000000
52215  38.923  -32.532  -29.316 1.0000000000
52222  40.815  -31.911  -30.045 1.0000000000
52223  40.088  -32.339  -29.954 1.0000000000
53170  40.899  -31.362  -20.528 0.6000000238
53174  34.496  -31.660  -20.467 0.6999999881
53187  41.573  -31.873  -20.679 0.5000000000
53189  38.883  -31.241  -21.543 0.6999999881
53191  35.575  -32.099  -21.291 0.8000000119
53212  35.941  -32.121  -22.179 0.8999999762
53270  40.612  -31.068  -29.813 0.8999999762
54229  40.126  -30.883  -20.609 0.6999999881
54246  42.620  -30.062  -21.217 0.5000000000
54283  39.144  -30.313  -23.373 0.6999999881
54291  39.207  -30.351  -24.345 0.6999999881
54312  36.336  -30.304  -28.010 1.0000000000
54321  40.358  -30.568  -29.721 0.8999999762
55289  41.886  -29.299  -20.796 0.4000000060
55290  40.329  -29.441  -20.982 0.6999999881
55311  31.226  -28.637  -22.118 0.6999999881
55324  37.177  -29.099  -23.368 0.6999999881
55337  39.439  -29.147  -24.396 0.6999999881
55344  39.477  -29.332  -25.723 0.6999999881
55368  35.935  -28.301  -28.240 0.8999999762
56372  32.595  -27.956  -21.414 0.6000000238
56403  37.401  -28.501  -23.475 0.5000000000
56438  35.689  -28.579  -26.956 0.6999999881
57382  35.266  -27.517  -19.602 0.6000000238
57395  33.732  -27.367  -20.602 0.4000000060
57408  40.837  -27.771  -21.443 0.6999999881
57427  43.667  -27.257  -21.821 0.5000000000
57429  40.467  -27.510  -22.278 0.6999999881
57484  35.822  -27.838  -27.456 0.6999999881
57491  36.180  -27.543  -28.274 0.6000000238
58493  37.018  -26.402  -19.578 0.4000000060
58496  34.856  -26.753  -19.701 0.5000000000
58523  38.523  -26.362  -21.332 0.3000000119
58536  42.591  -26.055  -22.011 0.5000000000
58541  32.201  -26.670  -22.215 0.5000000000
58553  38.457  -26.223  -23.263 0.4000000060
58591  37.166  -26.469  -28.489 0.6000000238
59596  38.754  -25.618  -21.060 0.4000000060
59642  30.672  -24.980  -24.087 0.4000000060
60549  36.455  -24.520  -19.279 0.3000000119
60617  38.404  -24.253  -24.914 0.4000000060
60621  44.940  -23.353  -26.270 0.3000000119
60624  42.819  -24.454  -25.499 0.4000000060
60631  44.275  -23.399  -26.424 0.3000000119
60636  43.743  -23.544  -26.519 0.4000000060
60640  37.632  -24.476  -27.803 0.5000000000
61471  38.326  -23.227  -19.494 0.3000000119
61524  39.388  -23.174  -23.053 0.3000000119
61558  41.971  -23.328  -26.491 0.4000000060
61560  37.714  -22.976  -27.085 0.4000000060
61568  42.799  -23.579  -26.662 0.4000000060
62401  37.246  -22.558  -18.986 0.3000000119
62402  36.288  -22.461  -19.173 0.3000000119
62421  35.399  -22.620  -19.639 0.3000000119
62422  34.706  -22.792  -20.243 0.3000000119
62474  37.755  -22.507  -26.758 0.3000000119
62485  41.835  -22.491  -26.110 0.4000000060
62500  37.947  -22.798  -27.281 0.4000000060
63431  38.463  -21.704  -26.873 0.3000000119
64395  35.906  -20.590  -19.245 0.3000000119
65387  34.072  -19.545  -22.072 0.3000000119
66354  36.793  -18.527  -18.696 0.3000000119
66368  38.234  -18.156  -18.872 0.3000000119
66382  34.625  -18.713  -20.894 0.3000000119
66430  32.202  -18.197  -26.930 0.3000000119
67436  35.521  -17.659  -19.632 0.3000000119
67457  34.207  -17.968  -22.290 0.3000000119
67469  33.803  -17.178  -23.799 0.3000000119
68469  34.849  -16.641  -20.974 0.4000000060
68479  34.638  -16.233  -21.765 0.3000000119
69627  34.371  -15.243  -23.168 0.3000000119
70709  33.539  -14.352  -25.667 0.3000000119
129265  37.961  -41.816  -26.273 0.8000000119
129592  41.991  -41.097  -30.065 0.8999999762
131514  43.247  -46.283  -19.209 0.3000000119
132023  35.081  -30.667  -26.528 1.0000000000
132638  34.498  -12.013  -23.334 0.3000000119
133139  34.919  -22.308  -20.017 0.3000000119
133564  26.264  -49.549  -26.255 0.4000000060
133757  44.060  -23.837  -25.321 0.4000000060
133768  38.414  -38.105  -19.243 0.6999999881
134298  38.442  -37.019  -19.813 0.6999999881
134407  32.156  -25.956  -22.476 0.5000000000
134489  41.562  -40.659  -17.349 0.4000000060
134512  34.896  -13.880  -21.635 0.3000000119
134620  37.711  -27.197  -20.449 0.3000000119
134641  39.281  -37.193  -24.653 0.8000000119
134974  42.496  -37.363  -30.081 0.8999999762
135954  36.457  -43.936  -26.691 0.5000000000
136691  29.474  -48.057  -25.416 0.5000000000
136965  39.447  -29.056  -24.981 0.6999999881
137067  44.047  -22.933  -26.690 0.3000000119
137681  37.779  -44.791  -28.879 0.5000000000
137824  29.180  -48.944  -27.261 0.4000000060
139217  29.579  -43.306  -21.686 0.5000000000
139524  39.028  -47.170  -17.185 0.4000000060
139688  38.510  -24.479  -19.999 0.3000000119
140199  47.695  -36.101  -27.185 0.3000000119
141145  44.828  -44.831  -19.921 0.3000000119
141359  37.834  -44.359  -29.054 0.5000000000
141665  46.752  -41.158  -23.384 0.4000000060
141990  48.514  -40.131  -26.671 0.3000000119
142293  35.600  -18.989  -19.492 0.3000000119
142412  41.551  -45.651  -18.177 0.3000000119
142437  39.010  -29.852  -29.329 1.0000000000
142654  37.639  -28.549  -22.000 0.6999999881
142661  41.631  -35.176  -29.224 1.0000000000
142718  43.103  -38.104  -29.783 0.8999999762
142907  40.755  -43.993  -24.195 0.6999999881
143027  36.264  -19.153  -18.979 0.3000000119
143323  31.254  -35.367  -24.395 0.8999999762
144057  42.066  -41.203  -27.932 0.8999999762
144289  42.917  -38.372  -19.083 0.4000000060
144320  38.717  -21.071  -26.524 0.3000000119
145251  32.540  -39.245  -20.460 0.6999999881
145545  32.238  -43.038  -20.938 0.6000000238
146232  46.646  -43.138  -21.993 0.3000000119
146319  29.702  -36.383  -25.844 0.8000000119
147231  38.360  -41.202  -21.053 0.6999999881
147504  34.093  -16.743  -23.304 0.3000000119
148971  42.726  -40.467  -29.778 0.8999999762
149455  39.842  -35.907  -18.790 0.6999999881
149478  42.392  -44.590  -18.333 0.3000000119
149651  41.584  -34.621  -19.967 0.5000000000
149930  37.841  -40.385  -17.825 0.6000000238
150069  36.240  -49.895  -22.602 0.6000000238
150303  35.092  -50.117  -21.191 0.5000000000
150336  29.345  -46.036  -26.191 0.5000000000
150356  29.541  -38.003  -25.504 0.8999999762
150851  34.687  -28.797  -19.866 0.6000000238
151081  29.336  -49.696  -27.256 0.4000000060
151310  42.049  -37.104  -30.141 1.0000000000
152321  34.655  -37.427  -23.000 0.8999999762
152829  38.255  -35.299  -27.962 1.0000000000
153071  43.232  -39.027  -19.066 0.5000000000
153400  39.813  -45.042  -17.116 0.5000000000
153428  34.454  -37.258  -23.596 0.8999999762
153547  37.311  -42.284  -17.129 0.4000000060
154269  46.487  -43.614  -21.607 0.3000000119
154595  39.064  -30.468  -22.765 0.6999999881
154913  39.268  -44.270  -29.174 0.4000000060
155042  33.544  -30.317  -20.354 0.8000000119
155086  33.880  -20.042  -22.298 0.3000000119
155192  43.877  -41.907  -19.105 0.4000000060
155325  34.750  -13.682  -22.197 0.3000000119
155648  36.136  -37.209  -24.890 1.0000000000
155972  38.628  -34.470  -24.231 0.6999999881
